4.658833458556609769e-02  -1.839395595144857566e-04  9.407047549485324787e-05  -4.274280184488824240e-05  -8.775401749296885229e-05  1.117080558936005448e-03  3.317481611730199731e-02  3.169153469626170816e-04  -9.355940095375364109e-05  -9.484771915440951053e-06  -1.325068297158277903e-04  3.452974129985406917e-04  2.063376579670649427e-02  -3.540572993679835432e-04  -5.381732409672447393e-06  7.297167129365116295e-05  3.234181231734005555e-05  7.528386149106744071e-03
-1.841498802251067938e-04  4.713696828054547011e-02  1.988989388980008557e-04  1.339359412813685615e-04  1.371298129765778976e-05  -5.117388798516959211e-04  -5.974707371490649982e-04  2.059243811588497633e-02  -1.870198853676765385e-05  -1.565731253262019513e-05  -1.088100309541311278e-04  -7.419856069239799505e-03  4.728465568342673543e-04  3.310382404345300900e-02  -1.835346941401860669e-04  2.618575580856284343e-04  4.728821070134844352e-05  -1.410192893531681750e-04
9.418753752661275026e-05  1.989566956802123004e-04  5.123029016348513293e-02  -1.528328510829622547e-03  1.039164847917118219e-03  3.802380316180972199e-05  -9.823905434363155650e-05  2.591100523715742109e-05  2.105679120530249207e-02  -2.364005426327106562e-05  8.543169633126762585e-03  6.269876328759758477e-05  2.691720808708247367e-05  -1.926221252819180455e-04  2.128100447688113794e-02  -8.667274199605643631e-03  -7.299431324704002777e-05  -1.179600961385173695e-04
-4.258250248906720800e-05  1.345065267561349430e-04  -1.528599013556702045e-03  3.949555668631696964e-02  3.324976309015725872e-04  1.105887583378717788e-04  -6.004567780975246294e-05  3.872688902809202395e-05  -3.000717137611115287e-04  3.691236421189439312e-03  -4.077511286625121558e-04  -2.080446260088686329e-05  7.724326855761205388e-05  -1.686862480789683963e-04  8.943525836342751043e-03  -2.062198340049043507e-03  -1.809150175699756648e-04  -3.059383426963798835e-05
-8.796232374277272498e-05  1.334990062239313912e-05  1.038816982552439282e-03  3.324241120625115063e-04  4.058025389282964718e-02  1.116761332124156054e-04  7.008353033479607043e-05  -5.460470366703735909e-05  -8.399929099117709255e-03  -7.374692143148031914e-05  -1.612313909513740998e-03  -1.722260828346786177e-05  -1.302459271310048937e-05  1.010119252576136082e-04  9.854041077334139596e-05  -1.340483173390728539e-04  3.700974294125530025e-03  7.946041764036601768e-05
1.117279263939708949e-03  -5.115593198501685668e-04  3.754389536024887682e-05  1.094295135909076214e-04  1.115909143987115415e-04  3.837102709693041014e-02  1.227124570686837857e-03  7.589691020967592218e-03  3.332356390016463321e-05  -2.928347280882937455e-05  -6.110803603573847849e-05  -1.702186531454909658e-03  -8.042004681910429331e-03  -1.189123612594016142e-03  -6.820379623365050283e-05  -5.095148726062803928e-05  -7.755470716339744343e-05  -2.116499906454906779e-03
3.317425065415697399e-02  -5.972634209869826915e-04  -9.804094963828055846e-05  -5.940468543042909893e-05  6.942288920918012493e-05  1.227230723142598047e-03  4.638681852626484747e-02  9.595908299676344068e-04  1.152058744459791333e-04  1.556229771671767729e-05  1.474332365442535410e-04  4.231637272806397515e-05  1.994653898614735799e-02  -3.122724687277333034e-03  -1.717383517215228796e-05  9.105623489373436332e-05  6.495425222954167102e-05  3.946413433505651693e-03
3.168866498672403176e-04  2.059274092522465557e-02  2.600456278169432773e-05  3.855350888478595582e-05  -5.463118739278646806e-05  7.589610327650420790e-03  9.600347317953149013e-04  5.121578173130034162e-02  -1.115089270264528350e-05  5.253472000654029888e-05  3.730758573410236157e-05  1.225618338633120393e-03  -5.716438513155792066e-03  1.973203240971906081e-02  -1.372058929244509304e-05  -1.689769793264484463e-06  -1.591136637226494112e-05  2.430784753200906662e-03
-9.369649087518117938e-05  -1.899561876765148679e-05  2.105707361064909980e-02  -2.997306740541444826e-04  -8.399845924765012364e-03  3.273856661291825047e-05  1.154626859811662529e-04  -1.113882516059590608e-05  5.197880584499676299e-02  -2.406065015792662463e-04  -1.460763167467492253e-03  -5.769938401050992528e-05  -2.362195303934959650e-05  1.428470118824669440e-05  1.449641057303735145e-02  -3.315520625734559405e-03  -3.103487280908826841e-03  -3.191912253620828911e-05
-9.157598196190831459e-06  -1.624194444679179534e-05  -2.403657276811080448e-05  3.691189537261324941e-03  -7.367687495660550352e-05  -2.976547397992381186e-05  1.649027883997436435e-05  5.270731996108263490e-05  -2.407561856581413504e-04  4.245358465322281172e-02  -3.642503882130025878e-04  -9.443600534315793832e-05  -7.998744461163200794e-07  -1.180765522672159461e-05  3.128303504822591095e-03  3.838343018215068588e-04  -9.718153112379636837e-04  1.500921897251854850e-05
-1.323929721072938340e-04  -1.088877696357821371e-04  8.543182988598621228e-03  -4.080838630765910467e-04  -1.612443988016980809e-03  -6.181320437487420119e-05  1.481441851112845736e-04  3.727852163765283647e-05  -1.461144773249287458e-03  -3.642570080513860475e-04  3.982725074187950381e-02  -1.024156905734234112e-04  -1.869450919419717361e-05  -8.952936471190928982e-06  3.346537259393468199e-03  -1.304100266792255483e-03  3.771482992323356345e-04  -1.464281867921454869e-05
3.451493979359193491e-04  -7.419491885169408538e-03  6.349512750074418944e-05  -2.004486081634279115e-05  -1.691657016023057436e-05  -1.701949466704212512e-03  4.290905889101152533e-05  1.226305720001377546e-03  -5.797028808524065592e-05  -9.318461173035011229e-05  -1.017736058788283257e-04  3.980004932217123814e-02  -2.524345246021676009e-03  -3.722848114345838309e-03  2.947961462741191340e-05  2.765953035906414131e-05  1.161040923418242218e-05  8.625255811232999253e-04
2.063362043162117465e-02  4.729564817960644325e-04  2.692032608700449167e-05  7.727737441479923947e-05  -1.280171229270059269e-05  -8.041993452581538970e-03  1.994668485562257551e-02  -5.716509777313306430e-03  -2.365121577223065709e-05  -9.930341744624187308e-07  -1.885525881697872139e-05  -2.524171084109638925e-03  5.109787461780486428e-02  7.406568354737743829e-04  -1.338067012634360559e-05  -5.993837339709257755e-05  -1.248479612699978248e-04  -1.367819635539372367e-03
-3.540587130623821751e-04  3.310363828517781659e-02  -1.924016013156076073e-04  -1.685427731171085675e-04  1.014319744368677282e-04  -1.188571773569624184e-03  -3.122935175285646535e-03  1.973221759151004562e-02  1.417406860129800258e-05  -1.132375777514657454e-05  -8.560521922232213379e-06  -3.722886226820041385e-03  7.404577957794257828e-04  4.678829804951071397e-02  1.976380718744948886e-04  -2.768329366478399856e-04  -3.407686393342198433e-05  -1.695393096962820648e-04
-5.719127037111687798e-06  -1.836777988380735270e-04  2.128098750851301416e-02  8.943309636940887167e-03  9.804094853683307978e-05  -6.830877842278686531e-05  -1.690718599992818317e-05  -1.377487415857555348e-05  1.449640934191120424e-02  3.128326829776321722e-03  3.346231452304818024e-03  3.030064450257934842e-05  -1.346593655206621991e-05  1.978543825112358137e-04  5.192188948264296611e-02  1.371273584506375485e-03  2.244289190483835796e-04  5.986663434026798177e-05
7.306070102904320060e-05  2.619669421989512703e-04  -8.666967965379678354e-03  -2.061848056186077298e-03  -1.334233829873885475e-04  -5.076621187887901980e-05  9.145753632149951535e-05  -1.991356393260124881e-06  -3.315690627275877551e-03  3.838065983788935720e-04  -1.304232738359664646e-03  2.866965723927056829e-05  -5.959628927511874803e-05  -2.762376998522367961e-04  1.372023173966735975e-03  4.003359510377155900e-02  -3.206680212146902965e-04  -1.234526493888861941e-04
3.218370300788232910e-05  4.687190404879896930e-05  -7.274090672229111985e-05  -1.806663326128598159e-04  3.700889189305222281e-03  -7.769192985449317973e-05  6.572825519126824123e-05  -1.608796434966808974e-05  -3.103606612128851586e-03  -9.718682323929265978e-04  3.771814067216181150e-04  1.093918052188891892e-05  -1.249780434550143893e-04  -3.403759183487753274e-05  2.244868146698232787e-04  -3.207612022457167296e-04  4.246478706558436816e-02  -1.682948005366531738e-04
7.528274913062035431e-03  -1.412263291210172703e-04  -1.185647762184637033e-04  -3.042840544117850167e-05  7.993718112617226497e-05  -2.116718192450391198e-03  3.946625312305712154e-03  2.430987513567556442e-03  -3.133238270458748681e-05  1.570477891975363173e-05  -1.525899448268327102e-05  8.625149589258175381e-04  -1.368115383870784161e-03  -1.700551017810887492e-04  6.013942549348038263e-05  -1.237660736542533038e-04  -1.678399033039091335e-04  3.961820611195818187e-02
