4.628910785442457571e-02  -7.744389327972885627e-05  -7.432456906989754343e-05  3.420436797913143224e-05  2.510723965063238385e-04  1.395650292934743101e-03  3.385172975490245706e-02  2.938229213650954451e-04  6.584908878580815895e-05  -1.891135646304809711e-05  6.028383992400560985e-05  2.508035104178998583e-04  2.115677791233283589e-02  -3.408653518534133045e-04  -2.275264040530794094e-05  6.734784487839089932e-05  -4.374231873618547801e-06  7.829803249740261220e-03
-7.750053022414661185e-05  4.656732266687298172e-02  3.584877536797697424e-04  3.964500406582357984e-04  1.348163539657940176e-04  -1.035938841749886293e-03  -6.412224834171154682e-04  2.111721425964725382e-02  1.692852186294102872e-05  2.008343701221973715e-05  -1.592735045273757199e-04  -7.658044461783462299e-03  5.662186750631552834e-04  3.370592336314784387e-02  -3.412976393217521769e-04  3.746747821737858347e-04  2.005949915284315212e-05  9.005227734053044891e-05
-7.405803734346275548e-05  3.587903208511423656e-04  5.087235924881042259e-02  -1.254554473297114997e-03  1.455905472889134277e-03  -1.393622075873172884e-04  1.151931911233374726e-04  2.349148708397170703e-05  2.168386555432413876e-02  -1.878736036110405672e-04  8.660255290236855766e-03  1.641330670253550829e-04  3.643733263756806752e-05  -3.876523240879395848e-04  2.190466527104896824e-02  -9.191735866268412394e-03  1.107446374637383664e-04  -2.948552948917687545e-05
3.370623003171300977e-05  3.959498463681976809e-04  -1.254334074295016714e-03  3.946829214667868513e-02  -2.375708791825595085e-04  1.356457549923647790e-05  -2.186537424580257597e-05  3.428700488059484883e-05  -4.519112488819767041e-04  4.018729596551803146e-03  -5.777586881285178650e-04  -3.309584002420068531e-05  9.047759070552343385e-06  -4.312390949789659720e-04  9.123326502239391747e-03  -2.119066714202502873e-03  2.598484780433038180e-05  -2.084242297905524873e-05
2.508576410293753608e-04  1.348673026212538970e-04  1.455946382724147576e-03  -2.375329843716076251e-04  3.952267352779164494e-02  4.407429404439285048e-05  -5.224458409527479521e-05  -1.927421372318555235e-04  -9.090933715060721398e-03  1.500020065706601043e-04  -1.716225540898367805e-03  -2.121876550072298310e-06  -1.374173890415352633e-04  9.454148527679804963e-05  2.911077520432586978e-04  -3.969738343553700678e-04  3.833665018087933918e-03  -9.503318998983085726e-05
1.395548986345016224e-03  -1.036133807589020026e-03  -1.390716387281632394e-04  1.354805067001651198e-05  4.391296297951020184e-05  3.750345321828282841e-02  9.317379926918318124e-04  8.012686323568872851e-03  1.302116157838921159e-04  -6.353564815843910517e-05  -1.119343030612192976e-04  -1.770777248122571172e-03  -8.275441508158110776e-03  -1.209426493187906737e-03  -2.735971385826973092e-05  9.143503323560944269e-06  4.090823562706472993e-05  -2.045738124015068250e-03
3.385222465705586825e-02  -6.410078180669166953e-04  1.151045334837089650e-04  -2.186684292483681674e-05  -5.214934837735914474e-05  9.315109657741385898e-04  4.602285204257081791e-02  1.016821397695297918e-03  -6.051156751529849880e-05  6.029081090205029472e-05  -1.599372262506727822e-05  1.677291200617806463e-04  2.043440042159762673e-02  -3.094616651391587491e-03  -2.480241141678506383e-05  -3.228468661380105417e-06  2.396538358201212959e-05  4.270891072856393411e-03
2.931843627680187398e-04  2.111742990132060849e-02  2.357710013166880675e-05  3.425188984474499579e-05  -1.926277672682952962e-04  8.013389486467134906e-03  1.017277761052268322e-03  5.115461346677337845e-02  -4.825162649233038072e-05  -2.496442914339964936e-05  9.456822155783459899e-05  1.131754251119773853e-03  -5.873752317295365642e-03  2.019117511753179203e-02  -1.852611392407749977e-05  5.611047376619705286e-05  -2.338081336400666660e-05  2.450490626828210044e-03
6.623883067514409271e-05  1.753874183604531460e-05  2.168382103065522731e-02  -4.516714920541889584e-04  -9.091009783582165021e-03  1.307353512099939091e-04  -6.095521229053295305e-05  -4.823059124699144711e-05  5.202233749788034989e-02  -6.633608925540403526e-05  -1.206643924205312189e-03  -1.317004191809009576e-04  -5.552220624728707260e-05  2.840797400891094445e-05  1.485696163580086694e-02  -3.421933406956892930e-03  -3.195038707512780005e-03  3.500672302832694442e-05
-1.892198401507209985e-05  2.024031986115636307e-05  -1.877812590506797619e-04  4.018846464066447126e-03  1.499257702346499578e-04  -6.377282469651447358e-05  6.012682412831549722e-05  -2.497643419387429143e-05  -6.636351680273968310e-05  4.226001914348188893e-02  -1.155110733957308847e-04  9.075577449038645686e-06  -1.458501671444148667e-05  2.352219806982902456e-05  3.270864580737970363e-03  4.292016228238448384e-04  -9.965110866946734133e-04  5.226091245842512644e-05
6.122867448688267737e-05  -1.590719784399303094e-04  8.660424532539078707e-03  -5.777097378449661501e-04  -1.716319886100588742e-03  -1.118532417588904418e-04  -1.549379690363447351e-05  9.431219279797159905e-05  -1.206793075965817462e-03  -1.155923720003618438e-04  4.014838384472422389e-02  -2.101070269269618125e-04  3.754286409530927632e-05  -2.483800511617392505e-05  3.429824531087538250e-03  -1.387253788624669007e-03  4.485218116890817897e-04  1.625105252405481180e-04
2.506249717844576640e-04  -7.657882925497138532e-03  1.641206463916794337e-04  -3.331667990222626622e-05  -2.350058930455028268e-06  -1.770931029817302601e-03  1.682198734483959096e-04  1.132216509373683766e-03  -1.317410296897405186e-04  8.853681356207225084e-06  -2.098894678938341603e-04  3.977330415769229910e-02  -2.630949625709821677e-03  -3.828042164841835744e-03  5.010547676731914852e-05  -1.254847109701944538e-04  -1.430306152908264924e-05  9.760869239939348914e-04
2.115647435338320961e-02  5.662885847411614935e-04  3.657196381671984066e-05  8.998832582708740375e-06  -1.374976732936038009e-04  -8.274498190966416214e-03  2.043431763095743259e-02  -5.873759907386477686e-03  -5.551689701486771399e-05  -1.454026647596746661e-05  3.717298259238752356e-05  -2.630952606964137141e-03  5.079366896542102799e-02  7.837915739441107072e-04  2.402519256132653160e-05  -1.293825891524189610e-05  -1.171653819041687782e-04  -1.733974806339168284e-03
-3.402615772801572303e-04  3.370628199690775539e-02  -3.877547331135660844e-04  -4.315066037636016805e-04  9.421671599158025446e-05  -1.209303187536950926e-03  -3.095014092337888302e-03  2.019151327506632163e-02  2.812179389170055196e-05  2.375217696671836766e-05  -2.406896102425006481e-05  -3.828054153255439161e-03  7.838145269895024653e-04  4.640641984679244603e-02  3.544107738701288298e-04  -3.440088999752180239e-04  1.457954351342008398e-05  -3.472342682107439006e-04
-2.299315002380052661e-05  -3.415683062933347097e-04  2.190440422298982337e-02  9.123730977204685261e-03  2.912905165883125842e-04  -2.723832560028246628e-05  -2.468157630070580560e-05  -1.841967759162558776e-05  1.485620322853111776e-02  3.270752832623828425e-03  3.429050788439838484e-03  5.051945470503052034e-05  2.403066949641679997e-05  3.545012416097721329e-04  5.163837164974480892e-02  1.856894291770114138e-03  5.632973357597772244e-05  9.010364177285179181e-06
6.667758292315272603e-05  3.742098195807198814e-04  -9.191623191579617949e-03  -2.119143927162047206e-03  -3.967588781693429469e-04  9.326702419622785617e-06  -2.367224785642508780e-06  5.573657916355430347e-05  -3.420840554812593082e-03  4.292307812611701324e-04  -1.386535625860807345e-03  -1.246324590915177943e-04  -1.338528387879182985e-05  -3.439212482415572093e-04  1.857304125998031612e-03  3.920673574877672068e-02  -8.871563526687447135e-05  4.375897139303455271e-06
-4.300336952214791819e-06  2.007867130752513578e-05  1.106970861801155213e-04  2.610893213005381909e-05  3.833628955783067224e-03  4.147815223047208208e-05  2.444303115559042945e-05  -2.350725463204715091e-05  -3.195074882345774574e-03  -9.964763936320365171e-04  4.484916359937015772e-04  -1.408893732105430760e-05  -1.172532312546999296e-04  1.440837566302985315e-05  5.638558077692820063e-05  -8.896806597916977915e-05  4.252740174876127460e-02  -1.326730590807313097e-04
7.829476877715711020e-03  8.997243140515955950e-05  -2.940812648998909008e-05  -2.035235891826561640e-05  -9.439878723166032553e-05  -2.044881818240851506e-03  4.270910033381068033e-03  2.450357921357780230e-03  3.482608916647860500e-05  5.237180736232435177e-05  1.616334708955478178e-04  9.763480571498650649e-04  -1.734203059781342119e-03  -3.471448068245034974e-04  8.729567680926066095e-06  5.409072963287435426e-06  -1.328627150384192380e-04  3.891550682345350926e-02
