4.672506461112159448e-02  -3.035120590699379368e-04  2.388569535087719847e-04  8.843984201812621511e-06  -1.599263634463977198e-04  9.086426468424862362e-04  3.337590094562008919e-02  4.256079122385829513e-04  -1.986290369544867782e-04  1.527103283234586523e-06  -1.614559523746289397e-04  8.838225226895702106e-05  2.072165400722903242e-02  -3.902380825920705523e-04  2.471111623390989502e-05  -2.987495801139630606e-05  -9.857677681052557197e-05  7.477516524565780594e-03
-3.035468846760016421e-04  4.665746541534927100e-02  1.030731035090737290e-04  1.026219424134778278e-05  -3.947061399365232778e-05  -9.950995220930343270e-04  -5.427665412369614721e-04  2.071613663411734502e-02  2.406498420531911307e-05  7.198545052709819515e-05  1.174737559696856866e-04  -7.401461784162444851e-03  6.568699588900235109e-04  3.338103422175853208e-02  -7.014992622077689658e-05  -2.226609202130132764e-06  -4.145432627248617414e-05  3.221907792808659959e-04
2.384756045753500247e-04  1.025868427303756869e-04  5.128699808785461278e-02  -8.535171621154655089e-04  1.263294263556491177e-03  4.388164473662214547e-05  -1.625735561213323649e-04  -3.839060901889919661e-06  2.119539362114433376e-02  -1.119388516553873104e-04  8.360722297680667561e-03  -6.306249043496221372e-05  -3.989303305832023368e-05  -3.261459702286609780e-05  2.125415750477037402e-02  -8.749506913063346061e-03  1.758188442607682594e-04  -5.194400882757941050e-05
8.891349849396682246e-06  1.019187931762684253e-05  -8.538216493781836548e-04  4.041977417429332836e-02  -4.344705857075950876e-05  -1.694932674559548424e-04  -2.414942060880393229e-05  1.027044724039630051e-04  -2.499037330947187149e-04  3.837530951780319510e-03  -4.106942775849639887e-04  -1.254831856342835165e-04  4.960076559996019801e-05  -1.937332567062209740e-04  8.448919409638619080e-03  -1.720788246395583195e-03  1.287899189934553663e-04  -3.430621794729251209e-06
-1.599558170501085962e-04  -3.958914350934216266e-05  1.263487195902328417e-03  -4.337735130162442951e-05  3.979445329483310284e-02  -1.394456362461766249e-04  3.561740143157513926e-04  8.569025452258428093e-06  -8.601797077285774570e-03  5.607495679623580604e-05  -1.568914930981869750e-03  2.349332960432789434e-05  -9.332934982185988877e-05  -2.016383010811252443e-05  3.282720055383024052e-04  -5.164552231569398411e-04  3.734558183554538991e-03  -1.430986606162578008e-04
9.087858053858593023e-04  -9.951589974035379097e-04  4.375019630623113744e-05  -1.695327417303596300e-04  -1.393270236475805193e-04  3.818421618370526627e-02  9.199440954992256199e-04  8.013715040139255882e-03  1.636751935292014067e-05  7.909364591056369212e-05  3.314792934102804220e-05  -1.805383246711229168e-03  -7.789111282559460676e-03  -1.191453497748392286e-03  -6.609036407087521235e-05  -2.578720496891355850e-06  7.739935052135602238e-05  -1.688684585063199035e-03
3.337641275490312032e-02  -5.427404795821384308e-04  -1.626318005735039962e-04  -2.416693479887800644e-05  3.557365940312380960e-04  9.195116189033925372e-04  4.650453219838434488e-02  6.764749999805143429e-04  1.492337368812527386e-04  -1.620507156942636479e-05  7.752295388631094350e-05  3.096290403255684185e-04  1.982859438937955091e-02  -2.815794210915926153e-03  -8.871384504034090027e-05  1.621943872458495625e-04  4.367292726314788540e-06  4.075163864939473912e-03
4.259260429391449436e-04  2.071608823088048196e-02  -3.729583407888286304e-06  1.026487802858655805e-04  8.567899863239125644e-06  8.013573796319391901e-03  6.760840558815688767e-04  5.146095071595570974e-02  2.482205634547154265e-05  2.200600693460662196e-05  -1.198782340178676517e-05  8.264512751988426290e-04  -5.628912409632158727e-03  1.965938726328269812e-02  -4.951588525374778979e-06  -1.136733036295155196e-05  3.749905513143366711e-05  2.497728351875084466e-03
-1.985957468434854437e-04  2.400696930646556754e-05  2.119546051497049610e-02  -2.498499169016566096e-04  -8.601698606290009153e-03  1.665330644138465231e-05  1.491134188092270788e-04  2.468954141416357327e-05  5.219461681887753446e-02  -2.590623607928342690e-05  -9.968579026930777034e-04  3.824771237078047599e-05  2.495642834056026945e-05  -8.931381328813997578e-05  1.441079535625617788e-02  -3.244946000555702908e-03  -3.093030998982149258e-03  -5.637613287866634614e-05
4.674097305533331678e-07  7.266736732527023129e-05  -1.120257079253918089e-04  3.837465254641931646e-03  5.596818677675436505e-05  7.897606067406045909e-05  -1.599374658249644819e-05  2.251145697828075241e-05  -2.605936520687095919e-05  4.232662667210428803e-02  -6.042780584312206540e-05  3.870191796039765774e-06  1.957958594066876040e-05  -3.978079760767610237e-05  3.127570329375735977e-03  4.382466314114018876e-04  -9.287158828483309952e-04  -5.134039768984295041e-05
-1.614803638223165990e-04  1.179325620460069393e-04  8.360332559385100573e-03  -4.107006146480952327e-04  -1.568832975851535468e-03  3.267067983751292847e-05  7.681551398558624530e-05  -1.223853064323555149e-05  -9.973605249670865983e-04  -6.039569883289816590e-05  4.050592841551287071e-02  6.972078113027862720e-05  1.241833159905612454e-05  -1.297102426447253062e-04  3.185343540426838465e-03  -1.140011591943558208e-03  4.742224513798458819e-04  -1.197665824629029198e-04
8.834891523462697928e-05  -7.400890488688306214e-03  -6.312434068146336027e-05  -1.255424396466447176e-04  2.329082745865661923e-05  -1.805264918041443430e-03  3.098411620845042285e-04  8.264297420604770289e-04  3.785102191866686046e-05  3.831430324638882814e-06  6.889480441667268531e-05  4.041369561210972350e-02  -2.656671688188325543e-03  -3.693377497086302100e-03  -2.366044193773710804e-06  2.226731411496772877e-06  -2.546415399650342774e-05  6.065249217905573998e-04
2.072160958534455949e-02  6.567964299389223186e-04  -3.983863281474082842e-05  4.947309004497030564e-05  -9.307818516776200212e-05  -7.789013618872814987e-03  1.982852315047166011e-02  -5.628675732237540218e-03  2.487213914887425191e-05  1.994316554114305471e-05  1.140258404128831214e-05  -2.656363715781977653e-03  5.111014252430701177e-02  4.854718505427642176e-04  2.190647514555609256e-05  -6.146867165243493779e-05  8.503362539468418383e-05  -1.437137954748802160e-03
-3.901737085080114894e-04  3.338040639222641937e-02  -3.287557591332370311e-05  -1.939997672503647875e-04  -1.982480231266722250e-05  -1.191234722467673143e-03  -2.816251285642837592e-03  1.965935054083969846e-02  -8.928796745711412291e-05  -4.011322331515969271e-05  -1.304034873841710719e-04  -3.692940569194521402e-03  4.854247773449433851e-04  4.658720868262316434e-02  5.133282631944472904e-05  -1.561155036776250648e-05  3.980511281241752515e-06  -5.300232413282142657e-04
2.488820452373660314e-05  -7.032316364973687981e-05  2.125402687889448028e-02  8.448989584754835330e-03  3.287903828802224014e-04  -6.642038176461618061e-05  -8.874847206234065848e-05  -5.042127464215259095e-06  1.441083032301925144e-02  3.127300965862599494e-03  3.185391225540288359e-03  -2.903131951532645406e-06  2.210441548443333053e-05  5.153371466913585799e-05  5.193645115657856415e-02  1.574494568588487341e-03  -8.402545161708541285e-05  7.621894297603843467e-05
-3.077807299449260070e-05  -1.190785085544836681e-06  -8.749428128212742573e-03  -1.720650084527467058e-03  -5.170602786895202047e-04  -2.281468986767736299e-06  1.620484645032705415e-04  -1.143488294899094889e-05  -3.244951045540712953e-03  4.385098738461418893e-04  -1.139971519690005696e-03  3.372230969309284429e-06  -6.103236101676239776e-05  -1.463042147327109798e-05  1.574863964371397973e-03  3.965755252025542077e-02  9.097409821495728525e-05  -1.259296781267691952e-04
-9.813330963078462511e-05  -4.102320652096713336e-05  1.755064279436177946e-04  1.290111635263506114e-04  3.734660337364910637e-03  7.776326971595218956e-05  4.067331263630209891e-06  3.678997289590172222e-05  -3.092965283427096066e-03  -9.287402791557500042e-04  4.743156559868872075e-04  -2.576436657691251120e-05  8.632327724504645320e-05  5.075701383477801117e-06  -8.414195195960225821e-05  9.096264997651380137e-05  4.247457863083315549e-02  1.097234446013583805e-04
7.477079565424697705e-03  3.225510560645871317e-04  -5.230812356132932817e-05  -3.356558060122950311e-06  -1.432650717396341219e-04  -1.688511733841118910e-03  4.075105082457035864e-03  2.497202312460127666e-03  -5.711848606766460401e-05  -5.146295513428007415e-05  -1.190318315231105864e-04  6.070051473064331984e-04  -1.437417147776645816e-03  -5.301735332977253103e-04  7.648792431865785607e-05  -1.250828559516079517e-04  1.097187722709494148e-04  3.955206456597324532e-02
