4.672414462757583375e-02  -1.939483805402683982e-04  -3.663731534852039678e-05  -3.536685152249346048e-05  2.386538805310451522e-04  1.087296729854440522e-03  3.351896039838615088e-02  4.794040168923980228e-04  -2.728463185923681950e-05  1.303170229379384505e-05  -1.084980236008372442e-04  3.272671820981036815e-05  2.084722879434112650e-02  -4.333690260496183720e-04  1.401997927952983470e-05  1.821385144249303167e-05  -1.041245896371509417e-05  7.289577703511337069e-03
-1.941286064100239297e-04  4.630781552571306553e-02  1.707725185090489266e-04  4.008427969202170405e-04  -1.704765463016915186e-05  -1.060432847391353959e-03  -6.219232576384769876e-04  2.097837484736195593e-02  1.821639602166831202e-05  -1.519758066802656302e-04  4.805787693263166468e-05  -7.646020737274057677e-03  4.703357388578332078e-04  3.374751092713757644e-02  -1.138954999987556484e-04  1.182916623882674420e-04  5.850937318955338876e-05  -8.615514508337972200e-05
-3.659255219759361110e-05  1.703594132086976183e-04  5.111410413754367138e-02  -9.777711930731420014e-04  1.499804376059881350e-03  8.155617667498151223e-06  5.184890879757294462e-05  6.529473068095575179e-05  2.148139958617572426e-02  -1.031208071841768412e-04  8.573193829550407319e-03  -8.768509653715234791e-05  2.920644592273594282e-05  -1.753629166304386858e-04  2.138811037721760969e-02  -8.679340832340546111e-03  9.949316685615864145e-05  1.670162101624130476e-05
-3.519930238555540365e-05  4.002744765980179378e-04  -9.779337028688484673e-04  4.009812280464380985e-02  6.030394480173446967e-05  3.584568315800361663e-04  -2.899836387504248588e-05  -1.247165117078402206e-04  -2.916846011490800672e-04  3.991533113934885198e-03  -4.324842512064594035e-04  2.195498779413201289e-04  7.352013398192283361e-05  -1.855074160884910659e-04  8.505110371319618903e-03  -1.562858542710821247e-03  -3.964697902237692751e-05  3.640647679463586742e-05
2.388270031048174240e-04  -1.679798862397511265e-05  1.499942115679449078e-03  6.025180263036132659e-05  3.944159319276598075e-02  -1.030532246946190078e-04  -1.392821739042808267e-04  -9.884548222260960124e-05  -8.835462068363674620e-03  6.847562840613456681e-05  -1.712485310733807527e-03  8.164206100196915730e-05  -1.932715883716600139e-05  4.968819883242243962e-05  2.861011196906923927e-04  -4.462448681543273359e-04  3.890859450138916143e-03  -3.767725939748558627e-05
1.087648035968015979e-03  -1.060366330194533911e-03  8.488291002727186974e-06  3.581666381025529330e-04  -1.032027042693811137e-04  3.768065140220008130e-02  1.124643725954834698e-03  8.067877269732116191e-03  6.944068919266184242e-05  -2.655146260018612482e-04  2.898062258078302621e-06  -1.972776991949192361e-03  -8.094248471004638137e-03  -1.189762663260385874e-03  -7.451717874429740376e-05  5.171210249276613462e-05  8.045321123380129436e-05  -1.628520770098859302e-03
3.351875981047191394e-02  -6.216899386792989254e-04  5.156727577127693781e-05  -2.857615212947831144e-05  -1.389974439709862201e-04  1.124544135546038260e-03  4.645047970472633569e-02  7.469337300093136043e-04  3.870765070881245443e-06  -4.704360322793153257e-06  1.641980591506995318e-04  2.972374891179956177e-04  1.993761880740814105e-02  -2.852661242879541825e-03  -1.656281900044108939e-05  -3.845835983605074373e-05  -2.498931659684548820e-05  3.733579066947602734e-03
4.793381330792596861e-04  2.097829911336382414e-02  6.537061905193978844e-05  -1.241373972640107712e-04  -9.899071635979139099e-05  8.067680328045346780e-03  7.470805233769981088e-04  5.116364596473400167e-02  2.319256836760430105e-05  2.124181983210179448e-04  1.431483756258919890e-05  1.369446621474848871e-03  -5.710558216196095008e-03  2.002807149907906079e-02  -2.126308529971046742e-05  3.047062834987719699e-05  2.083571000599054746e-05  2.672232585701668234e-03
-2.689899906074960792e-05  1.819231986225258832e-05  2.148151821494571900e-02  -2.917105532769196513e-04  -8.835107477638569351e-03  6.920410670474049918e-05  3.673147564994325826e-06  2.297574203263556196e-05  5.193167050882716018e-02  -2.993759312222418815e-05  -1.349576263243441486e-03  -2.205649183939342161e-05  5.145418929866058086e-05  -4.711883190916212787e-05  1.463486587464249075e-02  -3.359459172037800208e-03  -3.253348327347357211e-03  3.005147476152749612e-05
1.226041397404549461e-05  -1.513400726873037378e-04  -1.032123147226250774e-04  3.991064029171300688e-03  6.809537150411492398e-05  -2.641838036553138748e-04  -4.309557263494473141e-06  2.126572064973539591e-04  -3.012816293816291476e-05  4.228353575725620622e-02  -5.640677416658114397e-05  -3.060580849219665970e-04  4.778006682210093951e-05  -8.398333629176574135e-05  3.152325464564206640e-03  4.775005573110591779e-04  -9.747799779286655088e-04  3.231116725214352054e-05
-1.090245516421888428e-04  4.751444347313507204e-05  8.572897754281128338e-03  -4.323687954601361603e-04  -1.712195360475472512e-03  3.763664923182648240e-06  1.641933198692484437e-04  1.363707924708182936e-05  -1.349911848280871190e-03  -5.615277587420565620e-05  3.996709263021658298e-02  -4.931973502246190144e-05  -2.522037367723284945e-05  -2.908480133789223979e-05  3.308280362093837367e-03  -1.241080151591791077e-03  4.268926567607533710e-04  1.691034992421360048e-05
3.284737633968751441e-05  -7.646256833523307379e-03  -8.788478793228983595e-05  2.198626347332333704e-04  8.287261111977991851e-05  -1.972919646829150633e-03  2.973090056441403156e-04  1.369393102550341265e-03  -2.220260816565011527e-05  -3.050165189668440214e-04  -4.936430581980565390e-05  3.956955892666536023e-02  -2.491734720946076499e-03  -4.139016539339715819e-03  1.036472143199281839e-04  -5.114022721834681406e-05  -2.591157999975296760e-05  7.209880642944792349e-04
2.084724492097513385e-02  4.704385185080860740e-04  2.882649791564090600e-05  7.271891875333117621e-05  -1.992984990926694567e-05  -8.094390328064202458e-03  1.993775079712961640e-02  -5.710647123747684961e-03  5.150710470757477075e-05  4.738262973656482996e-05  -2.480693611608360868e-05  -2.491629503712561658e-03  5.131264877550090198e-02  7.009219155219484744e-04  -1.190648914025323177e-05  -2.848475411905961112e-07  7.231413457519054087e-06  -8.685966595503893635e-04
-4.331748785169612010e-04  3.374755194719897267e-02  -1.758454486377038315e-04  -1.856564470948180898e-04  5.008227972668914457e-05  -1.189861552836370823e-03  -2.852641672581053296e-03  2.002793061999027027e-02  -4.738876647961870106e-05  -8.376704286660021574e-05  -3.015531397526481248e-05  -4.138774492642459391e-03  7.008175196470594953e-04  4.618740310100239582e-02  1.632957420943281681e-04  -1.090575297395488132e-04  -5.189658998167086409e-05  -2.375199651094687698e-04
1.348859708226193913e-05  -1.143037102934057369e-04  2.138831168680639314e-02  8.505450484509608985e-03  2.857196274061984259e-04  -7.430708019798355399e-05  -1.722479012297894920e-05  -2.126520957816965555e-05  1.463511334928663428e-02  3.151955186344927457e-03  3.308559792595825323e-03  1.039602458895678359e-04  -1.203073735040230511e-05  1.637876404054937536e-04  5.211989665656216464e-02  1.276638574777674753e-03  1.164213725606252155e-04  4.989828963873618973e-06
1.724847306720738070e-05  1.182043072991778934e-04  -8.679451404146221183e-03  -1.562834400107079554e-03  -4.467494966946180266e-04  5.276926493732011825e-05  -3.883846378168374181e-05  3.029773089204144054e-05  -3.359612897440683501e-03  4.779449488290024041e-04  -1.241182807488072463e-03  -5.205406245353150923e-05  -5.255024126871663329e-07  -1.079652809867335557e-04  1.277271294761466499e-03  4.002997377173324323e-02  -1.751411026479877616e-04  -2.625853973528527907e-05
-1.027916614617155085e-05  5.827350919495845804e-05  9.912401613732370418e-05  -3.987085512363208360e-05  3.891280703300672474e-03  7.988884879697459216e-05  -2.458588585415224240e-05  2.077458229038328075e-05  -3.253592179497943014e-03  -9.748252966648490638e-04  4.268175319079630043e-04  -2.562345998302966793e-05  8.218920451345193833e-06  -5.181385558013015401e-05  1.164066775129436932e-04  -1.750309616187042982e-04  4.227079213435164240e-02  -1.238473251426710525e-05
7.289865223595917362e-03  -8.610758113408843609e-05  1.659785573349714500e-05  3.559669080161971983e-05  -3.866542131477738060e-05  -1.628511729771694051e-03  3.733271082081746593e-03  2.672203484591732792e-03  2.993107808575569447e-05  3.281455882238991378e-05  1.755630264784323476e-05  7.209972507022367706e-04  -8.688652419005304462e-04  -2.372456736010232091e-04  5.157136415802082385e-06  -2.582193161171855716e-05  -1.305669203270829718e-05  4.030562954529867681e-02
