4.615174113861367916e-02  -2.747015876785891941e-04  1.937382152167951306e-05  -8.009778673153014454e-05  -3.218461898718010428e-04  1.347699196947507293e-03  3.404013736317425265e-02  5.746065049509814938e-04  4.107171730074712690e-05  3.476079684581766846e-05  1.204690781978065350e-04  -1.277366921989360963e-06  2.145409829779192090e-02  -4.858582151885622639e-04  1.075295164020996435e-05  3.089657498793978553e-05  1.301690093577662641e-04  7.600957303506122344e-03
-2.737276884803342973e-04  4.617003228914549895e-02  -1.852580585209824332e-04  -4.294851421879090827e-04  2.173831509078565799e-05  -1.043242672357231953e-03  -6.352890866447677854e-04  2.141302767409753241e-02  -5.987708088745507558e-06  1.152115523347824763e-04  -1.013716493495758482e-04  -7.855299660329689848e-03  6.057973140824506270e-04  3.415077872071844295e-02  7.434140349491137742e-05  -5.273796735012870420e-05  3.692138916865881368e-05  7.861900691450248628e-05
1.972218102221732897e-05  -1.847615044623979901e-04  5.090101671523646065e-02  -1.360056478657786262e-03  1.370862520077532724e-03  1.921021107438795935e-05  -8.296820524946969192e-05  5.702661394090072786e-05  2.191875602232960102e-02  -1.207726682825880558e-04  8.761875658782170007e-03  4.243527178927615661e-06  -8.516614920846341590e-06  1.966683315547459738e-04  2.192433128832986522e-02  -9.018801921605494945e-03  2.222806703579974848e-04  6.664474475657245204e-06
-7.967753761924681278e-05  -4.289348881928505496e-04  -1.360204004517881352e-03  3.941176891203876376e-02  -8.664578196620826482e-05  -2.505979961978537819e-04  9.601911799368864858e-05  1.270622834094165107e-04  -2.777916347982485232e-04  4.252362503277286147e-03  -4.061508232850076917e-04  -1.688239268502708418e-04  1.403435808164418859e-05  1.965648655562180999e-04  8.908164683783853857e-03  -1.692589638508417565e-03  1.437621294134453702e-04  3.030504120882338711e-05
-3.223711005411305499e-04  2.160887235185758368e-05  1.370885502462109752e-03  -8.688602843646524028e-05  3.929551158115879989e-02  3.421167057433702132e-04  9.062677172568183533e-05  -1.203458703717520206e-04  -9.025280246055780026e-03  4.192918972560024553e-05  -1.589836905691491709e-03  5.121580733888484902e-05  1.137793346473728513e-04  3.831429994799689340e-05  4.085593382130708472e-04  -5.337729115483186640e-04  4.122132250814347296e-03  1.593231937992870082e-04
1.347721661681173903e-03  -1.043002240765286519e-03  1.953007876154137765e-05  -2.503491442456695247e-04  3.417253491030544329e-04  3.709291984950920107e-02  1.303308006925527627e-03  8.129905519561090102e-03  4.269387204282378831e-05  2.927016451501641687e-04  5.146386519436172297e-05  -1.845166955924142007e-03  -8.570496986738217540e-03  -1.197276541156492820e-03  -6.099540164596452870e-05  -3.757949783034240704e-05  -2.384326451507701378e-04  -1.915822798857357836e-03
3.404003737983148092e-02  -6.353107583530742805e-04  -8.253373068263386851e-05  9.487015054902405765e-05  8.978339297643518342e-05  1.303101461374265918e-03  4.603876947683873538e-02  7.947990628206763998e-04  -2.258339808659416958e-05  -5.910522297968769670e-05  -1.267134181350021861e-04  3.339255735663116320e-04  2.037935960039734956e-02  -2.756120026797700268e-03  1.149968335679974992e-04  -2.669308038235533131e-04  -5.514052597734205448e-05  3.988910607004044276e-03
5.743916515611121893e-04  2.141325602609022924e-02  5.705147913475066678e-05  1.268799070361077241e-04  -1.206649480391286280e-04  8.129800151770311123e-03  7.949626408759959042e-04  5.098423473883560014e-02  2.939721025131908786e-05  -2.223129628121573212e-04  6.130873494079474878e-05  1.512560349990754727e-03  -5.900397647366733070e-03  2.046968151631746793e-02  -2.181970009995342463e-06  7.091781325204274714e-05  1.064137961058395619e-05  2.710451152376964785e-03
4.181965308388926238e-05  -5.663929951428580893e-06  2.191884317565662849e-02  -2.778370056837428811e-04  -9.025303052465211140e-03  4.253226545829958712e-05  -2.212956785151718245e-05  2.932299419115849096e-05  5.185389002112347767e-02  -9.257012289650224984e-05  -1.481092912518814459e-03  -5.897625327925376877e-06  1.683396733494110059e-06  -2.696569015437168111e-05  1.498685600880289223e-02  -3.476807825058966187e-03  -3.323545638784712423e-03  -2.034160482701920480e-05
3.465843209800617173e-05  1.150428545858727167e-04  -1.210524236961396346e-04  4.251455711170180375e-03  4.196197130696123988e-05  2.923091628015761848e-04  -5.897860368889988483e-05  -2.224175242369853735e-04  -9.243629318264541843e-05  4.212484049218198634e-02  -1.500446344185627705e-04  3.212209625669178192e-04  -3.567630780526611354e-05  1.232382862266544264e-04  3.317624134045125614e-03  4.969925456232493011e-04  -9.963139668853482345e-04  -2.539840275354391451e-05
1.221491044022803040e-04  -1.007335862372129887e-04  8.761319902604798246e-03  -4.061127736519746546e-04  -1.589512048542681116e-03  5.120662799167500975e-05  -1.268592399506675164e-04  6.106800635927040204e-05  -1.481485344420133739e-03  -1.499696448252585510e-04  3.964674376765874031e-02  -6.746323627651725982e-05  -4.970114171073942499e-06  9.099224369891454917e-05  3.489875018834629524e-03  -1.423632376914851522e-03  4.630308145690062308e-04  4.415555582442205980e-06
-1.255025715705222747e-06  -7.854844083986834563e-03  4.413172194882987043e-06  -1.689001112831188273e-04  5.163799767401531512e-05  -1.845561659960901152e-03  3.339633854147762665e-04  1.512759651883398846e-03  -5.805120630587226125e-06  3.208037302195564642e-04  -6.658028604325469141e-05  3.919843696221931434e-02  -2.548099572938551920e-03  -4.298113790920954705e-03  -9.660309633971364183e-05  7.010232971917462557e-05  6.042069227320807207e-05  8.484861920620449457e-04
2.145413964564316101e-02  6.056584068993623154e-04  -8.537299063244967935e-06  1.403347657753030237e-05  1.139467734792778020e-04  -8.570263565787794927e-03  2.037888647425517910e-02  -5.900225937948106597e-03  1.695695994191347493e-06  -3.553744352313058458e-05  -4.666928686105266111e-06  -2.548070359435632669e-03  5.103404192011674889e-02  6.907693905593555129e-04  -2.489370924904413230e-05  8.334211010561706355e-05  -8.309937049889580302e-05  -1.086337295932308759e-03
-4.862984475324823980e-04  3.415118327941532583e-02  1.970458289835815902e-04  1.963382347845217155e-04  3.795171202210991538e-05  -1.197175739478452188e-03  -2.755981852700014560e-03  2.046983297098085852e-02  -2.690695085879140605e-05  1.223545157057272822e-04  9.065400977967926681e-05  -4.297596385129730072e-03  6.906487879888635910e-04  4.591652995905533274e-02  -9.304580054172923484e-05  -3.372898556637339887e-05  -9.169593414195714211e-05  -4.690991992935168589e-04
1.057233978923126350e-05  7.502776665912154800e-05  2.192440384491624317e-02  8.908350963013202811e-03  4.083160700862033731e-04  -6.083868987102689768e-05  1.154043353353776248e-04  -2.259073447686316097e-06  1.498709728838523540e-02  3.317298542742237646e-03  3.490717027348455050e-03  -9.727371118719895036e-05  -2.513009408741792564e-05  -9.334620585479845502e-05  5.197413855903296187e-02  1.445591096779792924e-03  -3.202704641179234771e-05  8.989225759613858542e-06
3.109920914835929788e-05  -5.254234239444704991e-05  -9.018960066346743548e-03  -1.692459575732143057e-03  -5.343151708322919392e-04  -3.852663841037995689e-05  -2.677447529912956080e-04  7.102710349243445342e-05  -3.476906037026566369e-03  4.971144616599058310e-04  -1.424153084684113505e-03  6.973418511254124213e-05  8.307363900649880639e-05  -3.368234034715775834e-05  1.446481140027605942e-03  3.967941219538589220e-02  1.354962291036472999e-05  2.065184100590245408e-05
1.304615754579709444e-04  3.719228622975946370e-05  2.221406872772986412e-04  1.437991529738682833e-04  4.122157844692060646e-03  -2.399043237712014578e-04  -5.507000326522501759e-05  1.099733437613174487e-05  -3.323779344272674834e-03  -9.963028593515301651e-04  4.633087436173965036e-04  5.976493004815408366e-05  -8.323023461231427757e-05  -9.132846242310240414e-05  -3.222130366987174832e-05  1.347945044056354719e-05  4.220751118590745227e-02  -1.568562861430979896e-04
7.601105740375105335e-03  7.870335828125161277e-05  6.734336182914636563e-06  3.102937455689929423e-05  1.591530218434024520e-04  -1.915396558055804674e-03  3.988939253887094014e-03  2.709824269265561237e-03  -2.034806030232047855e-05  -2.664366286236934589e-05  4.801526072082078579e-06  8.491266114434241731e-04  -1.086853981498800458e-03  -4.691467708834078185e-04  1.006570119486713974e-05  2.029672504360853250e-05  -1.573894105427103623e-04  3.983727682245319368e-02
