4.639429909205072117e-02  -2.477738573516640700e-04  7.546383917033222613e-06  -1.096648303366236490e-04  4.349631808443880514e-05  9.718893584069270529e-04  3.398073080579327998e-02  6.141615132979067870e-04  -6.718256946048716259e-06  8.593709283087130351e-06  7.729505973125592273e-05  5.045300923618615630e-05  2.141880533967812500e-02  -6.853691353364267614e-04  4.763917514288513522e-05  6.699792522516453161e-05  -3.391981893184880517e-05  7.622557657445247839e-03
-2.477195120298111603e-04  4.591681642012498954e-02  9.792748666143090712e-05  9.024117442605146175e-05  -6.668397026149554914e-05  -1.403289919531881032e-03  -5.233294937091551588e-04  2.142468520806204910e-02  2.749369009054070361e-05  5.469740937179879716e-05  4.872904053418671184e-05  -7.813482415096252576e-03  4.309355179553262189e-04  3.404305738917461077e-02  -1.026790517618529256e-04  9.730936640727906963e-05  9.465697201987121874e-05  -3.083813517378979096e-04
7.467691617054866630e-06  9.807941907122645858e-05  5.072278185253003419e-02  -1.332248397464830215e-03  2.113592409087771112e-03  9.813922183517306429e-05  -2.880882242229236741e-06  6.193211724538756852e-05  2.209155118261967379e-02  -3.359755098901348898e-06  8.751698460373578264e-03  -3.625323892690430973e-05  2.017845682520121817e-05  -1.243115354392966836e-04  2.186194414034598604e-02  -8.996227104667194052e-03  9.987793464578634966e-05  -1.263592229432350953e-04
-1.096378844760767778e-04  8.998616952819801383e-05  -1.332570879155488578e-03  3.991915824348328534e-02  3.743865511630259076e-04  1.153086092606372493e-04  -1.393069586179828832e-04  1.654964921575892076e-04  -2.263384447871589003e-04  4.055791562959543128e-03  -2.990360344439623591e-04  -5.626050496979381727e-05  2.852667809076045880e-04  -2.104309642094504852e-04  8.945237725258362027e-03  -1.700116636761892994e-03  -1.109606101060833246e-04  9.478825991138797250e-05
4.324918290485005079e-05  -6.677232397937939287e-05  2.113703911101110118e-03  3.741079598434741125e-04  3.836562000815545853e-02  -6.775820769146828257e-05  5.494225663107218401e-05  -3.442788824386088377e-05  -9.613014270628359587e-03  -9.957399300715097054e-05  -1.939924238340984958e-03  2.517697449467254893e-05  -2.118194246066637594e-05  8.414165404429586100e-05  4.404811425147416525e-04  -6.199285085116067965e-04  4.020985855968787527e-03  -3.998596226704555695e-05
9.716183242657990471e-04  -1.403383907402438362e-03  9.794639547726175183e-05  1.153216652859539608e-04  -6.730465207708426884e-05  3.694131733872919182e-02  1.446520341850261173e-03  8.355680525880185630e-03  4.884956886641653032e-05  6.899818337833479398e-05  4.467159477831646219e-06  -2.038805194964585146e-03  -8.242010575507153353e-03  -1.385133403952279810e-03  -2.589981871529748424e-04  6.519897777445442851e-05  5.131675211094448898e-05  -1.761040256052306486e-03
3.398096516443454423e-02  -5.237398803366284184e-04  -2.865476516076439080e-06  -1.388797215621176016e-04  5.482561059309162913e-05  1.446179990815086138e-03  4.601257585495874963e-02  7.978643595913478175e-04  -3.836098123648235149e-05  -1.067753566654424942e-05  -5.754314912792525360e-05  3.060276731255216873e-04  2.042261334848093773e-02  -2.876985955407524234e-03  -1.053931454321866745e-05  4.319867374174516262e-05  8.717504249453073294e-06  3.906438065458442410e-03
6.140026639923095884e-04  2.142462144108061087e-02  6.185176958053844340e-05  1.657755712250613971e-04  -3.451371780459457837e-05  8.355006525027016545e-03  7.979062660664836514e-04  5.103815204837978264e-02  2.143395023788457335e-05  -3.983055522579135828e-05  1.305445987112648566e-05  1.355344748178410582e-03  -5.877476688944925816e-03  2.056596053540062086e-02  -3.027223938776454239e-05  -1.699481566168690503e-05  -6.805482407250908655e-06  2.707973410634155389e-03
-6.666313149320588600e-06  2.764553496139205251e-05  2.209126327524891728e-02  -2.262231561088759674e-04  -9.612675349229975880e-03  4.898635684687906042e-05  -3.835871239493370124e-05  2.142434320602473022e-05  5.178393546305828932e-02  -1.659312711564787479e-04  -1.253450583326378006e-03  -1.003014228938005044e-05  3.734828857469175972e-05  -4.960069128081713422e-05  1.514852676690595264e-02  -3.690647233114619646e-03  -3.454262746538447858e-03  4.254156868059479345e-05
8.768147081502425177e-06  5.498916776105459861e-05  -3.256571357413712540e-06  4.055882042864254050e-03  -9.969913441482423705e-05  6.875117373522591905e-05  -1.065001841821544219e-05  -3.936095942004119833e-05  -1.657498041831831272e-04  4.228041094058011123e-02  -2.275781777489889305e-04  4.041804182301124578e-05  1.480421768770995248e-06  2.688836115049444598e-05  3.289710402581518846e-03  4.423349557604776077e-04  -1.054270479945417774e-03  1.346172110655478743e-05
7.630310972222965177e-05  4.874288614809307093e-05  8.752211157316530654e-03  -2.989248313053562579e-04  -1.940159215932917491e-03  3.830341257007472987e-06  -5.756049577131401433e-05  1.307163978016129902e-05  -1.253935751093777744e-03  -2.277969356781070422e-04  4.012107214714439457e-02  1.501587053401928242e-06  -7.194442877039758556e-06  -3.476934244361903290e-05  3.559643487625474643e-03  -1.521155935463304855e-03  4.127701944317756591e-04  -3.231734938243783253e-05
5.118657611942370022e-05  -7.813434033525929606e-03  -3.544412576084919148e-05  -5.610555492687822459e-05  2.542158901389799861e-05  -2.038367952216106876e-03  3.054961558801638018e-04  1.355637963699661552e-03  -9.943663763773967173e-06  4.084283261574065570e-05  1.600870404435384250e-06  3.937432424710125833e-02  -2.555836015352037915e-03  -4.241399927512951723e-03  2.932217473623165681e-05  2.120957168823378700e-05  -2.910629704488269153e-05  9.515179605330496143e-04
2.141864269465501222e-02  4.309585446579807205e-04  2.025126663245049665e-05  2.848185606889131545e-04  -2.169792234675842714e-05  -8.242230921534048418e-03  2.042234950071463231e-02  -5.877337086049951725e-03  3.731514012977158747e-05  6.668446049708394447e-07  -7.815165196117846534e-06  -2.555910931552453878e-03  5.099076746944577326e-02  9.532044599196255264e-04  -1.889897692818274479e-06  -1.149043347708559031e-04  1.986366900237687553e-05  -1.209534318809471617e-03
-6.851766566599779267e-04  3.404318086212584221e-02  -1.241752928390337798e-04  -2.103261322471551673e-04  8.364538057605434341e-05  -1.384328108991703457e-03  -2.876834937100565103e-03  2.056597447384896082e-02  -4.955673233304010075e-05  2.671327542286073338e-05  -3.494171788554998606e-05  -4.241692603729070241e-03  9.532001864148947727e-04  4.582363600735104431e-02  1.195678467796673427e-04  -1.086102512364640654e-04  -7.609217422289576993e-05  -1.412947120511315509e-04
4.743900174367298654e-05  -1.030091883584441332e-04  2.186214705062648062e-02  8.945493635581766578e-03  4.402397256200699821e-04  -2.594495304250008807e-04  -1.086975047287893010e-05  -3.039546858932733341e-05  1.514872371668384010e-02  3.289364425605066297e-03  3.559629432248628735e-03  2.943143232416821134e-05  -1.964681636351389811e-06  1.204769625256307895e-04  5.185913864517203292e-02  1.669768479132841118e-03  2.900364780041483881e-04  1.227436231070921555e-04
6.622957405504311724e-05  9.761598647852249189e-05  -8.995818366185551543e-03  -1.700283121494994753e-03  -6.202317306530372642e-04  6.586918550680554362e-05  4.322779157221469495e-05  -1.680201062388112806e-05  -3.691021847001346289e-03  4.426075582101406808e-04  -1.521233426933079908e-03  2.150870920544462013e-05  -1.145372511874741050e-04  -1.090605239409846898e-04  1.670343215899528421e-03  3.936349091625438584e-02  -4.142182421597670624e-04  -2.068715696990873216e-04
-3.292579310122089453e-05  9.475948366435436778e-05  9.969645796047331096e-05  -1.112076753213758410e-04  4.021405877022815947e-03  5.187495322443918600e-05  8.618180886473010555e-06  -7.009667384289680445e-06  -3.454281913543624013e-03  -1.054286057183069676e-03  4.125950097603376418e-04  -2.933697824504983374e-05  2.055455984823275506e-05  -7.557195641798751735e-05  2.899848755283941084e-04  -4.140078864331649708e-04  4.217903015600328598e-02  5.708350964961925525e-05
7.621969936244031227e-03  -3.085328897229843944e-04  -1.259423962822876460e-04  9.526987727548979991e-05  -4.096924233639833769e-05  -1.761239529636012945e-03  3.906127398581323018e-03  2.707843194543642622e-03  4.235918950290794597e-05  1.337619157025880039e-05  -3.358963981603663824e-05  9.515909790985510293e-04  -1.209970954682354103e-03  -1.416717555916462503e-04  1.225518723051201037e-04  -2.068749682570086271e-04  5.721147385937233907e-05  3.959333863273585552e-02
