4.606730261224280254e-02  -4.273396248094276349e-05  5.154280481645362959e-05  -6.133725175986115357e-05  -1.523222071371656109e-04  1.547527966319026680e-03  3.430242856891001918e-02  4.986195636897186589e-04  -2.431926973170234514e-05  -2.807796676859911750e-05  1.261310170376351940e-04  1.211627476151946626e-04  2.169958963985457040e-02  -6.139139396226807712e-04  -1.404169793667104564e-05  1.286839559869508301e-04  -1.774334513073679757e-05  7.718879998152500428e-03
-4.333379149010293006e-05  4.593730796797667465e-02  7.064431639242359597e-05  -1.529062231163977423e-04  5.261100108973003140e-06  -1.513060838986739340e-03  -6.142482512229380329e-04  2.184967968300305721e-02  1.497310172405995697e-05  2.058390264341312839e-04  2.262021589075930374e-05  -8.269273429740858078e-03  4.568156465683561023e-04  3.438801358068284408e-02  -1.099105668537901675e-04  9.345444626392296762e-05  -4.760201499933057663e-05  -7.441492414299411364e-05
5.110295906563628118e-05  7.074339804589624870e-05  5.056327423493905959e-02  -1.538955963260576175e-03  1.444078170471687012e-03  8.758141242420761953e-05  -4.468833745843308762e-05  4.238112255205458398e-05  2.252259648077437060e-02  -1.649515044450360491e-04  9.515933887561200608e-03  -9.966382581606015873e-05  -3.869718817409690897e-05  -5.178535033039374303e-05  2.235077845323027099e-02  -9.221297199400941766e-03  3.293504126337043415e-04  -8.208975938813893895e-05
-6.116840024680728993e-05  -1.528079699725371616e-04  -1.538987620298167555e-03  3.904530497249781434e-02  -4.727496724913915222e-04  -2.635720771170603537e-04  -1.012403133652214598e-05  3.078150536437471250e-04  -3.551259098664877344e-04  4.193308504918344740e-03  -5.111691531775445531e-04  -4.097732525238771835e-04  5.784172406728961649e-05  -2.190670827905875722e-04  9.420175603233474707e-03  -1.857428011623621063e-03  2.832277416933597688e-04  2.761905067318704232e-06
-1.522648076350621715e-04  5.244939490454052286e-06  1.444394956919218230e-03  -4.725756369477310845e-04  3.872912270988646682e-02  -1.426945710363138693e-04  2.132031190142787364e-04  4.443748073796353816e-05  -9.507728582961208832e-03  7.395127702365629019e-05  -2.129537883926473606e-03  1.696837490069238679e-05  3.237269590987836423e-06  -9.869454247267662940e-05  5.905073928651676874e-04  -7.625113720619718398e-04  4.334272291878319382e-03  -6.694187937030696785e-05
1.547239227825277473e-03  -1.514033637122000472e-03  8.769665162788684444e-05  -2.638561933926108745e-04  -1.428154674150016086e-04  3.634415484039085764e-02  1.224478390938249202e-03  8.595628346606404291e-03  -2.372216949575862267e-05  3.557650453980744257e-04  6.215099488147846903e-06  -2.261612311385074927e-03  -8.506437670888518723e-03  -1.061878872279761266e-03  -1.137452281399889723e-05  -1.268244138943552758e-04  -3.098012014199104651e-05  -1.724577031168052221e-03
3.430200909077277954e-02  -6.141923932035694804e-04  -4.453326495230966686e-05  -1.039499874193553602e-05  2.127660158957352240e-04  1.224922381862286400e-03  4.601081243710217206e-02  1.013167953729610842e-03  -4.895340599114566746e-05  2.625052075767585042e-06  -1.318733279928631646e-04  1.712877002766413095e-04  2.072810320317887769e-02  -2.947812210789865772e-03  2.491854886715820952e-05  -8.826417566722316620e-05  -1.082768802208051843e-04  4.110193534312378029e-03
4.987789883483123316e-04  2.184931839542475149e-02  4.239213314250532501e-05  3.079961958405812161e-04  4.467883665809228898e-05  8.595617961296798948e-03  1.013018960029786432e-03  5.051364593925303931e-02  2.501554550860336014e-05  -3.108412834355075548e-04  -5.612658756179510715e-05  2.071570393250634756e-03  -6.084883014790589024e-03  2.094008922158694525e-02  2.646675172982921321e-06  -1.032334093103549263e-05  5.795194638192850006e-05  2.665274469322213499e-03
-2.438478125950950447e-05  1.515779653627146822e-05  2.252254722186030136e-02  -3.549964350214101171e-04  -9.507322732372465099e-03  -2.356247645515890842e-05  -4.890526926433835184e-05  2.506606565262786904e-05  5.146267346002268706e-02  -1.061024589949514300e-04  -2.130553171019546055e-03  8.917024635840034282e-05  3.643523132185237873e-05  -4.919193668498643467e-05  1.532910480405329928e-02  -3.662100283257948511e-03  -3.461508431755353551e-03  -4.882108584237858064e-05
-2.806731798827642434e-05  2.051194954067464679e-04  -1.649911300274924824e-04  4.193600786421080619e-03  7.377947747747037616e-05  3.554552946748319167e-04  3.190051592278087176e-06  -3.108266817153137519e-04  -1.060994676166993517e-04  4.230086330272288253e-02  -1.654587028428000737e-04  4.617172884010690287e-04  -5.136888528729741538e-05  8.458174704663068725e-05  3.397288202972785758e-03  4.950853606822226216e-04  -1.044098335219417143e-03  -8.214870489162679856e-05
1.261551782782819762e-04  2.241825756419884517e-05  9.515089569526288121e-03  -5.109898600404145326e-04  -2.128770526588102431e-03  6.194279046218424959e-06  -1.325550875419878399e-04  -5.594053926279634681e-05  -2.130535443518024631e-03  -1.653870720725102530e-04  3.862381058901154934e-02  1.414188412886096115e-04  -2.739834453543784593e-05  9.112192169785422616e-05  3.666685312247434329e-03  -1.592934359741430932e-03  4.537717509106698019e-04  -7.697618003533419147e-05
1.210874645774107902e-04  -8.269251197048259686e-03  -1.003437944440334107e-04  -4.104164248987400348e-04  1.735581256525685985e-05  -2.261684232717496232e-03  1.714021157557665679e-04  2.071170918878423653e-03  8.944763443288010463e-05  4.610898096491784066e-04  1.405750316479222810e-04  3.829833143437415266e-02  -2.432485106653464561e-03  -4.518511551897929496e-03  -1.220756838696637238e-04  2.016213736109985835e-04  7.236377298232555242e-05  1.153878285307569128e-03
2.169940680472650513e-02  4.573233716025233687e-04  -3.867248933256078425e-05  5.785182251106172057e-05  3.433876609444160806e-06  -8.506769323573951450e-03  2.072832276680669841e-02  -6.084602842643472079e-03  3.641948666457333028e-05  -5.141611358256658720e-05  -2.768693682315102877e-05  -2.432722470548285242e-03  5.089391818090351072e-02  9.706412338484093384e-04  -4.439085751242397693e-05  1.891171619205018331e-05  5.336795477848684882e-05  -1.330303683283189271e-03
-6.133160733568529619e-04  3.438782757773076182e-02  -5.163905577954992912e-05  -2.192903373900157425e-04  -9.943012165822935015e-05  -1.061649801123403956e-03  -2.947924728507087325e-03  2.093969333603364416e-02  -4.909084142062760319e-05  8.459674291829213932e-05  9.134714113844067469e-05  -4.518843855913569872e-03  9.710872418245062015e-04  4.574811389566098979e-02  9.164869326448260535e-05  -1.134972395473283856e-04  -4.503155274247671100e-05  -3.327620760488628551e-04
-1.344295460747648574e-05  -1.101920139766992515e-04  2.235047375725715546e-02  9.419700255944010378e-03  5.897068853242371607e-04  -1.138778329052854834e-05  2.525435318225508459e-05  3.253514337213290180e-06  1.532993456104876639e-02  3.397426228720098248e-03  3.667491493250805805e-03  -1.227025199143086051e-04  -4.434298535421166642e-05  9.130511234167514110e-05  5.185880028674448583e-02  1.568609860277874433e-03  -8.501066109379125596e-06  5.867982770973338632e-05
1.282411635259773398e-04  9.200492583238697411e-05  -9.222255648436337994e-03  -1.857276350071746483e-03  -7.623388420875654679e-04  -1.271445193897833669e-04  -8.788148482829965320e-05  -1.050418712419772506e-05  -3.662176798922985987e-03  4.951545583328796412e-04  -1.593246750432011439e-03  2.030478454374849218e-04  1.894029475256504570e-05  -1.139269682244799139e-04  1.568956556704418715e-03  3.943880054430954490e-02  -1.459130483480941105e-05  -6.906073747368145330e-05
-1.761064622082781457e-05  -4.772321264410631325e-05  3.285570182609388141e-04  2.828722307398553754e-04  4.334316411035544526e-03  -3.031917555424834944e-05  -1.090549728583010828e-04  5.800315853555649534e-05  -3.461815908067154921e-03  -1.044181868539127266e-03  4.537948693547032828e-04  7.177259566646403317e-05  5.334639014223111012e-05  -4.506641548104455301e-05  -8.372433299381296399e-06  -1.477486066999856729e-05  4.205481019265956688e-02  -1.725352941232747948e-05
7.718415263537180965e-03  -7.425013426083599882e-05  -8.129661227618114672e-05  3.266260422908287163e-06  -6.760760865497557348e-05  -1.724497782230919327e-03  4.110282182914005815e-03  2.665526452873548217e-03  -4.873074595284538783e-05  -8.245221365102738738e-05  -7.589730406355627034e-05  1.153791127600553752e-03  -1.330104020600863168e-03  -3.334758406727953350e-04  5.873798927977054636e-05  -6.879742627785486462e-05  -1.660968384860003077e-05  3.926010371011055128e-02
