4.651377076431333080e-02  -1.297823707141024601e-05  1.489113017947393163e-04  7.382303903741323638e-05  -3.050037767128982425e-04  9.342507812988752819e-04  3.383521727813854768e-02  3.609305578768907084e-04  -1.085525360339215551e-04  -3.558028969255668780e-05  -5.715661934169912812e-05  2.888696220717169752e-04  2.117719709424292773e-02  -5.540691921592844939e-04  5.605250556180168967e-05  -1.162292364554121229e-04  4.216148240335534141e-06  7.747306487536916898e-03
-1.374641785439402022e-05  4.626338557757707359e-02  -7.196273092146738041e-05  -2.459385884813175657e-04  1.391389625685097066e-05  -1.214932233636219043e-03  -5.569871092794884517e-04  2.130640186189898186e-02  4.407467930551930470e-05  8.855692474102061236e-05  7.593175890655081718e-06  -7.778398258992182471e-03  3.123088928573275881e-04  3.392346221090670327e-02  3.662202694185417301e-05  -7.024885609534577298e-05  -3.803505214652805994e-05  -3.856486426225684853e-04
1.490871650483289036e-04  -7.218088704977989234e-05  5.103479484310907699e-02  -1.246135711009755623e-03  1.360751477510750880e-03  -3.197692535359283026e-05  -1.256554261124128130e-04  -3.327221001567676081e-05  2.195853830392821907e-02  -1.732731985736048921e-05  9.318412707083077728e-03  -1.505387688649952518e-05  -5.534873827723920277e-06  1.187390697298071498e-04  2.184658358554107324e-02  -8.990234964564601527e-03  -2.403965869258567592e-05  9.413685922454941458e-05
7.380918638476664047e-05  -2.460041504533554742e-04  -1.246061025804953790e-03  3.978046108606570624e-02  1.575403079730432123e-04  -2.788264109376827299e-04  7.889007668652681039e-05  4.479171924136550649e-05  -2.801916845961728835e-04  3.951554405800018072e-03  -3.883976473656227117e-04  -2.503827989453661935e-04  -8.820423135803185136e-05  4.491644412319967109e-05  9.046322786122650353e-03  -1.804936326270217915e-03  -1.179301860820312171e-04  3.881920797616933060e-06
-3.046587450194219917e-04  1.433419666859906500e-05  1.361029355214286515e-03  1.580791399267823078e-04  3.954508754487858629e-02  5.964675093341630416e-05  2.113919951392311469e-04  -3.327732781723064312e-05  -8.995317865872978422e-03  -1.090580458984608523e-04  -2.012485131795723695e-03  8.311829238141000317e-05  1.702006408616783985e-05  -2.815644212816290035e-05  2.633390466099151130e-04  -3.255768257423995345e-04  4.093599614233440868e-03  2.592838828786384335e-06
9.347363657536412714e-04  -1.215159931492160476e-03  -3.244518476393023500e-05  -2.787634991056499984e-04  5.909153153601681447e-05  3.776193584006370951e-02  1.055396398608341758e-03  8.428527099252080407e-03  8.948125217726269330e-05  1.828687470250603658e-04  8.876598769492407973e-05  -2.181704657537223910e-03  -7.897819240975710239e-03  -1.161303932957207397e-03  3.156450706068605319e-05  -4.070747397295120733e-05  -8.479870666156668919e-05  -1.731968236850423134e-03
3.383539814397249629e-02  -5.570826681598381978e-04  -1.254308104346810854e-04  7.982698375802086375e-05  2.117467420907900649e-04  1.055815163047788907e-03  4.628352109745349774e-02  9.972506698177185241e-04  1.525396320794402316e-04  4.768736361474675749e-05  7.849356923961468249e-05  8.490577139502352886e-05  2.044140945826157518e-02  -3.125672709529568258e-03  -8.397507682212875836e-05  2.746526034376327335e-05  1.630666506954993477e-05  4.096872827497327271e-03
3.606578244764561958e-04  2.130709795816607480e-02  -3.324626420036878990e-05  4.501168377932136539e-05  -3.335612529783329707e-05  8.428464060850886924e-03  9.974393721065377780e-04  5.075646083304963252e-02  -1.447839781433454504e-05  -1.716961342298867178e-04  -2.409687974562423719e-05  1.762364072773976503e-03  -5.930195556864190261e-03  2.051324207568811300e-02  4.487641771449814515e-05  1.820931155474402407e-05  -5.542199187090314649e-06  2.516223950089515899e-03
-1.091530831742206880e-04  4.438450760485059563e-05  2.195833371074257592e-02  -2.798294643931525613e-04  -8.995173031780538675e-03  8.902501930765617738e-05  1.527071771625886358e-04  -1.437437474529180470e-05  5.160389768215557782e-02  -2.654717833511427753e-04  -2.044231122706332161e-03  -1.277455001264416007e-05  -5.984637131226012324e-05  3.233422055500818707e-06  1.501835840390000447e-02  -3.523922684015380006e-03  -3.298398326031451097e-03  -8.281267282949916623e-05
-3.572960202841391305e-05  8.839360624785033433e-05  -1.750973588670134517e-05  3.952106369197449891e-03  -1.091352869699697238e-04  1.833730293278430182e-04  4.735280375953171964e-05  -1.715208320126874358e-04  -2.656458672422327342e-04  4.242272076223556343e-02  -3.792342274478572011e-04  2.316885056325300625e-04  -4.235544920479327981e-05  8.005788911765175956e-05  3.297537348926550538e-03  4.340052499977188182e-04  -1.038374947022713398e-03  -5.757417590592842885e-05
-5.687459874146496820e-05  7.918735772955296301e-06  9.318478410268395476e-03  -3.885507458776976436e-04  -2.012315138130033217e-03  8.811314859957111267e-05  7.765060547670224011e-05  -2.329033238515285776e-05  -2.044747290698080595e-03  -3.791535957247753569e-04  3.885975149420128200e-02  -1.401677342272247563e-05  -6.058984525233858609e-05  6.952508589832736023e-05  3.558731314949063231e-03  -1.394482940139973523e-03  4.301808293809715120e-04  -7.368343366100282485e-05
2.889536179385518324e-04  -7.778654879605642093e-03  -1.459698274002639252e-05  -2.507744393648483178e-04  8.352432672017944351e-05  -2.181419553478647876e-03  8.610178254403222679e-05  1.763020003715293823e-03  -1.328142464082446040e-05  2.315452424145831103e-04  -1.365345874616897447e-05  3.884843248250833408e-02  -2.459415006886295305e-03  -4.235385787064169412e-03  -5.372999543779580440e-05  7.828559287455698760e-06  9.894581303635442991e-06  1.135416496707784698e-03
2.117652469381516717e-02  3.124609734900428361e-04  -5.763014834978577110e-06  -8.800600600157385542e-05  1.678893243926594202e-05  -7.898379265684818407e-03  2.044121539431363946e-02  -5.929964086432719730e-03  -5.957877457451635450e-05  -4.233961034144870261e-05  -6.057275506434235137e-05  -2.459296345952517206e-03  5.089376472711155258e-02  1.021486643452436567e-03  2.119742458906972760e-05  5.439177919812830349e-05  -2.870238024111640567e-05  -1.628081401750571368e-03
-5.537758122041040515e-04  3.392296037964778743e-02  1.185497442589438416e-04  4.454747555210503823e-05  -2.801669011882799052e-05  -1.161301796974210801e-03  -3.125311834757179587e-03  2.051354939982586931e-02  3.332070729071322559e-06  7.936442660400684808e-05  6.850468144670720193e-05  -4.235229189847435592e-03  1.021975288360490054e-03  4.608527888921919863e-02  -1.200395491725939903e-04  7.083245667335917812e-05  1.109749953989635331e-05  -6.410915361559121396e-05
5.645997534410270632e-05  3.657651201870480229e-05  2.184655716536082135e-02  9.046353607215010945e-03  2.633348077335655223e-04  3.156354358070384157e-05  -8.428389987098850789e-05  4.479697187348733681e-05  1.501835068552437834e-02  3.297157330650732267e-03  3.558560108665925325e-03  -5.392893813337965774e-05  2.127568253736847705e-05  -1.200246720606418531e-04  5.180231254323749285e-02  1.642498718977934745e-03  3.266304038733261212e-04  -3.317246793646910736e-05
-1.166520452673658857e-04  -7.029784384413988998e-05  -8.990050034753749655e-03  -1.804067999655336717e-03  -3.256958340418490173e-04  -4.200149205900990457e-05  2.680120254693607460e-05  1.897698166857969977e-05  -3.524255980459149642e-03  4.343978544645788397e-04  -1.394760323887290565e-03  7.700627466392335406e-06  5.444850597780091507e-05  7.145450601255009561e-05  1.642760169292562878e-03  3.946527523872524201e-02  -4.800719768376794216e-04  1.183536090090256198e-04
4.355760455515223981e-06  -3.848113507704545517e-05  -2.393835823700820036e-05  -1.180948455445050295e-04  4.093361555155683798e-03  -8.577899823780679137e-05  1.652144168422223003e-05  -5.782892743161649224e-06  -3.298528684509073345e-03  -1.038367716914144912e-03  4.302534306029265408e-04  1.009279818101516128e-05  -2.872273318979657550e-05  1.251938505907890626e-05  3.269017566699716814e-04  -4.802800951966474156e-04  4.230835964511259206e-02  -3.477340714580026975e-05
7.746374894032215762e-03  -3.855020317940272868e-04  9.362038313797923020e-05  3.668159362187492921e-06  2.556830906206646297e-06  -1.733219995773477599e-03  4.096511830930601832e-03  2.516318255320259753e-03  -8.219619910738689274e-05  -5.645004316006728640e-05  -7.391520326505113909e-05  1.135475081506753759e-03  -1.627973949005753112e-03  -6.469787978804853259e-05  -3.344584595589618369e-05  1.184988748142314476e-04  -3.486490376595021735e-05  3.894105771552159451e-02
