4.606866375275551345e-02  -7.051668263630031085e-05  9.661365872772783290e-05  6.412086845381815279e-05  -2.360722357431126520e-04  1.035795017670763886e-03  3.441845391484631145e-02  5.096816383175781576e-04  -5.532516289991641883e-05  -2.711866221686390184e-05  1.463677848289866878e-05  2.032095778572663627e-04  2.184064703333178648e-02  -7.108251963768401349e-04  4.855046065633621789e-05  -1.062957279985728132e-04  -3.577817235596033177e-06  8.087138795946689426e-03
-7.076139790071423114e-05  4.586165153180426363e-02  -5.164786363720160815e-06  -2.298359814477838941e-04  2.773924044246827312e-06  -1.518641392336833639e-03  -5.427617629360253397e-04  2.190596362358943755e-02  4.687245555793322213e-05  1.178590462411795029e-04  -1.804571899118720597e-05  -8.052857312752724830e-03  3.670641751775364928e-04  3.438525296079918137e-02  -2.258613636617909796e-05  -1.058163317603802977e-05  -4.428463859033371735e-06  -4.290937179764055622e-04
9.681685802648923062e-05  -5.348657306280592429e-06  5.071231503243617961e-02  -1.606794748968992225e-03  1.619543638983206605e-03  1.575257368746956766e-06  -8.904436217333828616e-05  -3.211574147052409880e-05  2.261254302462118587e-02  -8.963345239465620473e-06  9.670102234267794264e-03  1.815294612477311609e-05  -2.186139012195570185e-05  7.297993942918534229e-05  2.245483950071013729e-02  -9.309082355028234015e-03  3.999236270089439644e-05  -7.383250239802254036e-07
6.433347879368679504e-05  -2.302067514283017682e-04  -1.606814287495258965e-03  3.915648204444705655e-02  1.746286034518604172e-04  -2.441642122828967753e-04  4.642188431409254240e-05  1.232815253156935742e-04  -2.996715078683464422e-04  4.224380292139769642e-03  -4.100152077900029337e-04  -3.391357304782845346e-04  -3.921859433527620764e-05  -5.834536095757167118e-05  9.491035536578434559e-03  -1.860039575053273192e-03  -8.456355371267099347e-05  -2.336901841174285317e-05
-2.359394870852415580e-04  2.835924561552591881e-06  1.620390418581477837e-03  1.752268468757673813e-04  3.879606709032232259e-02  3.601918271216558286e-05  1.612566617280212578e-04  -9.406868940598785795e-05  -9.512116906963926852e-03  -1.776346636561604634e-04  -2.129253858326814360e-03  1.138289725438363119e-04  2.928657708471620234e-08  4.338305367953184939e-05  4.162093791667177841e-04  -5.113540549557737611e-04  4.348418392604969963e-03  6.658836724649492655e-05
1.035376680572133983e-03  -1.518893063097215930e-03  1.305725995740345346e-06  -2.441817541426801060e-04  3.584477631839965144e-05  3.683342661993788125e-02  1.249725903710822029e-03  8.773022528625225303e-03  1.560925548136731487e-04  2.384804700954716442e-04  1.353897179335911854e-04  -2.251004669688961863e-03  -8.179846218829540591e-03  -1.277716053439168810e-03  -2.949252853670212453e-05  -4.622878695573848787e-05  -8.879226905470706164e-05  -1.834845976244287545e-03
3.441869464785991817e-02  -5.426452474920458657e-04  -8.891856435626144869e-05  4.664822067129646677e-05  1.608207549951944505e-04  1.249310787287988495e-03  4.589739968974558548e-02  9.764996198956738850e-04  1.070298110797971916e-04  5.081831359190594916e-05  2.775555148312615808e-05  1.852557565192313751e-04  2.097428579586520236e-02  -3.037169350686196381e-03  -8.929829606607157268e-05  7.648350252129823416e-05  3.335161729905730210e-05  4.369269736142143180e-03
5.097753616124925174e-04  2.190632074568702944e-02  -3.212392618876372191e-05  1.234191667168970882e-04  -9.398072081076836424e-05  8.772612966250497094e-03  9.770123544045280529e-04  5.048546275223285418e-02  1.064480028673329220e-05  -2.481784534458874951e-04  2.360886072932825362e-05  2.073945819506663266e-03  -6.092892235012968213e-03  2.112580596877966857e-02  6.108099022313018213e-05  -1.256120796792538085e-05  -1.934102091388028400e-05  2.574016254268131441e-03
-5.502889536127962729e-05  4.726664526319892260e-05  2.261230065750170423e-02  -2.995474054187117281e-04  -9.511938911286365109e-03  1.561546722505869939e-04  1.069624200717798885e-04  1.083796027500455813e-05  5.140268968963829926e-02  -3.530874187413980312e-04  -2.299567829330604381e-03  -8.315216708479233778e-05  -6.520794353497577785e-05  1.026781291882386981e-05  1.553262997423284809e-02  -3.773226834796132145e-03  -3.488484612408343684e-03  -7.727854379009691020e-05
-2.712336788380129387e-05  1.178102716725229910e-04  -8.993928324794684006e-06  4.224393420964019617e-03  -1.776669134706212636e-04  2.387017897493998186e-04  5.082954962030808465e-05  -2.477525385462397305e-04  -3.530585667195828897e-04  4.226525850664313716e-02  -4.944460031521594710e-04  3.216608334859539001e-04  -6.793679699431552285e-05  1.036277954211279191e-04  3.509301508504508726e-03  4.334422477010381491e-04  -1.114378251784189488e-03  -7.363940175819967010e-05
1.458560972404663750e-05  -1.785352166534003159e-05  9.669654743874853825e-03  -4.101009964344597852e-04  -2.128811374654354834e-03  1.353779393646179668e-04  2.751765390820399356e-05  2.434713856997266132e-05  -2.299523408372051384e-03  -4.945050501217166826e-04  3.836741627661657827e-02  -1.286817082832186255e-04  -8.466161653331358674e-05  7.514861113891206591e-05  3.814397021427255556e-03  -1.578029142564224205e-03  4.565502456524285317e-04  -1.243092827522995661e-04
2.034494817448494121e-04  -8.052411459360265741e-03  1.819786689079273373e-05  -3.390519635012511040e-04  1.141129765644481711e-04  -2.250519065477130966e-03  1.854545221418577895e-04  2.074749235777243947e-03  -8.305625945065309938e-05  3.215532931550775541e-04  -1.286561812683650874e-04  3.818487158500977890e-02  -2.510517865028384730e-03  -4.561208127148791251e-03  -6.381195754670622206e-05  4.017291218799384897e-05  9.655005495241763552e-06  1.294175474715047710e-03
2.183993107466503797e-02  3.672379274668140909e-04  -2.197946549471797454e-05  -3.898808941902800898e-05  1.706404887457571565e-07  -8.180114955502422458e-03  2.097427779672747170e-02  -6.092879942465696461e-03  -6.523810237434073600e-05  -6.799752440499113096e-05  -8.481079068409784927e-05  -2.510576281569842569e-03  5.059967123752116130e-02  1.125342271421641768e-03  2.489187328815107864e-05  1.848271684039455915e-05  -6.190450890384065371e-05  -1.948945925092624354e-03
-7.107246304396692537e-04  3.438541842905588203e-02  7.284915547087013918e-05  -5.844115813248183192e-05  4.303867489092046253e-05  -1.277325048293880775e-03  -3.037754744315415440e-03  2.112619182759333317e-02  1.010282629067627993e-05  1.025945042301702319e-04  7.503101577166001329e-05  -4.561470723201529673e-03  1.125946012630770409e-03  4.571479548441521878e-02  -7.988748081512347704e-05  2.998991339285164598e-05  -5.621395292129524413e-06  -1.113633557300743824e-04
4.909286045770387815e-05  -2.245303292026346620e-05  2.245484385860593846e-02  9.490889795505424303e-03  4.159745682242955230e-04  -2.960835074662432256e-05  -8.959317704011849422e-05  6.103367650536094317e-05  1.553255900059065039e-02  3.509094317285113476e-03  3.814275129260764636e-03  -6.370141548379945682e-05  2.502963159503361490e-05  -7.990357792586001077e-05  5.159351595147240732e-02  1.922289589775499474e-03  3.662302364721499079e-04  -6.240956650373768666e-06
-1.061541427272657433e-04  -1.003565272113507743e-05  -9.309180253895854226e-03  -1.860255446787429864e-03  -5.115465945631771051e-04  -4.515513679907795589e-05  7.664770147113145237e-05  -1.109847867333153860e-05  -3.773158142119398262e-03  4.337429793113613155e-04  -1.578125115563134466e-03  3.960289979723669056e-05  1.847281130972981187e-05  3.058607819400694186e-05  1.922666392590939317e-03  3.897459014908626063e-02  -5.197503653107306970e-04  8.134941900722007097e-05
-3.438344366560730701e-06  -4.479396567725990864e-06  4.021734888677238901e-05  -8.435567194867067025e-05  4.348268138055154733e-03  -8.923419656078020504e-05  3.287153619623956705e-05  -1.913203907575267637e-05  -3.488563880623926725e-03  -1.114301621185472685e-03  4.567449379269858910e-04  1.002216063461162351e-05  -6.194681380495558622e-05  -4.439827270562031205e-06  3.664450883532149005e-04  -5.199083793135323220e-04  4.219642809580270021e-02  -5.899199913376752667e-05
8.085959418286896641e-03  -4.292274999081496139e-04  -8.426866222119441200e-07  -2.287776017532229159e-05  6.727731843788389019e-05  -1.834917917274256263e-03  4.369199340263024180e-03  2.573235915326295333e-03  -7.714687511441539096e-05  -7.363503980536257416e-05  -1.241775720990100117e-04  1.294208187954069660e-03  -1.948777898888091843e-03  -1.119576934487054526e-04  -6.619755429892708055e-06  8.095952535545235989e-05  -5.902226730302420263e-05  3.824052592479288554e-02
