4.563940888235386295e-02  -1.974500406865445487e-04  1.398404131128093853e-04  -3.021566755367154186e-05  2.218126684537010642e-06  1.086002819374075725e-03  3.488883441996679796e-02  4.063307646965757494e-04  -1.554918252428507319e-04  3.419507856337614875e-05  -2.213570616567246360e-04  3.449353785257589585e-04  2.196738222125641654e-02  -6.393042273206262340e-04  -2.878275267694922558e-06  -9.501360863065163480e-05  -6.174382946347888089e-05  7.976678845746862367e-03
-1.974160121360653275e-04  4.570731797957493237e-02  2.212114259400892432e-05  -2.474389739681039606e-05  1.374046858411987078e-04  -1.110315833553547973e-03  -7.211599060465207671e-04  2.197716940340052605e-02  -9.440334409971680289e-05  -6.165604767086815547e-05  -1.642556223033903831e-04  -7.856219457811794774e-03  5.545269611214818364e-04  3.480215498376917904e-02  6.102299682140379102e-06  3.148313614905244903e-06  -3.973336811746858290e-05  -1.718986379383680109e-04
1.401335587448577764e-04  2.170751731530689139e-05  5.087902807388164361e-02  -1.545306094804762545e-03  1.386066257848646332e-03  -9.321320393972656003e-05  -1.556326606737326850e-04  2.097855560916689810e-05  2.270626646686004987e-02  -1.623229435986526734e-04  9.362740827956050546e-03  1.290733891542875729e-04  1.154231966743259503e-04  -6.240027256393257740e-05  2.258188446311891820e-02  -8.981375112645103090e-03  1.488557103227977434e-04  1.244077637160079860e-04
-3.027963298783018723e-05  -2.462665434448772710e-05  -1.545069335700230461e-03  3.871384388406658161e-02  -3.553013434694159866e-05  -1.032805099083195345e-04  -4.651507409013856974e-05  3.828759529510245580e-06  -4.127803085556328282e-04  4.534974710718919257e-03  -5.074587601767712678e-04  1.720004193680935351e-04  3.584538309262780384e-05  -9.503011422293557013e-05  9.420258861619783264e-03  -1.400016079093581315e-03  -2.880728209784489424e-05  -6.188673110787738742e-07
2.116144562592497456e-06  1.377825827596798440e-04  1.386609098289510230e-03  -3.571539745461546319e-05  3.890475211081071555e-02  4.719321086953723852e-06  1.907329203890591456e-04  -1.561543536457744039e-04  -9.389958709232202813e-03  -1.255630853664589312e-05  -1.589556665910402773e-03  -3.841333429058648390e-05  -2.060424774153647319e-04  9.021307662083931031e-05  3.688160659991497766e-04  -4.925623216632794453e-04  4.728111150667621727e-03  -8.751531250153221110e-05
1.086055077430974876e-03  -1.110281421780996702e-03  -9.215411371491141464e-05  -1.032233229294527614e-04  5.096537178780000674e-06  3.726835331298401777e-02  1.082735161099937461e-03  8.440603533331857491e-03  1.069434691413203038e-06  -7.198960316503456543e-05  -9.426147495122389603e-05  -1.643978483740380150e-03  -8.242042494368327296e-03  -1.195940323445285900e-03  3.581897794741007932e-05  5.626727942738920146e-05  8.388466352507590576e-05  -1.634821050111237269e-03
3.488859857997337471e-02  -7.210369313811016779e-04  -1.548183836850927923e-04  -4.660853622245661991e-05  1.904434012034583875e-04  1.082479597190847895e-03  4.540680382322329067e-02  1.022976717346621867e-03  1.369164757900301246e-04  -1.538347527162843741e-05  1.598246419122822059e-04  2.593887376191163305e-04  2.117687061236312937e-02  -2.839123749838596417e-03  -1.579968487042980661e-05  7.899286972800090040e-05  4.592967217985303844e-05  4.490877273973158286e-03
4.061844775919669771e-04  2.197784110055560347e-02  2.112680281360659908e-05  3.733137897669717641e-06  -1.559102054683273733e-04  8.440821595223194779e-03  1.023216349693008677e-03  5.079770250229639905e-02  -3.393337886438891243e-05  8.457665300972948557e-05  7.273481296291292922e-05  1.589785533964682175e-03  -6.025212023925806057e-03  2.109261524550028188e-02  7.239867743932492630e-05  -9.533590458796124982e-06  -1.613893849828424760e-05  2.628890421855532324e-03
-1.555173259374531157e-04  -9.439235463127749613e-05  2.270632357007320093e-02  -4.126038303747879121e-04  -9.390089602982411299e-03  7.970895367191346882e-07  1.367594212235166207e-04  -3.391611695907299962e-05  5.168506918173259440e-02  -2.850306668660883107e-04  -1.766136678054770499e-03  -2.620989271513893577e-05  -8.550625547749382281e-06  9.356986075836359082e-05  1.561735061450599503e-02  -3.749626773747526381e-03  -3.606176672915153720e-03  4.982517873771274573e-05
3.419512381894565002e-05  -6.182815691865148539e-05  -1.616903738507363979e-04  4.534675067265317612e-03  -1.252388114393737447e-05  -7.399599948809527342e-05  -1.530142574565213347e-05  8.492113267081692781e-05  -2.852857900242150233e-04  4.195378888019547781e-02  -4.304441760241430569e-04  -1.617151514084755933e-04  -7.660925870140336238e-06  4.235979474689688585e-05  3.611160269978577232e-03  4.881324030964544983e-04  -1.109164976374903610e-03  1.030319402077437696e-04
-2.211415152633113229e-04  -1.641420140087758439e-04  9.362907306404546007e-03  -5.073268813980964364e-04  -1.589823254757323718e-03  -9.428166072724631307e-05  1.595271853666165528e-04  7.256427719180288212e-05  -1.766418251478902874e-03  -4.304167714142727178e-04  3.907108425167005877e-02  -8.788686401611626748e-05  9.356456152259025349e-05  2.183762143264496791e-05  3.808922985729156028e-03  -1.623394228470010064e-03  4.388767266775984565e-04  1.709669243096118029e-04
3.452580411911777272e-04  -7.855392890061171571e-03  1.282248815819397164e-04  1.725403545428436493e-04  -3.853993501849470267e-05  -1.643288590697542873e-03  2.596414460962191716e-04  1.590413987377109701e-03  -2.681009631480598673e-05  -1.623754105661091894e-04  -8.779024102788132678e-05  3.873173491911197086e-02  -2.775375845452202669e-03  -4.318915108166554266e-03  -3.897910897968857565e-05  -8.526933180012737134e-05  -2.620190104450653311e-05  1.161515444512726440e-03
2.196670902169797074e-02  5.545526786975948008e-04  1.149905574056419156e-04  3.588279405508515972e-05  -2.056001519743009653e-04  -8.242194221669146142e-03  2.117717387866650119e-02  -6.025073408454937121e-03  -8.502529788780807221e-06  -7.671879327211068169e-06  9.350393233148652540e-05  -2.775580428807392520e-03  5.079786314865125663e-02  9.208777932830139977e-04  9.629279756855328059e-06  3.621022058880618977e-06  -1.340434355906190188e-05  -1.697366967376007924e-03
-6.391959701048789775e-04  3.480194993892057193e-02  -6.318877939092131402e-05  -9.486971524784642629e-05  9.046375700600451676e-05  -1.195690085101298525e-03  -2.839093815870665297e-03  2.109307759888654626e-02  9.365436129750834466e-05  4.239016619395453241e-05  2.228185507583448484e-05  -4.318785605089222983e-03  9.210531633307755730e-04  4.544129629869586573e-02  -8.271839537420927328e-05  8.290597279347680106e-05  8.708289301017080590e-05  -3.645950637650892932e-04
-2.951979094189499101e-06  6.084159115203645507e-06  2.258177299219178355e-02  9.420453325308371026e-03  3.686535803263061976e-04  3.574788056077436363e-05  -1.594825351925068777e-05  7.245690596464598033e-05  1.561778867369779944e-02  3.610817200910073407e-03  3.809466505982041923e-03  -3.846326476244125390e-05  9.566375735681989607e-06  -8.272489419309579195e-05  5.179706424565703321e-02  1.480898586271599216e-03  1.875863618935996713e-04  -8.588302255159302998e-05
-9.480088462414771146e-05  2.955816050409933584e-06  -8.981091676458772752e-03  -1.399975150989408610e-03  -4.929157880103786490e-04  5.590141933246872436e-05  7.908348838774769849e-05  -9.724298250347964114e-06  -3.749558652809592899e-03  4.882387710950792780e-04  -1.623213291412931416e-03  -8.516714156663082020e-05  3.353519439632999638e-06  8.303933102492967830e-05  1.481514426007503977e-03  3.949158237456770748e-02  -2.325040217991629745e-04  6.319669377171898404e-05
-6.199984884519575332e-05  -3.969636700230088505e-05  1.490401213541304624e-04  -2.907737212371703313e-05  4.728029960265059221e-03  8.531181972310148721e-05  4.626655911250968859e-05  -1.621246658141641325e-05  -3.606342207819628488e-03  -1.109149613815785121e-03  4.385700394697844800e-04  -2.669088578108676804e-05  -1.326052933304760063e-05  8.695195397935219408e-05  1.875424840043496346e-04  -2.324343985176046627e-04  4.187118629514603729e-02  3.027975099318341797e-05
7.976318064808092523e-03  -1.722182446792636633e-04  1.245724697441677573e-04  -1.204244019046443620e-06  -8.736921603253261178e-05  -1.635530611116029799e-03  4.490697059762753865e-03  2.628239728497804711e-03  5.134464413250866538e-05  1.029427302416275204e-04  1.706429197366102332e-04  1.161261891815378294e-03  -1.697267515377202203e-03  -3.645087038934005305e-04  -8.655821531619279318e-05  6.369304195157517699e-05  3.056415023453619732e-05  3.863592580055946052e-02
