4.694027168595008015e-02  -1.652747172208445404e-04  1.458556831443354987e-04  8.835685310507291831e-05  -2.985890448619749039e-04  8.256133468703413672e-04  3.288294247226151990e-02  3.068109547075930634e-04  -1.133592661088877839e-04  1.136111885610689911e-05  -1.123003887841972923e-04  1.624514946888358817e-04  2.017244138833118247e-02  -3.925442791850761409e-04  2.277006071692800349e-05  -1.532066269941434228e-04  8.104647222709799746e-05  7.287798821105855897e-03
-1.656556035526160194e-04  4.713956078683143036e-02  6.511220039562374282e-05  -1.009145146455353787e-04  -1.082501570923604300e-04  -7.163239380939224674e-04  -5.377608367342918538e-04  2.014685063695637740e-02  2.483564201100565977e-05  1.922780987416006888e-05  9.244456767129215961e-05  -6.987876761963757351e-03  4.957070230328363422e-04  3.281031268640677290e-02  -1.208139196968104859e-04  2.567531589521119162e-04  4.739670351053356550e-05  8.388342163866312142e-05
1.462765153790953915e-04  6.518229244811082651e-05  5.158402468809231145e-02  -8.919298877525885273e-04  8.885444002858930912e-04  6.499361752990085101e-06  -1.180411380005727377e-04  -1.080174684087406001e-05  2.058185490326001899e-02  -1.260197385684633871e-04  8.186756143370816849e-03  -1.595638705510093623e-04  -5.473976195167109523e-05  -2.731565833876072231e-05  2.066054609887623544e-02  -8.143990765801458961e-03  4.003688133277977424e-05  1.076937950192843603e-04
8.824307619310983394e-05  -1.008617549944715590e-04  -8.920626237699075776e-04  4.044036751124098494e-02  1.988407503386884943e-05  -2.617810153167661859e-04  1.092853408606991579e-04  -4.080017626454707545e-05  -2.485706420257664676e-04  3.554742805107740516e-03  -4.002213194561747588e-04  -9.700439727244534983e-05  -2.118112089911818995e-04  2.291096908742239912e-06  8.236846221419910977e-03  -1.590095131375730310e-03  1.225304228810647408e-06  -3.062471310940244405e-05
-2.977794130630168653e-04  -1.086184376440615435e-04  8.886817530250934504e-04  1.986173817662635326e-05  4.061539975156363419e-02  -2.243673931038806595e-05  1.769527122752997451e-04  1.234931879319073594e-04  -8.050021393049592092e-03  6.487411988058288022e-05  -1.486304996497667943e-03  3.342369260892214119e-05  1.165018596887846392e-04  -2.123337779231826054e-05  1.469231281748451434e-04  -2.718188018953062389e-04  3.564966802971517544e-03  1.090818023260344487e-04
8.254736873024271730e-04  -7.170971753359114617e-04  6.486690746383508750e-06  -2.618487880372452311e-04  -2.239445452075102243e-05  3.894392261966411056e-02  7.997375124863426599e-04  7.667648622157335198e-03  -1.314827618542952392e-04  5.534860121109936378e-05  2.795126368994733631e-05  -1.639035489220417056e-03  -7.492705764655461891e-03  -1.044032944928039103e-03  1.537193171052560854e-04  -4.933706101212610229e-05  -1.665993300067463443e-04  -1.677571299985624329e-03
3.288299429468320711e-02  -5.374973766455785028e-04  -1.173641671926229968e-04  1.089963553090248757e-04  1.769611240704068366e-04  7.997147820445128959e-04  4.673595895293645303e-02  6.927013219330222264e-04  1.419396468097301495e-04  -1.650966394005691864e-05  5.525518485553926752e-05  2.318960817578319129e-04  1.937772679071184112e-02  -2.874472667772288732e-03  -2.265537903080788512e-05  5.211451274527174052e-05  7.420703681057196814e-05  3.873706597009589532e-03
3.066487252323560710e-04  2.014696766786442869e-02  -1.074226599952322290e-05  -4.079496893055204658e-05  1.233393542539999472e-04  7.667701274615391915e-03  6.929162350457224867e-04  5.156748085073848548e-02  1.941856628993485236e-05  -7.043776994529448519e-06  -5.391790230686048020e-05  6.770359766010773358e-04  -5.546996710152155181e-03  1.915895012745139417e-02  -2.110755315162337912e-05  3.300488404423510572e-05  -1.445804097566565141e-05  2.373749339701168321e-03
-1.137641062544357686e-04  2.506022263202937271e-05  2.058202794900772931e-02  -2.481579703669158240e-04  -8.050313022070520672e-03  -1.324346725074330555e-04  1.424392871999675936e-04  1.933977423600981968e-05  5.231387705994073462e-02  -4.181941259378164373e-05  -9.848343906492819898e-04  6.983499384149095184e-05  -2.055747193195222008e-05  -6.750502757361813747e-05  1.405302950642844072e-02  -3.124026751707828595e-03  -2.969249204307929709e-03  -7.927048784639158458e-05
1.253370597994754669e-05  1.908453246483962057e-05  -1.262435116452931402e-04  3.554713440456670412e-03  6.488973976761589347e-05  5.571373080468192021e-05  -1.641266830993126500e-05  -7.117146544702385420e-06  -4.186991157507040763e-05  4.244456546103854422e-02  -8.607100274370788583e-05  2.220343818323955109e-05  4.156361149444021575e-08  -5.565539512192335436e-07  2.992884795379904643e-03  3.746986918929824380e-04  -8.958540358031323418e-04  -2.275293034689230014e-05
-1.115247960281177828e-04  9.262868031665524588e-05  8.186790459527141378e-03  -4.003173989486094684e-04  -1.486277323211010297e-03  2.781882969690168149e-05  5.541031079835693286e-05  -5.411561679627188004e-05  -9.854724482302595900e-04  -8.611888197838393994e-05  4.060498696265500695e-02  1.267126952057960230e-04  -3.702456748911194777e-06  -1.805481869462616124e-05  3.092613737417792760e-03  -1.124880369584600314e-03  4.054463628097872661e-04  -8.383278988506439927e-05
1.625323317733901821e-04  -6.988067435471505794e-03  -1.596421662697406114e-04  -9.719950409679253616e-05  3.328640925282156564e-05  -1.639200557731196892e-03  2.315954258756115173e-04  6.772205541734076543e-04  6.991527419719100497e-05  2.214922374199530615e-05  1.264698405257635039e-04  4.076384248702717011e-02  -2.593410792495997198e-03  -3.420540038657856122e-03  2.826031977855482927e-05  -3.762919481353462961e-05  1.426189321716743729e-06  5.427186413632524142e-04
2.017259270839572016e-02  4.953266478943351130e-04  -5.483379430461966531e-05  -2.118277324131931805e-04  1.165300457496165084e-04  -7.492709670127064257e-03  1.937761681648985865e-02  -5.547159315107947838e-03  -2.044482977915986903e-05  -3.238166155977742327e-07  -3.907966648434448106e-06  -2.593497472669193879e-03  5.138904226708065209e-02  5.266427533447535668e-04  -3.865129554679686248e-06  9.893041545864677720e-05  -1.683959848723461420e-04  -1.216542657376492795e-03
-3.925898459957274564e-04  3.281018310034139462e-02  -2.762713828917712181e-05  2.008017313364336503e-06  -2.099805852616039699e-05  -1.043824832421602188e-03  -2.874396215446585467e-03  1.915928522761558075e-02  -6.722143948173026290e-05  -7.458551781391026767e-07  -1.783203639510728657e-05  -3.420858358722603850e-03  5.266700929006211396e-04  4.699254694062448418e-02  1.333548611375452481e-04  -2.316195924327735668e-04  -5.874198768965961832e-05  -3.267569697589819250e-04
2.279950332391397679e-05  -1.206940468814006782e-04  2.066043924108021401e-02  8.236757650642405337e-03  1.470182530015088566e-04  1.536739013687076231e-04  -2.241662524657610535e-05  -2.099013350523168457e-05  1.405286286286621181e-02  2.992765926625741077e-03  3.092442297062227181e-03  2.836352127470763280e-05  -3.667592290902292559e-06  1.329885382428719386e-04  5.213409800857358306e-02  1.138520493531707109e-03  8.227328726406532154e-05  -8.265651110087776892e-05
-1.516273430080295761e-04  2.574185826485780198e-04  -8.143954521664987373e-03  -1.590128409004149456e-03  -2.717411265750437261e-04  -4.948381731390514031e-05  5.233320015354396185e-05  3.266486134162975276e-05  -3.123652763220776275e-03  3.746193923077290261e-04  -1.124765826364112998e-03  -3.758122368998091087e-05  9.901010609020898076e-05  -2.316379169847428089e-04  1.138858269370449528e-03  4.042353398093560118e-02  -1.431476650697264673e-04  1.577479068022497098e-04
8.122645914835916934e-05  4.737421021587695676e-05  3.975728382393965764e-05  1.290732348433154662e-06  3.564832268687788148e-03  -1.667623913447067085e-04  7.459277366573924099e-05  -1.448137930489034371e-05  -2.969438487138458937e-03  -8.958962262646822045e-04  4.052031982264100345e-04  9.165573116021697871e-07  -1.686222986914068126e-04  -5.972524595603601646e-05  8.226645243718148459e-05  -1.433679492754411967e-04  4.247474968615135016e-02  -2.346776571981311506e-04
7.287925054744282677e-03  8.341802647502413823e-05  1.074646442909933593e-04  -3.061506002528780433e-05  1.089950858124303723e-04  -1.677422477800860103e-03  3.873758413156057259e-03  2.373529156201899595e-03  -7.875235981560231547e-05  -2.416540472236149322e-05  -8.454006091311648367e-05  5.426917776282307818e-04  -1.216565813699864397e-03  -3.266098457311263016e-04  -8.284554558850759686e-05  1.568562797594477622e-04  -2.345668721164519621e-04  3.998741640058405683e-02
