4.622778858470966146e-02  -4.630231418014478777e-04  -4.774897275904144671e-05  -3.213022398983825256e-05  -5.833597175903251157e-05  1.171423151613982432e-03  3.356341323064783444e-02  7.353355299810655906e-04  6.496609123927786630e-05  8.063597463374537618e-06  1.338920990338836716e-04  -1.856549509562871805e-04  2.113257096305908023e-02  -6.209087533809917996e-04  -7.577319259831973493e-06  2.841494501688667353e-05  -1.960390924460615256e-05  7.638549919004124222e-03
-4.627273641128670442e-04  4.672670321186079417e-02  -5.166043951644021389e-05  -9.839052116844464809e-05  3.701865057923806848e-05  -8.327497242758646846e-04  -4.162911585281546360e-04  2.093079525020877935e-02  -1.654094835237783636e-05  6.887509893512613066e-05  -4.245733262235635864e-05  -7.445625572962017227e-03  6.127636889086784770e-04  3.345812856929280404e-02  3.792071672231507216e-05  -4.764048607904487141e-05  2.385904481351588499e-06  3.200113485888650313e-05
-4.789444715238445470e-05  -5.146186641814390935e-05  5.100400993124869914e-02  -1.954660823862680325e-03  1.178510247929722126e-03  2.848345033765053810e-06  -2.837799244277796200e-05  4.636513545714731715e-05  2.135570915267139339e-02  -1.405097700161931479e-04  8.464169344220468655e-03  6.697221066411318340e-05  3.761303573998061667e-05  8.915853428842225706e-06  2.156405988803858365e-02  -8.461042306226383009e-03  1.274916411049099938e-04  -7.936875079507777723e-05
-3.242291598610565234e-05  -9.820652707099089811e-05  -1.954945456445702015e-03  3.885524595095617151e-02  2.721334175537248640e-04  9.229745439345424368e-06  -8.268967223297804406e-05  8.104768696143745392e-05  -3.215188755123377790e-04  3.883676413881313738e-03  -5.265691678928377138e-04  -2.830692534473389180e-05  8.081685459275931758e-05  3.470629354486350895e-05  9.203946621598558392e-03  -1.813930756525431332e-03  5.144779284972810825e-05  -1.018254845894772033e-05
-5.837443845621149676e-05  3.685810379686763126e-05  1.178678222838857887e-03  2.721929566753033061e-04  4.013144797255515511e-02  1.049614738576557643e-04  2.549488320911319920e-05  -1.034813148969288796e-04  -8.742796996689115516e-03  1.963629325593635948e-05  -1.554983100246519652e-03  9.597349737299172779e-06  -4.432900412832273311e-05  1.082873430139928895e-04  2.905373701478433657e-04  -4.614238577709091826e-04  3.753190448764151706e-03  3.852818931319709138e-05
1.172779060688782220e-03  -8.322783407884878047e-04  2.470012440959388358e-06  9.168930880665144265e-06  1.050517494210504658e-04  3.753054506409532476e-02  1.532777778110319374e-03  7.731576917504894529e-03  4.374971261858960311e-05  9.789653695422184838e-05  3.502640282438817810e-05  -1.533032578270553115e-03  -8.263423800113028558e-03  -1.186770859501717163e-03  -3.508001179806273994e-05  -5.343037882202794416e-06  -2.177892905087102865e-05  -2.062076805955903938e-03
3.356325569325426667e-02  -4.167410232375350922e-04  -2.809035615547880729e-05  -8.324518019552563550e-05  2.535412249838435236e-05  1.532170986363965565e-03  4.622952332578288831e-02  5.461724652829314745e-04  -4.768361520078672036e-05  -4.990506137541626873e-05  -1.480944125209196949e-04  4.342362349632518793e-04  1.994523068545134281e-02  -2.676807740865644238e-03  5.477173627903887822e-05  8.363816057498942285e-05  4.272542416834793538e-05  3.993704299423657574e-03
7.352492258755014562e-04  2.093154823512573259e-02  4.631539436305482548e-05  8.107823777153328241e-05  -1.034036456114305943e-04  7.731794118737775855e-03  5.462167207022117525e-04  5.123109007227751033e-02  -5.213891437251301469e-06  -5.468044744716441484e-05  9.099025109256721081e-05  1.070274004554933435e-03  -5.741554832336482131e-03  1.998284847904278211e-02  -3.320025522750815530e-05  -1.589578861300113376e-05  -9.817244675503081837e-06  2.612149875081773778e-03
6.490405373466897742e-05  -1.659628214903169954e-05  2.135595906255489604e-02  -3.212897932153404635e-04  -8.742742511355093213e-03  4.371439268229990025e-05  -4.745314218216152628e-05  -5.174042268081284189e-06  5.213642440139926865e-02  -1.400075719150109124e-06  -1.153686395584890704e-03  -3.735213534994640390e-05  -8.603759219232992594e-06  1.671589268936300313e-06  1.464523652858640800e-02  -3.309617213720712943e-03  -3.151706729767682694e-03  -2.438307561594938387e-06
8.354665427379917017e-06  6.928219111621320586e-05  -1.408043819786101351e-04  3.883636825051433629e-03  2.003026116096891848e-05  9.823500934307969246e-05  -4.973186506701538493e-05  -5.483530541770994789e-05  -1.379094103846352095e-06  4.227793461593150337e-02  -3.537080314268088233e-05  1.061842738648587406e-04  2.606309405743862024e-05  -2.458043904821123428e-05  3.206458673909280514e-03  4.532838666798252544e-04  -9.312199794397150445e-04  -7.270956138020320591e-06
1.336864656017985918e-04  -4.268518200571774340e-05  8.464424218459698154e-03  -5.262065530762483024e-04  -1.555119602018507734e-03  3.424937610554364467e-05  -1.476402551651635373e-04  9.127229569666524939e-05  -1.154075975190080663e-03  -3.508199550154283145e-05  4.020303802587272407e-02  -5.936008451609137832e-05  7.646481984481743308e-05  -1.360759611752975439e-04  3.326696601217778333e-03  -1.185315013372173747e-03  5.051991262541310774e-04  6.384028247398678786e-06
-1.856260137224302706e-04  -7.445512530565482658e-03  6.679161694480152504e-05  -2.842695508443553504e-05  9.589741262994840859e-06  -1.532879778502900178e-03  4.339150842805259128e-04  1.070814347195991802e-03  -3.761092491479063127e-05  1.063000987029044604e-04  -5.937408638488899260e-05  3.998032998823172063e-02  -2.624269467011172609e-03  -3.935978603696687825e-03  -1.429345729770421898e-05  -1.036600014466211638e-05  8.290547728539291468e-07  6.815654057150230712e-04
2.113214229553874585e-02  6.135501941482682416e-04  3.762974936902728859e-05  8.115366112418735125e-05  -4.416663578345409927e-05  -8.262532443573954860e-03  1.994538966431748384e-02  -5.741507939390183557e-03  -8.359649695987727590e-06  2.625641711122763482e-05  7.654639544878604396e-05  -2.624993358539730402e-03  5.129120023959411745e-02  6.005198982268446705e-04  -3.938108858445367748e-05  -4.972830092012391789e-05  -1.515717585190460755e-05  -1.064277553589467211e-03
-6.207118882994253637e-04  3.345832183559392659e-02  8.921106979025869262e-06  3.457559831764231136e-05  1.081598306026072207e-04  -1.186286721704395185e-03  -2.677179785378924672e-03  1.998272086829307181e-02  1.684339999399698810e-06  -2.419330488420177132e-05  -1.354076760697151981e-04  -3.936594107166991284e-03  6.010818626297354927e-04  4.643148321573578596e-02  -3.823154700372984863e-05  4.036812689181203698e-05  7.777378065884642705e-06  -4.378197261287612762e-04
-7.524025179338817676e-06  3.778551162571818260e-05  2.156448904139671510e-02  9.204218789618034274e-03  2.903062959543813311e-04  -3.470498656454118009e-05  5.516561465373005823e-05  -3.341932024113253481e-05  1.464512002087231188e-02  3.206487767977662853e-03  3.326789858437997904e-03  -1.399816581845513829e-05  -3.932765969649514232e-05  -3.824718650514504251e-05  5.199287674241499096e-02  1.077407793310759592e-03  2.759051249751549691e-05  2.703517199334994265e-05
2.826806318777137512e-05  -4.635227347713065003e-05  -8.461857556425931084e-03  -1.813531136067203032e-03  -4.612977854455343487e-04  -5.407065066985338590e-06  8.379679359253766776e-05  -1.595521168643130873e-05  -3.309469578828847045e-03  4.531772487922157530e-04  -1.185331270297735554e-03  -1.139655834051663032e-05  -4.958528694510090006e-05  3.987429172331381143e-05  1.077042671785103083e-03  4.043187102127617644e-02  -7.378240550213753025e-05  -6.795395822028154178e-05
-1.961305260256836853e-05  2.196671596178206793e-06  1.274889190652394233e-04  5.178851904020433675e-05  3.753127596812784721e-03  -2.185531667174901409e-05  4.311012015780709040e-05  -9.843667659595315062e-06  -3.151697601051233703e-03  -9.311750265426951400e-04  5.054335133698909877e-04  7.765734672118148837e-07  -1.556156080404532126e-05  7.698760229609726002e-06  2.755463329861373284e-05  -7.396356996265862269e-05  4.236087437566263963e-02  -8.864825528435275496e-06
7.639098332324805243e-03  3.253887638217535907e-05  -7.968972910305855599e-05  -9.767443731521365077e-06  3.852230296434579844e-05  -2.061636468801327123e-03  3.993315933559287920e-03  2.611900651077576734e-03  -2.344994208852651900e-06  -8.150639817960190895e-06  4.900486218160719110e-06  6.812210787769457706e-04  -1.064496017548785404e-03  -4.377584894167828224e-04  2.702110475172934568e-05  -6.856458990306185317e-05  -8.364796296608190888e-06  3.995780056897826893e-02
