4.546546998973041015e-02  -3.062256610358832882e-04  8.318704809861255105e-05  3.788699160942849651e-05  -1.801679434865901359e-04  1.506671562887276078e-03  3.471644975475599026e-02  7.214918127046950937e-04  -3.860390459997710850e-05  -3.972442793015968585e-05  -7.855598162901672877e-05  3.477553126875402418e-05  2.231210954265926139e-02  -8.547001498426026397e-04  4.652175740808194232e-05  -1.124268538829630861e-04  6.603986703629866940e-05  8.177797422927225029e-03
-3.060070900726584919e-04  4.585687054068966761e-02  6.794255244647798948e-05  -5.534366890599756151e-07  9.105444730298318590e-05  -1.533270482338341132e-03  -4.107232265429738784e-04  2.209040523367877470e-02  -4.719491392219012641e-06  -1.704074049586282524e-05  -1.684938278176747615e-04  -8.124425327069468086e-03  5.246019923561845042e-04  3.456577801592771587e-02  -7.865979942542583418e-05  1.044928047330265149e-04  1.313736129103302674e-05  -2.123725059918090048e-04
8.334689115403526088e-05  6.814490485990181345e-05  5.011211613389552483e-02  -2.667674900076635706e-03  1.852078151031014792e-03  -1.224322498292746818e-04  -1.041747591155980408e-04  -1.408139074857731508e-05  2.272132899917451293e-02  -5.330814130825666615e-05  9.141444432419364510e-03  2.367914234544429277e-04  1.299608344186770396e-04  -1.235318205774314369e-04  2.277150836404594550e-02  -9.137914723175892887e-03  2.252318162087445252e-04  1.171762924118573325e-04
3.796459226728641389e-05  -1.138064791842990936e-07  -2.668273070966994086e-03  3.767107447451848584e-02  1.721306881755613975e-04  -7.191866752570066099e-05  -3.478803126275418518e-05  -1.547031794147916706e-05  -3.944405125696935827e-04  4.363962575206800469e-03  -5.021851312714178256e-04  5.113637079275716151e-05  1.858534242746714166e-05  -3.899417734059719686e-05  1.010975919169537600e-02  -1.955610391062156603e-03  1.012231347421518738e-04  2.461061168469343277e-05
-1.802282347543850084e-04  9.137026983799629513e-05  1.852252488691573298e-03  1.720360963127422096e-04  3.842332493524820008e-02  3.347640986362256338e-04  1.449341890600161151e-04  -1.681100859138995990e-04  -9.979088705446120464e-03  -2.062299183655024533e-04  -1.920173863024136375e-03  -5.313425703300578349e-05  -1.352556083070262025e-04  1.659008422799543813e-04  6.666476496498682184e-04  -8.144995350830528400e-04  4.262602118818537358e-03  1.084342974062001129e-05
1.507077323086762751e-03  -1.532539398836166213e-03  -1.217890639710200051e-04  -7.160362744740498523e-05  3.345416357864230148e-04  3.567138404593281353e-02  1.835074911255655259e-03  8.496660991923345174e-03  1.044669389680324219e-04  -6.026017119722687515e-05  -7.352816191550173592e-05  -1.764290793331452136e-03  -8.941718705657353272e-03  -1.340824932989646270e-03  -1.625401816862528606e-05  6.771260099779988499e-05  -9.141410862043476573e-05  -2.305866673886468061e-03
3.471671766616265392e-02  -4.104788611967189003e-04  -1.039642139008806058e-04  -3.554326431365086974e-05  1.450909103911547508e-04  1.834475313841297476e-03  4.539258106969829010e-02  8.765603042747469693e-04  1.380560517598366317e-04  6.910597585258302256e-05  1.354744096242771901e-04  2.986902825359178944e-04  2.111157610576777643e-02  -2.828212367725768325e-03  -6.184301585253992688e-05  1.233714584724180383e-04  1.072865662706219892e-04  4.424833749681606268e-03
7.217497542833145640e-04  2.209093270299414616e-02  -1.407423378720045768e-05  -1.560254539615434300e-05  -1.681952143819615626e-04  8.496245782724443779e-03  8.767669643820110575e-04  5.070203382366225003e-02  -8.723551242137377981e-05  -6.172138825402663658e-06  6.583193078181491813e-05  1.646713317967279412e-03  -6.097366316019833463e-03  2.124814503143381342e-02  3.653864061626445071e-05  2.323910010485123967e-05  -9.074865921132753942e-05  2.689262922385844776e-03
-3.863381389619997575e-05  -4.895533668173844746e-06  2.272153403561396820e-02  -3.938152900122456599e-04  -9.979021504417538366e-03  1.041327748126472813e-04  1.381895801762041858e-04  -8.725097555221821065e-05  5.164753224978009538e-02  -2.982964756155835162e-04  -1.575348106476482865e-03  -1.059513683436401105e-04  -1.514545294296487253e-04  1.282933241989230510e-04  1.573784400129718888e-02  -3.833743576000700395e-03  -3.536813537845091577e-03  -6.206472503603936534e-05
-3.949749487870225838e-05  -1.695086933607335510e-05  -5.306631983102564655e-05  4.364016152728455826e-03  -2.063473849047601453e-04  -6.143679856110627845e-05  7.028052767378918295e-05  -6.127878404307993281e-06  -2.983227247822313097e-04  4.202872676420420922e-02  -4.014902460543659621e-04  9.824702264671536075e-06  -2.153287259239363211e-05  4.341287493246719878e-05  3.619663451616622098e-03  4.359462219115331928e-04  -1.121473555762305969e-03  5.200031538302522761e-05
-7.898251211828406933e-05  -1.691897478994967103e-04  9.141559114180443368e-03  -5.019968512769858561e-04  -1.920323055191990990e-03  -7.349981059227359676e-05  1.351364827001617442e-04  6.586095347621446908e-05  -1.575995359543754318e-03  -4.016897990996834466e-04  3.944038304617357438e-02  -1.773965351661558503e-04  2.146780797964663166e-05  5.356380861780802259e-05  3.847576524592867964e-03  -1.661625502784394755e-03  5.083144981842900980e-04  1.144175614336635153e-04
3.471080308444192880e-05  -8.124493394238586214e-03  2.367453554223201940e-04  5.053503077805151768e-05  -5.365806668737817438e-05  -1.763796014660022312e-03  2.991310892116628029e-04  1.647502487811986676e-03  -1.055729465063068827e-04  1.005832577077844022e-05  -1.777450178481904683e-04  3.864692221623622359e-02  -2.655287211006868327e-03  -4.474118019736591720e-03  -2.723697939355024654e-05  -1.510363246622967572e-04  -4.725925186531498379e-06  1.231191895040296838e-03
2.231226521880143657e-02  5.241097618715709642e-04  1.300399753725171078e-04  1.849992487118068887e-05  -1.354814185002380306e-04  -8.941402400367420844e-03  2.111128341568866557e-02  -6.097111688191722903e-03  -1.514418204440651596e-04  -2.135270418830921115e-05  2.097192126445621444e-05  -2.655736907136170555e-03  5.075241147097068334e-02  1.049405248999047075e-03  4.631156182276076301e-05  -2.510965145127386236e-05  -1.779123525986209687e-04  -1.522010750231552953e-03
-8.547056933389105731e-04  3.456615276629900618e-02  -1.237168451411491002e-04  -3.935575893608864146e-05  1.657114284194310613e-04  -1.340675334284233263e-03  -2.828797226878289675e-03  2.124838349208987842e-02  1.284775541124339121e-04  4.349350930357005312e-05  5.354007962659334283e-05  -4.474064214439686313e-03  1.049325510529848906e-03  4.544117708415779805e-02  4.535559772465631216e-05  -8.025585657504170098e-05  5.620694601332559484e-05  -3.101663534137201212e-04
4.571295623784743490e-05  -7.859252244796110956e-05  2.277182036273556545e-02  1.010984811924147200e-02  6.662264841739768588e-04  -1.581815552239825354e-05  -6.164208260487967310e-05  3.650684705346028398e-05  1.573810127503939837e-02  3.619716565238772273e-03  3.847849888834554109e-03  -2.718161978090041900e-05  4.651050734659224864e-05  4.543967860469007644e-05  5.161733047166992133e-02  1.536010671162631527e-03  1.103645882456220017e-04  -9.861331169615215084e-06
-1.123460246994130316e-04  1.044084856425032292e-04  -9.137659479190714251e-03  -1.955763590636364589e-03  -8.142248164568818142e-04  6.727942759942822748e-05  1.235318682899740669e-04  2.327429466268541355e-05  -3.833848057509873543e-03  4.358769297474278902e-04  -1.661647383166264379e-03  -1.509365009595026467e-04  -2.485149985378115177e-05  -7.994828911716326235e-05  1.536570374093443195e-03  3.952525272642279375e-02  -1.481642878686336069e-04  3.292135661255824147e-05
6.585001362203561626e-05  1.295234914599529541e-05  2.251948305800696324e-04  1.008388236891173462e-04  4.262751366572615531e-03  -9.238634213359365186e-05  1.067943595630691325e-04  -9.055393706120543019e-05  -3.536959068239476679e-03  -1.121476782777921632e-03  5.081220180525363112e-04  -5.196243072649463228e-06  -1.777769295835200365e-04  5.609470085869858668e-05  1.103107126684825425e-04  -1.483576908084237051e-04  4.210977889769392662e-02  -1.773229651638660864e-04
8.177699742785470363e-03  -2.123506869628996358e-04  1.167702353024057153e-04  2.514465666618462622e-05  1.169447143541647874e-05  -2.306142756382803787e-03  4.424413018680059539e-03  2.689103107151440911e-03  -6.085916747395794097e-05  5.279044005102297914e-05  1.156817093252016630e-04  1.231237763205846438e-03  -1.522482794869087133e-03  -3.102437297698229447e-04  -1.020356656657342529e-05  3.365995990310132499e-05  -1.767547186343636006e-04  3.887059851249598935e-02
