4.626777209379582395e-02  -4.169266382795651328e-04  1.217045034580573607e-04  -1.105246679650980429e-04  -1.232916329075959974e-04  8.291664383446958235e-04  3.424976397417538870e-02  7.432643460594808666e-04  -1.357464472186092701e-04  3.384912975841574388e-08  -1.613920461216435890e-04  -9.190860441396016712e-05  2.162812637240502101e-02  -7.457454427813586936e-04  1.437249240506073513e-05  8.124164570631430796e-05  2.305548148388151440e-05  7.729582035342157618e-03
-4.167914111333433677e-04  4.582906956949578392e-02  7.643556725309879810e-06  -8.891388412036156457e-05  1.683903904497756392e-05  -1.450800181681317046e-03  -4.119620300445721198e-04  2.168035833836872914e-02  9.789864489136946912e-06  -1.604927707867777616e-05  7.604440049083273649e-05  -7.960183004992137795e-03  5.554705296190123485e-04  3.418928478090513257e-02  2.718097262121298811e-06  -1.996495668659433514e-05  -6.900918723652206598e-05  -1.319964330198462996e-04
1.216112197283088155e-04  7.515109552695400684e-06  5.075382381266586862e-02  -1.481004378450868691e-03  1.880606183486204040e-03  1.203703937904684694e-04  -1.015555810852294938e-04  -1.076528700071222039e-05  2.234159428783225737e-02  -9.331589250364298192e-05  8.966443947666208683e-03  -1.244916620643271739e-04  8.287770303639204134e-06  9.397374830264625014e-05  2.197611954474583754e-02  -8.721151833725576327e-03  2.603594286624107352e-04  2.915235666472810031e-06
-1.106329995109600893e-04  -8.909534597383881119e-05  -1.480798058251359215e-03  3.955733646615883919e-02  1.235248135405062476e-04  -2.450988878177353888e-06  2.034756257443239908e-05  5.737318546322134002e-05  -2.455352824955085527e-04  4.130751709284838542e-03  -3.372356801137631785e-04  -1.049031329129664623e-04  1.824990900207885145e-04  -2.224306167589366773e-05  9.015040804111007153e-03  -1.391645587724991886e-03  9.683467078158529417e-05  9.283054077788909322e-05
-1.230642874037495211e-04  1.706830625583820099e-05  1.880813399979518316e-03  1.233558347217120394e-04  3.823306665710104330e-02  -9.224140046127278514e-05  1.603514679904160698e-04  8.593206090419168669e-05  -9.627103796444472575e-03  -4.054508324138219699e-05  -1.926158453485056227e-03  9.601661414430049546e-06  6.386714816696511024e-05  -1.731363514712375617e-04  5.490715001689768079e-04  -7.731065172124675913e-04  4.383066894339341865e-03  3.456294367266952016e-06
8.290823719328934208e-04  -1.450580020364543960e-03  1.192249393390844032e-04  -2.040082868754283120e-06  -9.204271016061179168e-05  3.698032070021704809e-02  1.460207098995884665e-03  8.493298437564028233e-03  -1.533246181850316927e-05  1.469034070078508564e-05  3.960826382142891360e-05  -2.045608257451708798e-03  -8.124043989616892836e-03  -1.313964422593379058e-03  -1.195656291910512681e-04  -1.826915538964560617e-05  -5.855001541366501409e-05  -1.643450965218435636e-03
3.425052299934944200e-02  -4.113093464564589554e-04  -1.012875609900966152e-04  2.034216899214569559e-05  1.600446612430949484e-04  1.459607126399947719e-03  4.594843187171819554e-02  6.441012137044156054e-04  1.069183681855898673e-04  6.607564486143791661e-06  1.352202298638405231e-04  4.775034438253803089e-04  2.054244402500975120e-02  -2.753928296802259090e-03  -5.959161994034545008e-06  -1.183899777176003704e-04  -8.753779075184904958e-05  4.083625814959753776e-03
7.435801119505497207e-04  2.168081644727118396e-02  -1.078364094839085686e-05  5.748032509252900597e-05  8.583094888020521363e-05  8.493054268933054526e-03  6.441295257028003141e-04  5.090076380596208344e-02  7.588978461586219518e-05  5.559267344529469359e-05  -6.566093848312688221e-05  1.499152214238987785e-03  -5.911980308333675271e-03  2.079353715246530857e-02  -1.164811973781829422e-05  2.325590166083727181e-05  5.262371037376489878e-05  2.786110441574735606e-03
-1.356669455575886061e-04  9.602703722249612280e-06  2.234141259100912505e-02  -2.455699723004085410e-04  -9.626675848097373048e-03  -1.562743760169333713e-05  1.068501445806808916e-04  7.598773315742011222e-05  5.174781218778992664e-02  -7.312671028770539254e-05  -1.398173866191727453e-03  3.856777249520721828e-05  9.445903105375814154e-05  -8.872345279570126720e-05  1.520632654602363174e-02  -3.560379646012776060e-03  -3.461256320033280053e-03  1.587819690231525959e-05
-9.108335518336626126e-08  -1.625662670807693201e-05  -9.327664286104646589e-05  4.130489358270210583e-03  -4.030866786374288685e-05  1.515104393793280510e-05  6.643831281654723536e-06  5.572707796795480927e-05  -7.304793322617436418e-05  4.224010809482615231e-02  -1.152290361063515960e-04  -8.593263003385920686e-05  2.787027112658440220e-05  3.246758983310213235e-05  3.351930681124797116e-03  5.029043671332110747e-04  -1.013798523099620260e-03  -6.724777236232468597e-06
-1.616678087137495814e-04  7.689099274404448566e-05  8.966237941084104907e-03  -3.374052096675348930e-04  -1.926317570948599470e-03  3.964948893915651583e-05  1.349814608992799239e-04  -6.579713721028736934e-05  -1.399014055987950244e-03  -1.152313939174162048e-04  3.980364383337670758e-02  9.039648963897153238e-05  -3.329222944456751123e-05  7.618152379551800793e-05  3.543662457234789901e-03  -1.409437900842450912e-03  4.861213870863404147e-04  -6.601954833650711986e-05
-9.176620179641787527e-05  -7.960191015007058238e-03  -1.250101970113050266e-04  -1.041860667306513272e-04  9.770921926049820822e-06  -2.045232420266627181e-03  4.771574936802967012e-04  1.499532237714370575e-03  3.942387263183956206e-05  -8.705423108959668764e-05  9.103232341126439489e-05  3.913797910843691552e-02  -2.638608283556070737e-03  -4.402218670249041441e-03  -2.821424613342679572e-05  1.164496256433789783e-04  4.748578613593657752e-05  8.998795499865984947e-04
2.162902895853131835e-02  5.552042539994558054e-04  8.158785417279708558e-06  1.827528648072058830e-04  6.442133161276499703e-05  -8.124135126341832172e-03  2.054220386404475435e-02  -5.912112775350070355e-03  9.449532215540343727e-05  2.776903034119276211e-05  -3.288569909446347226e-05  -2.638759042927484987e-03  5.108753520391363240e-02  8.767920583313726542e-04  5.143168826501672567e-06  -4.029017377854020505e-05  5.574673846633494798e-05  -1.193511400528755309e-03
-7.459355619126123394e-04  3.418929210219272957e-02  9.398489491162034001e-05  -2.215744022799493522e-05  -1.730691980192718843e-04  -1.313971285310443389e-03  -2.753914978671757451e-03  2.079393529660809176e-02  -8.865744423413702646e-05  3.225064020181191035e-05  7.617954579677824645e-05  -4.402534525638377057e-03  8.765113944476048526e-04  4.567173224032567563e-02  -1.580986656680030900e-05  -4.707118360997739829e-05  -4.253310619997527074e-06  -3.899516721241612122e-04
1.416092889803895571e-05  2.786325310783785444e-06  2.197631040618251708e-02  9.014883761340776458e-03  5.489292641975905378e-04  -1.194703487680749601e-04  -6.119805339850500950e-06  -1.158535988679885926e-05  1.520631251563754095e-02  3.351863224645627685e-03  3.543103710963129652e-03  -2.818954027809720449e-05  5.074703211312266095e-06  -1.584663922873956186e-05  5.198125310058740456e-02  1.376545077504466889e-03  6.272036114149588150e-05  5.479749102366419689e-05
8.148092608803115730e-05  -2.071134910499004562e-05  -8.721603444086808640e-03  -1.391376326917184887e-03  -7.730010972335182688e-04  -1.728103504687569959e-05  -1.181477418181251350e-04  2.320898652983431368e-05  -3.560516398727092691e-03  5.026570613361425405e-04  -1.409318477128726184e-03  1.193585454693218154e-04  -4.051653247666787066e-05  -4.693544150122131456e-05  1.376454774288679442e-03  3.975363098148778501e-02  -9.120546280799732091e-05  -1.149450585467836234e-04
2.312710844290571789e-05  -6.874338230783281394e-05  2.602538691177369839e-04  9.657783211823540775e-05  4.382932659635004578e-03  -5.999686718973895589e-05  -8.764603579217839207e-05  5.271209104466995798e-05  -3.461315134217887203e-03  -1.013852993430594714e-03  4.863457646781682315e-04  4.751698033755553610e-05  5.524522068474652922e-05  -4.504368882073596160e-06  6.282049211101052274e-05  -9.132994816943442546e-05  4.195740180580079248e-02  2.979905314580916172e-05
7.729320726513277083e-03  -1.318126182614479558e-04  3.308286029553470155e-06  9.404906683072733345e-05  2.952072554416504143e-06  -1.643307356064943690e-03  4.083476088431507722e-03  2.785818262479618571e-03  1.623779682335369195e-05  -8.278914945327857603e-06  -6.565507098926228694e-05  8.998809710812369442e-04  -1.194149880848649698e-03  -3.901906248916816970e-04  5.478829544319773636e-05  -1.150873989584563095e-04  2.977199151654718061e-05  3.949147269066911187e-02
