4.670189053748605157e-02  2.615395648288338349e-05  8.719985179159567528e-05  -1.554201575947182923e-06  -6.578578459711628863e-05  1.031614596869990640e-03  3.326672085344663243e-02  2.879625415664109167e-04  -1.121649643473654359e-04  -2.217024091802043332e-05  -2.236711795654878251e-04  1.877410558407089324e-04  2.041311774015340877e-02  -5.707150943999104824e-04  4.311098996516707826e-05  -4.840810011918124389e-05  -5.522182128267126038e-06  7.116823383656844561e-03
2.586192295033652039e-05  4.677629845706648276e-02  -1.098538755675391461e-04  -9.346283872493587838e-05  1.837974013349825969e-05  -8.751542132633047515e-04  -4.951246573767363775e-04  2.039138015843357937e-02  -4.450818096864203718e-05  -5.226679276664629220e-05  -1.034446989259244003e-04  -7.426039976999458496e-03  2.615064336361292287e-04  3.326616005497820550e-02  1.022332637967701490e-04  -9.713031089718757876e-05  7.371520463456838611e-06  -1.186962403052938420e-04
8.798796495929811815e-05  -1.096885481028836337e-04  5.147841436484183048e-02  -1.182846426403881155e-03  9.133761444355914484e-04  -1.617138970051514531e-05  -1.296140095348684827e-04  -2.233198902624439317e-05  2.094486165437368930e-02  -1.001252799287365299e-04  8.136199340172288116e-03  1.530947238588269046e-04  7.189389562363750696e-05  8.427389292903542431e-05  2.096921700692863308e-02  -8.197532314890211558e-03  2.120040983897180157e-04  4.708764690101818431e-05
-1.146208102160345972e-06  -9.381681442976906517e-05  -1.182683970644169118e-03  3.995431254117965542e-02  -2.171530006084348920e-04  1.174716487167266183e-04  -9.253237501199320747e-05  -7.119437019129521696e-05  -2.113278467482494294e-04  3.669057558542606137e-03  -3.590371131699460010e-04  1.604227069718984662e-04  8.821950643399096540e-05  1.583010970133958122e-04  8.563319465962022231e-03  -1.547760003583245050e-03  1.615421768893898877e-04  4.798363775001181518e-05
-6.587222078055389571e-05  1.829342308133853051e-05  9.136970127639529706e-04  -2.170874320061478993e-04  4.015678059243923265e-02  1.605096798818658169e-04  1.711792937367336554e-05  -4.976702762421158626e-05  -8.563389540801493241e-03  1.472603175836930332e-05  -1.535573150681613167e-03  -3.084620028314630528e-05  -3.175738785453613417e-05  5.966410219884276891e-05  3.420374597866266374e-04  -5.103825857796319204e-04  3.678062372150365817e-03  -4.249332336330302048e-05
1.031765531072411984e-03  -8.752797957740063349e-04  -1.585489149442997878e-05  1.172398549372246458e-04  1.603291895971990409e-04  3.880043321250617461e-02  8.115280171875465789e-04  7.416997981122007248e-03  3.904963014301282770e-05  -8.097913153465675429e-05  -2.601345946104585271e-05  -1.535781972862126747e-03  -7.776636044763123728e-03  -5.805572006705846328e-04  -8.308971382543957080e-05  6.046238918838830871e-05  -1.765232198149840220e-05  -1.598385522052695471e-03
3.326665315430098191e-02  -4.951563913697904851e-04  -1.286806679338876912e-04  -9.210441041814938757e-05  1.703435392726919572e-05  8.114212376339661028e-04  4.661101331889049015e-02  7.730375033812405183e-04  1.657800066220387210e-04  1.533776210886880604e-05  2.205344418188285519e-04  1.241274977506357381e-04  1.951045963841326752e-02  -2.960575508834695311e-03  -4.178388571796034609e-07  1.103849476803276096e-04  7.374197919967987456e-05  3.686409446143024300e-03
2.877485120331119790e-04  2.039170032843023658e-02  -2.226590361783558405e-05  -7.119573321363431009e-05  -4.973232480411846735e-05  7.417095829379063109e-03  7.733342096988628537e-04  5.141088359917521389e-02  -2.275732958386324860e-05  1.117557121142986572e-04  5.995508355758742160e-05  1.224250115992924978e-03  -5.614438094686345811e-03  1.956919386013068057e-02  -5.156566486016442261e-06  1.115189428981855469e-05  -2.992639107183304314e-05  2.524311844483980577e-03
-1.125826798519481893e-04  -4.460198292761248745e-05  2.094511265068756817e-02  -2.111609143784128344e-04  -8.563332394578199863e-03  3.860487049930883089e-05  1.663281901714358741e-04  -2.284512405593938891e-05  5.215369728112354691e-02  -1.316382522174182313e-04  -9.993465249203226184e-04  -5.367083274562125888e-05  -4.778306704327906342e-05  3.626819054407344527e-05  1.431767259167081828e-02  -3.231616802557665379e-03  -3.101438249741848927e-03  -4.715519090738467297e-05
-2.205564841321345693e-05  -5.284108965935656310e-05  -1.003406076892302267e-04  3.669213903151319952e-03  1.476597875598419031e-05  -8.095760421117904567e-05  1.534825601025600000e-05  1.118048677834247918e-04  -1.315739552695939052e-04  4.242126218048868774e-02  -1.983798417453171853e-04  -1.543787442233765473e-04  2.220148642198571483e-05  -3.159701812518223875e-05  3.087447796575284141e-03  3.719331014879285937e-04  -9.402873608330734271e-04  2.952331155906071786e-05
-2.249446940370976289e-04  -1.033211539224081264e-04  8.135511050480397424e-03  -3.599986353123108885e-04  -1.535576707902095968e-03  -2.605007767693306159e-05  2.208333492636024463e-04  5.982835807141571584e-05  -9.994592028602141548e-04  -1.984965197614908371e-04  4.059056835257715545e-02  -1.006810827866869097e-04  1.968431973676629224e-05  -6.615632642166553040e-05  3.233845874787881838e-03  -1.254449540260854212e-03  3.492525007725919960e-04  6.900912669035158192e-06
1.875367415055657720e-04  -7.425890657558746263e-03  1.530302505551088500e-04  1.610859372046989321e-04  -3.073202448023443217e-05  -1.535877954508392844e-03  1.246462244839569619e-04  1.224825574468729663e-03  -5.264068119725962843e-05  -1.543554296781108085e-04  -1.001724550710453700e-04  3.984500735762110113e-02  -2.429033150916887207e-03  -3.811050766963324735e-03  1.451036498807447078e-06  -9.207538885610767529e-05  -3.422647813027996397e-05  7.227253651643933147e-04
2.041355595770787817e-02  2.612726246432385026e-04  7.180235641032234491e-05  8.817201560594303334e-05  -3.170302570448477604e-05  -7.776906956381510541e-03  1.951028344312774263e-02  -5.614538936681049211e-03  -4.746583119627831017e-05  2.227780367181350976e-05  1.935050527235209140e-05  -2.429332266640445593e-03  5.153799547464869846e-02  7.733181002657690470e-04  -1.104327146475306866e-05  -3.754026324003209071e-05  -1.854325695263246563e-05  -8.431843840190108956e-04
-5.697495577164992135e-04  3.326699749151237895e-02  8.403082974103029878e-05  1.581883690974438222e-04  5.957067394660445003e-05  -5.811691635789451808e-04  -2.960730987562071575e-03  1.956945659692954295e-02  3.607103821392773689e-05  -3.172645380582799954e-05  -6.612517237904626656e-05  -3.811139709721926040e-03  7.731987474266169150e-04  4.658763632863359427e-02  -1.022835167063126206e-04  9.769328753195447826e-05  2.268868500477028705e-05  -2.382935985259285975e-04
4.315514524337534007e-05  1.026128187836419878e-04  2.096930032043332545e-02  8.563501072861611982e-03  3.420791740375372187e-04  -8.266015501901349295e-05  -2.115549354958800533e-09  -5.251128863083611247e-06  1.431779397342832806e-02  3.087473706845833901e-03  3.233999731431280115e-03  1.901769790759148244e-06  -1.079440353298148507e-05  -1.025835704633020477e-04  5.224738389287445633e-02  8.906577849045163760e-04  2.755174818651548316e-05  1.792363082327647612e-05
-4.876362294189862681e-05  -9.865602913461499375e-05  -8.197944221515240590e-03  -1.547066156717439526e-03  -5.103813201017907411e-04  6.057284149340544263e-05  1.117386522156366482e-04  1.102800721186613621e-05  -3.231810782256328615e-03  3.719760733511664943e-04  -1.255082175040383476e-03  -9.189330259756374182e-05  -3.743744984708127126e-05  9.798199066014989702e-05  8.907362066710929364e-04  4.073130336114844791e-02  -7.180570713296152827e-05  -4.033635772795906600e-05
-6.119047900348492962e-06  6.947736709221636819e-06  2.118909022969107231e-04  1.612780163531211649e-04  3.678210696978728537e-03  -1.745058173723106336e-05  7.412960302434468650e-05  -3.016245294283882120e-05  -3.101352518611468802e-03  -9.403562302073028125e-04  3.490794504691455157e-04  -3.415779035442213210e-05  -1.861003226764832067e-05  2.295364854731900018e-05  2.753485910788650934e-05  -7.187771916283302079e-05  4.235872043431503781e-02  1.431178336128902460e-05
7.116692550759761565e-03  -1.184077115327053883e-04  4.690729724079906204e-05  4.829993374631254250e-05  -4.248385278805675734e-05  -1.598398635503586827e-03  3.686535484101899525e-03  2.524082825112648754e-03  -4.565911558546486242e-05  2.993359373605159547e-05  7.734593656979573583e-06  7.228738173422061394e-04  -8.435303752956668268e-04  -2.388352032838482095e-04  1.784444458870513900e-05  -4.022285615915913441e-05  1.458124864476259064e-05  4.039836842012060197e-02
