4.585626236108659298e-02  -2.231706953086130601e-04  -6.270001572780625700e-05  -5.000035327611208809e-05  1.153234425071221654e-04  1.411100170439223049e-03  3.434064132649249784e-02  6.253559971772718181e-04  9.956808825368310850e-05  7.585297618153524204e-05  2.573880854111548159e-04  1.887783640518928533e-05  2.163071035210116164e-02  -5.968509851568972553e-04  -4.145913378390772314e-05  7.078210424315588343e-05  -7.771953394961223242e-05  7.555251148151146540e-03
-2.232163367837464109e-04  4.602919826979247342e-02  2.589168089746733139e-04  1.982171464764581224e-04  1.476039705803344488e-04  -9.567812097810978475e-04  -6.477084541184583181e-04  2.162127356532071373e-02  2.989979865611618222e-05  1.260143319730163542e-04  -7.805660282618398971e-05  -8.014788894267177791e-03  5.443881599326827990e-04  3.437804776272890966e-02  -1.753760055311889333e-04  9.032306115182121907e-05  -6.461424162565566974e-05  -8.687017547352820460e-05
-6.245169910877437292e-05  2.585654119855214242e-04  5.089583975794129134e-02  -1.365549222779459566e-03  1.313448104429337186e-03  -7.208419714690338575e-05  9.270396573410894371e-05  3.295501261606631889e-05  2.216697690884008448e-02  -9.795891830448257183e-05  8.883450909908861132e-03  2.054102562512434235e-05  -3.057982444850583666e-05  -2.100356077462895094e-04  2.222178907256221886e-02  -9.293894755111539729e-03  2.048814038551924983e-04  -8.586521938546444455e-05
-4.982676513013748436e-05  1.975526445392829027e-04  -1.365542557493184617e-03  3.926502775109674825e-02  -9.197719081867034398e-05  -1.204827234698818786e-04  1.236224145805830694e-04  1.528823776711747879e-04  -3.204570902965372947e-04  4.362944390010058647e-03  -4.689219224934056303e-04  -2.836875105193552207e-04  -4.036050102549085716e-05  -4.286657479814161742e-04  9.075900647566526036e-03  -1.767633292380959512e-03  9.604426596904590426e-05  -8.257875439317384633e-05
1.152851917481382329e-04  1.474698393987153647e-04  1.313848438531407424e-03  -9.197827791330378557e-05  3.931670028089136182e-02  -9.993302323076183071e-05  1.040207665870556173e-04  -2.206321951295562417e-04  -9.214061227967838136e-03  -2.663151862385240589e-06  -1.592457568437784070e-03  7.836934475441192970e-05  -1.550865020434076861e-04  -5.866961281658694697e-06  4.328305623655328725e-04  -5.690499551341464358e-04  4.200680224601803341e-03  -1.175417554268456488e-04
1.411014474676486850e-03  -9.569412642324767173e-04  -7.192093698526818516e-05  -1.201734240703843614e-04  -1.000429580980534785e-04  3.713869212174813333e-02  1.359553589339009558e-03  7.999849667284720384e-03  1.936258737673426629e-04  1.639349306781799956e-04  3.872211939922578296e-05  -1.735996364017764566e-03  -8.715639116376933115e-03  -1.109100685274146906e-03  1.994403441903159051e-05  -6.728106640485913194e-05  7.665630575880714092e-05  -1.908711443215272861e-03
3.434042750080306544e-02  -6.476945993463775232e-04  9.325276035009878153e-05  1.241619068278181786e-04  1.039639802369084963e-04  1.359273644665753540e-03  4.572313260178877126e-02  8.191183725549635230e-04  -1.015692426805214603e-04  -5.414910286700687705e-05  -1.646902890707980301e-04  3.768425067971432679e-04  2.064433737543059505e-02  -2.754192739138769646e-03  -2.488357743115796153e-05  -2.413005368222084004e-05  -7.553312768453928922e-05  4.055195004258080153e-03
6.254113737828574009e-04  2.162148230995012896e-02  3.306208535984935947e-05  1.534576606825717665e-04  -2.208160689486552244e-04  7.999825068208590156e-03  8.192365624115233733e-04  5.080217565842396615e-02  2.727304660465384981e-05  -2.357986140561029570e-04  9.954184408611314037e-05  1.729369289927663606e-03  -5.955973025706239911e-03  2.075354532118623210e-02  1.878334786582886123e-05  1.079497904070338227e-05  1.785853581199924538e-05  2.790968555112802521e-03
9.939841271529020609e-05  2.999097948395266461e-05  2.216699130629732478e-02  -3.203862573666330289e-04  -9.214145996006386716e-03  1.934529050274923104e-04  -1.014482349391175939e-04  2.715517465068852747e-05  5.179089323876038403e-02  -1.012043416442968258e-04  -1.496786258828615608e-03  -1.098551865947800573e-04  -5.504519030876996931e-06  -8.269196261528589481e-06  1.516423539412732960e-02  -3.538492086483267882e-03  -3.418183410764840963e-03  3.879471053545493754e-05
7.579607990050890207e-05  1.257186511391695247e-04  -9.793637074016546095e-05  4.363331303768419947e-03  -2.830549054917932683e-06  1.636865312830028526e-04  -5.403045473776286252e-05  -2.354508647773897567e-04  -1.010641718463721543e-04  4.213362626132850786e-02  -1.365232843823512390e-04  3.346020462402948294e-04  -3.016770543501607704e-05  7.785698031687624063e-05  3.349316523093070781e-03  5.498773961611556861e-04  -1.015717457804142000e-03  -2.550841852744639693e-05
2.573749810146763869e-04  -7.772083980718599969e-05  8.882909300153736532e-03  -4.687879427151099370e-04  -1.592467869121440369e-03  3.886905785186251834e-05  -1.643801247279733329e-04  9.986506708451926167e-05  -1.497018094499580169e-03  -1.364970609780137806e-04  3.957081841779364062e-02  -2.087596624640032888e-04  -5.592035559096272834e-06  3.446887246170701540e-05  3.496202073792459460e-03  -1.355104269459766987e-03  5.202433344697722853e-04  3.838961043190819493e-05
1.911841634282197261e-05  -8.014446735991397758e-03  2.065747247291147107e-05  -2.837671903083843219e-04  7.914041674707003127e-05  -1.736209675802202887e-03  3.769384418600858484e-04  1.730032287641888660e-03  -1.100932712151026947e-04  3.350167719777451757e-04  -2.097818531007656512e-04  3.881438812979830927e-02  -2.537740049012046292e-03  -4.461050000009327866e-03  -3.419719891218498650e-05  2.038216958562023433e-05  3.508594026579301474e-05  9.249021320694718025e-04
2.163100393706479663e-02  5.443653364983797212e-04  -3.069609052370368484e-05  -4.027007238061872308e-05  -1.552489473480764520e-04  -8.715582822768696419e-03  2.064417103864644998e-02  -5.956047170777613309e-03  -5.388700764336623159e-06  -3.006956675227997038e-05  -4.872644146888153426e-06  -2.538207984405130985e-03  5.095779924623870111e-02  7.942867608626089787e-04  1.854355503593947585e-06  1.530613663542700105e-05  5.438356627111460510e-05  -1.107125382504111103e-03
-5.965456537859847429e-04  3.437824407729814236e-02  -2.102597992317386730e-04  -4.291044904335415732e-04  -6.099949312622014387e-06  -1.109171560821498774e-03  -2.754086133159984982e-03  2.075382310606637207e-02  -8.459282287875776441e-06  7.689279760762661507e-05  3.411776269624918682e-05  -4.461269602220674715e-03  7.943462333894524318e-04  4.576137770175689456e-02  1.283896280088510789e-04  -9.026356535982971141e-05  3.074534613222840694e-05  -3.946659630180815014e-04
-4.144334248282582732e-05  -1.756907471007503171e-04  2.222164449670168546e-02  9.075809773599936500e-03  4.328560455354483680e-04  1.980069224639956327e-05  -2.503272662098790687e-05  1.874912073689933938e-05  1.516409859891213081e-02  3.349280789463367561e-03  3.495827654215876313e-03  -3.413741962408227605e-05  1.882923656901948902e-06  1.285769985064667560e-04  5.190000024716151517e-02  1.598840125318667579e-03  4.859853018831361272e-05  -8.705720195171188770e-06
7.068075297885265769e-05  9.007566541850787274e-05  -9.293947273420215607e-03  -1.767485294014164857e-03  -5.690301664666865640e-04  -6.653712773263142802e-05  -2.421733851962597160e-05  1.169741487984042640e-05  -3.538266627044408565e-03  5.499771965549534077e-04  -1.355039750519702315e-03  1.892846623787535640e-05  1.530043452001013808e-05  -8.878006280998038883e-05  1.599118635770915581e-03  3.939059623251869174e-02  -1.035901489161431590e-04  3.080091588937727576e-05
-7.770778931966062369e-05  -6.453705471524007892e-05  2.045058397130632242e-04  9.580064678476821064e-05  4.200791102024529176e-03  7.685368051515813139e-05  -7.571085508589621936e-05  1.847176562068100276e-05  -3.418699812910790201e-03  -1.015776450747587611e-03  5.199362670738390951e-04  3.449582151464246691e-05  5.423454303883070912e-05  3.120047415231383327e-05  4.858895512392425619e-05  -1.034614943323038550e-04  4.214597218103836862e-02  6.720673064066168094e-05
7.555115006295198138e-03  -8.696182018750162502e-05  -8.595454661599569602e-05  -8.305264426970331894e-05  -1.182982227223352558e-04  -1.908596592400733536e-03  4.055351752670995416e-03  2.791265441750192654e-03  3.861619135004484263e-05  -2.580208424149414944e-05  3.853144582121326020e-05  9.242710870260795403e-04  -1.107187110654366891e-03  -3.948125049225965997e-04  -9.051616083564821769e-06  3.204894741524013432e-05  6.844029219272737238e-05  3.968400522189135388e-02
