4.591025779096163939e-02  -2.451290675182820527e-04  -7.185108125447005811e-05  9.872187087686601565e-05  -3.651752984960185243e-05  1.201884002393887240e-03  3.444902612166479694e-02  4.464537928197764394e-04  1.463933219368136664e-04  -1.001857100373660243e-04  2.392292922349050399e-04  2.231699494992620426e-04  2.156143555011094670e-02  -4.940474594499540562e-04  2.751666556476654738e-05  -1.362175536649202434e-05  7.001321887619570041e-05  7.673299004559170494e-03
-2.448741081420853071e-04  4.592346406156562477e-02  7.233390493473229209e-05  1.643635964733462177e-06  -7.738599974641715402e-05  -1.034106211620541100e-03  -7.219050778233770905e-04  2.185178331698340790e-02  1.876064443081036407e-05  6.903607656459383841e-05  1.237568207967307526e-04  -8.090416393832166111e-03  5.916948500320428316e-04  3.452441928799250548e-02  -8.280992035784725213e-05  1.176836701129229063e-04  -2.634303438697654771e-05  6.272682318631534588e-05
-7.171335588923630330e-05  7.243085652934579089e-05  5.092736572214126567e-02  -1.477939616480192144e-03  1.376950070707245880e-03  7.479462094289095284e-05  1.318579190216505098e-04  -3.919124943380749616e-05  2.225685703235853047e-02  -2.269724965946820234e-04  8.998127792119049034e-03  -1.694978998941641299e-04  -3.956734288373118976e-05  -3.780359107819083829e-05  2.235097253042455517e-02  -8.997034488981533323e-03  2.299426396334015171e-04  3.897870917133748370e-05
9.983854060670155058e-05  1.552300967136131493e-06  -1.478146409034500125e-03  3.894492156019023488e-02  -7.403199646903019769e-05  -1.400607604084691939e-04  -9.936832736301743252e-06  1.102196826351638053e-04  -4.277454557975173422e-04  4.322146714953267396e-03  -6.239110259824906784e-04  -2.198460564766726449e-04  -1.775630518797891345e-05  -4.626521333390428521e-05  9.437703402707138881e-03  -1.696938752328113484e-03  1.110065638420725063e-04  3.196430597324647585e-05
-3.645131102351920256e-05  -7.732362147778736896e-05  1.377148149370928734e-03  -7.418734275503134753e-05  3.906613341016310081e-02  -1.763411018225660828e-04  -7.764877058962752106e-05  2.630869404771128488e-04  -9.110155641233680726e-03  7.459249188955799565e-05  -1.474773876389587172e-03  -4.065005174923706251e-05  1.432924435151770545e-04  -1.488724669206098765e-04  3.997683807821116237e-04  -5.393119575646210207e-04  4.464531811006136261e-03  1.595562014546973945e-04
1.201205467067942376e-03  -1.034255956455892335e-03  7.535140460457459338e-05  -1.400408917846457434e-04  -1.767895275583341805e-04  3.742968378554217129e-02  1.042079889412703434e-03  8.464832288438670777e-03  -1.930199515885227721e-04  1.320916381877452236e-04  -6.988582784552521655e-05  -1.992791963070316905e-03  -8.118247049304524315e-03  -1.212811285788167708e-03  4.471836168313548919e-05  -9.914093832675999361e-06  -4.785538555873182758e-05  -1.493659645175205841e-03
3.444923118479284452e-02  -7.216937739644995083e-04  1.321488470308121172e-04  -9.503171907742676553e-06  -7.791101392443652103e-05  1.041734953398959062e-03  4.577854980698038007e-02  8.994256218481902661e-04  -1.371995771216941423e-04  1.107129839103412151e-04  -1.601752605343790680e-04  2.526089743973190479e-04  2.072706344323132707e-02  -2.754833118566969979e-03  -8.958560855529395236e-07  -1.649812811464488119e-04  -6.811866572831379849e-05  4.297898927331451728e-03
4.463367506443716702e-04  2.185202068693642419e-02  -3.917678300628352168e-05  1.100066090358580855e-04  2.633044785543068710e-04  8.464908113933904132e-03  8.994640739441007267e-04  5.090206730472041086e-02  -1.186283691176344171e-05  -2.392065789865447701e-04  -1.965811076913985848e-04  1.621505689017500688e-03  -5.917890399045345681e-03  2.068685286676589380e-02  -1.037166714269480649e-05  1.370422311798100297e-05  3.556636442984116738e-05  2.680751347248552276e-03
1.466388819621688663e-04  1.882101673102348622e-05  2.225670184865619072e-02  -4.274103537122050087e-04  -9.110301221140610500e-03  -1.941443692278261191e-04  -1.369566654053507276e-04  -1.187127683355598256e-05  5.173092143885784505e-02  -7.348784702902075815e-05  -1.670814382591977480e-03  1.354858506851664823e-04  2.187590769640180196e-06  5.917259791021386159e-05  1.526359823888277269e-02  -3.604647281295363624e-03  -3.459271317845295530e-03  2.654571146617378373e-05
-9.977412553331143122e-05  6.904356335719660895e-05  -2.266451067343384180e-04  4.322271928271895040e-03  7.438471735318344456e-05  1.329919379592076187e-04  1.109050690381988057e-04  -2.394818344461637166e-04  -7.349630165314750450e-05  4.210892466142723833e-02  -1.121758802580238910e-04  3.283758999693823827e-04  -5.464903974099999894e-05  1.137003283445933482e-04  3.434089953430365019e-03  4.934303676968019312e-04  -1.017023274031803037e-03  -3.359339729858656210e-05
2.397812111085068966e-04  1.255109501475831530e-04  8.997438407405302166e-03  -6.237340652904933098e-04  -1.475057011327676531e-03  -7.002651500910548102e-05  -1.595180250553030604e-04  -1.962025308212604039e-04  -1.671277663420675692e-03  -1.122729039048908222e-04  3.931310180622085010e-02  2.813201672882210329e-04  -6.958065563621406964e-05  2.150529232587193411e-04  3.606194540140605920e-03  -1.517618297999279425e-03  4.411649414828964924e-04  -2.438192942338526868e-05
2.233471296229067428e-04  -8.090648200408792623e-03  -1.694450450996145825e-04  -2.201355424531092246e-04  -4.103791182192762150e-05  -1.992867235648192095e-03  2.525182022840589935e-04  1.621880593089186726e-03  1.361427782324863597e-04  3.286305633396143259e-04  2.819497654681974341e-04  3.886041062793126055e-02  -2.640836084806200829e-03  -4.302353392273732674e-03  -3.360059602188672880e-05  9.026073105716046611e-05  3.075020546852010945e-05  1.033466574291766948e-03
2.156148299288942680e-02  5.914873975146916520e-04  -3.941837819427591221e-05  -1.760669765642075291e-05  1.437386815807307637e-04  -8.118553312578541750e-03  2.072666795160236705e-02  -5.917788343690420956e-03  2.140986009931083905e-06  -5.469916060224669721e-05  -6.955661893156455181e-05  -2.641010962058388308e-03  5.100860196630615379e-02  7.224732482451304586e-04  7.087513005455109072e-06  5.437914418807818684e-05  -3.318034086650535467e-05  -1.442250446586110495e-03
-4.944959540096072756e-04  3.452449529852840565e-02  -3.789946143499101067e-05  -4.704049379513201867e-05  -1.495492502098486498e-04  -1.212922683162175877e-03  -2.754794823655008426e-03  2.068732251424627508e-02  5.915434654342391075e-05  1.133797615492415417e-04  2.147080331075563607e-04  -4.302522610240567744e-03  7.225455654340766235e-04  4.577326628934472175e-02  8.756501594171906097e-05  -1.376966321483583491e-04  -7.325272813305653468e-07  -4.292564093827094655e-04
2.752294269336959872e-05  -8.286831961301283403e-05  2.235108511789153304e-02  9.438020911533256951e-03  3.996319986272862338e-04  4.342295551153752632e-05  -8.763310890004160975e-07  -1.028611357269297562e-05  1.526364069155979053e-02  3.434158025291643001e-03  3.605993937732009276e-03  -3.394863956058324575e-05  7.173564195975422018e-06  8.780966514333091546e-05  5.190591912813370679e-02  1.360138649547268288e-03  -2.366939351017565375e-05  -3.394899850412737703e-05
-1.392836416952540804e-05  1.178215212818062090e-04  -8.997244855686117176e-03  -1.696833798395988233e-03  -5.393468594476097692e-04  -9.987038432464560218e-06  -1.649633332259827358e-04  1.377027307241449880e-05  -3.604721732625974177e-03  4.934880907182448082e-04  -1.517865198073336782e-03  9.016051538415774554e-05  5.558792174140018765e-05  -1.370990695097096842e-04  1.360700154894212317e-03  3.979767296312693159e-02  1.872291772303855858e-05  6.377096036165439850e-05
7.006489245486586647e-05  -2.523826695419559391e-05  2.297169462456973650e-04  1.108545972739990911e-04  4.464320291564969137e-03  -4.732066360850866030e-05  -6.818076523052610889e-05  3.555591523149007657e-05  -3.459332681226427123e-03  -1.017018847234718755e-03  4.415038987253888593e-04  3.049717533322623931e-05  -3.375466652715435392e-05  -1.154632038879208438e-07  -2.361944302239590062e-05  1.884313232769381836e-05  4.197730107575512598e-02  -7.627658619700860394e-05
7.673240817041344745e-03  6.329497238870747139e-05  3.941483980282836533e-05  3.250512665748766090e-05  1.598737532612135145e-04  -1.493588178100436646e-03  4.298007557342258672e-03  2.680490359167066530e-03  2.620967979880601851e-05  -3.373675990864299977e-05  -2.434483248680795650e-05  1.033571501781658164e-03  -1.442861109204060001e-03  -4.295328111651932224e-04  -3.377992991579760701e-05  6.315812122463058812e-05  -7.621712363441213482e-05  3.904457713247034417e-02
