4.270015000876987293e-02  -5.904437930732496075e-04  9.464999819557419985e-07  1.047777127379892460e-06  -8.085154969499937824e-07  1.725862081467674069e-03  3.675170623888526084e-02  7.510232679146236143e-04  9.979906657066540001e-08  2.900641535571485951e-07  6.902085661583683975e-07  1.938354706763908237e-04  2.163014280702128811e-02  -9.687319677730340389e-04  -3.327927286937391481e-07  1.278034614076249190e-07  -2.255691660201382544e-07  7.057611890567461882e-03
-5.903773284688561751e-04  4.271296196476805779e-02  5.624753430827650047e-07  -1.540190792343710873e-06  1.112040946674865230e-06  -1.724660474614805395e-03  -9.676055483504677514e-04  2.163233649070427436e-02  5.295137934748918570e-08  -3.449534417982829356e-07  -3.213984046771766761e-07  -7.061900925406217229e-03  7.519345108297657496e-04  3.673793767109765490e-02  -2.591644257468536085e-06  6.383579321036687554e-06  2.709590850040921239e-07  -1.934288491892626014e-04
9.341284727124726879e-07  5.370409625309150027e-07  4.987278956970106480e-02  -2.306521788968546056e-03  2.307078212607783108e-03  -2.867470840866334886e-06  8.488082292996951027e-08  -6.993342785629739202e-08  2.239822330265779995e-02  -2.197091346403924020e-04  9.143266103872586467e-03  3.389980894559817719e-07  -1.079122603766697256e-07  -9.612726509236122518e-07  2.239794044538111900e-02  -9.143317332867099967e-03  2.199723931885886761e-04  6.383279727770525951e-07
1.047824698525459818e-06  -1.510637023364062311e-06  -2.306423738528983781e-03  3.358973834943412146e-02  -7.466565761811982135e-05  -4.719837676397725151e-06  9.263037300404203137e-07  -1.182126771659820347e-06  -6.027810641292142418e-04  4.030296398356155406e-03  -6.711608105717770893e-04  1.045515396312329988e-06  -5.931065566867501161e-07  2.023579120499773212e-06  9.412952532681075068e-03  -7.214274366208094568e-04  3.816116316286463747e-05  2.217289537094235789e-06
-8.378670633195699780e-07  1.125578790743084855e-06  2.306972448028205263e-03  -7.468463480401888572e-05  3.358402383264856572e-02  3.329818090102219567e-06  1.650411492230194629e-06  -6.123099213671192594e-07  -9.411079723302396421e-03  3.793916219828872595e-05  -7.141256367901551360e-04  -1.987850768177686531e-06  -1.025267912391897810e-06  7.079903052954507269e-07  6.034377062534772122e-04  -6.717002732349906325e-04  4.029681321080484484e-03  -3.331663045287000701e-07
1.725917810763586465e-03  -1.724655518649143016e-03  -2.850623697212230202e-06  -4.706333744058931211e-06  3.343357898623611484e-06  2.997809104963406260e-02  1.605917424398484996e-03  8.201006450930191025e-03  -3.303513210472576268e-07  -5.620544311338807173e-07  -2.955145254878057572e-06  -8.276427603322116487e-04  -8.199693298032552716e-03  -1.609669260977426289e-03  4.827052787109127768e-08  2.281967512696551423e-06  1.180552485454688644e-06  -8.314275773532695023e-04
3.675170931496885701e-02  -9.675387730654140843e-04  1.018207667544408580e-07  9.139711890154206016e-07  1.606164382580167320e-06  1.605980338014400882e-03  4.266012505240815433e-02  8.620793815343648359e-04  2.120227082301818304e-07  -1.597280724194727011e-08  -6.826752279890599045e-07  4.357710846453795718e-04  2.108588554994185113e-02  -1.890037244057190917e-03  -6.586387562676851894e-07  7.775017259046232248e-07  7.192194422366928932e-08  5.194079886596668361e-03
7.510738224367756889e-04  2.163228607399548739e-02  -7.062310858687698608e-08  -1.177483206819704080e-06  -6.033096170885960009e-07  8.200945053130031040e-03  8.620598992638161704e-04  5.017366572694609284e-02  -1.027683039830736497e-07  -6.681251314674768823e-08  8.121943898218820592e-08  2.477099009448353525e-03  -6.101888312182878263e-03  2.108420708016633949e-02  -9.385637428052347862e-08  9.331077529028803379e-07  2.231915811097116445e-07  2.715965603707381701e-03
1.077305765601770845e-08  2.558994458355903596e-08  2.239820000177594056e-02  -6.028009042981907067e-04  -9.411016722002311582e-03  -3.903612165089640191e-07  1.265563696654576181e-07  -1.450310142400719489e-07  5.124170299034438991e-02  -1.042177078867827288e-04  -2.509214981929996577e-03  2.379785280063786856e-07  -7.110623126018136913e-08  9.042179987098623110e-08  1.522117031100557634e-02  -3.578322388531198633e-03  -3.396752435745474270e-03  1.259003211409822107e-07
2.427629357820045773e-07  -3.105719700631069791e-07  -2.197582347089712719e-04  4.030006490447315612e-03  3.796095018868813015e-05  -5.519693460740336925e-07  -6.837396478105179624e-08  -4.776397294225592243e-08  -1.042354924367667318e-04  3.904506486924437525e-02  -1.499908900157772423e-04  -2.403906186020924353e-08  -2.693875361913483303e-08  3.133786623628176506e-07  3.396996976229918735e-03  6.008314475096602093e-04  -1.025394373079041186e-03  3.425022493014407174e-07
6.559009236522234195e-07  -3.222722284624305656e-07  9.143322205247579951e-03  -6.711528219425754718e-04  -7.141170474340501843e-04  -2.955192282736514048e-06  -6.786217928265580566e-07  9.033237838167340260e-08  -2.508892069692476596e-03  -1.500229833767313442e-04  3.390213661786048438e-02  1.684965112836536551e-06  5.015667395410047478e-07  -6.137775679707786338e-07  3.577862304365290579e-03  -1.569319868892376027e-03  6.015271772981371388e-04  4.960823097481913929e-07
1.938475409605466783e-04  -7.061944396502255195e-03  3.307239891727699493e-07  1.051073297369448028e-06  -1.984439579751137497e-06  -8.276705680975034694e-04  4.357722671731408849e-04  2.476962371531177005e-03  1.509189264189988226e-07  -3.182054456354764722e-08  1.676743976355325069e-06  3.320827787592996877e-02  -2.717045044121872786e-03  -5.189547629543179823e-03  9.322949942457186491e-07  -2.231972067256798765e-06  -3.469958990656861047e-07  1.070248955344646263e-03
2.163008279221178762e-02  7.519748623529246175e-04  -1.136442578814234784e-07  -5.839281922734023510e-07  -1.052464069941006679e-06  -8.199654853030240859e-03  2.108601014087737799e-02  -6.101887056562097303e-03  -2.779013673293740052e-09  3.852277564736439647e-08  5.118530617671047020e-07  -2.717110653900191384e-03  5.017433724717038079e-02  8.614970356807669571e-04  4.811567377768167985e-07  -5.904360132299443267e-07  7.436782995670526088e-09  -2.475084523862279735e-03
-9.686624600002820230e-04  3.673798681210064393e-02  -9.638152109649319917e-07  2.046681285623198148e-06  7.085329048962846358e-07  -1.609658979534680069e-03  -1.890070809379657034e-03  2.108420382517960448e-02  1.309300968176352123e-07  3.072180677605208104e-07  -6.294010948570832141e-07  -5.189578299337257485e-03  8.615263224192424999e-04  4.267318049128430296e-02  2.426359533504246578e-06  -6.520979820997853065e-06  1.803091119198130447e-07  -4.357968265392261269e-04
-3.850840600836287954e-07  -2.581948361130341211e-06  2.239793136927213657e-02  9.412908498969198637e-03  6.035313268386166422e-04  3.658131536813429603e-08  -6.805597727613363683e-07  -9.979211588538236867e-08  1.522115191708956622e-02  3.397025191707855451e-03  3.577792843504091005e-03  9.324006196956680339e-07  4.825124027001690036e-07  2.416020909632306038e-06  5.124304403830179377e-02  2.505256618476080655e-03  1.040334958364795120e-04  4.729030613650646282e-07
1.439975856892409200e-07  6.363922099620540549e-06  -9.143359949223555869e-03  -7.213761599914395028e-04  -6.716966977130822431e-04  2.291735211885583056e-06  7.800123084557216348e-07  9.267669969093551848e-07  -3.578367224176153601e-03  6.005225767608989495e-04  -1.569285494467402477e-03  -2.224202122652206574e-06  -5.774022622083380454e-07  -6.496920542421801847e-06  2.505103925290078342e-03  3.391498719022885411e-02  -1.496311683700650463e-04  -2.367183073337006327e-06
-3.055049766753528426e-07  1.036626796354769860e-07  2.200370109863512814e-04  3.817782429290496684e-05  4.029435243432323392e-03  1.181794144272244006e-06  1.967203169318762924e-08  9.227312195089064535e-08  -3.396773949587461247e-03  -1.025421472489362407e-03  6.017306958145929828e-04  -3.072771113378700456e-07  -5.133899080276953077e-08  1.404525389684407360e-08  1.040394146315663023e-04  -1.496226215361169513e-04  3.904505214657624096e-02  -5.072820743067346445e-07
7.057604507356631841e-03  -1.934722492893882657e-04  6.291461171492293534e-07  2.208120774066031146e-06  -3.385334788393825637e-07  -8.314147341023194523e-04  5.193987711237424594e-03  2.715912219120754107e-03  9.074347561224742812e-08  3.489953321366035669e-07  4.963296321481939595e-07  1.070301596308007377e-03  -2.475039471342083044e-03  -4.357558079566934296e-04  4.552575272555105499e-07  -2.362961470482530387e-06  -4.628338598745845916e-07  3.321635584750481235e-02
