4.222097104180714405e-02  -6.718114716178167625e-04  8.040687053761019386e-07  1.287832096588398363e-06  4.519643462762943119e-06  1.917820044359203144e-03  3.712554622078445554e-02  8.299662324481950392e-04  -3.214655633943437369e-06  1.574257353620698064e-07  -9.606805597992658185e-06  2.268146932361284280e-04  2.194946686040289210e-02  -1.024737637151606606e-03  -2.005014957767838451e-07  -1.099447748496070985e-06  5.725197197134964897e-07  7.141178857150995776e-03
-6.718360449894682966e-04  4.225554225717401829e-02  -1.408053352065658919e-06  -4.546822419058545634e-08  -4.906341909964617871e-07  -1.930532574217327978e-03  -1.012910457204024752e-03  2.195296317268423392e-02  -1.947646645340303539e-07  5.996753729481288450e-07  -2.088396250656703045e-07  -7.153918400002508976e-03  8.293426680854668878e-04  3.708892254801260391e-02  3.299818339735485353e-06  -7.174040817120542518e-06  -6.853854688941217285e-08  -2.194741053314578770e-04
8.917730424243778211e-07  -1.355594484388016573e-06  4.945600471740213555e-02  -2.633970233129652536e-03  2.637544932546247601e-03  -4.922688737386434232e-07  -3.932869175587126032e-07  -3.908451478216890406e-07  2.274447972978337409e-02  -2.558456648699618621e-04  9.361701551987511305e-03  -2.439708345424027769e-07  -3.135876583656350782e-07  1.956310220373212487e-06  2.274207254080258533e-02  -9.358374807336228285e-03  2.553800283527713410e-04  6.912259930562744333e-07
1.307963156800914313e-06  -8.717017711335197316e-08  -2.633974451471795576e-03  3.273742510429850094e-02  -1.196540992518518577e-04  -7.943115317149423174e-06  6.794705881984136010e-07  -1.088393764788964461e-06  -7.107655872321495469e-04  4.119417144776571157e-03  -7.634221272800728033e-04  4.131339226503104787e-07  1.311847979664208680e-06  1.551342735821043636e-07  9.678719350636482213e-03  -6.199250479027158768e-04  3.505922805062331165e-05  7.800920752886337847e-06
4.452234847472852124e-06  -5.178538861592179043e-07  2.637508644569949278e-03  -1.196642992023115251e-04  3.272863241548480684e-02  -4.543660028013695317e-06  -4.832637718730817414e-06  -6.594320741840766464e-07  -9.678396236228582403e-03  3.620600859883667494e-05  -6.140985709381070008e-04  4.321146978855582012e-06  1.224042063897150682e-06  5.473217675379836964e-08  7.108545823144911359e-04  -7.631962020296508779e-04  4.118364031549508024e-03  1.642561213914210672e-06
1.917775806607382484e-03  -1.930393264314147908e-03  -4.778132039688834413e-07  -7.931288745944833831e-06  -4.544697516298467061e-06  2.872214638517486124e-02  1.795550569215210697e-03  8.346267976600032709e-03  1.855519799289149831e-07  2.620990037288347745e-07  4.127792384092141943e-06  -7.168648408543422086e-04  -8.347492472724805240e-03  -1.788563385737205807e-03  -8.794886325688662255e-07  6.383284413682059346e-06  -6.820731254683816111e-07  -7.315776324532915261e-04
3.712571334361843001e-02  -1.012905133227360276e-03  -2.811661733679377816e-07  6.880752154741136802e-07  -4.886340708977927476e-06  1.795524350841590754e-03  4.222182222492877612e-02  9.129605194276234044e-04  3.466240371134210217e-06  1.602694173068752669e-07  1.023191392457335865e-05  4.396116822976744846e-04  2.142911245533219572e-02  -1.800821431755632307e-03  6.907511173630086122e-07  -1.067015122981295632e-06  -6.697029608210373592e-07  5.466975063125247870e-03
8.300454883267958418e-04  2.195302965453716643e-02  -3.856631656247163589e-07  -1.068990609741980723e-06  -6.617980361204152951e-07  8.346286389973124609e-03  9.130127980647482306e-04  4.985502258137375353e-02  -2.708557889193162893e-08  -5.654759613290007967e-07  5.316863204425752013e-07  2.888373150319455736e-03  -6.235855439119009601e-03  2.142870925353125219e-02  3.113476383843412529e-07  4.537294793541548942e-07  -4.966060289746786575e-08  2.726603588466269389e-03
-3.142929773297454165e-06  -1.699093343167101555e-07  2.274445351487356173e-02  -7.107388314214103811e-04  -9.678400378572158194e-03  1.782381888476709001e-07  3.348906857641205658e-06  -2.436386102230232226e-08  5.098992826001291084e-02  -1.162877287991114801e-04  -2.894180454211504015e-03  -5.608098778954969243e-07  -4.275840928144846892e-07  -1.724302224046011434e-07  1.545215216091541839e-02  -3.690620097120005973e-03  -3.479597039270648003e-03  -5.181774137110438038e-07
1.520425867973373264e-07  6.264398590339571352e-07  -2.558962887041199953e-04  4.119176044703552059e-03  3.618160863135390457e-05  2.759911215273246114e-07  1.533733532730608068e-07  -5.706659399014879542e-07  -1.162992164490788267e-04  3.893770209709365021e-02  -1.598891594050537185e-04  2.182026024448343580e-07  -7.694369110715109199e-08  1.839490527192325152e-07  3.479663571525563881e-03  6.453202027639442064e-04  -1.046535778254420023e-03  7.674402645422037889e-07
-9.551439021946455695e-06  -2.198427649584465619e-07  9.361727565359126077e-03  -7.633479700603303976e-04  -6.141180746403866221e-04  4.111116369380367656e-06  1.012076362206913664e-05  5.391342662083018668e-07  -2.894004370180814755e-03  -1.598694864347335409e-04  3.306476886590820757e-02  -3.714075200298385541e-06  -1.915045999329801997e-06  -3.922440155589232431e-07  3.689782988510592783e-03  -1.683500719990485518e-03  6.459356794106574417e-04  -3.600499023439683404e-06
2.267414511407107294e-04  -7.154048978542417760e-03  -2.753080680499342610e-07  4.072634867791359523e-07  4.337503360483368551e-06  -7.168800678707262179e-04  4.396505732428370220e-04  2.888419606608775940e-03  -5.526153993603498058e-07  2.417088128287558724e-07  -3.724718330744100968e-06  3.226277198067141472e-02  -2.727575579437256734e-03  -5.457182992483941911e-03  -1.480702022715374163e-06  2.132428213341851347e-06  4.745828162157207128e-07  1.184283067256520832e-03
2.194964366890008942e-02  8.294598244299938384e-04  -3.166459295910994235e-07  1.315311651803004542e-06  1.211195066164086629e-06  -8.347528946094530736e-03  2.142899475981970697e-02  -6.235855641538379061e-03  -4.283729797995700619e-07  -5.911664621751772887e-08  -1.904084428838279877e-06  -2.727499341059598948e-03  4.986032841995599596e-02  9.137659052386255722e-04  8.995023191365877379e-07  -2.671190022309034418e-06  2.831842024338958777e-07  -2.875502978957865993e-03
-1.024702894328549966e-03  3.708894807284163209e-02  1.987863796138682183e-06  1.946902817733994651e-07  3.683755235049873114e-08  -1.788615914540855716e-03  -1.800750849223676890e-03  2.142876503287382065e-02  -1.532007046067231966e-07  1.925673020166313233e-07  -3.770481530059674281e-07  -5.457197108447124981e-03  9.137701712515970513e-04  4.225414106304795081e-02  -3.230238330307603750e-06  6.390945292955960171e-06  1.931375179414239566e-07  -4.485765854451336790e-04
-1.349166895437680204e-07  3.317958689883906199e-06  2.274206024266692619e-02  9.678767549295639802e-03  7.109218109753190091e-04  -8.840429756367928705e-07  5.654195965547617476e-07  3.037802638566615799e-07  1.545214307623705118e-02  3.479698014953699989e-03  3.689768622898594204e-03  -1.484742184055955712e-06  8.903880387424402577e-07  -3.249775821399758531e-06  5.099403703310105562e-02  2.885221059381839169e-03  1.169990163117816059e-04  2.916930266491724933e-06
-1.124536870473463794e-06  -7.203303333306909943e-06  -9.358408841070630160e-03  -6.199805172331361060e-04  -7.632840772582667657e-04  6.372788519659662231e-06  -1.040629674657481271e-06  4.613172440924752580e-07  -3.690571740740493812e-03  6.451021467523465397e-04  -1.683529696273834610e-03  2.143506511341155547e-06  -2.682053299125283175e-06  6.418440381002676709e-06  2.885110470964165862e-03  3.308690170006522296e-02  -1.606713668746215099e-04  -1.110633317553470610e-05
5.651258536384745597e-07  -1.374054954555700541e-07  2.553887971624387628e-04  3.506710252074193130e-05  4.118047089958648717e-03  -6.824613711767164654e-07  -6.326738678652364912e-07  -1.058920610281470264e-07  -3.479569151563978880e-03  -1.046598145904030757e-03  6.462098199883948039e-04  4.837925642351374609e-07  2.980368403910488661e-07  1.200904598935382153e-07  1.170144273710924961e-04  -1.607268419065682567e-04  3.893782071036647197e-02  6.653310043907534825e-07
7.141289984523975683e-03  -2.194671935228279891e-04  6.751715578701404959e-07  7.787434628714090290e-06  1.641143066672681586e-06  -7.315534377320625321e-04  5.466920354291364588e-03  2.726664640715864649e-03  -5.245203768245993079e-07  7.647557879351270115e-07  -3.595250299243735778e-06  1.184321014352820263e-03  -2.875625876688094659e-03  -4.485396963502617644e-04  2.937253882127290014e-06  -1.112100443509201574e-05  6.665688191018221184e-07  3.229764259678354066e-02
