4.471896861503910775e-02  -3.388340430771796699e-04  -6.018788979531540088e-07  -9.494432435228794157e-08  2.246034723580586487e-06  1.113732609821732047e-03  3.481557267801736050e-02  5.150347263539654073e-04  5.246402443532208154e-08  3.233043522947835336e-08  -1.462134101901918860e-06  1.141843697630861334e-04  2.048848316884697637e-02  -7.340994479987986415e-04  -1.591245629802899074e-07  2.158643724883690013e-07  1.533549396829380778e-07  6.866601596337991095e-03
-3.388283050243211789e-04  4.471415329725147297e-02  4.565725979442766330e-07  1.163393950387649736e-06  -1.360142717688264150e-07  -1.113077508731494724e-03  -7.352792689156354517e-04  2.048821606350634955e-02  1.028673860190985824e-07  1.057894265167617303e-08  -2.250854378033595485e-08  -6.865055316694487590e-03  5.152539379322527199e-04  3.482039754784248264e-02  -9.048206598680872284e-08  -5.278472566070033486e-07  -5.916607228901945870e-08  -1.148459613878322202e-04
-5.345443731432018800e-07  4.115624497077199070e-07  5.100435894068450215e-02  -1.406065918824372018e-03  1.405411364718707349e-03  2.520800880566459302e-07  5.898042653083861278e-07  3.585320114399072866e-08  2.111043446560480555e-02  -1.279189086765462565e-04  8.383002856783736481e-03  -4.832696832047303255e-08  -8.144588043162026447e-08  -5.904954734717368845e-07  2.111069351475453396e-02  -8.383254296465546263e-03  1.279172110788037568e-04  -2.256844119290007025e-07
-1.028005972500693674e-07  1.251808444368718899e-06  -1.406121385529411757e-03  3.599451785643935364e-02  2.926697575638654861e-06  2.680132108470622492e-07  1.363322902495128768e-07  3.381509901070535677e-07  -3.316943198172034812e-04  3.629570099024672508e-03  -4.332924302355473816e-04  -6.273209971554393854e-07  8.764543144781794490e-08  -1.391233721284861570e-06  8.532315161388923444e-03  -1.083809535453300436e-03  3.754559290817118900e-05  -1.116412374831790786e-07
2.279550111262842085e-06  -4.014099311719130595e-08  1.405280642442983865e-03  2.904120694859120283e-06  3.599614074815307707e-02  -4.254103471802707238e-07  -2.255213523651142235e-06  -1.615387558340898730e-07  -8.532318746509944679e-03  3.743106602870188942e-05  -1.084753406541781725e-03  3.306323154508127159e-07  3.764458254616539817e-07  3.872972735122357515e-07  3.316703779427441047e-04  -4.333103131987757354e-04  3.629610604500646716e-03  8.151189437629858249e-07
1.113659868687134295e-03  -1.113057384193324485e-03  2.745935048186100993e-07  2.787064731492548315e-07  -4.819631740857904964e-07  3.361159158277878672e-02  1.138073846523410910e-03  7.652822673825545804e-03  9.027708171514542843e-08  2.072492838373582422e-07  4.142633418263034054e-07  -1.183034218302372398e-03  -7.652422680074739449e-03  -1.138871797637558934e-03  1.242923616269257860e-08  -2.329466454309131200e-07  -1.513171779976203021e-07  -1.182940437384096769e-03
3.481556453461237544e-02  -7.352769889509703626e-04  6.143803419802326295e-07  9.848306546478757829e-08  -2.231339049485624965e-06  1.138120285390933819e-03  4.455899366394214939e-02  7.345925270335655014e-04  9.249385703845388464e-09  -1.054079181964188311e-08  1.410085741074743145e-06  3.384789929430886664e-04  1.983683645791122635e-02  -2.345764781269125965e-03  2.177343341048751494e-07  -9.989696572682147870e-08  -2.799548510840038936e-07  4.240891526788922485e-03
5.150799346528304925e-04  2.048813650948978077e-02  8.198015422020881950e-08  3.044685775111252492e-07  -1.860401175732754634e-07  7.652785233759987552e-03  7.346071537171127916e-04  5.103022640945353849e-02  6.369282304846916396e-08  -2.510308798104165112e-07  1.842500837588061630e-07  1.427937292855799723e-03  -5.710546606061186851e-03  1.983697667230155046e-02  5.749478503114777113e-08  -5.383402898478728511e-08  -5.611224043692090587e-08  2.585972954079166549e-03
5.853197505867540122e-08  9.048056577090041993e-08  2.111049488904795726e-02  -3.316712125187577082e-04  -8.532291630065500648e-03  2.275325940412651816e-08  1.172622716567779638e-08  9.392651891948523700e-08  5.190363666588137387e-02  -6.672287284708770068e-05  -1.498993387551657546e-03  -1.689707543412392326e-07  -3.981307332968788186e-08  -2.373247725536689186e-07  1.435323111656165718e-02  -3.205939154243800122e-03  -3.083946826259338896e-03  -1.237100760302992404e-08
-4.267396802801288691e-08  1.766806947739575561e-07  -1.280133130480698976e-04  3.629657447776771066e-03  3.744020557363167233e-05  1.868643626139444235e-07  -1.572535379635112812e-08  -1.456516623818883820e-07  -6.673578728339281949e-05  3.935944817981582716e-02  -1.114547845613535134e-04  2.576202340635095263e-07  1.242892945348837599e-09  -7.198714350600072460e-08  3.083926575793120937e-03  4.571627133970462419e-04  -9.299679481875815874e-04  -3.018220922838362976e-08
-1.456570866613024787e-06  3.650539507058648994e-08  8.382979221050962729e-03  -4.332624369107605138e-04  -1.084704572368276826e-03  4.278642960921554251e-07  1.417558209737052612e-06  2.249678966035433208e-07  -1.499017968559109276e-03  -1.114333655750747036e-04  3.621716024554530455e-02  -5.871500475380876573e-07  -1.497264231042530792e-07  -4.158790812869144550e-07  3.206024819332584878e-03  -1.254504817705012027e-03  4.570985960769732284e-04  -4.083012624283795498e-07
1.142868696921937053e-04  -6.864981620029430610e-03  -1.149081282233845053e-07  -6.337322852434379851e-07  3.564537028091347620e-07  -1.183041559711354215e-03  3.384929837084979303e-04  1.427987784196152162e-03  -2.173705325162435967e-07  2.954610917448102190e-07  -5.754238879869068514e-07  3.580889688318657921e-02  -2.586079241117463044e-03  -4.241934309471116424e-03  -5.748813543787606273e-08  2.028510591511517821e-07  9.638526502674574783e-08  7.216840550772496161e-04
2.048848061205025758e-02  5.152331859758068353e-04  3.551722743705297588e-08  3.512205802598527715e-08  3.502795996594917647e-07  -7.652379425897011186e-03  1.983686731030847444e-02  -5.710618459629504366e-03  -1.174602014089800934e-08  2.504813936125218513e-08  -1.456766239702591916e-07  -2.586093280862295039e-03  5.102979384027354209e-02  7.345248421655245627e-04  3.299748229063267669e-08  -8.531121313547957195e-09  -2.141502981874634964e-07  -1.428916984475959648e-03
-7.340717391949620621e-04  3.482039215819145161e-02  -4.764375669619917907e-07  -1.403932590534754211e-06  2.500356525665906464e-07  -1.138922406730658379e-03  -2.345784145887105411e-03  1.983701260396032034e-02  -1.108539234871422334e-07  -2.165445931015880929e-07  -4.230443083975308975e-07  -4.242012047644312840e-03  7.345659915461772620e-04  4.455447022610419666e-02  1.771972043529159009e-07  6.222921285298114711e-07  -1.720851563003199640e-08  -3.375953021251295433e-04
-1.514664853640037008e-07  -1.456508504740574177e-07  2.111067136670618724e-02  8.532308210842451737e-03  3.316843881073585384e-04  -6.485810824046776228e-08  1.729024455188808376e-07  -2.403537722160493615e-08  1.435321431436751075e-02  3.083953126678894326e-03  3.206040528798370821e-03  -1.538276104160905697e-08  -6.392998521594275417e-09  3.987313429786415073e-09  5.190317447564014863e-02  1.499939115901760024e-03  6.659996227046643806e-05  6.079907103410790596e-08
1.624887233610480794e-07  -5.723425346112738554e-07  -8.383283672581370860e-03  -1.083823572115416274e-03  -4.333410417881139952e-04  -2.367840350081415276e-07  -1.515547859761271713e-07  -6.750114748824517696e-08  -3.205930134704287719e-03  4.571879905540581694e-04  -1.254520182644241815e-03  2.294851576427300102e-07  -5.224745691967874554e-08  6.014944327911786465e-07  1.499896284164084319e-03  3.621455453969701227e-02  -1.113097697138312341e-04  -1.809683994179611959e-08
2.331693430643133473e-07  -1.091309392123142511e-08  1.279724584855028869e-04  3.755293917550962200e-05  3.629660878266603372e-03  -1.652844017225941574e-07  -1.257445832295641016e-07  -6.112369181327326069e-08  -3.083905700999609988e-03  -9.299710433673734171e-04  4.570727734968335230e-04  7.538738191208869506e-08  -7.117365658863160585e-08  3.256103835734546742e-08  6.668925142847771290e-05  -1.113079978959416162e-04  3.935955596456593153e-02  -1.549338324873816219e-07
6.866693487157488930e-03  -1.149082996168722246e-04  -2.344490391314597183e-07  -1.435799303852737071e-07  8.152024771555245990e-07  -1.182956724927499304e-03  4.240905356114491737e-03  2.585952057667677360e-03  -4.837010060839224824e-08  -5.732789543493055875e-08  -4.548740885108378965e-07  7.217067633646504811e-04  -1.428896554543756647e-03  -3.376010933607832246e-04  5.750619622285027405e-08  -6.731366132152011710e-09  -1.580238593176166335e-07  3.580720289054144939e-02
