4.222586578025244036e-02  -6.730318422796223920e-04  -2.841983491872789525e-06  3.884286002570188552e-07  1.047718143159611925e-05  1.936766651831216095e-03  3.711889274985075149e-02  8.312913501528629290e-04  6.304961854184799819e-07  -7.969859459294160594e-08  -4.270227641313525859e-06  2.130727978782468932e-04  2.194894162792700859e-02  -1.016773316419446963e-03  -1.681491469011489564e-06  2.065585117854296550e-06  1.543071368260679523e-07  7.144017017292066986e-03
-6.729913244357128409e-04  4.221391937660178006e-02  8.530855887992667022e-07  -6.869807841991250287e-06  4.915094112871016250e-07  -1.924959519576063339e-03  -1.024471977479762385e-03  2.194953405389769852e-02  -4.773531778464497186e-07  -7.075659819849260548e-07  2.503092002741953969e-07  -7.140557601596921218e-03  8.324391813981075030e-04  3.713071685964415558e-02  -5.319890620982704702e-06  1.516510590350698035e-05  -4.634991079487978458e-07  -2.191233791298562487e-04
-2.815385316546479256e-06  8.657073165903716864e-07  4.945279720884140917e-02  -2.639221489581912092e-03  2.638775351461234136e-03  -1.287050477316056749e-06  3.828695139644324961e-06  -4.612362438483829024e-07  2.274363151450861306e-02  -2.553511710863377664e-04  9.359680553551593882e-03  3.369102058061890382e-07  -5.832349297861861783e-07  -1.097547426865493777e-06  2.274447581909700561e-02  -9.361344577430369754e-03  2.555962241363001473e-04  -3.027176433624993699e-07
4.414230185618126884e-07  -6.927667715069679958e-06  -2.639292951671034192e-03  3.272293718301009374e-02  -1.194336367685407347e-04  -3.933554693467270588e-06  -7.666815026607649255e-07  -9.218589172881042410e-07  -7.113333386766464888e-04  4.117838917620279642e-03  -7.627616173413833463e-04  1.797914982575796802e-06  6.972085801521341764e-07  6.935438269240405240e-06  9.678608893933720453e-03  -6.111442190675123827e-04  3.504073102519150821e-05  3.717724904807521106e-06
1.051427768870093144e-05  4.994649935703814058e-07  2.638851257862982053e-03  -1.194507507238048337e-04  3.272371438788652942e-02  -2.831176355112304694e-06  -9.405801638282455018e-06  -1.493620666878942357e-07  -9.678730149921288897e-03  3.542051863345235634e-05  -6.120019586931187442e-04  1.997728946097341368e-07  6.568550356605891991e-07  1.043063147228176758e-06  7.118181368134073039e-04  -7.640345785943260118e-04  4.117920872987966378e-03  3.116588382450922586e-06
1.936593593835066749e-03  -1.924958677110691135e-03  -1.342915181813876477e-06  -3.896475701256679501e-06  -2.813156203912036442e-06  2.871032527744690060e-02  1.782286610711167731e-03  8.346932716320854678e-03  1.246945607004579303e-07  -1.997213551214719985e-07  1.021944225737946040e-06  -7.237038160484561512e-04  -8.344653510559166612e-03  -1.791685469464730221e-03  8.067967953504278723e-07  5.387801518215869422e-07  1.487110593040777768e-06  -7.154268541195137401e-04
3.711869080846885022e-02  -1.024495824008100084e-03  3.806611584841734961e-06  -7.347175298777324789e-07  -9.421868484192133305e-06  1.782403334805559474e-03  4.222316785245192050e-02  9.117724083945062934e-04  -7.933416913730080332e-07  1.267000167184775076e-08  4.605746220389066967e-06  4.561487194546392262e-04  2.143364423293436447e-02  -1.796347613182688440e-03  -6.674747765940639315e-08  1.840898521906368937e-06  -1.491648746410539555e-06  5.468368913524583597e-03
8.313241573050908668e-04  2.194950940351995256e-02  -4.661678906468467360e-07  -9.658950356674787201e-07  -1.717829203217017879e-07  8.346955676106040597e-03  9.116996135098919506e-04  4.985636119220824419e-02  2.269458604500895593e-07  -6.799643765950768567e-07  5.393626538407457614e-07  2.883458592372008852e-03  -6.235846550034334669e-03  2.143208971793326284e-02  -3.135123791919124734e-07  1.619413837332264783e-06  3.204211269397122365e-07  2.728480773259267089e-03
6.411914348085198945e-07  -4.564373490781821948e-07  2.274364682710422469e-02  -7.113401722203368171e-04  -9.678667198192275264e-03  1.603395535255900433e-07  -7.718691981347233877e-07  2.245045759613453419e-07  5.099031830083689681e-02  -1.175576062911012670e-04  -2.892805124180615906e-03  -6.790522502605895721e-07  2.230694802432408547e-07  4.576141569892781224e-07  1.545253987877226454e-02  -3.690083840118501927e-03  -3.479593204881429973e-03  6.236464337525068568e-07
-7.457307520741272904e-08  -6.020478371292107566e-07  -2.554106416187739760e-04  4.117529944299278509e-03  3.543389807901217611e-05  -1.772340849310693071e-07  -3.914155751803336811e-09  -6.472866712948279910e-07  -1.175055328602210564e-04  3.893757762256597893e-02  -1.618742623265497264e-04  1.242728929695719608e-06  4.823745156662984212e-09  1.110328019257861265e-06  3.479470126867953775e-03  6.465502740316922707e-04  -1.046651126386705793e-03  2.621092583124927592e-07
-4.284393197907900525e-06  2.270139254571396215e-07  9.359619113061769594e-03  -7.628072817122779660e-04  -6.119759560150276213e-04  1.020267238122083867e-06  4.588443661063516318e-06  4.958379078958294065e-07  -2.892858019241665007e-03  -1.618324168394643856e-04  3.306618462799024855e-02  -1.928966437360275498e-06  -6.820538371543753992e-07  -1.030629601978667631e-06  3.690523222110986528e-03  -1.684139044124358326e-03  6.460746155917912546e-04  -1.327840237138572019e-06
2.130180422971469445e-04  -7.140541175397467633e-03  3.735313685720159305e-07  1.820177093889815708e-06  1.887680128906677739e-07  -7.237746077914353985e-04  4.560703940071813623e-04  2.883352124788883270e-03  -6.374368590340793221e-07  1.248333219382735741e-06  -1.926358019352697068e-06  3.227670547805078227e-02  -2.729069213951133919e-03  -5.471615562657395487e-03  1.545285063152490256e-06  -5.078181249001946474e-06  -1.095085721452691025e-08  1.179631499557610118e-03
2.194891018261998367e-02  8.324114542293438316e-04  -5.782080079387475149e-07  7.172746919684068258e-07  6.767694356440285906e-07  -8.344628203833720503e-03  2.143368834139845053e-02  -6.235787875398027952e-03  2.203668615343681544e-07  4.750814680899902836e-09  -6.918199483372239667e-07  -2.728914520658091546e-03  4.985430725188554762e-02  9.108698976229483244e-04  4.316910773897290826e-07  -1.425783978011584106e-06  9.479595878342501715e-07  -2.888455337418815386e-03
-1.016781928230160725e-03  3.713075292334273164e-02  -1.098848520443305493e-06  6.942919317734568709e-06  1.079793870658312755e-06  -1.791670640967935177e-03  -1.796379834844163926e-03  2.143212242690520006e-02  4.925577481938079095e-07  1.066499351350539664e-06  -1.019760935481051846e-06  -5.471578584195226427e-03  9.108631655698526787e-04  4.221386370861369974e-02  5.057927190812430857e-06  -1.529057622741052133e-05  4.564867686795741188e-07  -4.482354324195371963e-04
-1.648318266011302744e-06  -5.346430098163469612e-06  2.274447877180483385e-02  9.678619800448633875e-03  7.118244267869491045e-04  8.304458905345572470e-07  -6.768333376877549542e-08  -3.142697871223759744e-07  1.545252357615874844e-02  3.479578994610361617e-03  3.690523815751349090e-03  1.524236396531545413e-06  4.333999754464381034e-07  5.036978455013913889e-06  5.098881452314795587e-02  2.896220226779276912e-03  1.168431222416776831e-04  -4.048420826399187400e-08
2.091403209512693896e-06  1.515354315797890116e-05  -9.361294921518230686e-03  -6.111345040741216839e-04  -7.640837644418730116e-04  5.471668123524833625e-07  1.841125233784803331e-06  1.621583562547226638e-06  -3.690190292805158034e-03  6.463746356938441509e-04  -1.684072606616265032e-03  -5.082815822324827679e-06  -1.420492180304606392e-06  -1.530762114306883829e-05  2.896285369367027594e-03  3.305855967491958675e-02  -1.603278904239522208e-04  -2.488241457167710078e-06
1.603025484699312100e-07  -4.492604175084943838e-07  2.556580002344118526e-04  3.505352592470286743e-05  4.117590324376204682e-03  1.492886603257059182e-06  -1.519297605263560125e-06  3.285505468856267156e-07  -3.479638307865240855e-03  -1.046660338754241276e-03  6.464915286240677109e-04  -1.799697368139794103e-08  9.408146993233916909e-07  4.460655795239619024e-07  1.167814806960237086e-04  -1.601892881710477142e-04  3.893769834861741941e-02  8.598687279717790603e-07
7.144010763425920688e-03  -2.191967375580378987e-04  -2.842847343213690338e-07  3.695092065970271485e-06  3.132455576170264500e-06  -7.154675132369937157e-04  5.468403749956532792e-03  2.728462155363716758e-03  6.388254088726020948e-07  2.793163613730128989e-07  -1.304033655750477685e-06  1.179656231268227289e-03  -2.888606807350917616e-03  -4.482249409653520198e-04  -3.345885672341218358e-08  -2.482381522587324427e-06  7.981094505936616836e-07  3.226397255883164950e-02
