4.317431537167969874e-02  -5.220817997272686516e-04  -1.375616213205105964e-07  -5.776984884838180322e-07  -1.861069222917478677e-07  1.550032766667494045e-03  3.633755507558074360e-02  6.853236079995192725e-04  -2.744580328144833689e-07  6.406615357648555350e-08  -3.903503114409166624e-07  1.757128887483907055e-04  2.134819111844602282e-02  -9.159946944844411451e-04  6.538398125361989772e-08  5.037000547969541637e-08  -8.561307788105237299e-08  7.003892329376809091e-03
-5.220493177787729295e-04  4.317831600869907055e-02  1.328035937985896592e-07  8.344659876669754298e-07  -1.596908460752359753e-07  -1.549785354721142788e-03  -9.172274796736963305e-04  2.134885752504480511e-02  -8.014815650576439936e-09  -1.233603882079219638e-07  -1.227750871301967036e-07  -7.005100729538522690e-03  6.877021021168170604e-04  3.633343452765656206e-02  3.237904780589226854e-07  -1.011115664375780038e-06  1.348838740778874041e-07  -1.710052018763731283e-04
-1.375394806301850937e-07  1.440868116858857109e-07  5.020687953975742912e-02  -2.037823316948053111e-03  2.039950424188662070e-03  7.133696523559881976e-07  -2.135406564363388740e-07  4.303580923628495363e-08  2.208314862191232061e-02  -1.918943649973489033e-04  8.954652182567442512e-03  5.780972593873482642e-08  1.386479122979156590e-07  -9.572171825257241140e-08  2.208327049027981881e-02  -8.956108895650492091e-03  1.919094361032174575e-04  -1.660867139551808051e-07
-5.928342873624170576e-07  8.509921025633777339e-07  -2.037672939361658692e-03  3.429657580144458706e-02  -4.506026912110881288e-05  2.273874143512034658e-06  -2.162795861776696693e-07  3.165873484007664058e-07  -5.190267055319157819e-04  3.941076968044481335e-03  -6.000072939965816945e-04  -2.907552225033587223e-07  2.425007988663552946e-07  -7.614383019084272175e-07  9.183757702942189557e-03  -8.236812759545504873e-04  3.885518218596337750e-05  -8.060633624564688868e-07
-1.849740734589422231e-07  -1.590381569532464662e-07  2.039869614987789570e-03  -4.509612691807109457e-05  3.429211188158746287e-02  -4.955797339588845005e-08  5.117862361248012092e-08  1.205806059696420874e-07  -9.184490564238324481e-03  3.975147896506373615e-05  -8.229181516246728435e-04  1.992428251024476886e-07  1.263230534105999815e-08  7.325481884759057838e-10  5.193093527033408423e-04  -6.007727662566876179e-04  3.940667222758260750e-03  -2.538295429779626119e-07
1.550048055885587224e-03  -1.549783519979278925e-03  7.105349251535954179e-07  2.273700822734083382e-06  -5.799597169976608447e-08  3.102272114023844202e-02  1.470879635812933142e-03  8.070245772164414202e-03  1.399189011296840615e-07  -1.102008044057413936e-07  1.399140764504699644e-07  -9.318856617982230204e-04  -8.069356704521338589e-03  -1.472343962927899182e-03  -2.177617050922503616e-07  -5.983715228243784086e-07  5.836175016029198204e-10  -9.332376306804057503e-04
3.633760649737231146e-02  -9.172013184490623427e-04  -2.208109842304666793e-07  -2.144781774319648895e-07  5.061860331972079225e-08  1.470898275780230897e-03  4.310164291623411886e-02  8.239943894622178862e-04  2.827825377321511257e-07  -6.306133830520489006e-08  3.732308983889151142e-07  4.134712885277154991e-04  2.077222617869301652e-02  -1.986765260215478651e-03  5.511590101959729859e-08  -2.057080337430861678e-08  -5.948596324903333668e-08  4.947481345614168462e-03
6.853540838275611015e-04  2.134886266640176333e-02  3.993271979339293554e-08  3.130953046829015497e-07  5.961239125778874043e-08  8.070029306603075658e-03  8.239532024444651531e-04  5.042445492941752955e-02  2.161945037690266474e-07  4.645677220742583912e-08  3.330514405507284512e-07  2.160278908442046699e-03  -5.993450315275942498e-03  2.077163427146797720e-02  -8.394965959907674534e-08  -1.575874894402388832e-07  4.280709046583416324e-08  2.693421771075405011e-03
-3.477179314619328639e-07  -3.001418858562560325e-09  2.208313822568917437e-02  -5.190832921761160280e-04  -9.184303914879062697e-03  1.337975528738477414e-07  2.531088598169097672e-07  1.777165983929084087e-07  5.143935878814965418e-02  -9.320910363297372505e-05  -2.205740250783658901e-03  -3.376460736472447731e-07  3.790123588305471261e-08  -2.001322855875079648e-07  1.500911227142625454e-02  -3.482382887802166864e-03  -3.320483464648007078e-03  -1.090397047327319529e-07
1.773874089531373333e-08  -7.232096092987455955e-08  -1.919764289528534955e-04  3.940851340181690532e-03  3.969482571951879799e-05  -1.050386091057290111e-07  -1.059687720317373130e-07  3.793739549339792363e-08  -9.319318257845825250e-05  3.913428863754401382e-02  -1.396744856499504352e-04  -7.371100755286780442e-08  7.351197019020333987e-08  -1.473077627620114542e-07  3.320321856618490327e-03  5.617256308115438487e-04  -1.003999466201757531e-03  -2.607934096391829993e-08
-3.961522167856617065e-07  -1.228539040372515746e-07  8.954778691641778615e-03  -5.999263444241109515e-04  -8.229060898819872544e-04  1.382621496976878389e-07  3.774797026095441195e-07  3.469974274864247709e-07  -2.205524935896947553e-03  -1.396491589786079109e-04  3.458554627987080882e-02  -7.762509104667431042e-07  -5.272562007613238315e-08  -1.476958137359394521e-07  3.482510478453771686e-03  -1.479752549640759533e-03  5.614108448183369572e-04  -6.090512553353322083e-08
1.757127707167636444e-04  -7.005127439236500352e-03  6.149273189834891345e-08  -2.908099208935740947e-07  1.997335866239370561e-07  -9.318626259021709022e-04  4.134928119386027819e-04  2.160091253355729459e-03  -3.423210612575288746e-07  -1.299778293438999453e-07  -7.819085781491834347e-07  3.396491268183265966e-02  -2.694038375032926317e-03  -4.945338616545391641e-03  -2.379503747020498679e-08  2.458426676429364109e-07  -2.616981018452248902e-08  9.774842132229660113e-04
2.134811354759392349e-02  6.877539466810331931e-04  1.179377468910300343e-07  2.227606378664904046e-07  2.425037576163762250e-08  -8.069206174578402724e-03  2.077238545722538340e-02  -5.993440050907808403e-03  6.291367576458735504e-08  1.101245190818806276e-07  -3.732519767340293735e-08  -2.694126382705118710e-03  5.042469632497890986e-02  8.219430823449897687e-04  -1.518165608389460400e-07  1.276181503360564438e-11  6.824954321086264730e-08  -2.159390040838967371e-03
-9.160108045160651833e-04  3.633343748094170628e-02  -8.502718817318250815e-08  -7.493441249715556211e-07  -4.972602693171675334e-09  -1.472363855303173309e-03  -1.986801423611491216e-03  2.077148401617242776e-02  -1.703134034136584963e-07  -2.098877865151015382e-07  -1.422520945778866855e-07  -4.945450569065056035e-03  8.219975032971664052e-04  4.310570357676703906e-02  -3.133148921674001293e-07  1.004738470292655698e-06  -8.785838204282847495e-08  -4.175268412520526519e-04
1.222179018922023832e-07  3.488126634944748951e-07  2.208328296577618047e-02  9.183561772350225250e-03  5.193839698502135914e-04  -2.198797788948464446e-07  1.033230794300735941e-07  -4.978786402486436616e-08  1.500907908111503639e-02  3.320396611685112916e-03  3.482397756027189126e-03  -4.099080894012508217e-08  -8.219614582272799877e-08  -2.830496947348994816e-07  5.143847176993609355e-02  2.208099370091442994e-03  9.313544113776166375e-05  4.161453865317741092e-08
4.694273642794744270e-08  -1.007254446589318519e-06  -8.956244175302871535e-03  -8.236237415472094864e-04  -6.007786166817520503e-04  -6.001889660277337489e-07  -1.816941323515619658e-08  -1.347411901278847991e-07  -3.482478813874061250e-03  5.615054812048219865e-04  -1.479789147804704040e-03  2.448883222606342802e-07  -2.332015417701022141e-09  1.017189147055707551e-06  2.207957625843151150e-03  3.458092227432531945e-02  -1.390899577655795559e-04  3.759633677069934905e-07
-4.917144227697724521e-08  1.197777295919401858e-07  1.919580019917934701e-04  3.884956750923104226e-05  3.940457148883011462e-03  9.512816943980117917e-09  1.111245582645227668e-09  -1.198021126212476718e-07  -3.320508805195156871e-03  -1.004010674668114837e-03  5.616342642812752325e-04  -2.259420945827795220e-08  1.248644473783960931e-07  -1.172883841846230081e-07  9.313515678613893073e-05  -1.390965249180828073e-04  3.913431040845986864e-02  2.395332984106164536e-07
7.003785600293851304e-03  -1.709849538550666024e-04  -1.573314769380674962e-07  -7.977370994414029575e-07  -2.607570636458319707e-07  -9.333015127846099003e-04  4.947477274810986939e-03  2.693210637445040464e-03  -9.942042499412796331e-08  5.982749273666480070e-08  -5.837119454754726590e-08  9.773864697314217382e-04  -2.159268468968329226e-03  -4.175493530542948614e-04  2.547375489713453051e-08  3.824818427731704361e-07  2.417792648542361307e-07  3.396886859959380445e-02
