4.341516894113445907e-02  -4.889381276879866626e-04  -3.617815292959773351e-07  1.561860529164352236e-07  -1.611514966496650381e-06  1.468728257665659516e-03  3.611634423323942245e-02  6.555407718868062374e-04  1.333354245649631871e-06  6.868357663003642573e-08  3.789980498795336740e-06  1.692173828709147849e-04  2.121573638907701606e-02  -8.910900365543373376e-04  8.358760372569442832e-08  -1.897279981804841750e-07  -1.302464563933998733e-09  6.982887746509421241e-03
-4.889428476227772194e-04  4.343784284712860766e-02  -1.088796427570046309e-06  -8.133377989798409458e-07  -4.778672010749446692e-07  -1.469710268119697174e-03  -8.858787310946516060e-04  2.121858620489515054e-02  -5.918283075722138215e-08  -2.306507941308563324e-07  2.235496535071802722e-07  -6.990714844672544018e-03  6.545878928226377472e-04  3.609275433285188961e-02  1.475330043824183929e-06  -2.619785183151156026e-06  -1.159806901917348397e-07  -1.704895385041421978e-04
-3.391134277182907298e-07  -1.029735541173050240e-06  5.035174851328725470e-02  -1.921924094642702514e-03  1.923537970132173499e-03  2.050803763763142869e-07  1.611773668469627416e-07  -8.192117666769866778e-08  2.193380554806042410e-02  -1.802819787300874172e-04  8.867041360632937561e-03  5.201922895213064205e-08  6.493100822792489636e-08  1.104395600063789935e-06  2.193275654168758138e-02  -8.866019329771475041e-03  1.803266716717589232e-04  4.891336323299663097e-08
1.512674686846843169e-07  -8.040641843222681358e-07  -1.921891680969933661e-03  3.460871143414410295e-02  -3.493435605612170793e-05  6.324598272275123560e-07  -7.337072050665829531e-08  -2.645676301807704612e-07  -4.832391108769850557e-04  3.896582971443210159e-03  -5.697621222572019995e-04  3.077495090949042236e-07  -5.173514164145794936e-07  9.775122538537874425e-07  9.081032914892227248e-03  -8.786847098671540096e-04  4.012473811797174312e-05  -1.245553851672762668e-06
-1.597513571247846446e-06  -4.830255322704635988e-07  1.923492543360661323e-03  -3.482112881179105828e-05  3.460298877514096649e-02  -6.642346987338624714e-07  1.467310971613942189e-06  4.334357135424500195e-07  -9.080889552497717690e-03  3.984601714625422202e-05  -8.750021753505831702e-04  -9.808560528526794362e-08  4.745920217179752510e-08  -4.422765916025825035e-07  4.838878252519424766e-04  -5.702646218492684899e-04  3.896337173639954563e-03  -5.406233638401168203e-07
1.468726599246027208e-03  -1.469668681444359854e-03  2.676211325813374395e-07  6.478245462831445457e-07  -6.622734574782780608e-07  3.148433969016412037e-02  1.415796882832379231e-03  8.008682812238465329e-03  -3.087155649572969730e-07  -4.246007100834486917e-07  -1.109714299591125480e-07  -9.797967499281931211e-04  -8.007954962903657270e-03  -1.417145211460097559e-03  5.915305439772639598e-07  -1.165438966703001976e-06  -3.025759026234105955e-07  -9.835203462336312725e-04
3.611626574372711618e-02  -8.858178412302058352e-04  1.323953231401047774e-07  -6.893522987016542870e-08  1.463955079403371784e-06  1.415773986673345185e-03  4.332832645552495143e-02  8.090899657765122889e-04  -1.343165005419083648e-06  1.398966889191439905e-07  -3.882875471016907817e-06  3.973527713212160581e-04  2.062266853156001500e-02  -2.043502701486274008e-03  5.049995073342702176e-08  -5.749881879303732900e-07  3.917957904472201902e-07  4.828326835437856887e-03
6.555805488084849933e-04  2.121844044250979083e-02  -1.411477525720825732e-07  -1.861621431067241253e-07  4.016878239895262128e-07  8.008566383954460188e-03  8.090440258922610740e-04  5.053324927388394561e-02  -2.645390286260534131e-07  1.194469263454484847e-07  -7.284969962212961459e-07  2.024056009754126098e-03  -5.946033136774684334e-03  2.062152855585050112e-02  1.095122159127629626e-07  -3.856920389193447215e-07  -8.053878932432769093e-08  2.678498752923070755e-03
1.329883357422521259e-06  -4.857141254408437843e-08  2.193378068441981937e-02  -4.832620273497226205e-04  -9.080728277290971151e-03  -2.922827529613986983e-07  -1.325715890781807502e-06  -2.271482058935398928e-07  5.152397586984174688e-02  -8.837286803314372294e-05  -2.075758846318738644e-03  6.182340740875843775e-07  2.048164857937275872e-07  3.616996795333336234e-07  1.490830310966577595e-02  -3.438704561799353892e-03  -3.284203195067027497e-03  3.611110843968727846e-07
-3.714164223860579413e-08  -1.722925558634989436e-07  -1.801874801011254417e-04  3.896405455618786977e-03  3.983645197103650716e-05  -3.567864644601573637e-07  2.859786448076784284e-08  2.464281611194537377e-07  -8.828946721820501000e-05  3.917369801307062083e-02  -1.348882226756681877e-04  -5.116525105959826305e-08  4.981950139320863737e-08  -1.185781235829705989e-07  3.284183029308696510e-03  5.428051997362409384e-04  -9.931776347905981600e-04  -1.410576963575533335e-07
3.788392559761359187e-06  2.227572708846739937e-07  8.867186659140857338e-03  -5.697870374267833367e-04  -8.750427548066984015e-04  -1.035561929392918414e-07  -3.885277599257676362e-06  -7.346524811583030768e-07  -2.075628209261872522e-03  -1.348213225042348270e-04  3.488366609785074207e-02  1.410521883952176797e-06  3.584227835794316147e-07  9.771758502982500414e-07  3.438452715248557692e-03  -1.440219752311678626e-03  5.432029684393690702e-04  1.158891181498675102e-06
1.692192283691050601e-04  -6.990966920324411665e-03  -1.052613183341236281e-08  3.193373206514601523e-07  -1.054968049640933095e-07  -9.798631470778356757e-04  3.973860709980578626e-04  2.024041768000986018e-03  6.277428878496361694e-07  -8.683003874418543537e-08  1.407299262439119170e-06  3.429811839896076964e-02  -2.678832620011656514e-03  -4.822442816857124177e-03  -4.282372419541200132e-07  8.174760138220967488e-07  -8.115929756944621919e-08  9.388102641297899715e-04
2.121558228342903737e-02  6.546145230633896705e-04  -1.033552031921273052e-07  -5.095374188484238277e-07  4.244672837042498004e-08  -8.007770254397165652e-03  2.062276661835580477e-02  -5.946022397875284395e-03  1.172653092324986268e-07  9.588666622935077663e-08  3.199278701347644071e-07  -2.678979164318702044e-03  5.053505439690956363e-02  8.100704065738274220e-04  -4.349299819677393524e-07  9.758363900323341220e-07  1.190117493861800520e-07  -2.019919446071115603e-03
-8.910859125915357708e-04  3.609247695303914594e-02  1.038437882048333890e-06  9.698181606508269043e-07  -4.480344135154309201e-07  -1.417107898687691670e-03  -2.043484341803432705e-03  2.062141823624182371e-02  3.587781895877161752e-07  -1.822048872833780453e-07  9.783948166574693706e-07  -4.822475061110147003e-03  8.101376709828990701e-04  4.335008512335003505e-02  -1.506655180976727196e-06  2.765074240166290512e-06  -1.152465940977127638e-07  -3.968631262570546819e-04
1.879399642591328979e-07  1.533339057730160517e-06  2.193275176414384922e-02  9.080887199363655085e-03  4.839337438999239500e-04  5.758492592745493419e-07  1.491505063068184330e-07  1.421340382136608577e-07  1.490831607116298828e-02  3.284045333041852102e-03  3.438353370501217275e-03  -4.422785190792789899e-07  -2.550600686395062132e-07  -1.453313152031197475e-06  5.152554387502349814e-02  2.072211087572860440e-03  8.802205103164060206e-05  -9.139438624531482507e-07
-1.887695933256514729e-07  -2.611820082241656730e-06  -8.866135867522472944e-03  -8.786947912988494298e-04  -5.702270390165305397e-04  -1.173144899169152021e-06  -5.732450150867740756e-07  -3.676682006017286502e-07  -3.438772157573116543e-03  5.427409468038679437e-04  -1.440313042580101694e-03  8.155585720656716687e-07  9.441848926161755328e-07  2.764823893867193117e-06  2.072100183196808748e-03  3.489341364120978478e-02  -1.345353100001992830e-04  2.794993535636686583e-06
-1.523789139675221064e-07  -3.376583373774891764e-08  1.804762780727184681e-04  4.024552810756402559e-05  3.896243317737715667e-03  -2.463197967612799132e-07  2.430656728894308527e-07  -5.342913342792442736e-08  -3.284079681165780109e-03  -9.932023273475890264e-04  5.434567749559248394e-04  -4.846919100839563187e-08  -1.537580904990202974e-08  -1.855222154869431520e-08  8.814564148036442310e-05  -1.344900703203583093e-04  3.917367011088219997e-02  1.418397985974694727e-07
6.982902243772879519e-03  -1.704787147056681591e-04  1.128391929435196122e-07  -1.229583178047264879e-06  -5.456345901624201792e-07  -9.835733079085217691e-04  4.828291598672432121e-03  2.678372030238213020e-03  3.491993187286042858e-07  -1.333618583852494452e-07  1.154529206103603545e-06  9.387974642216799807e-04  -2.019770404535764854e-03  -3.968478435277644333e-04  -9.318544501093229082e-07  2.797144815872008893e-06  1.704658128615391464e-07  3.430954022611124726e-02
