4.451689741208145895e-02  -3.584673509044038501e-04  -4.137257615088291705e-07  -1.725352720418253853e-07  3.624203587663545020e-07  1.165764629511788957e-03  3.502708024151786337e-02  5.354668081050982043e-04  4.058374169842226749e-07  -5.617837416620506494e-08  9.236986112758922728e-07  1.201888578793842657e-04  2.060354518042906147e-02  -7.595277633603281491e-04  -6.690154981659503431e-08  1.285299175294271607e-07  1.105398652662351567e-07  6.888005397470839224e-03
-3.584743380416237292e-04  4.451212548140839192e-02  1.984799508233479391e-07  1.092549247251838507e-06  -3.199973614699337891e-07  -1.165936659354026034e-03  -7.604367208720949492e-04  2.060297459351702679e-02  9.050961301358093606e-08  1.037993783293417458e-07  1.656772942505546119e-07  -6.886244999068039802e-03  5.355136150746055536e-04  3.503212072272251371e-02  2.290319405205224485e-08  -7.978446130300989526e-07  1.869445082548019443e-09  -1.201589950477231159e-04
-4.698972646265354682e-07  3.043859852533229196e-07  5.091386877633918145e-02  -1.477188762616407462e-03  1.476483233362269401e-03  2.333696817268038852e-07  4.648377427545756882e-07  -3.413231479460327377e-08  2.124076806231315132e-02  -1.347746975587729994e-04  8.460032341091588276e-03  6.932193837936970244e-08  -9.122631240012877490e-08  -2.535260233864722757e-07  2.124089538700653715e-02  -8.459903607226731959e-03  1.347855608209256467e-04  -2.738032838853538569e-07
-3.190416737388215872e-08  1.104320020039961689e-06  -1.477151554496157438e-03  3.580361407858177053e-02  -6.036717874276672285e-07  4.578001972183913615e-07  1.269102825294800109e-07  9.761939807915889165e-08  -3.517028964123212857e-04  3.673329715795287977e-03  -4.520440779277670198e-04  -4.589927087847146014e-07  4.354472473985693722e-08  -9.397306187475469985e-07  8.617700291800334603e-03  -1.059026208696245636e-03  3.787851905408679953e-05  5.552255147677438429e-08
4.275116492757443175e-07  -1.243010709076588920e-07  1.476401406512198268e-03  -5.795320521446572737e-07  3.580537384738757128e-02  -4.763858677204976952e-07  -5.581183974640299861e-07  -3.765814898769270720e-08  -8.617472535440524536e-03  3.794987312754997537e-05  -1.059296098128771754e-03  5.617499354701157133e-07  2.643427881045534576e-07  3.129802646444621911e-09  3.514903424869266608e-04  -4.517883263376388289e-04  3.673255912707783753e-03  2.456200738792053747e-07
1.165772091983372340e-03  -1.165917072645298019e-03  2.341045492668534909e-07  4.964822799959629566e-07  -5.104886326091779177e-07  3.331830683837064960e-02  1.174405279444887696e-03  7.710558835309432035e-03  7.538703441017139304e-08  -1.388875657486073511e-07  6.750448607475423522e-07  -1.159042281902254680e-03  -7.710704106359482501e-03  -1.174051938523300699e-03  3.824552580946550868e-08  3.092847351272398282e-09  -1.671004633432177166e-07  -1.158539676544360344e-03
3.502704154752335486e-02  -7.604346391164796192e-04  5.422344418147545019e-07  -1.108087497804192976e-08  -5.437781433381908245e-07  1.174414960795128063e-03  4.436685815332055971e-02  7.453246289347483650e-04  -5.536078198771194203e-07  5.384772550045671323e-09  -6.680481017720882099e-07  3.496802362998235121e-04  1.995896640805730829e-02  -2.297765479578948392e-03  1.040010584217282858e-07  -1.838234351727137575e-07  4.149978250610254104e-08  4.328841721316795295e-03
5.353186063730947615e-04  2.060291373450975558e-02  -1.090545338894507222e-07  7.256624867048709005e-08  -2.014058312879738042e-07  7.710497456758210431e-03  7.451983684995495353e-04  5.096089093912590379e-02  2.578095720284990452e-07  -4.492384173225973283e-09  5.585053851626812315e-07  1.508226273611832507e-03  -5.745342532080640469e-03  1.995923612499673691e-02  -2.268487177731569317e-08  -7.710923453900010619e-08  -4.297926665043018393e-08  2.602011580417040813e-03
4.752273649674214435e-07  9.613722257860719428e-08  2.124073500988859706e-02  -3.517416852917978963e-04  -8.617402100666216383e-03  5.182005604334319352e-08  -4.490152151037076833e-07  2.053652241332022885e-07  5.185135906506565390e-02  -6.985184823501874299e-05  -1.577811409235675005e-03  -4.478705840957840743e-07  1.272169520452744254e-08  -4.295082305707976204e-08  1.444111748341349311e-02  -3.242058203813214922e-03  -3.115435849441566298e-03  1.331614664764514602e-07
-7.558752707899279022e-08  5.034389867680716240e-08  -1.348846594116487026e-04  3.673352704212528956e-03  3.794559827853079872e-05  -1.204677198301034621e-07  -6.908808657913867117e-09  -1.697924608176000251e-08  -6.992353808658666864e-05  3.933335678655493217e-02  -1.151244370375290412e-04  8.401264697753196396e-08  5.985736903409778088e-08  -1.174612339899307078e-07  3.115492543752449838e-03  4.692969110476114436e-04  -9.403674500716060732e-04  1.580088474691013217e-08
8.489228070800542210e-07  3.165965684095593896e-08  8.460079543692567219e-03  -4.520358122226799465e-04  -1.059285372742852947e-03  6.690220036340116300e-07  -7.571596195529749571e-07  4.320443311687301645e-07  -1.577738935713854027e-03  -1.151317366833997269e-04  3.603382093422104193e-02  -1.610714072248715240e-06  -5.672323711847988217e-08  4.039233355834055965e-08  3.242098570457642610e-03  -1.281356795357461737e-03  4.693136359937203727e-04  1.859126782274008195e-07
1.202204383325822105e-04  -6.886221435293993220e-03  6.497981542286828905e-08  -3.918157063839901162e-07  7.130473662102652055e-07  -1.158993565317019848e-03  3.497308557318899985e-04  1.508196718914260430e-03  -5.470936868098812230e-07  1.385858654919156623e-07  -1.648085142319378050e-06  3.560256733478603386e-02  -2.601999737134235401e-03  -4.329913734886540848e-03  -1.033191513970069815e-07  2.395229626555864691e-07  1.017942522361560207e-07  7.530259076833243845e-04
2.060352161148394298e-02  5.354025570597923181e-04  -3.541933868918149153e-09  -8.830632862749574059e-08  3.084685781241533104e-07  -7.710684001540034360e-03  1.995900790635185204e-02  -5.745366981180167511e-03  -7.567773744270702080e-08  6.443953890541906557e-08  -7.801767608494103982e-10  -2.602005082678242407e-03  5.096040931981287575e-02  7.451767425903090773e-04  8.628865329328528820e-08  -2.199001989946518713e-07  -5.170337518315803724e-08  -1.509194292495477218e-03
-7.595504551997356562e-04  3.503208827397251424e-02  -3.048516205700713122e-07  -9.362798336387183692e-07  -1.957394243199108507e-07  -1.173995004106182568e-03  -2.297754508476166063e-03  1.995930398341384457e-02  3.734715364419661036e-08  -9.513154003880932256e-08  1.806512094743237444e-07  -4.329845898370897339e-03  7.452574911912195716e-04  4.436222035349694087e-02  -1.488246024224572521e-08  6.335625972604257993e-07  1.022155440812952515e-08  -3.498924375507255543e-04
-5.373056212030536586e-08  7.475970858106117594e-08  2.124090719074026370e-02  8.617697096223527961e-03  3.515030998495942221e-04  -3.649604956922990754e-09  6.405163395457573322e-08  -1.453798857428972495e-09  1.444115877622550309e-02  3.115569533523004312e-03  3.242061949560113773e-03  -1.093224906036005571e-07  4.880839649096584937e-08  -5.529346504530665766e-09  5.185122630915701969e-02  1.577786069305774520e-03  7.004261643052606730e-05  1.968434918075392342e-07
1.777178154092496272e-07  -7.404473521325389172e-07  -8.459930873979937954e-03  -1.058998345349111301e-03  -4.517973964894372949e-04  7.685155342362027355e-09  -1.671373369965444509e-07  -5.040059772787899256e-08  -3.242095880526999797e-03  4.693176135418034825e-04  -1.281333592109558600e-03  2.195450338425444258e-07  -1.928842849796309984e-07  6.863756123889675350e-07  1.577784251783164674e-03  3.603384674800625548e-02  -1.152955128879981715e-04  -5.969715407555441304e-07
1.577885364927425394e-09  9.213769843645604400e-09  1.347025906494186693e-04  3.786427331740066250e-05  3.673299474057100528e-03  -1.856275705887674945e-07  2.331931131938089489e-08  -5.396890498536913824e-08  -3.115510677298876426e-03  -9.403664407833367935e-04  4.692835059448408454e-04  6.773524095992707452e-08  -7.320500363650040386e-08  3.543374714036112851e-10  6.997733644808560292e-05  -1.152963591181706819e-04  3.933339995316707804e-02  -3.913894617212631292e-08
6.887878919340545587e-03  -1.200296231161049912e-04  -2.841012321136996994e-07  4.086969779926663587e-08  2.694525870452102593e-07  -1.158507414274146264e-03  4.328793035436958106e-03  2.602127027458788367e-03  9.515277044772232400e-08  1.703345582660074291e-08  2.033072176088831242e-07  7.529690021995125247e-04  -1.509228045350363917e-03  -3.498140374811464911e-04  1.851372189317329552e-07  -5.982413940978959021e-07  -8.123985333614494670e-08  3.559993460645086150e-02
