1.010000000000000009e+00 1.517065450889607068e-03 -2.992845894141760590e-10 3.224798622784978003e-02 3.062254339417241173e-10 5.672841381576709981e-04 -1.721975438592067136e-10 -4.179348514344241074e-03 1.401116565510076704e-10 -4.247637968228420145e-04 -2.316257880037339102e-11 3.002158803340564640e-04 1.551271907424124664e-10 
1.020000000000000018e+00 1.776415130705429708e-03 9.023544742599820669e-10 4.055949797565742282e-02 -4.873153433762907521e-10 4.784710924306267987e-04 -1.174167278137489032e-10 -5.773400437072877603e-03 6.291225966322505063e-11 -6.565085959813794650e-04 -1.851324605815720349e-11 1.056425125772644628e-03 -2.258076816719441883e-10 
1.030000000000000027e+00 1.946246795575205975e-03 -8.595396661283167155e-10 4.776027122974380035e-02 5.572658988705746390e-10 3.988980175718711109e-04 5.901178042426907842e-10 -7.190218982618239336e-03 5.493600676184210832e-11 -8.952286792609678683e-04 -1.491012479294870702e-10 1.793830729555333627e-03 -3.360130168590440695e-10 
1.040000000000000036e+00 2.061897068597211714e-03 -2.696534178204567673e-10 5.408046909907271438e-02 -3.410737029202555657e-10 3.398507402108698057e-04 2.897535311349834268e-10 -8.418461936593962455e-03 -3.068441512697957835e-11 -1.131654627546630279e-03 -7.466235792447880569e-11 2.465118096036624049e-03 -6.258220628256572350e-11 
1.050000000000000044e+00 2.139100909987334733e-03 7.186654420483563619e-10 5.960832867793412759e-02 -5.573360020450736052e-10 2.943565701103281534e-04 3.485690565652112871e-11 -9.468868307065841580e-03 8.226337358988248689e-11 -1.357389266528847682e-03 3.662718708142615887e-11 3.079322680475131760e-03 -2.083211034819700264e-10 
1.060000000000000053e+00 2.207857387586664721e-03 -4.018269162788098077e-10 6.539562734943205058e-02 3.387318835089804232e-10 2.544189579239606561e-04 5.083320189077961543e-11 -1.054093002944998456e-02 -6.156273958232724425e-11 -1.612067528150268759e-03 7.160434960627587798e-11 3.726793478437181312e-03 -1.535598315704820765e-11 
1.070000000000000062e+00 2.268572638048603051e-03 2.494033701626631608e-10 7.155664329871658236e-02 -1.301492556370525497e-09 2.164079449591744435e-04 -2.792369083228413895e-11 -1.166150482791446057e-02 9.250344944689431454e-11 -1.902279591184801626e-03 -3.243833814651606251e-11 4.429865431856711694e-03 9.449589888298376170e-12 
1.080000000000000071e+00 2.316881165978908804e-03 -2.233681303074081228e-10 7.797526362705815839e-02 -6.436877542586395881e-10 1.789229154603707368e-04 5.099011290364126882e-10 -1.281240741610066396e-02 -4.332658304980628857e-11 -2.223414494198794680e-03 -9.875023446949484355e-11 5.187825273258483624e-03 -4.957241110474094141e-10 
1.090000000000000080e+00 2.350099672488703204e-03 -3.858629164338758792e-10 8.455370629070610433e-02 9.171078840125122376e-10 1.415146719556547206e-04 -4.944087489634462137e-11 -1.397709816131520802e-02 -2.323102749000703336e-10 -2.570143960980333063e-03 2.874272384155720031e-10 5.997282630146421635e-03 1.226771268910243688e-10 
1.100000000000000089e+00 2.366941733660126151e-03 1.639887131015376553e-10 9.121768417227651971e-02 6.428352565890995450e-12 1.042260291690981142e-04 2.561788810138072935e-11 -1.514243813504006185e-02 1.798781897896710850e-10 -2.937171728845339256e-03 -2.724857791528468282e-10 6.853932146474489735e-03 2.240107242121882754e-11 
1.110000000000000098e+00 2.367091384444800634e-03 5.008843695956272345e-10 9.791271822842613493e-02 -6.166843351501949691e-10 6.735057422902816196e-05 4.380806438216618095e-10 -1.629849249053569316e-02 1.225644789141993422e-10 -3.319516891900425697e-03 1.701884111430518942e-10 7.753279791413771396e-03 -7.558058557456244592e-12 
1.120000000000000107e+00 2.350859788247585107e-03 7.533864563263489032e-10 1.045997992733749549e-01 -7.321585552437297573e-10 3.128234989211680207e-05 -3.747461966318248758e-10 -1.743797298432423273e-02 2.369759210684545300e-10 -3.712633714370045229e-03 -9.302152684297105855e-11 8.690983853540022730e-03 -3.495360426684386481e-10 
1.129999999999999893e+00 2.318992273099236990e-03 -3.460010137772739408e-10 1.112515481470851969e-01 -4.715427669731961513e-10 -3.540321098562273063e-06 -7.796313998297580686e-11 -1.855569095860950743e-02 -1.059996626903835583e-10 -4.112468672191954208e-03 3.268854177074035729e-11 9.663013252214643078e-03 -1.829003017959592965e-10 
1.140000000000000124e+00 2.272403507000467313e-03 -3.952214441491843884e-10 1.178489367371809565e-01 1.111596062847222663e-09 -3.671852590001012753e-05 -5.049790808528851300e-10 -1.964799318552966009e-02 -2.766946399327054382e-10 -4.515424754556537565e-03 -1.650085775128968607e-10 1.066564664990780203e-02 7.328326060568052936e-10 
1.149999999999999911e+00 2.212173381065433986e-03 -3.391561029683832192e-10 1.243790552322114468e-01 5.887039169035236499e-10 -6.786529379790507332e-05 -1.257540539177187479e-10 -2.071241194679616926e-02 2.866445930794841601e-10 -4.918343344629661114e-03 1.969391127711509635e-11 1.169552270042627760e-02 1.353754949070278387e-10 
1.159999999999999920e+00 2.139397558285553117e-03 1.234711341503338562e-10 1.308332367944061436e-01 1.274223819106386732e-10 -9.664569851255105763e-05 -1.090501262234462690e-10 -2.174731279365582637e-02 -7.954304265366693146e-11 -5.318446479123146650e-03 -4.757068945973342055e-11 1.274955844991319982e-02 6.218740363773735705e-11 
1.169999999999999929e+00 2.055141918046054020e-03 -5.281667059941150189e-10 1.372057704732823624e-01 8.287895130951868897e-10 -1.227805532742785649e-04 -3.877473228608437847e-10 -2.275168930795425787e-02 2.588140505199897611e-11 -5.713301130634694525e-03 -1.853302127478066496e-10 1.382494795155024200e-02 -5.523928478885692276e-11 
1.179999999999999938e+00 1.960520153196630179e-03 4.387236081523408971e-10 1.434933349201215624e-01 -5.228277540789623784e-10 -1.459957065286944370e-04 2.607898727036995194e-10 -2.372500079607720719e-02 2.561367257613692926e-10 -6.100786748969476252e-03 5.168969942464128294e-11 1.491913419050372967e-02 -9.359544496772198882e-10 
1.189999999999999947e+00 1.856511144778888889e-03 -8.717489408299706894e-11 1.496939172217205405e-01 2.521825912390119816e-10 -1.661107527086621303e-04 8.926636977695210620e-10 -2.466705224128709628e-02 1.498073472784203840e-10 -6.479035710732795710e-03 -3.988855897849721304e-11 1.602976856348681950e-02 -4.908859030546076893e-10 
1.199999999999999956e+00 1.744070452272305019e-03 5.025421008554978494e-10 1.558067140464467482e-01 -1.159121219438537296e-12 -1.829584197483314354e-04 4.028702468007037764e-10 -2.557787624736680698e-02 -1.462569306359533016e-10 -6.846426447406629180e-03 6.522198078012708303e-10 1.715469273221026381e-02 -2.794054678442079914e-10 
1.209999999999999964e+00 1.624123415116940708e-03 -5.422606570250284769e-10 1.618316965460634693e-01 6.200788920457950963e-10 -1.963937201268070912e-04 2.133141587404280497e-10 -2.645772082228391858e-02 -1.892029350719124696e-10 -7.201552447682182945e-03 3.772367330524364544e-10 1.829191958279499305e-02 -4.466641423325310381e-11 
1.219999999999999973e+00 1.497474671421427294e-03 2.449552088755117154e-10 1.677693603550595158e-01 1.994304926624104249e-10 -2.063370625997049200e-04 -2.967457320714935058e-10 -2.730695375703640765e-02 -1.910478540674890368e-10 -7.543184637001523231e-03 1.738274988551072889e-10 1.943962407597131514e-02 -1.660063006030336533e-10 
1.229999999999999982e+00 1.364932877352819426e-03 -2.949525375291471898e-10 1.736205728247066093e-01 2.115499585292949836e-10 -2.127056381266777913e-04 -2.350781505027564366e-11 -2.812605059173638872e-02 2.005439399583781709e-10 -7.870266872316287673e-03 -3.446130592838636754e-10 2.059611219837629431e-02 -7.297505274958063085e-10 
1.239999999999999991e+00 1.227201611359993476e-03 -4.042002485484022364e-10 1.793865741497933097e-01 1.445494976680043553e-10 -2.154529341120008947e-04 3.297681234142460775e-10 -2.891556133090254430e-02 -1.929756155451304777e-10 -8.181891417212554599e-03 5.556019713722994726e-10 2.175983976315031335e-02 -5.085322652998677154e-10 
1.250000000000000000e+00 1.084941398311218934e-03 3.958877835061346356e-10 1.850686822018827449e-01 -1.300266920612879239e-09 -2.145600140404333724e-04 -1.210762023251065394e-10 -2.967609330747569135e-02 -1.215223112803913061e-10 -8.477284919574553518e-03 3.585268727636094615e-10 2.292933236408731604e-02 -4.962045106209130282e-10 
1.260000000000000009e+00 9.387909126289612285e-04 6.794189677838276852e-11 1.906684007100095390e-01 -8.071031322795250168e-10 -2.100147886497187306e-04 -6.471372894367323185e-10 -3.040828856625532248e-02 -1.127392560157475415e-10 -8.755788530904178718e-03 4.967808241422529640e-10 2.410327767483008005e-02 6.162467216438174492e-10 
1.270000000000000018e+00 7.893018996781525718e-04 5.672974541514916011e-10 1.961873450982400957e-01 -1.041611101130230041e-09 -2.018308087395423054e-04 -4.670699555326830427e-10 -3.111281382055489098e-02 4.845665944573074206e-10 -9.016856397605195472e-03 -2.727985417761244744e-10 2.528043751865268959e-02 -3.159422044578046117e-10 
1.280000000000000027e+00 6.369912344105889759e-04 -4.035543037168845832e-10 2.016270993236994602e-01 8.374843086067218493e-10 -1.900337920375739695e-04 1.058955396506966052e-11 -3.179036649143636428e-02 9.870819049214281812e-11 -9.260033286458474108e-03 -2.954861093434974138e-11 2.645965489684300523e-02 9.629600542172597061e-11 
1.290000000000000036e+00 4.823470912908935137e-04 3.166808424794184705e-10 2.069892728281851058e-01 -8.173799415799633245e-10 -1.746651269363533646e-04 -8.372178611146600588e-11 -3.244163100862923477e-02 -1.056454988588511261e-11 -9.484954723670021778e-03 3.790016920841660966e-10 2.763986857951193643e-02 -9.832943632857719180e-10 
1.300000000000000044e+00 3.258082233760863674e-04 -3.291326464407381357e-10 2.122755766390284904e-01 2.116385158135467191e-10 -1.557654361876100488e-04 2.627568739035115247e-10 -3.306731041361263279e-02 -1.871423544626005908e-10 -9.691330067587895086e-03 -6.166826986917486089e-11 2.882010531405309120e-02 -7.158667037205467391e-10 
1.310000000000000053e+00 1.677696855950344787e-04 -1.465170225582132220e-10 2.174876485126892578e-01 5.770753332375731477e-10 -1.333981875553152041e-04 7.867047516338112122e-10 -3.366811252728821313e-02 2.830829655386367946e-10 -9.878941028286966977e-03 -9.185104990254754829e-11 2.999945053861448330e-02 -8.318787898953528768e-10 
1.320000000000000062e+00 8.615045967574315531e-06 -2.701550296606897512e-10 2.226270351294371563e-01 8.609467011908504575e-10 -1.076221798256414997e-04 -9.235371412893895718e-11 -3.424472048806755098e-02 -3.638021464142802505e-11 -1.004763229509953067e-02 -7.139381525740875772e-10 3.117705938148540926e-02 1.279719322505357166e-10 
1.330000000000000071e+00 -1.513145363755265629e-04 1.498438417290519539e-10 2.276953947299405201e-01 -1.192824525866580174e-10 -7.851614686699619021e-05 1.327370187616292077e-09 -3.479782965218680690e-02 1.353426191511010447e-10 -1.019729702990385990e-02 1.118193224656684515e-09 3.235215976525274151e-02 -1.258411090843255520e-09 
1.340000000000000080e+00 -3.117230824982760839e-04 1.969260454016952133e-10 2.326942558397140370e-01 -1.282110279791118116e-09 -4.615113850138841708e-05 -9.921576620147981284e-11 -3.532812061946080662e-02 -3.457561718871281977e-10 -1.032788470427536791e-02 -1.851789391456580164e-10 3.352402446957445520e-02 1.094872171019052045e-10 
1.350000000000000089e+00 -4.722943040182159854e-04 -4.180243282870897677e-10 2.376251444277838742e-01 1.011948670931919747e-09 -1.060874312488320201e-05 8.950810380182328874e-10 -3.583625813038028574e-02 3.888087476448287434e-11 -1.043939828211071230e-02 1.383531225995588853e-10 3.469199170460122994e-02 -3.871306896442584756e-10 
1.359999999999999876e+00 -6.328107641547111141e-04 2.790730689470813076e-10 2.424895227372283468e-01 5.204232047097269747e-10 2.802303610926438148e-05 2.422654804241928058e-10 -3.632289001411297125e-02 8.338375363240760118e-11 -1.053186230006654053e-02 -3.885981106074508059e-12 3.585544381284926779e-02 -5.212164790641064724e-10 
1.370000000000000107e+00 -7.929962219719380312e-04 8.271670775834108327e-11 2.472888838956554258e-01 -5.596624241760255979e-10 6.965874881589212214e-05 5.130549026458887827e-10 -3.678866521492724084e-02 -6.320379583000554954e-11 -1.060535312994371517e-02 -2.909351794313354191e-10 3.701381481903243120e-02 -5.997187232004898566e-10 
1.379999999999999893e+00 -9.526702098164433787e-04 1.412455151909889523e-10 2.520246225462648426e-01 4.541415201978952004e-10 1.142039531342340183e-04 -2.899674471903797161e-10 -3.723421416431239861e-02 -9.771425284857477629e-11 -1.065996684934266900e-02 -6.517344900529228363e-10 3.816659806334434663e-02 2.702193658610828041e-10 
1.390000000000000124e+00 -1.111591646669565867e-03 4.218083581049247691e-10 2.566980416582253510e-01 -1.777105195640517150e-10 1.615705306282136638e-04 4.722456254645656724e-10 -3.766015194464757132e-02 2.002894185662793565e-11 -1.069584405260748210e-02 -1.599833763367162859e-10 3.931330168674644632e-02 1.620125389402181838e-12 
1.399999999999999911e+00 -1.269619843076569971e-03 3.619818508394852296e-10 2.613105870223673688e-01 -1.255912512364201380e-09 2.116602675277024003e-04 1.639184616417804064e-10 -3.806706591226315106e-02 -1.555987322525547613e-10 -1.071313516055338866e-02 -1.569069161721784015e-11 4.045348943115346929e-02 -1.657035375724065541e-10 
1.410000000000000142e+00 -1.426568076436398030e-03 -5.103852177275529177e-10 2.658634263069469261e-01 1.753362691347481376e-09 2.643961965959855517e-04 -1.195147488423786446e-10 -3.845555618356277100e-02 -3.727592524539635139e-10 -1.071201889392354133e-02 1.382587421022178944e-10 4.158674948243084452e-02 -3.672489278964314555e-10 
1.419999999999999929e+00 -1.582296045949289475e-03 2.732746029484918039e-10 2.703579267759409488e-01 8.880840427083631405e-10 3.196677144095780320e-04 1.061112769436454415e-10 -3.882617762082099522e-02 2.371700305688151924e-10 -1.069270053234686740e-02 -2.103120672926336559e-10 4.271271830177261059e-02 5.111464880108251339e-10 
1.429999999999999938e+00 -1.736654642523536999e-03 4.507275377369643372e-10 2.747951640953850694e-01 -9.741431755408550291e-10 3.773869164924866740e-04 4.540194742085333114e-10 -3.917949911536256630e-02 -8.913819134368396533e-11 -1.065539227580707647e-02 1.462149559671292607e-10 4.383106532907440900e-02 -1.363392930413478644e-09 
1.439999999999999947e+00 -1.889535084865595583e-03 4.594120506032810711e-10 2.791764495794321621e-01 -1.629957339864408103e-09 4.374582789313364141e-04 4.692250292050772906e-10 -3.951604917026210056e-02 3.532374071820674892e-10 -1.060032685537210667e-02 5.316184638149606410e-10 4.494148246599786317e-02 -3.436435795228984437e-10 
1.449999999999999956e+00 -2.040832820473883081e-03 3.798717165259252440e-10 2.835028690309817079e-01 -9.388889728508939186e-10 4.997937735834898044e-04 4.164185783189646067e-10 -3.983634965258925353e-02 -7.289222628578987938e-11 -1.052775108116442079e-02 -6.068343585902628067e-10 4.604368387446180350e-02 -3.400854061859581208e-10 
1.459999999999999964e+00 -2.190453513685949438e-03 -1.810595703021650874e-10 2.877754921399467980e-01 1.113579894376629910e-09 5.642960722108391345e-04 5.918614501990237999e-10 -4.014091001355324373e-02 -9.558910605941141115e-11 -1.043792550631521959e-02 3.213455293225445829e-10 4.713740568476929016e-02 -4.027114462662534827e-10 
1.469999999999999973e+00 -2.338268042784190804e-03 2.557332921997626888e-10 2.919954683013179508e-01 -1.007404615975819632e-09 6.308854244372133230e-04 2.323676199311658977e-10 -4.043023906073549972e-02 5.402242284366952778e-10 -1.033111428017177008e-02 6.813035564411129575e-10 4.822245359600255132e-02 -5.683206291053049805e-10 
1.479999999999999982e+00 -2.484250952725186850e-03 -2.638274937946530553e-10 2.961638215035979904e-01 2.794542022546479498e-10 6.994611622909276214e-04 1.482024322425196340e-10 -4.070480435977660849e-02 -2.881421955286473621e-10 -1.020759053921697565e-02 -6.826443833179713143e-11 4.929859273402605047e-02 6.160159155771848241e-10 
1.489999999999999991e+00 -2.628308936632378634e-03 1.495508309719902021e-10 3.002815231018201025e-01 -4.617463565157141006e-10 7.699314374727170805e-04 6.547892847579372412e-11 -4.096507477355784688e-02 -4.448073114399592137e-10 -1.006764722668756357e-02 -6.339232595935999239e-10 5.036565301548023843e-02 3.795872544929868328e-10 
1.500000000000000000e+00 -2.770385593967402815e-03 -8.787891653811657564e-11 3.043496005345060484e-01 2.053746323520101178e-10 8.422252654901663579e-04 2.682401647826243869e-10 -4.121150677911439297e-02 4.550245044997704140e-11 -9.911564821318311416e-03 -4.128791393883966344e-10 5.142346742611529631e-02 -1.736415266717002255e-10 
