4.410100250888150664e-02  -4.048018865017181055e-04  -9.849647176227482693e-07  6.277642505233028999e-08  2.661261366458461745e-06  1.276624647517845840e-03  3.545121750035647862e-02  5.789957435566872590e-04  2.950258669640423974e-07  -4.477074848672470929e-08  -1.044863931150896239e-06  1.370520501453315195e-04  2.084094003539485249e-02  -8.092073850026201094e-04  -3.345616928619359058e-07  2.067393066144378662e-07  2.193004552517431627e-07  6.929318829408424169e-03
-4.048007012030656370e-04  4.409494479646151877e-02  3.271453457279308137e-07  8.177043990880698198e-07  2.836826159192940885e-07  -1.272818122308932726e-03  -8.117748568515064387e-04  2.084073082974810184e-02  7.446276368624537831e-08  1.496371605779575558e-07  -7.481763097347323775e-11  -6.927195548871100186e-03  5.791933172916790239e-04  3.545730387731114985e-02  7.623770737227952349e-09  -5.816398435985924385e-07  7.700011217094600294e-08  -1.397660394059581140e-04
-9.060771183517545707e-07  1.301534573395043091e-07  5.071415361121357768e-02  -1.634324767093508005e-03  1.634025907762182150e-03  -1.672947069381781219e-07  9.340559454600886517e-07  2.964099704843856135e-08  2.150855419488201942e-02  -1.506679653591870376e-04  8.617054973350694175e-03  1.408375722918088485e-09  -5.993513273565979058e-08  -3.963429556807572428e-07  2.150864204897684137e-02  -8.617400642424286397e-03  1.509392983006646323e-04  -2.658907768850895187e-07
7.606527388091460680e-08  8.128929978407075047e-07  -1.634267925541243701e-03  3.538057745795697429e-02  -1.119961019470460501e-05  -2.368178993221209928e-07  1.566865407543662237e-07  1.125364940702832351e-07  -3.971085671273233680e-04  3.761791040543347332e-03  -4.936176132226489975e-04  -5.428740919309021862e-07  1.169236202801421117e-07  -8.659084431772499750e-07  8.794217882021808028e-03  -9.982149014672099963e-04  3.937359733566477476e-05  6.283541363277416708e-07
2.680697087857458372e-06  2.475955050919782159e-07  1.634008498761272028e-03  -1.114575105248633919e-05  3.538046274449154621e-02  5.273804309929152873e-07  -2.600192698865216718e-06  -1.114263587260056997e-07  -8.794187134717886337e-03  3.901587436688776998e-05  -9.981565340721849575e-04  -4.049086306704852852e-07  1.763245816548634337e-07  5.556495135460017353e-07  3.974847308486498059e-04  -4.941074735099903635e-04  3.761900519541649598e-03  8.101120493480675043e-07
1.276641012933300064e-03  -1.272821528562241436e-03  -1.032851692003412442e-07  -2.586299410136845897e-07  5.354100678311400477e-07  3.266552965759323551e-02  1.259413900667798831e-03  7.828740692892304995e-03  1.960705294528274876e-08  -6.512862802517104079e-08  -3.354595875956065147e-07  -1.101726042456773478e-03  -7.828444712521455406e-03  -1.262462418808243947e-03  -1.598212707211752190e-07  4.756750539121286830e-07  2.438054972843753852e-08  -1.100500786896811949e-03
3.545116865198885692e-02  -8.117666506305316627e-04  8.646637644364916522e-07  1.438646829845886190e-07  -2.629340149296241537e-06  1.259391062969341009e-03  4.397320580352994529e-02  7.686189614213171165e-04  -2.158537395226327764e-07  4.914694901824783948e-08  1.015748598869172241e-06  3.696834962015362307e-04  2.021213756664412206e-02  -2.198624665953856014e-03  1.540903315831700958e-07  -2.673568649875814280e-07  -2.823327738620454033e-07  4.513356078753383641e-03
5.789692456586471034e-04  2.084067330757121903e-02  1.751278357685791032e-07  1.287628360543126661e-07  -7.314742927310350703e-08  7.828634987665072237e-03  7.685558594105952905e-04  5.080902995291989438e-02  -9.238064081789901368e-08  -1.856520284032644678e-07  -4.249860743162246582e-08  1.686572694766239229e-03  -5.819745602209372946e-03  2.021179966385658680e-02  6.012165999334558818e-08  1.275532116565927812e-09  -2.790885697356103061e-08  2.633128981828720093e-03
2.822305206612214343e-07  1.205581021719426452e-07  2.150837413683653540e-02  -3.971110947608718516e-04  -8.794082632086353685e-03  2.020004037871930490e-09  -2.525860651727689201e-07  -6.497481803218055451e-08  5.173617632983712467e-02  -7.651801219455964048e-05  -1.751755346883336097e-03  5.583012943828288741e-08  -2.830988306109949988e-09  -2.032344969231713206e-08  1.462174699657341204e-02  -3.316855015934301251e-03  -3.180584106556637401e-03  8.686633284688953900e-08
4.856186316636276764e-09  1.432103384695230468e-07  -1.506480269238917439e-04  3.761827697728415982e-03  3.918374120550065665e-05  -2.231578699047166786e-08  1.442098338950321887e-08  -1.683793511824543424e-07  -7.644967805886747597e-05  3.927579448323854916e-02  -1.224357973418630560e-04  4.036986696741167671e-07  1.031430580925129760e-08  -1.181844233152189509e-08  3.180678634939274052e-03  4.959936908451830547e-04  -9.612972545857642083e-04  5.820101218245613457e-08
-1.039097270216946503e-06  4.091460777507529467e-09  8.617089160380116825e-03  -4.936008620064541354e-04  -9.981608855494776035e-04  -3.370596594584971964e-07  1.013472946511424757e-06  -5.260947990905301923e-08  -1.751679128169257669e-03  -1.224909148650925924e-04  3.563009845995424030e-02  3.920381961068340712e-07  -5.219632815356251888e-08  -2.757668811206030942e-07  3.316990714609487599e-03  -1.339139219274905132e-03  4.960001286746717423e-04  -2.560883374111686008e-07
1.370779326541851531e-04  -6.927177680131554015e-03  -4.653485608532063605e-08  -5.272515240469144376e-07  -3.936367178930523784e-07  -1.101682175192137585e-03  3.697143557636785446e-04  1.686540984883280444e-03  5.704750468778074403e-08  4.220820852208782649e-07  4.126325921246392989e-07  3.514573959239102735e-02  -2.633425470726346793e-03  -4.514791640675357154e-03  -2.453357417231244488e-08  1.838093029895061773e-07  -2.720793328882738869e-08  8.222431654825628281e-04
2.084084035711025740e-02  5.792169535915697677e-04  -1.396157702822333471e-07  1.129941950859428399e-07  1.325619430963103174e-07  -7.828343991981418643e-03  2.021217918868765950e-02  -5.819736826211794993e-03  2.167645682940833711e-08  2.322377731491830179e-09  -4.165671824231643583e-08  -2.633428774095820154e-03  5.080826370558539501e-02  7.682764650137061720e-04  6.137392138973670257e-08  -3.295646119342065525e-07  -1.931460741605321508e-07  -1.688167602959246951e-03
-8.092323936468421262e-04  3.545725234447257013e-02  -1.957835720983924694e-07  -8.683964697414244790e-07  5.856048436037635443e-07  -1.262610017213034114e-03  -2.198669618129054770e-03  2.021163834087134556e-02  -7.554117635690805700e-08  -5.836451795403589482e-08  -2.787488286859977580e-07  -4.514697161148622032e-03  7.683860651184525395e-04  4.396799408114512170e-02  2.904713562962448650e-09  5.767226122346523636e-07  8.825520747521933988e-08  -3.664410559327701991e-04
-2.644300551537419133e-07  -3.171214165622953293e-08  2.150863244381329836e-02  8.794194343184682031e-03  3.974906125770493251e-04  -1.429670551161064059e-07  2.131059763946844464e-07  -2.371541254481346763e-08  1.462179897543155853e-02  3.180515830587542399e-03  3.316965158408387380e-03  -3.037758368681763658e-08  1.324018686157497218e-07  -4.533276419309637108e-08  5.173580701926678432e-02  1.752300332930492891e-03  7.617121870752386562e-05  2.949060540371804231e-07
2.169376999059343479e-07  -5.616792625481762255e-07  -8.617450047302594590e-03  -9.981974774840355301e-04  -4.940881802394317271e-04  4.796952714325689649e-07  -2.665007679747665617e-07  -2.792683101589166647e-09  -3.316914012293724432e-03  4.959913261039550257e-04  -1.339206341310890478e-03  1.968684427905692826e-07  -3.523833536649348624e-07  5.865824625869570258e-07  1.752231721467870616e-03  3.562886451583830577e-02  -1.219040631891287109e-04  -1.150452706876974507e-06
2.558706277427004835e-07  8.853637505107022689e-09  1.509451901148069393e-04  3.938729839324084896e-05  3.761999623317701952e-03  3.125832847862358986e-08  -1.691887167145885687e-07  2.855000722118875734e-08  -3.180612365029276533e-03  -9.613077696472893717e-04  4.960160050628299863e-04  -9.225586759612185290e-09  -1.061379075617019190e-07  6.299712007627138955e-08  7.613402054906215333e-05  -1.219300346167965371e-04  3.927584564843850101e-02  -1.627192389998871158e-07
6.929313196478940201e-03  -1.397915516323634084e-04  -2.815669145385310823e-07  6.062559494234549574e-07  8.163064404508348599e-07  -1.100463877175366072e-03  4.513360716592716704e-03  2.633117619506828138e-03  5.580967623982332100e-08  2.557015799990299561e-08  -2.696429374398439710e-07  8.222581594499353249e-04  -1.688115289489229912e-03  -3.663386873593527733e-04  2.874524282428578087e-07  -1.170495398310622958e-06  -1.772222178365189291e-07  3.514241153638570508e-02
