4.452088535333370567e-02  -3.579019490706662277e-04  4.542543859905441044e-07  -2.079701403564637114e-08  -1.138177107985747118e-06  1.165452849846297049e-03  3.502338342665243381e-02  5.357093603325982761e-04  -4.550740428784918131e-07  -2.787764295740309217e-08  -7.296430707001535233e-08  1.200978677134559774e-04  2.060364112075205659e-02  -7.596350643544615795e-04  8.825385222143029079e-08  -1.409036191347740559e-07  7.134922863143817304e-08  6.888401538993504068e-03
-3.579066134098423551e-04  4.451960764393762121e-02  3.071969060279456263e-07  2.514496139765864421e-08  -2.379965275819394165e-07  -1.165360110123386372e-03  -7.589860799840758001e-04  2.060332176966632456e-02  -6.678259216436987892e-08  4.917718403875666416e-08  -7.593359644347994216e-09  -6.888282498078077826e-03  5.347231772389297736e-04  3.502507672170959013e-02  -1.287079983861919233e-08  1.776036839656475980e-07  -1.275816935561020200e-07  -1.209289706004722053e-04
6.594817704394685806e-07  2.656261819528018923e-07  5.091474104271352663e-02  -1.476564750384116911e-03  1.475327212287899301e-03  1.871470783090040181e-07  -4.650251128322743835e-07  -1.058032688805740265e-07  2.124050905406246401e-02  -1.347964037228209229e-04  8.460122778524759024e-03  -9.127913796965166046e-08  -2.251724500665788848e-08  1.463875374864074672e-08  2.124061061740728854e-02  -8.459463510473684555e-03  1.347685646070961917e-04  2.472238829760918232e-07
1.402071416408245378e-07  6.606298348244663884e-08  -1.476564586194012256e-03  3.580526961044433465e-02  -5.848967120331562979e-07  -3.153880968489408318e-07  5.222776666369465212e-08  -6.933391747156569540e-08  -3.515845909233084412e-04  3.673493749341345815e-03  -4.519969348143067743e-04  2.358707448050013520e-07  -4.207303306608394506e-08  -1.053686219195116478e-07  8.617442663473936712e-03  -1.059557864734635277e-03  3.808156951720892240e-05  8.091952437617726445e-08
-1.189108130339855484e-06  -2.753583674995497022e-07  1.475329991255861515e-03  -6.604990284628967687e-07  3.580821546435460079e-02  -9.801754287232915630e-07  1.151909243149468178e-06  1.749252298364586904e-07  -8.616873965886564027e-03  3.794107495290377545e-05  -1.059711248944870867e-03  3.868246622745923479e-07  6.787759860170580705e-08  -4.146258875191076459e-07  3.513528127586250296e-04  -4.516128130881483498e-04  3.673588556915243289e-03  -2.371635528198756761e-07
1.165541042658126353e-03  -1.165374841584346536e-03  2.386040702406264162e-07  -3.130103304414005694e-07  -9.859523055028295232e-07  3.331999359434563435e-02  1.174958608387976318e-03  7.709874035979496533e-03  -1.516997132137170862e-07  4.256697858632071873e-08  2.648076443386933008e-07  -1.158876011517081649e-03  -7.711285537514703768e-03  -1.173356220713404549e-03  7.711822918646746053e-08  -2.736396345979953111e-08  7.607100515461523192e-09  -1.159108671136381769e-03
3.502340177033697738e-02  -7.590035961103821496e-04  -5.535128375560617301e-07  -4.799015334992441886e-09  1.155171734836750315e-06  1.175020389103503902e-03  4.437105655525558356e-02  7.452785148882893826e-04  4.728988076767060230e-07  -3.780066274899004854e-08  2.744864889883058506e-07  3.495655922023095750e-04  1.995830652349274772e-02  -2.299503249795744469e-03  -2.080541319545565968e-07  6.768011875685449685e-08  1.885498315027095543e-07  4.327281033068114749e-03
5.355349673914560574e-04  2.060333719369338012e-02  -3.927854502987583913e-08  -1.101561008290191399e-07  1.905592332633545646e-07  7.709832342752243918e-03  7.450913465418306306e-04  5.096079096898110949e-02  3.910488614855323567e-08  2.006522303637984038e-07  -1.809061455141160858e-08  1.508855834695532446e-03  -5.745294964456302764e-03  1.995870595407550976e-02  6.899767989114165238e-08  5.928561226222467920e-09  -6.188662605260364127e-08  2.602187147673360249e-03
-3.490168339540406154e-07  -4.811006973073319029e-08  2.124048892423394119e-02  -3.515138453683078743e-04  -8.616831816557249044e-03  -1.402083715094829357e-07  4.510078211706910059e-07  1.289558836064919809e-07  5.185152611758754582e-02  -6.973740446311755268e-05  -1.577712059240304930e-03  -5.120162431514716115e-08  -2.208291074797948276e-08  -9.779420581448950259e-08  1.444096250549908866e-02  -3.242020031939413325e-03  -3.115400881422774552e-03  -5.210714159098869123e-08
5.879466116238686266e-08  -4.865209016969521599e-08  -1.348463744694828638e-04  3.673497565094955165e-03  3.795560444530040993e-05  1.634987496596640877e-08  1.367143666475986494e-08  1.677708366636180091e-07  -6.984900120577635220e-05  3.933337156168981857e-02  -1.149836023784226894e-04  -3.432178128436662324e-07  -1.223698006457402581e-08  -1.810686544224130615e-08  3.115553392594368979e-03  4.692121265567916776e-04  -9.403460387877883011e-04  -2.861962892039219579e-08
-1.227468319625093489e-07  5.632341880525526569e-08  8.460178310465915619e-03  -4.520085125466847815e-04  -1.059699601237392439e-03  2.762429349758436757e-07  1.894869415286225478e-07  9.691436047895473610e-09  -1.577695085776208454e-03  -1.149447450893429555e-04  3.603424175963419740e-02  -3.079876099012842983e-07  -6.435079733950648509e-08  7.454735226292821727e-08  3.242039657399114257e-03  -1.281268309563941875e-03  4.693015501416487466e-04  -3.859853016841574897e-09
1.198591413677067580e-04  -6.888385181784060368e-03  -1.622094252816334257e-07  2.287282860751521383e-07  3.243645087636534808e-07  -1.158845447279010198e-03  3.494561129822495288e-04  1.508710618313465661e-03  -4.340149959387483321e-08  -3.059221866294902342e-07  -3.135731928003288275e-07  3.560164600657315936e-02  -2.601787407988680537e-03  -4.328303721061247528e-03  6.460256822155018331e-08  -6.680580645655797869e-08  3.483230234436053082e-08  7.531345505180414481e-04
2.060363211241918874e-02  5.346545876983538163e-04  -6.779712041722695628e-08  -8.507084981372124851e-08  4.583426362637570269e-08  -7.711268512529930244e-03  1.995833524956932767e-02  -5.745192291499688630e-03  1.790484421352757326e-08  -5.380607571239699372e-08  -2.000054564895803680e-09  -2.601691122376794188e-03  5.096124304776699504e-02  7.457168909024198709e-04  -1.025507031669931122e-07  6.049230034195371202e-08  1.811978474974546743e-07  -1.507462050179223401e-03
-7.596370463608764735e-04  3.502507770927693054e-02  3.859009082521450253e-08  -1.703097851633428215e-07  -3.813144940177554660e-07  -1.173379126415222259e-03  -2.299489704607770180e-03  1.995861718074035118e-02  -1.338977732922710968e-07  7.393813343477050023e-08  3.342842065929397228e-08  -4.328160198999927814e-03  7.457891820727742408e-04  4.436942337884289267e-02  2.138729859291033697e-07  -2.279383562099055709e-07  -1.279869920546816584e-07  -3.485923815965503644e-04
2.304514059621745464e-07  -5.886562151668553919e-08  2.124062495838912115e-02  8.617365198604854878e-03  3.513148656675297698e-04  1.145985398563933773e-07  -1.135617184766846035e-07  4.004720416702269468e-08  1.444097179625078615e-02  3.115578953092603461e-03  3.242006393570134350e-03  2.777663619928063511e-08  -8.335221137486340600e-09  1.001920672125401603e-07  5.185186822529698480e-02  1.576644953168307179e-03  6.992078751484373631e-05  1.987100779700368603e-08
-1.313400270958467565e-07  1.856730868259697445e-07  -8.459451368107355138e-03  -1.059567251461121431e-03  -4.516370724486674123e-04  -2.494947406326678953e-08  8.898207037944488430e-08  9.034129753578675356e-09  -3.242042997886744257e-03  4.692126416023973431e-04  -1.281277771450946680e-03  -5.645427869735603130e-08  9.019606449119741343e-08  -2.001572279527005852e-07  1.576598526689246922e-03  3.603666975197349076e-02  -1.152204048931511907e-04  1.679262513126582589e-07
-8.509567118859603564e-08  9.761947597647966359e-09  1.347742524840905951e-04  3.801449319632685593e-05  3.673612012596006848e-03  1.993766391658847190e-08  4.710740422997395427e-08  8.054428811200706987e-09  -3.115443074879992256e-03  -9.403246587892696417e-04  4.692336362737219136e-04  -2.698010484738027787e-08  4.206935982271481960e-08  -3.419919883852831721e-08  6.987257623956519021e-05  -1.152074041273308801e-04  3.933335581238655426e-02  -9.994949734297370560e-08
6.888203227765917966e-03  -1.209958835281281579e-04  1.040350354773989652e-07  -7.140293604154555024e-09  -2.779814506167056015e-07  -1.159113897883268197e-03  4.327229579223879942e-03  2.602158858387959919e-03  -1.178796700152002988e-07  -1.460460345681217073e-08  3.637438389400039974e-09  7.532069525519402911e-04  -1.507455313847020631e-03  -3.486793315364111311e-04  4.220519242538949647e-08  1.784569106331660605e-07  -2.279355338428369615e-08  3.560392880044790237e-02
