4.365097280296179744e-02  -4.585823759690840122e-04  -8.571404803865607489e-07  -5.656655007279901333e-07  1.806200316710617069e-06  1.399723418822008828e-03  3.589254075686546669e-02  6.280899619631115675e-04  5.835733655092148809e-07  -9.155137202692435487e-08  3.581555970387978561e-07  1.585035469214752005e-04  2.108792636943345247e-02  -8.631541658337861392e-04  -1.931093770451463565e-07  5.458100017472884571e-07  -1.960207244155034197e-07  6.966141937054224492e-03
-4.585597313973712548e-04  4.365172776828660922e-02  -9.646428090032499723e-08  -2.594263487630579700e-06  2.956014580253889869e-07  -1.399339975610098879e-03  -8.629780608397511280e-04  2.108828163473967093e-02  7.260423036449084376e-09  -2.845901066892771868e-07  2.846879108429963909e-07  -6.966328961689316653e-03  6.276195648001240378e-04  3.589133409283917775e-02  -1.439915719194580965e-06  4.752512891224641703e-06  3.935328092012758760e-08  -1.604437092935470958e-04
-9.577239847938076485e-07  -1.324488394559960268e-07  5.048230960987574317e-02  -1.818578796158409113e-03  1.817742537592940879e-03  1.961832976078292772e-07  6.896321225324077305e-07  2.913849138137216696e-07  2.178849231963703170e-02  -1.695958529422069675e-04  8.782153034505021244e-03  -3.324759294472936671e-07  -2.320374985318594339e-08  -3.555423689500062462e-07  2.178842256208813472e-02  -8.781546064188738843e-03  1.696767475834804785e-04  -3.790806922097508209e-07
-5.687442394174857254e-07  -2.600555889011227108e-06  -1.818525297332330070e-03  3.488403884034975422e-02  -2.573437834007195316e-05  1.643746834196507926e-06  -6.727140674037087431e-07  8.487248037381403750e-08  -4.519981978428413982e-04  3.851488704751963518e-03  -5.426031839766285369e-04  3.482291357412676763e-07  3.852560266009024647e-07  2.555253204816628266e-06  8.981392797849980028e-03  -9.199051221874621296e-04  4.019034152199691431e-05  -4.579981171549347109e-07
1.794376825530841717e-06  3.011114244453182596e-07  1.817657872539020503e-03  -2.570394787009607374e-05  3.488618370905972182e-02  1.701992230483709969e-06  -1.327885130812972988e-06  2.308786643272268909e-07  -8.981521124573366502e-03  3.987232729505070153e-05  -9.208501788177851990e-04  -2.425380886892310685e-06  -3.033932635900824820e-07  5.090637162459889693e-07  4.519190963361206207e-04  -5.425027170002960945e-04  3.851582417882176007e-03  2.873835534548454637e-07
1.399776815921520380e-03  -1.399437650749790762e-03  1.584373187637945894e-07  1.636558158636321193e-06  1.709059775479207153e-06  3.191196499109660162e-02  1.359394464319005867e-03  7.948294062930742060e-03  -2.398076959480952849e-07  -5.362683650872071062e-08  -2.252503579576263612e-06  -1.026991311445943789e-03  -7.947297622478555548e-03  -1.360446647836770738e-03  -4.040733622499190935e-07  -3.005120545141662790e-07  6.978599869561867271e-07  -1.025882451635657571e-03
3.589254131054643582e-02  -8.629785015345294323e-04  8.129508202413115277e-07  -6.763331388558610651e-07  -1.335019984561080971e-06  1.359347958938820176e-03  4.354938136287366673e-02  7.946551072450742719e-04  -7.628372838143460098e-07  -1.409985382352156190e-07  -6.116344128638814865e-07  3.878456096172894804e-04  2.048120462744743020e-02  -2.094327035252840138e-03  -2.153392717361967113e-08  6.325092000059104904e-07  -3.304405799057081592e-07  4.718355834445341415e-03
6.281018148166686143e-04  2.108809579466620204e-02  3.437168764497435850e-07  1.482740055242661852e-07  2.701735956738894149e-07  7.948130569084865468e-03  7.945906778276690683e-04  5.063279504718665863e-02  -6.362343227175109504e-07  -1.236223166645141041e-07  -1.558280907296834923e-06  1.900641041371025535e-03  -5.901468881063086196e-03  2.048121072869393822e-02  -1.085919770015539546e-07  2.467792774024826484e-07  2.073462251766015304e-07  2.663746508939056953e-03
5.828870230901317180e-07  3.515469826542018524e-08  2.178847801395131928e-02  -4.520982578985217187e-04  -8.981379218309449783e-03  -2.280891748839515609e-07  -7.709233233691599418e-07  -6.421083724468745133e-07  5.160054588449333041e-02  -8.388913376868065792e-05  -1.958801309039377020e-03  1.679241627409155526e-06  5.113086789848249975e-08  3.641354476939960419e-07  1.481045011746831563e-02  -3.396459137198416800e-03  -3.248660797501334938e-03  1.525985168480669826e-07
-1.627933411224598414e-08  -2.917545199148749756e-07  -1.695777429922873977e-04  3.851360264416425240e-03  3.981255399088049748e-05  -7.753502212630019555e-08  -8.911578670929302202e-08  -2.017785488944125272e-07  -8.381890872999296356e-05  3.921010922949799693e-02  -1.301328704071913435e-04  4.503512789774836276e-07  8.885326938439503075e-08  3.407206018831724609e-07  3.248692925586306457e-03  5.265502918074885241e-04  -9.824038430752877159e-04  1.462258453536526126e-08
3.601896867611069841e-07  2.868930115816139692e-07  8.782248679486641743e-03  -5.425255706103286005e-04  -9.209553936805603674e-04  -2.261391952819071214e-06  -6.123951946262576091e-07  -1.581949663267728158e-06  -1.958670640058945544e-03  -1.301011495143492317e-04  3.515236325837559073e-02  5.195169404757631386e-06  3.506566156724119114e-07  1.198922962029569433e-07  3.396617238561233047e-03  -1.404559284251508068e-03  5.264390693627502091e-04  2.001457230609727655e-07
1.585052575466946653e-04  -6.966305690600351971e-03  -3.536906729042203123e-07  3.457517700444611275e-07  -2.422240511239811932e-06  -1.027028671679389550e-03  3.877974557301398784e-04  1.900472639008805777e-03  1.710171074411711003e-06  4.780615738905298584e-07  5.192309849414103264e-06  3.460680378935564877e-02  -2.663591647174654020e-03  -4.718160092739668264e-03  5.167725666037676046e-07  -1.208205116890717463e-06  -4.066911572546932904e-07  8.986187608215273149e-04
2.108776873781481598e-02  6.276493587288391489e-04  1.772243545829326664e-07  3.139002763218479762e-07  -3.828523545735124888e-07  -7.947139225380496150e-03  2.048131830393874753e-02  -5.901486527003410587e-03  1.440439729087111273e-07  -1.859991413751907479e-08  3.906321487691396463e-07  -2.663730783669868585e-03  5.063249845481177652e-02  7.951036891856495424e-04  4.300182936048113396e-08  -3.123654399932507483e-07  6.438614876408754946e-08  -1.901662914838895971e-03
-8.631993030320002499e-04  3.589141611097201867e-02  -3.390178921194978240e-07  2.538330995528907491e-06  5.097571803906742213e-07  -1.360483914985272233e-03  -2.094301547845485792e-03  2.048109011340785296e-02  3.351282029232199079e-07  3.587950080843745999e-07  1.188176453476946055e-07  -4.718223849671458747e-03  7.952038607958928675e-04  4.355053669172229136e-02  1.422709160100071579e-06  -4.646895489144488126e-06  3.052218356880778597e-08  -3.859143664965770156e-04
-1.888545925198814880e-07  -1.446677978310841827e-06  2.178838778314650879e-02  8.981346523209213228e-03  4.520531569392761398e-04  -3.771829366532808337e-07  -2.840872631901541015e-08  -2.273530133959783260e-07  1.481040725208255388e-02  3.248724585341810755e-03  3.396551454197215252e-03  5.177285622238447511e-07  3.174393750600459786e-08  1.377993653208492855e-06  5.160064030553013908e-02  1.958424492307333630e-03  8.372311224146397797e-05  1.506690933657741621e-07
5.566295607269924644e-07  4.766083247665776253e-06  -8.781684002654705987e-03  -9.198673674227716719e-04  -5.425287887499317084e-04  -3.021732542761267158e-07  6.404182831476793260e-07  2.574938668439565829e-07  -3.396504839516999164e-03  5.264882707204166564e-04  -1.404533912270881360e-03  -1.213360286295803849e-06  -2.737578047439394678e-07  -4.646468430407288531e-06  1.958304515538406357e-03  3.515265365972190109e-02  -1.300281029093832948e-04  -7.320971508493136189e-08
-7.111217630292873228e-08  2.183833670007224913e-08  1.696658914065214555e-04  4.014641486625760412e-05  3.851458545104788009e-03  6.794270541763616800e-07  -2.096184200938364866e-07  1.228818610152294143e-07  -3.248645728504991233e-03  -9.824707412691257701e-04  5.266255910061561985e-04  -3.613909186163610771e-07  1.551478908514020014e-07  1.092268530236818521e-08  8.361423873805496265e-05  -1.299991910944108301e-04  3.921037732715138002e-02  3.218920924213769719e-08
6.966122320124749565e-03  -1.604788276282849467e-04  -3.378998066519752480e-07  -4.619096823775903434e-07  2.890406068135427740e-07  -1.025847695458549994e-03  4.718407983665406057e-03  2.663668261278147667e-03  1.164152835206826089e-07  -7.448356585871185483e-09  1.996790473197424795e-07  8.985940255317899621e-04  -1.901560834118221598e-03  -3.859614003823162633e-04  1.601411771120886223e-07  -7.121206483521650336e-08  2.638301925599011352e-08  3.460381474056507811e-02
