4.366723986019608456e-02  -4.567835550260129361e-04  -1.372446834154385348e-06  -4.897174363937702486e-07  1.736949777781494922e-06  1.401706462366390576e-03  3.587708846399840362e-02  6.272864045133203122e-04  1.015715115845250108e-06  -8.386085847877397824e-08  1.076473820104332321e-06  1.567737376215570940e-04  2.108860061673503358e-02  -8.604646907710396730e-04  -1.812630789652007319e-07  3.077242831068086088e-07  9.531363380569159299e-08  6.970847025887242504e-03
-4.567494368098107618e-04  4.365335065101752510e-02  -9.588790455369370944e-07  -2.147322203117017428e-07  3.224990020229699342e-08  -1.401953003940154679e-03  -8.639123913893918079e-04  2.108708842655288712e-02  -2.702574621432156865e-08  -1.189211056738155238e-07  -1.430605988066270774e-07  -6.966275589377293569e-03  6.288908331867454045e-04  3.589143527372620074e-02  1.072154163976353215e-06  -2.119009769902830531e-06  1.637560102942926083e-07  -1.538947343686267145e-04
-1.362341951537682848e-06  -7.320317803973438133e-07  5.048307035547412031e-02  -1.819706721243076692e-03  1.815439918172874392e-03  6.038442062112197323e-07  8.640795699991616698e-07  1.353437784399908802e-07  2.178751737928325688e-02  -1.695765869379085985e-04  8.781818411353663201e-03  3.796697593675874542e-07  6.058887462809449849e-08  4.562581429199631927e-07  2.178889081976700254e-02  -8.781630958103440673e-03  1.690170957492585226e-04  -6.461510195566299673e-07
-4.867786974779769402e-07  -2.139812861348741620e-07  -1.819587865076977614e-03  3.488101517324441320e-02  -2.505146252576555271e-05  1.892492098316956567e-06  -4.895086087284603257e-07  3.145096658120642816e-07  -4.521394898931692190e-04  3.851269678838453378e-03  -5.423515892001416370e-04  -4.029405689263063135e-07  5.042982722738492072e-07  2.088382648536603830e-07  8.981975737084719330e-03  -9.188010242323331684e-04  3.953705226231056578e-05  -7.976700748484641142e-08
1.739876655546535703e-06  3.328822050333762001e-08  1.815355178826765729e-03  -2.505364388122485292e-05  3.489363501019158292e-02  4.708323789465270635e-07  -1.886854190432174147e-06  -1.329983065646605738e-09  -8.980512819197764701e-03  3.989171532655841866e-05  -9.235687541088021413e-04  3.728364457668823789e-08  2.466746462413124769e-07  4.150180909087306417e-07  4.510981970093647510e-04  -5.417556419203689577e-04  3.852185323530545394e-03  3.510408951840413761e-07
1.401561518601717512e-03  -1.401894123720317294e-03  5.879880479405383660e-07  1.888220779096012531e-06  4.499398018982397256e-07  3.191901019143154883e-02  1.355704759907639528e-03  7.947436541787863268e-03  1.821827695561436948e-07  -1.201957972103146855e-07  2.544992301677051867e-07  -1.026387773392145380e-03  -7.947743005790897444e-03  -1.355624932661773918e-03  -3.810794387958474291e-07  -1.539819747283149471e-07  -3.135290398600009526e-07  -1.028110602735297051e-03
3.587703384307936588e-02  -8.639511606985295251e-04  8.755439677980361752e-07  -4.857207012035010283e-07  -1.881270630634862489e-06  1.355773438193243630e-03  4.356496496126920082e-02  7.950827988891581840e-04  -1.025079569705329672e-06  -1.011437452076656354e-07  -1.147386766737098739e-06  3.894905220639800314e-04  2.048050349195589329e-02  -2.097495117861137084e-03  3.321563204565062589e-07  -3.115039745434103010e-07  -1.634116049651360222e-07  4.715008308526091527e-03
6.272220440743475579e-04  2.108697057776066572e-02  -1.618733625536779083e-07  3.125243862595724233e-07  -2.995287422237574003e-09  7.947373803507592691e-03  7.950114551343051171e-04  5.063344647923517794e-02  1.203626976331386686e-07  -1.574210451100676385e-07  3.022074412982505569e-07  1.900070297704692292e-03  -5.901154745716214074e-03  2.048131209897529476e-02  1.422063523327834981e-07  -1.978600763465089073e-07  4.835088078947709367e-08  2.663841237487302085e-03
9.751786012710776302e-07  -3.943053090868795261e-08  2.178743777428731460e-02  -4.522523920660315969e-04  -8.980416452143492531e-03  1.360364684359921489e-07  -1.018296230939033790e-06  2.226429827741244852e-07  5.160145966994527517e-02  -8.423447837663562026e-05  -1.957258666552209609e-03  -3.574016404533668452e-07  1.258844582606157172e-07  1.564528287086549907e-07  1.481037311820498914e-02  -3.396283067364860159e-03  -3.248774897032950370e-03  3.099816561761100600e-07
-5.768932795236143101e-08  -5.530081903917304229e-09  -1.695766358287333097e-04  3.851142184641119775e-03  3.987002087271801943e-05  -1.310544642628462010e-07  -5.881431819424719570e-08  -2.781304939223587250e-08  -8.414726828339875780e-05  3.921009641132300327e-02  -1.307031458025961236e-04  3.673084680801832353e-07  1.688702871125071362e-07  -6.998882467394921810e-08  3.248821588805485099e-03  5.266630077995091081e-04  -9.825185083630761772e-04  5.576307239700909956e-09
1.071334995848204830e-06  -1.473428598883088257e-07  8.781887069979121829e-03  -5.423633031387158684e-04  -9.235475944188056667e-04  2.537771146346159305e-07  -1.145695289854230880e-06  3.306207941529584804e-07  -1.957131199906726564e-03  -1.307412497933274891e-04  3.515742332004602455e-02  -8.316950154301478270e-07  8.420630537874407331e-08  1.367631520080523855e-07  3.396940275753464970e-03  -1.404399856158202895e-03  5.260530629077198993e-04  2.750744451761450193e-07
1.567077064439755993e-04  -6.966242217323347780e-03  4.516517513603691053e-07  -4.026580040395174679e-07  4.429286115104432169e-08  -1.026413041927254311e-03  3.894910658283542710e-04  1.899982607715243292e-03  -3.677644640803728909e-07  3.977629944437494878e-07  -8.372254288541872242e-07  3.460813000415276924e-02  -2.664240136865281706e-03  -4.718336104058514467e-03  -3.526423118151905224e-07  6.401746058661885145e-07  -9.257867630227098706e-09  8.965141547798474156e-04
2.108847021339996936e-02  6.288497028519274929e-04  2.266461630784549038e-08  4.420380228385328966e-07  2.120875312620063280e-07  -7.947648447451272080e-03  2.048060056264524448e-02  -5.901171226147789058e-03  1.589077501076579693e-07  1.076820886971296083e-07  6.482814930957849953e-08  -2.664346044339023067e-03  5.063316510863510866e-02  7.937989457342103103e-04  -6.207251954441907617e-08  -4.816048092687808643e-07  -6.080568142864819914e-08  -1.900176194172020858e-03
-8.603595573268847229e-04  3.589133234258518740e-02  2.624867701369474392e-07  2.034155742703929442e-07  4.241075558211445255e-07  -1.355564360698233075e-03  -2.097569361965652412e-03  2.048125354996102598e-02  1.778931134033304375e-07  -1.795033276264912280e-07  1.399579219966748100e-07  -4.718242846135119531e-03  7.938158910839289905e-04  4.355142037822058027e-02  -1.072377335455869472e-06  2.138638791708577736e-06  9.861362296935808788e-08  -3.913164158496244892e-04
-1.022619733190009732e-07  1.040556177345079949e-06  2.178880196791817964e-02  8.981804090247427069e-03  4.510829406141668527e-04  -3.306078988511387993e-07  3.786960661294590263e-07  1.245345084618196328e-07  1.481043588231126772e-02  3.248731312195826410e-03  3.396866453347027141e-03  -3.273255461148281239e-07  1.375056535275091959e-07  -1.041852592692160498e-06  5.160065269930775439e-02  1.958400640395529038e-03  8.400096113679587949e-05  4.988934815240983179e-07
3.013743108873157386e-07  -2.111228735033554314e-06  -8.781770440999767460e-03  -9.188565170069477915e-04  -5.417483736607179180e-04  -1.530754561079769798e-07  -3.108344999166191386e-07  -2.317683658354880355e-07  -3.396352260704483227e-03  5.265513652014886187e-04  -1.404460244535133198e-03  6.479617433591950247e-07  -5.025769124888566608e-07  2.131840426008820121e-06  1.958277080745825845e-03  3.515173418372796038e-02  -1.304035246946233528e-04  -1.080947256915103691e-06
2.016307226866502611e-07  5.333306824182537232e-08  1.690857351504453728e-04  3.954811309878061360e-05  3.852085618498251630e-03  -3.304923002774773216e-07  -4.868066819215006366e-08  -9.671731259638591769e-08  -3.248696665659559293e-03  -9.825060241696228613e-04  5.261373655340250127e-04  3.507680851546231236e-08  1.157553192970983273e-07  1.060767698687569535e-08  8.407454331751828993e-05  -1.304153891539963444e-04  3.921025420928216099e-02  3.085178431594044239e-07
6.970828349070781055e-03  -1.538663794012480829e-04  -6.860501028257747811e-07  -7.943184266065737827e-08  3.461512268238859320e-07  -1.028065249216215905e-03  4.715040335956733990e-03  2.663745781706310708e-03  3.221600792917270306e-07  7.393755834593018940e-09  2.802063355472885663e-07  8.964951701524550339e-04  -1.900054247582355638e-03  -3.913950189162929052e-04  4.684924911970707566e-07  -1.065429164270340640e-06  3.051673039667895188e-07  3.461001027787272144e-02
