4.342792449823987960e-02  -4.903776580152113948e-04  1.072704779762778357e-06  1.837793836841046581e-07  -3.588760495187395245e-06  1.466754304755792018e-03  3.610172374042589644e-02  6.557365614367117622e-04  5.064072748519880413e-07  -8.908249830392951314e-10  3.406488802486499039e-06  1.712596442718505993e-04  2.121880192781099017e-02  -8.882671073681827970e-04  2.485923249946488639e-07  1.152034538869156307e-07  -5.904338743719801811e-07  6.988685097324554354e-03
-4.903632152650044514e-04  4.340820264356565900e-02  2.804199479380513345e-07  -1.779591058482640051e-06  -8.543487117632014677e-07  -1.474562046042018513e-03  -8.902685834816032517e-04  2.121477457952736928e-02  -2.290640350633120999e-07  -4.152517940555549972e-07  2.334937290502390950e-07  -6.981049241752647870e-03  6.571275579807005695e-04  3.612242327068723030e-02  -4.206970543906257168e-07  2.510034052352312732e-06  -7.724256042715005066e-08  -1.631332132489903095e-04
9.344486710046351260e-07  2.062577966430968952e-07  5.035085969236050008e-02  -1.923711521459428413e-03  1.923845634769466790e-03  3.507206877528771458e-07  -5.979953621289531877e-07  -3.218342509387143397e-07  2.193294518911453536e-02  -1.804885745321583635e-04  8.865702761904431517e-03  9.449856769449511470e-10  -1.971437951976234862e-07  4.305644748077683534e-07  2.193394770378977870e-02  -8.867356066334201870e-03  1.798890586845948881e-04  6.671570003304510808e-08
1.806702100628910945e-07  -1.808091585828494326e-06  -1.923603313888423141e-03  3.460076224500414910e-02  -3.421465464644350772e-05  -1.089706326053200864e-06  -4.048045173848131815e-08  -6.291599273318813295e-07  -4.843148999964365462e-04  3.896064738839560143e-03  -5.706403601028167856e-04  9.920708016970353331e-07  -1.500258631902668955e-07  2.090512813690864990e-06  9.080450619803096327e-03  -8.725796335972391907e-04  3.919407858180067803e-05  5.449687605293500018e-07
-3.593187273071919937e-06  -8.645005713354787266e-07  1.923779354333620848e-03  -3.422567601987791948e-05  3.460353349420994956e-02  -2.235297202360769358e-06  3.684153658082767454e-06  6.612467075987847835e-07  -9.080984032232822592e-03  4.010848176225070090e-05  -8.755076208899051143e-04  1.073138580946692908e-07  -1.875173493598778755e-07  -1.159710668546204155e-06  4.834522425214898616e-04  -5.698468821446370063e-04  3.896206719021341313e-03  -1.304429453112024305e-06
1.466704244426625956e-03  -1.474566942433411980e-03  3.591672096507269669e-07  -1.083142524920613581e-06  -2.232832612959918049e-06  3.148166896519129926e-02  1.419923221958582825e-03  8.008182665434565931e-03  -5.963118072224612005e-07  -4.454897702986977650e-07  -4.650047445520115553e-08  -9.818222354791607265e-04  -8.009648195167268919e-03  -1.412155945563682482e-03  3.554564801883297530e-07  4.297422476737259633e-07  1.954071609459891285e-07  -9.828663473806131985e-04
3.610168508342204152e-02  -8.902596816350920273e-04  -4.817526476541586244e-07  -3.606504812587065876e-08  3.690154928205159667e-06  1.419955880378324800e-03  4.334107367446896758e-02  8.090287686344919309e-04  -5.161138832566823076e-07  1.453869705851561817e-08  -3.282200907865996854e-06  3.962553391401031329e-04  2.062192426647751348e-02  -2.040683055772518715e-03  -4.130657421840012764e-07  5.728621056488032247e-07  1.838287537805208781e-07  4.825929704063641225e-03
6.557624980994485693e-04  2.121468750337744333e-02  -3.018727030310539754e-07  -5.985721812762759584e-07  6.984346199017219087e-07  8.008032790519405142e-03  8.089415676465173347e-04  5.053432753361927765e-02  7.018797636742661215e-08  1.528792976592843034e-07  -3.617628668948261975e-07  2.020887619390030008e-03  -5.946185076069236512e-03  2.062461674747857049e-02  -1.071684893186043865e-07  3.428030217187530624e-07  1.474584158902829980e-07  2.679364844606136383e-03
4.723148009554594844e-07  -2.914354102745975932e-07  2.193292853916500515e-02  -4.843983894732326154e-04  -9.080790322728238273e-03  -6.067002638455385173e-07  -5.278745843626212436e-07  6.642214108473510420e-08  5.152500580478971276e-02  -8.798375376473534899e-05  -2.073338681356513401e-03  2.538467790732433912e-07  2.439180199458617243e-07  1.289464861582454859e-07  1.490834075211986548e-02  -3.438300641043061986e-03  -3.284283344382782528e-03  3.062155784395730403e-07
2.478365363219403078e-11  -3.922660430305156827e-07  -1.804932591781859604e-04  3.895931430239845100e-03  4.010128053782291294e-05  -4.166336218816648409e-07  6.290766831990383004e-09  2.335945284347690714e-07  -8.797971997363434650e-05  3.917365426613839130e-02  -1.341363274559241158e-04  -2.608724952763892104e-07  5.183454890954269046e-08  1.317835038589948336e-07  3.283994972811586643e-03  5.437277114458043212e-04  -9.932539858520448954e-04  1.324864822698178859e-07
3.417017201816154883e-06  2.299695403895208190e-07  8.865800399844046831e-03  -5.705865338180134355e-04  -8.755714666249334727e-04  -4.504785383327612327e-08  -3.277651458529882497e-06  -3.683103633130757524e-07  -2.073196338497096478e-03  -1.341105833705975446e-04  3.488927419536779623e-02  3.573264064988400663e-07  2.749489686089927329e-07  6.558909457073864557e-07  3.438560121668016601e-03  -1.440351085969768285e-03  5.429346940033585953e-04  1.075028541023973322e-06
1.712014628229238688e-04  -6.980924901984878611e-03  -2.767220695091464688e-08  9.981830401145969121e-07  9.653937590483863019e-08  -9.818355004260214975e-04  3.962238982450044908e-04  2.020683283137476687e-03  2.558020278705149722e-07  -2.400114977470930325e-07  3.494813343233587436e-07  3.430778455404081412e-02  -2.678628181120169816e-03  -4.830422418529847078e-03  2.032242321364716340e-07  -8.179656849530011883e-07  -8.442544684402433238e-08  9.372463999127085034e-04
2.121865208195592573e-02  6.571286757297885176e-04  -1.654531263276230529e-07  -1.755158109620423335e-07  -1.777917147092642325e-07  -8.009497592298209581e-03  2.062207816304978750e-02  -5.946167622336939393e-03  1.869991247264978483e-07  7.078622941130988802e-08  2.234480691252434453e-07  -2.678809483080251894e-03  5.053320864112000044e-02  8.076471056650115585e-04  2.840295576347894307e-07  -4.091404812223841798e-07  2.867574117383157789e-07  -2.023254482813515668e-03
-8.882976355141458885e-04  3.612258456149303881e-02  4.963502576735271420e-07  2.074292742648649276e-06  -1.146713754613247501e-06  -1.412148852845619652e-03  -2.040615934913492507e-03  2.062451998944898543e-02  1.882706056012582663e-07  8.828842482901325339e-08  6.777558721498865131e-07  -4.830467515131059951e-03  8.076970705866711809e-04  4.332067937974909411e-02  6.701969430074660470e-07  -2.682657071359338459e-06  -1.890196520906228137e-08  -4.041291139405747278e-04
1.452749578254030991e-07  -4.102829678385681844e-07  2.193393852715238082e-02  9.080266632017670869e-03  4.835212446832841534e-04  3.714869291849966845e-07  -4.873777944976296386e-07  -1.146170596143492004e-07  1.490834882824167498e-02  3.283999327430308247e-03  3.438481529690698164e-03  2.046224058645107352e-07  2.907727176470016284e-07  6.612529378567964661e-07  5.152314369631322277e-02  2.077775834547542205e-03  8.852003566264937391e-05  4.205311593722737231e-07
1.215309441285291369e-07  2.508626051709601593e-06  -8.867504676922271720e-03  -8.725813702696370942e-04  -5.698210921342901922e-04  4.201967630384889929e-07  5.726202693098255654e-07  3.293612774125328445e-07  -3.438379479281774512e-03  5.435613914207805758e-04  -1.440323341870655346e-03  -8.192567864480578568e-07  -4.378824021951791870e-07  -2.672488501743133278e-06  2.077639421849206223e-03  3.487760966949447067e-02  -1.348988601552985451e-04  -1.233455810391447306e-06
-5.513896104285434331e-07  -1.142253795518367411e-07  1.799395597476679480e-04  3.921918447802425850e-05  3.896039240269642302e-03  1.763454180531691475e-07  2.025175526904093325e-07  1.423432442469854416e-07  -3.284233303729811818e-03  -9.931875285252315857e-04  5.431601963981883994e-04  -3.514801439101052810e-08  3.213673919064349813e-07  -6.091169653825099605e-08  8.856390105038514191e-05  -1.348890053954213489e-04  3.917372683828634211e-02  3.967064489545080240e-07
6.988734473020149010e-03  -1.631185788373580288e-04  8.403651348136086344e-08  5.479359206576351541e-07  -1.294508368913482177e-06  -9.829077083587304912e-04  4.825895485600831432e-03  2.679254738927627690e-03  3.123289865848879688e-07  1.333360511385879806e-07  1.071239771488001693e-06  9.373888868657889685e-04  -2.023100762347814982e-03  -4.040955190435069995e-04  4.538488116718210379e-07  -1.230182809903606166e-06  3.817457146772544085e-07  3.430144805682031756e-02
