4.365705190562527149e-02  -4.602834644961168332e-04  -2.908930006348751321e-07  -8.868650028694649752e-08  3.168114344224286853e-06  1.400149388015869923e-03  3.588521778144587032e-02  6.297506145139817940e-04  -1.185994058147443234e-06  -8.937122439144487335e-08  -4.526108027722686140e-06  1.558375758750040743e-04  2.108916687572891593e-02  -8.618675488080113989e-04  -2.807518434255501314e-07  1.531636481895704217e-07  3.790570454144899961e-07  6.967966754701262339e-03
-4.602973335847820586e-04  4.364302382534050034e-02  5.594011633487477933e-07  1.543671647804869656e-06  -3.671207415605722898e-07  -1.397826915557197564e-03  -8.639185264164387376e-04  2.108752489100981786e-02  -2.615662491030981548e-09  3.804515483281296045e-07  1.522485297226524730e-07  -6.964348456628375282e-03  6.286779079204522650e-04  3.590032055812649586e-02  2.986596042758347921e-07  -1.902913936848165822e-06  1.054045118586862044e-08  -1.588246905088973033e-04
-2.986111680516254937e-07  3.863038310614092386e-07  5.048241763022777440e-02  -1.819121374094469527e-03  1.817216565027291201e-03  9.121588596046074328e-07  3.172966690652134928e-07  1.165975281369328597e-07  2.178798231244066796e-02  -1.695606454935219651e-04  8.781409386266510533e-03  -4.552166597255948656e-07  -1.501570374763659705e-07  -1.797804495796588448e-07  2.178874068668784983e-02  -8.781995543189971207e-03  1.695416317398469803e-04  -4.093279278996199001e-07
-8.581346703675837332e-08  1.535339175022504667e-06  -1.819080526239552197e-03  3.488248468574471628e-02  -2.522229869692521603e-05  1.558903640709124057e-07  7.950969481688786886e-08  4.337744557429964032e-07  -4.522002858045800762e-04  3.851285871327394649e-03  -5.428276574593664206e-04  -6.852582705547027735e-07  2.470920952468445125e-07  -1.833684912413979964e-06  8.981337259631329284e-03  -9.186440601249715524e-04  3.996335725701139890e-05  2.103715880676092570e-07
3.173373894487117144e-06  -3.705390115650280914e-07  1.817185815821180384e-03  -2.523400898824165525e-05  3.488774392960356657e-02  -1.665919080841744261e-06  -3.393633069059912332e-06  2.552673924971652452e-07  -8.981318408760813679e-03  3.950794037611591805e-05  -9.216765750367602499e-04  4.600660509345364083e-07  7.052405817152022984e-07  1.965848865273210427e-07  4.519188082193625216e-04  -5.425498709018414462e-04  3.851662886937305772e-03  1.350386858557856741e-06
1.400181816431952985e-03  -1.397790958436668238e-03  9.190080874156239438e-07  1.536494314940931150e-07  -1.662784929976231363e-06  3.190963424153518690e-02  1.361849028578857642e-03  7.946582882185301150e-03  -1.929950822583376324e-07  4.185983159302939352e-07  7.091747088855988557e-07  -1.026762632054482611e-03  -7.948984893203499963e-03  -1.360348850910459003e-03  -3.653440859961219390e-08  -5.176989180419058461e-08  -3.628007523803229493e-07  -1.025298236088964575e-03
3.588533626511825753e-02  -8.639593305901666510e-04  3.012197804935988044e-07  7.368772020485287472e-08  -3.382178094305071982e-06  1.361890437920545245e-03  4.355554810375978497e-02  7.931793502486673931e-04  1.150555667230751104e-06  -2.497964673827352209e-08  4.516088765136586242e-06  3.910384724626704599e-04  2.048082698789999850e-02  -2.093032852253497687e-03  2.783801864975929145e-07  -1.669117675204364794e-07  -3.605000229460854623e-07  4.716262420820125853e-03
6.298030735363535073e-04  2.108752263045916842e-02  1.719357048084759249e-07  4.136851440676553880e-07  2.752693753205807006e-07  7.946468912363582188e-03  7.930945326355956157e-04  5.063235340174826460e-02  -1.755663716751655362e-07  -1.337955495135371444e-07  -3.778625461602433814e-07  1.901538360574377140e-03  -5.901347641948440949e-03  2.048193157660725336e-02  5.903459065007628749e-10  -1.747294913672164536e-07  3.289469788477532962e-08  2.664623608848618735e-03
-1.163471093735400804e-06  7.746916509567990870e-08  2.178794712692548596e-02  -4.522563567313828787e-04  -8.981185353371888211e-03  -1.724422055012805890e-07  1.159275358904569392e-06  -2.472721404146173243e-08  5.160122396648398474e-02  -8.382405230706331913e-05  -1.957387917127327310e-03  4.538279946651564021e-07  -2.880643426977002720e-08  -3.080815063267150604e-07  1.481036852105763885e-02  -3.396303491695269825e-03  -3.248750509874727844e-03  -3.945588132960489631e-07
-2.890367146717199880e-08  3.490779364554988266e-07  -1.695019871164156141e-04  3.851174200637037977e-03  3.952651703553820405e-05  4.317986803276603670e-07  3.685892390612088501e-08  -1.635138150558496020e-07  -8.376123279886674513e-05  3.921020235007601634e-02  -1.297726020285666778e-04  1.302036655516257549e-07  -2.995029777361942271e-08  -8.087420286525789837e-08  3.248724522989356826e-03  5.267018787811222772e-04  -9.825298122314916980e-04  -2.017957876346518674e-08
-4.535228876228806825e-06  1.652115620001309295e-07  8.781532212323276895e-03  -5.428512305447209113e-04  -9.216852371454034619e-04  7.068483604034103863e-07  4.528810665096706377e-06  -3.675813943296153947e-07  -1.957263377801977088e-03  -1.298010852759559468e-04  3.515593872962705091e-02  7.556792592658415682e-07  -4.729250425336809978e-07  -5.856990649635212093e-07  3.396602361708058772e-03  -1.404481968205963062e-03  5.263069933812628129e-04  -1.519321715447247057e-06
1.558404229703205779e-04  -6.964291225411250487e-03  -4.745663466827723745e-07  -6.915909073330819642e-07  4.552663189199259133e-07  -1.026738909025954466e-03  3.908373979335233168e-04  1.901429363819276408e-03  4.987480717232445677e-07  1.127278545018286948e-07  7.596036196013405568e-07  3.460452952371782798e-02  -2.664072340139099580e-03  -4.721378487424189585e-03  -1.969487274923769050e-07  6.922799063168912042e-07  2.116530211253412550e-09  8.971345617733596624e-04
2.108901800878542135e-02  6.286846661086513237e-04  -1.809993344553446752e-07  2.525133306018020184e-07  7.413517986616109386e-07  -7.948853938846032682e-03  2.048094222746633941e-02  -5.901398000968105344e-03  -7.643863055398501964e-08  -9.724529041913507797e-08  -4.851217109941798299e-07  -2.664182236777312349e-03  5.063245469831975654e-02  7.938366249403007013e-04  1.613748250699656638e-07  -5.146516254978590578e-07  -2.702081054812658998e-07  -1.901003446789125296e-03
-8.618360114304784644e-04  3.590025348018580087e-02  -2.112246953628369979e-08  -1.834369005760552231e-06  1.951670244201656354e-07  -1.360300822135694209e-03  -2.093104292481026522e-03  2.048169259422305891e-02  -3.818318461741659068e-07  -3.195600532001319332e-08  -5.906223567417231415e-07  -4.721208416498246657e-03  7.938919563779602440e-04  4.354167235503026562e-02  -3.633310976645217198e-07  1.853662009273627931e-06  5.600132953049921837e-08  -3.878923449222325187e-04
-2.695587078511765343e-07  3.259546740420847705e-07  2.178873887521418085e-02  8.981224497947809179e-03  4.520259332412014902e-04  -5.219603296133692992e-08  2.726534524063518521e-07  9.671560924199722209e-08  1.481034508071693394e-02  3.248716087526755825e-03  3.396570391129149265e-03  -2.042753740703690633e-07  1.913860605248392396e-07  -3.279893555141181918e-07  5.160011481911483400e-02  1.959706772368959449e-03  8.373268987451044064e-05  4.996516784614459766e-07
1.392730356149926128e-07  -1.898276148609556227e-06  -8.782128620847425710e-03  -9.186229671014963395e-04  -5.425603584579573096e-04  -4.466015575414207059e-08  -1.672878013532593009e-07  -1.891153860375328574e-07  -3.396362148131530471e-03  5.265958295925738178e-04  -1.404458687049549119e-03  6.813904660810789319e-07  -5.150491658064425840e-07  1.845913138728388822e-06  1.959603599285401551e-03  3.514900605735752498e-02  -1.299331052224564711e-04  -1.385123378593873622e-06
4.728506810977160875e-07  -3.531440052327552378e-08  1.696082468393588687e-04  4.001563758622776713e-05  3.851477063092384467e-03  -3.692035254175975920e-07  -2.446123377192536052e-07  -4.126604940984319081e-08  -3.248689329408515139e-03  -9.825249533936862914e-04  5.263786586470507256e-04  5.507989604270381535e-08  -2.066458480403200264e-07  2.760706500886097497e-08  8.371089832805310893e-05  -1.299318071829411603e-04  3.921029162594052986e-02  -2.662444378647535469e-07
6.967956722538855112e-03  -1.587980526814665634e-04  -4.191100690512420367e-07  2.121924698560973966e-07  1.361799030360202991e-06  -1.025311213720349465e-03  4.716269762746640518e-03  2.664497989518469379e-03  -3.899599026425482827e-07  -3.242427911272659161e-08  -1.520466301394343108e-06  8.971464995895823014e-04  -1.900885585832172431e-03  -3.877660097263652215e-04  4.875299207976554789e-07  -1.386527395136833662e-06  -2.648241685202434442e-07  3.460467788954229434e-02
