4.245028000960510139e-02  -6.366560507606771127e-04  3.672055858707254012e-07  -1.236170890071536786e-06  -3.478600287322947739e-06  1.810299663416553920e-03  3.695181036672542246e-02  7.881607928815761391e-04  5.409429462811541817e-08  -4.168429254613925462e-08  2.175771483089774891e-06  2.189536721856575338e-04  2.178652368049059304e-02  -9.950662824507071000e-04  5.851038499337959127e-07  -3.835259962360765276e-08  -2.379940240639233940e-07  7.093207637589914703e-03
-6.365962059637205947e-04  4.244336266150290637e-02  1.421802356905351122e-06  4.020238781172687179e-06  8.077831653543073347e-08  -1.813627282256861711e-03  -9.955718740084402735e-04  2.178506585341850182e-02  2.016675897496179852e-07  2.836008846786179180e-07  -1.449111932309714107e-07  -7.089534597151750557e-03  7.880881222269444340e-04  3.695915770800985850e-02  -1.391155867485607285e-07  -1.942553548666753307e-06  -6.091487883049020256e-08  -2.180270708254739898e-04
5.031746998450049626e-07  1.375095038227864752e-06  4.967476124481691457e-02  -2.463659244939497492e-03  2.461930213936502389e-03  1.759200286684431641e-06  -9.968085341656868107e-07  4.631981556160322885e-07  2.256741819698919460e-02  -2.372973243015488601e-04  9.249959749175848400e-03  -7.144474185323007555e-07  4.349353270517671514e-07  -1.189277771866058293e-06  2.256722204066094820e-02  -9.248275430012185827e-03  2.369430100195364002e-04  9.852570398290577982e-08
-1.282110151328953771e-06  4.014555002753623529e-06  -2.463526891081349070e-03  3.317466719837855460e-02  -9.589237629082495210e-05  5.417261871309377158e-06  -2.520393749199598681e-07  1.238405305735126923e-06  -6.545698643680370257e-04  4.073849570147220281e-03  -7.152900001681410450e-04  -1.257458636535495619e-06  1.848904928963535263e-07  -4.437300522977387768e-06  9.538870445008890489e-03  -6.613053758766968991e-04  3.721301872872899414e-05  -3.662420605521990796e-06
-3.510213855402466267e-06  1.042687904254695179e-07  2.462071706042007115e-03  -9.590629873681820071e-05  3.318146578126538598e-02  1.355125477497149831e-06  3.202874910318552690e-06  5.355393710140056744e-07  -9.539422349157824707e-03  3.793059317573322070e-05  -6.661582763747843057e-04  -1.134955163337492889e-06  -3.439214739479798672e-07  -7.947931796544265781e-07  6.537851182088176690e-04  -7.149724637132257206e-04  4.074458429737697236e-03  -1.142255123895213878e-06
1.810282657192832136e-03  -1.813613200581705919e-03  1.759990206611692180e-06  5.484122884299148467e-06  1.306949429044720990e-06  2.936914701703839323e-02  1.706371197685778267e-03  8.270850176798953679e-03  -3.511417946759266828e-07  7.199380126545392190e-07  -1.928782167552207741e-06  -7.726171745857261580e-04  -8.270174045178794661e-03  -1.705081939511443470e-03  -3.562022419863284184e-08  -3.552840516815527247e-06  -1.681858774003493005e-07  -7.750871934735167629e-04
3.695185785560940739e-02  -9.955323565508339238e-04  -1.116972639618514066e-06  -2.997188540264058932e-07  3.218100525133419385e-06  1.706357514567364989e-03  4.243114374630103935e-02  8.856169855064509539e-04  -2.463978881238095332e-07  -9.421326308354374543e-08  -2.547222422471588306e-06  4.332111024773147435e-04  2.125274027382520817e-02  -1.833990973153784738e-03  -1.102982010890855791e-07  2.487453489285552363e-08  3.587449954876865869e-07  5.327802409848161024e-03
7.881887062281333700e-04  2.178508231648500909e-02  3.690467953662393712e-07  1.334675924070942631e-06  4.679052904242403954e-07  8.270931601684555073e-03  8.856138486962564400e-04  5.002415301437475315e-02  4.432334093075972724e-08  4.846122553821533904e-07  -3.118650705960513769e-07  2.669351879641347538e-03  -6.164898108424679210e-03  2.125384249769431827e-02  -1.345999479341957814e-07  -8.165689898285537565e-07  -4.531146933697793826e-08  2.723394654331009156e-03
1.255900759300535141e-07  2.367020251567552878e-07  2.256739536028485801e-02  -6.547010869004283055e-04  -9.539378009708958731e-03  -4.845073063415611758e-07  -1.474596212411179074e-07  2.237329235317276799e-08  5.112273620863972551e-02  -1.095459439206924725e-04  -2.691507375916858506e-03  6.080763732730558950e-07  2.157517910580153725e-07  -5.290649058954956255e-07  1.533377773472283274e-02  -3.631504285945961596e-03  -3.437144856895282645e-03  -1.543170258003994187e-07
-3.960054959556745052e-08  2.975900988088980331e-07  -2.374677127614234994e-04  4.073617166476831315e-03  3.787262887621286347e-05  7.606514599360837151e-07  -9.278181254048686269e-08  4.156236189847760229e-07  -1.095763357301602752e-04  3.899402842654706158e-02  -1.541274979283140827e-04  -9.171559396853145856e-07  3.409309213029591762e-08  -4.743244189442447617e-07  3.437042202678472491e-03  6.236666723433421759e-04  -1.036066515159220821e-03  -4.566693243576816404e-07
2.195432712469250168e-06  -1.298060325392098201e-07  9.249883531062003811e-03  -7.152590278743214394e-04  -6.662144325974589821e-04  -1.948514077686329398e-06  -2.521204585788748299e-06  -2.661704386841070676e-07  -2.691362231112842934e-03  -1.541722553093247616e-04  3.350417826727615511e-02  2.115948370023968340e-06  7.211276224255517903e-07  -5.734100260320113727e-08  3.631895907778894591e-03  -1.623736286441255236e-03  6.229127979642552077e-04  9.169797474861727497e-07
2.189974891472667355e-04  -7.089577883165072876e-03  -7.495756156708366950e-07  -1.260692697626399854e-06  -1.131376451825470983e-06  -7.725996360579808148e-04  4.332267103193131771e-04  2.669258466722702460e-03  6.137907601883434898e-07  -9.106711338226408552e-07  2.110278441818247357e-06  3.275686036686784736e-02  -2.723618301653694344e-03  -5.329601517380165403e-03  2.679925385999071686e-07  8.395828787228027695e-07  -8.099836568880970301e-08  1.130144538809640812e-03
2.178640229398894415e-02  7.880931819673659983e-04  5.066530557964415933e-07  1.248186355999510546e-07  -2.965702673031733979e-07  -8.270331723181237674e-03  2.125267783825086909e-02  -6.164919101476661750e-03  2.063461136875393696e-07  6.346007741253864725e-09  7.373162820119439058e-07  -2.723688522916835851e-03  5.002350560520329309e-02  8.860570422679448855e-04  -6.784273617837850798e-07  1.410195879564697644e-06  -1.530152339906292207e-07  -2.670638456149379038e-03
-9.951403526546492330e-04  3.695912720023435127e-02  -1.182982432693111765e-06  -4.388521792326581025e-06  -7.716465457973686708e-07  -1.705118380836854282e-03  -1.834056537951141673e-03  2.125378156657372827e-02  -4.892712510246856352e-07  -4.686335021649314294e-07  -2.001406450769152119e-08  -5.329517566909314392e-03  8.860283637632927842e-04  4.242362934382876843e-02  2.229864386943242456e-07  2.294621190902584774e-06  -2.143528320514271817e-08  -4.337791507046707701e-04
6.768668175755518400e-07  -1.761094964456414555e-07  2.256725584171744708e-02  9.538750665527812034e-03  6.537486818220463076e-04  -1.371955100168441790e-07  -3.383487907633449939e-08  -1.570317502199733373e-07  1.533377205438104206e-02  3.437120313980989317e-03  3.631890141274489534e-03  2.679139227210048285e-07  -6.691775754444586803e-07  2.166026237928117805e-07  5.112317065187456377e-02  2.690922060971887367e-03  1.095561098685505022e-04  -1.429172491990430399e-06
-7.734947778645723696e-08  -1.979045109456550410e-06  -9.248197441395312329e-03  -6.612460495890396797e-04  -7.149483445841235772e-04  -3.473176955195235160e-06  -1.437357509904834401e-08  -8.580852327484295160e-07  -3.631545640999921023e-03  6.234172031033317039e-04  -1.623720779952696550e-03  8.455628440720536013e-07  1.409347598706648750e-06  2.283559495450534458e-06  2.690931596269823152e-03  3.350247898044183409e-02  -1.538953648479443939e-04  5.536380664186506704e-06
-2.267630316152560499e-07  -3.602663704153675107e-08  2.369870162309687441e-04  3.721013061636791873e-05  4.074125937712978936e-03  -1.563259188536956687e-07  3.714386142933269779e-07  5.013924922667217733e-08  -3.437140265199213271e-03  -1.036063872736256138e-03  6.232023813366527939e-04  -6.949333623088502183e-08  -1.721073101885895101e-07  6.920414501148497968e-09  1.095788923143343742e-04  -1.538737919982905811e-04  3.899408685556406823e-02  -8.423772898466163552e-08
7.093205888988128767e-03  -2.180189641892012978e-04  5.448996933079607850e-08  -3.678608276434252804e-06  -1.141419760252660494e-06  -7.750829382065925650e-04  5.327786573561308844e-03  2.723341921248000411e-03  -1.517516099634818513e-07  -4.471080988847522448e-07  9.103367708988882715e-07  1.130203744969580796e-03  -2.670584984812031989e-03  -4.338719515817053129e-04  -1.425372371050213366e-06  5.557361999122449035e-06  -1.144684431255670976e-07  3.275576356182396953e-02
