4.430927673155850288e-02  -3.794498603037438984e-04  2.033907220541745815e-07  -5.330266753302705453e-07  1.419559802079725081e-06  1.218471644445041436e-03  3.524169345618485133e-02  5.566010768098916643e-04  -9.927714200463986959e-07  1.455032326306134853e-07  -3.086779195915776290e-06  1.282289960229319439e-04  2.072017637584390795e-02  -7.860688585115265274e-04  -3.105936414627955650e-08  2.144079314826493635e-07  -3.879566923386546833e-08  6.907542590916575242e-03
-3.794395505582973810e-04  4.432042135366710128e-02  -3.364037399373368557e-07  -2.914198216843330007e-06  -2.230654102832207101e-07  -1.220043342383549329e-03  -7.831661023623134659e-04  2.072146193689355237e-02  -2.749126913792509409e-07  -9.666355508509374876e-08  -1.789126718205618770e-07  -6.910971673624180869e-03  5.558961316513682518e-04  3.522982918853058421e-02  -4.760488610574004338e-07  3.020516941037495679e-06  -1.388932037631468476e-08  -1.289335036469775239e-04
1.363735099323883181e-07  -2.698445406277409257e-07  5.081833174302200634e-02  -1.551224346718232169e-03  1.552584826346920443e-03  8.120654692846239483e-07  -4.433341867869132793e-07  -1.425558238208992968e-08  2.137349662076837645e-02  -1.423364592992426689e-04  8.537932243031324045e-03  -2.620265520514597237e-08  -3.765471165572458640e-08  4.580650077300962023e-07  2.137284805098321055e-02  -8.537605389510528192e-03  1.424302495500408999e-04  -1.272604663002229524e-07
-5.307651106945432241e-07  -2.898260288845773197e-06  -1.551157660554335245e-03  3.560419300945832921e-02  -5.351631415343355674e-06  1.117550580828148968e-06  -7.656711480345654907e-07  2.061430995648929795e-07  -3.730396826244554193e-04  3.717701149127785112e-03  -4.718354843826205324e-04  5.177153626167568400e-07  3.457501248220625836e-07  2.477336717265838831e-06  8.704214953509715677e-03  -1.031779499115890574e-03  3.869027198710855964e-05  -6.041808956996955019e-07
1.413321838935738581e-06  -2.209746620796219142e-07  1.552536094933038837e-03  -5.363571405469500323e-06  3.560052686576960224e-02  -1.341720879725125251e-06  -1.230951018022764574e-06  1.146167812887201661e-08  -8.704721307113465201e-03  3.859497213290277186e-05  -1.030908155489193871e-03  4.741726102517448706e-07  5.704767924436718808e-08  8.978391144088778255e-08  3.734027293810665581e-04  -4.720726896052380149e-04  3.717623299395310388e-03  1.871710961573770339e-07
1.218444219765984658e-03  -1.220054674632170153e-03  8.162078528134794489e-07  1.118546335672157715e-06  -1.299531689789365756e-06  3.300544606328305319e-02  1.214514322082411394e-03  7.769629014271544135e-03  1.162538524722666301e-07  4.480105875900507327e-07  5.203507154644637110e-07  -1.131107543669376131e-03  -7.768673746068410421e-03  -1.214721883652246197e-03  -1.459531675964924934e-07  -5.653516733373879904e-07  1.656463106659120371e-07  -1.132107334626928198e-03
3.524169640912597212e-02  -7.831608326866024801e-04  -3.547051280535616387e-07  -7.611636531917347859e-07  -1.245293604946454339e-06  1.214484518234001768e-03  4.417035028178073475e-02  7.565715448427155852e-04  9.573652486090415407e-07  1.135857899150921085e-07  3.066911115810042171e-06  3.589067488241582619e-04  2.008341569897147821e-02  -2.250823983232606330e-03  -1.404774102687712432e-08  7.354374529860663065e-07  -2.948039900247119091e-07  4.419597508753820257e-03
5.565137514536138688e-04  2.072145168256417716e-02  -9.548947232695483066e-08  2.534824231555027211e-07  2.843161471520746809e-08  7.769593247274254877e-03  7.564967214504547720e-04  5.088706729161000114e-02  1.433643135257926411e-07  -2.332841808724662009e-07  1.608417540019456740e-07  1.594768213732440480e-03  -5.781630285784056418e-03  2.008321174122068911e-02  1.298021248395281953e-08  9.236264416613743630e-08  4.414981315580324518e-08  2.617694994886276497e-03
-1.024029085363066705e-06  -3.200771199386261366e-07  2.137348289651512176e-02  -3.730811026367166590e-04  -8.704728577944735590e-03  8.512993094826348878e-08  8.817242864137904904e-07  1.247029213816526706e-07  5.179578715059118821e-02  -7.295185444220959913e-05  -1.661343169228047612e-03  -5.142756199597787895e-08  -3.762505842218964255e-09  -3.848787468109763263e-09  1.453047602121176375e-02  -3.279059519587664093e-03  -3.147774614677531415e-03  -2.756030737660789212e-07
-1.756709044784498700e-08  -1.058038589200200823e-07  -1.423235600503078052e-04  3.717714989669094940e-03  3.858858424948503148e-05  4.674597060185010232e-07  -7.141136448528619272e-08  -1.598305482933756302e-07  -7.297048017580187187e-05  3.930563093925601437e-02  -1.185325208970717154e-04  2.322438761723984407e-07  -2.363836336923328480e-08  3.554453914331587589e-07  3.147695581370213956e-03  4.821009181305079905e-04  -9.507503251447637499e-04  -1.036030670574875533e-07
-3.071658130335579747e-06  -1.761620297798351886e-07  8.537962796528202405e-03  -4.718360939293040593e-04  -1.030959835070574017e-03  5.368753962271623800e-07  3.047641917354342003e-06  1.826470060543776122e-07  -1.661310169148479121e-03  -1.186400009832512705e-04  3.584003565134276370e-02  -3.992849678516202438e-07  -3.127004769914365737e-07  -4.255420769593985886e-07  3.278945511830916315e-03  -1.309417263920350637e-03  4.822102697555056996e-04  -8.675598332633975449e-07
1.282367706817403457e-04  -6.910972276545064227e-03  5.163106039029236083e-08  5.088469144670497677e-07  4.849010479362439335e-07  -1.131110991188769574e-03  3.589145973335647181e-04  1.594715634311568136e-03  -4.427819691068793393e-08  2.308472636119179128e-07  -3.969593407848292468e-07  3.538067150522474641e-02  -2.617635752442934449e-03  -4.417003507740349839e-03  9.784261418920276926e-08  -7.658895540564561832e-07  -3.295305445114725219e-08  7.867558552920057152e-04
2.072021761863992312e-02  5.558146406059735018e-04  1.361102609141101574e-07  3.770818858992430467e-07  4.874307848752410002e-08  -7.768632524933244583e-03  2.008351537251382504e-02  -5.781599034057133962e-03  8.882971295899240848e-08  7.642086055146409736e-08  -2.257241760779023547e-07  -2.617661810842135915e-03  5.088779705018488947e-02  7.572554461708781021e-04  -1.006229422084114526e-07  -8.054134452033568479e-08  2.095205579011883643e-07  -1.593536880802188128e-03
-7.860739766954521427e-04  3.522979629244023941e-02  3.821920094653052063e-07  2.487242313024136789e-06  8.647956458541399436e-08  -1.214757404067050338e-03  -2.250786659132544398e-03  2.008312870337175191e-02  1.739980747525067681e-08  2.892432662261356716e-07  -4.332660078872280311e-07  -4.416960004354445780e-03  7.573248237706707922e-04  4.418107286527035021e-02  8.095387198814041614e-07  -3.101526047722088401e-06  1.778022134774036886e-08  -3.587626560427752717e-04
-2.256901782597489152e-08  -6.379735278503532871e-07  2.137285741421003984e-02  8.704137929035311166e-03  3.733993370182079989e-04  -2.163672367945975615e-07  -3.219784721698754929e-09  -3.480248443697432333e-08  1.453050195132710165e-02  3.147710691536805428e-03  3.278936487910150740e-03  1.010425300945555081e-07  -1.450321536230163938e-07  6.167976341981643748e-07  5.179640397976760513e-02  1.660403695114241523e-03  7.304144172477838534e-05  2.857725401464450479e-08
1.619167088028939341e-07  3.062556236033625276e-06  -8.537645610503980659e-03  -1.031769469817003749e-03  -4.719833252967280146e-04  -5.614585471214108668e-07  6.779768291114693490e-07  1.817175994851278909e-07  -3.279100200160397008e-03  4.821044077413423894e-04  -1.309400198101728875e-03  -7.621695585197873661e-07  -1.462945081081565942e-07  -3.041783236689491599e-06  1.660341866722329831e-03  3.584254848232378693e-02  -1.188430392416613531e-04  3.095071801512118034e-07
-8.774955863531027886e-09  -1.952120458605671498e-08  1.424537174798538896e-04  3.873054305774163518e-05  3.717663636928389762e-03  1.899935842266375090e-07  -2.628226581915800332e-07  1.136889556331512670e-07  -3.147761222423402835e-03  -9.507295391215248590e-04  4.821922149449769587e-04  2.605345056956342263e-08  2.992252055565031711e-07  -5.710648602360662100e-10  7.308712790704656730e-05  -1.188437384762411906e-04  3.930546042441588478e-02  3.080191851412292804e-07
6.907451789891407706e-03  -1.288915762707790711e-04  -9.583106115958153919e-08  -5.995568846263931756e-07  1.944485364806077456e-07  -1.132115531093341775e-03  4.419644286690774769e-03  2.617690285379010127e-03  -2.851137454328932567e-07  -7.736422135236747763e-08  -8.724336670092321812e-07  7.867329289536577602e-04  -1.593473993729687494e-03  -3.587750910915778364e-04  2.818286445921359653e-08  3.293400684319477253e-07  2.834950106533263805e-07  3.538358622585532215e-02
