4.114186952584917428e-02  -9.012023665466607899e-04  -2.400709372939380139e-06  4.210893953013934302e-07  1.280642823021640254e-05  2.656109318665322676e-03  3.763010134091799436e-02  1.143308947041255961e-03  -3.990817401457065642e-07  2.358799437517573707e-06  -8.740938437356738109e-06  2.237351886286038103e-04  2.302871213760462540e-02  -1.166574404896273277e-03  -2.867170133029275388e-06  2.146438058426764095e-06  1.593372283714550856e-06  7.688506135504904505e-03
-9.011444694209629199e-04  4.116718373373687984e-02  -7.419599133785594476e-06  -1.502047864690397077e-05  2.296098404243899386e-06  -2.676846931445868872e-03  -1.159476815587527632e-03  2.305386432544681216e-02  -2.306489213747872077e-06  -7.882551594799893325e-07  -3.801193025975049405e-06  -7.722991060121619719e-03  1.143602510647675043e-03  3.757743144151108605e-02  4.425687676427971457e-06  -1.222729979090700256e-06  -4.828868096773175846e-07  -2.371231632682515656e-04
-2.450061983256588200e-06  -7.337678464046905169e-06  4.782223060799369735e-02  -3.860108619412256845e-03  3.890594736655043212e-03  -2.160435438657423891e-06  3.745230614871010369e-06  -4.308901341411985118e-07  2.384051310541453542e-02  -3.991099784194989883e-04  1.015365713614738846e-02  -6.217583210511644174e-07  -2.043346825844042829e-06  6.728317404042606233e-06  2.381811937672307505e-02  -1.012949674152586327e-02  4.033186535592987515e-04  -2.148695878392712367e-06
3.792127711329981608e-07  -1.500660210751577080e-05  -3.860082815140294596e-03  2.968651520491060944e-02  -3.641647657121203289e-04  -8.186608131599738773e-06  -1.478114053135102791e-07  -4.630408482293837233e-06  -1.157267082508032325e-03  4.356104692579271243e-03  -1.163817668477053159e-03  7.243521419849500420e-06  4.145578731982098271e-07  1.633448340299998146e-05  1.068738771013295376e-02  -6.159979062816427946e-04  1.623271988739888165e-05  6.512565335584988325e-06
1.277352066273006740e-05  2.214015489644253753e-06  3.890424989317761359e-03  -3.641892903358749222e-04  2.962642263438305251e-02  -3.794967546647132423e-07  -1.429427847975388394e-05  -5.752412102809868780e-06  -1.070977019089645356e-02  1.030730089900664366e-05  -6.259189156449959613e-04  1.490182206280034785e-05  1.287618763826786264e-06  3.015703844502082756e-06  1.165862588102094732e-03  -1.169023108340039134e-03  4.347925569769345300e-03  1.008611698741130796e-06
2.656118622087297321e-03  -2.676790771408465823e-03  -2.227136664823367103e-06  -8.324644755289013279e-06  -4.243552145390802218e-07  2.448334014995508928e-02  2.431401145790607586e-03  8.910213409879918361e-03  -1.245333595413051553e-06  3.367413037631344909e-07  1.221500503905711046e-06  -6.556512472615258578e-04  -8.868089907597647217e-03  -2.463791636737371494e-03  1.833831531237176053e-06  4.119414419267113324e-07  -3.514817736612144110e-06  -6.426480233097352224e-04
3.763010066965735007e-02  -1.159528599156220679e-03  3.733494063284613741e-06  -1.913193968448012285e-07  -1.439903540006731138e-05  2.431442073754560857e-03  4.126469212884646687e-02  1.149435614859556148e-03  8.683578817985215880e-07  -2.340557180906436404e-06  1.013386823718996276e-05  4.483846003051545660e-04  2.252842329860248530e-02  -1.695281316627256837e-03  1.274381786275973737e-06  1.253583932259643870e-06  -1.369393035274351014e-06  6.336667237730276257e-03
1.143297419144056852e-03  2.305401956731851359e-02  -4.145207051366905756e-07  -4.595418790436470840e-06  -5.784007821304086006e-06  8.910166129616342579e-03  1.149398686545349260e-03  4.855277962931721369e-02  -1.342124778875373688e-07  -7.480480787797143629e-07  4.457299119149001946e-06  4.544189571306879102e-03  -6.808689433681089018e-03  2.253343403509026899e-02  2.002625518785942946e-06  -3.306989501589909622e-07  -1.667527855825896356e-06  2.605908292332609170e-03
-5.000348993517117385e-07  -2.367534511931264581e-06  2.384059446109538030e-02  -1.157232932939640047e-03  -1.070975902416142038e-02  -1.159095288898897095e-06  8.576425946464451512e-07  -1.476616735691296105e-07  4.995592032345096134e-02  -1.694218029361224600e-04  -4.423872207125013022e-03  -7.154264907674909625e-07  -3.855903586971227025e-08  2.209346762186640084e-06  1.619265337466685786e-02  -4.134134298452506011e-03  -3.744917381178859694e-03  1.212771892828438834e-06
2.356563030730255009e-06  -8.604011173791381713e-07  -3.989255604594381431e-04  4.356210079422397595e-03  1.024501068264942244e-05  4.901832018474177423e-07  -2.340339023613455202e-06  -7.417951087032831719e-07  -1.692606971534717404e-04  3.851778238289425838e-02  -2.037339361941238201e-04  4.962803112135542221e-07  1.955013889101772974e-07  2.139053321171182351e-06  3.745385714984117865e-03  7.620569033540313319e-04  -1.094716503929721654e-03  1.518924023291478417e-06
-8.692721321061380621e-06  -3.712225333014387808e-06  1.015382626563125258e-02  -1.163861748938617045e-03  -6.259339883331599538e-04  1.241590530379109560e-06  1.010599687528240596e-05  4.440871628584306313e-06  -4.423724359014375059e-03  -2.038232804317193262e-04  3.001149516842517920e-02  -1.154493276528144147e-05  -2.144799878034660558e-06  -3.323902179860200096e-07  4.132538423867468738e-03  -2.184186949898773641e-03  7.635665198272307674e-04  -3.624516613968994894e-06
2.236644074162104606e-04  -7.723263120252349054e-03  -6.125822522405503293e-07  7.209255005617276844e-06  1.490734880353210153e-05  -6.558749581419637481e-04  4.483817986556277177e-04  4.544106476790054500e-03  -7.173629944658363780e-07  4.435539750346445917e-07  -1.151174767765975680e-05  2.888482510777388643e-02  -2.608621267122862662e-03  -6.336015027472345108e-03  -3.804569695453288662e-06  1.575568231420344608e-06  2.309549890770451007e-06  1.588905574166396984e-03
2.302863845804195217e-02  1.143464645033275776e-03  -2.071427943484328797e-06  3.980355486455542292e-07  1.302992544849850510e-06  -8.868059235405062815e-03  2.252832239049942092e-02  -6.808784835085534594e-03  -3.597370749354333862e-08  2.089694679556982448e-07  -2.182165525116494378e-06  -2.608726721738410369e-03  4.857809845645202906e-02  1.158185426505372413e-03  2.412065697880879676e-06  -5.720619111070894428e-06  1.669450512836469296e-06  -4.502603291925001520e-03
-1.166611761253699090e-03  3.757757397095748408e-02  6.797389258855496630e-06  1.630943746979019655e-05  3.039373120032365102e-06  -2.463779625953082912e-03  -1.695356728323872859e-03  2.253349116811292213e-02  2.312874401197142379e-06  2.156757478216613808e-06  -3.865417271717163262e-07  -6.335981580194728277e-03  1.158213999545702018e-03  4.130096107855817100e-02  -5.713581766369607856e-06  1.406668293101332124e-06  1.769343496312198520e-06  -4.285924977686494789e-04
-2.911116237843854766e-06  4.463484593817671431e-06  2.381814880153705627e-02  1.068731653238299238e-02  1.165938224902993842e-03  1.855947177752308217e-06  1.276616850022546867e-06  2.021392079518284632e-06  1.619255310408498558e-02  3.745206353442794619e-03  4.132345529062306927e-03  -3.816883292016301778e-06  2.437210074231703799e-06  -5.793949261934366693e-06  4.997610910583119570e-02  4.391911827022884282e-03  1.684568640805437308e-04  3.496281016030203551e-06
2.226747934417648892e-06  -1.293218271195654298e-06  -1.012943372223048914e-02  -6.160550598405751047e-04  -1.169055616570306754e-03  3.450421204448740773e-07  1.317848608994448065e-06  -2.792173880158316110e-07  -4.134039310448048288e-03  7.621048958337987367e-04  -2.184145654058690204e-03  1.607255087874441318e-06  -5.737518130891253183e-06  1.377098672824949279e-06  4.391856693320119603e-03  3.007365983095403039e-02  -2.045806225168781301e-04  -1.275923443219764087e-05
1.588326165083287103e-06  -5.193741799750953192e-07  4.032541948903659154e-04  1.626804687090180031e-05  4.348098602738645346e-03  -3.511238089426286632e-06  -1.368940513323654290e-06  -1.673859506138213373e-06  -3.744947319480210722e-03  -1.094715769441108929e-03  7.634310236907306544e-04  2.325176669229877707e-06  1.664310916787901676e-06  1.778589474793629999e-06  1.684144627076160415e-04  -2.046334961447058220e-04  3.852147408676739881e-02  6.188617359539301112e-06
7.688477306060439997e-03  -2.370539676086424433e-04  -2.037299587528743637e-06  6.538525559962247450e-06  9.866644824335272663e-07  -6.425351312465138335e-04  6.336609970586396835e-03  2.605926595865499466e-03  1.316687887700156407e-06  1.625965203370647069e-06  -3.658181614223377818e-06  1.588901661990813063e-03  -4.502605849994579731e-03  -4.285229528709314385e-04  3.661655621182997528e-06  -1.277395918235464630e-05  6.188091017668951061e-06  2.897545515952364148e-02
