4.388409064399670378e-02  -4.306028610484032948e-04  -7.222495628491912383e-07  -4.048998054092582886e-08  4.115696497000363946e-06  1.333894702493204198e-03  3.566610798417198941e-02  6.025863549911190812e-04  -7.733237702031715557e-07  -3.798249809446267815e-08  -4.158034669448831026e-06  1.491597173852219184e-04  2.096379023159445146e-02  -8.356296064496337344e-04  -4.071839113163362827e-07  1.414449575975984036e-07  4.128066418728660690e-07  6.949624110514976243e-03
-4.306244945229457076e-04  4.387593363152669790e-02  -1.036530117703924089e-07  -5.679691085020302504e-07  4.744445149322516830e-07  -1.336478075250873776e-03  -8.370353990705705054e-04  2.096245940041657416e-02  8.373767047229744434e-08  1.904069319936310902e-07  -2.123932619247640576e-07  -6.946452978128535294e-03  6.032863046419201670e-04  3.567466337086291212e-02  -2.102666848018676993e-07  6.505014083027469200e-07  -1.241489268594593624e-08  -1.459394342149385410e-04
-6.818287964430192334e-07  -1.826634176039633466e-07  5.060308678811038102e-02  -1.723297111173140508e-03  1.721235466422221371e-03  -3.706604017956400013e-07  6.149423706613976240e-07  2.188306409811194542e-07  2.164643422076093643e-02  -1.598936362159140805e-04  8.698650168941219132e-03  3.085142551335662209e-08  3.270074706580344019e-08  -2.407161085926608710e-07  2.164709281391538273e-02  -8.698282307638149219e-03  1.593723840484637848e-04  -2.131444364507137877e-07
-3.939976992538291709e-08  -5.706446126526455902e-07  -1.723301702928327524e-03  3.513941064674924730e-02  -1.739371427468473203e-05  -4.891446634824757094e-08  -1.574967185925944740e-07  2.931546211689844843e-07  -4.236700345196075645e-04  3.806426661851685343e-03  -5.174151089672482211e-04  -2.221291815426012441e-07  2.092817643605296529e-08  2.296613321734394134e-07  8.886318847204250151e-03  -9.595073438870161536e-04  3.933357769486575786e-05  -2.165953604744372329e-07
4.044374762224784240e-06  5.645440714277618512e-07  1.721133737623491275e-03  -1.724975453573613128e-05  3.514712432016065674e-02  1.286358519976588609e-06  -3.825587475290357645e-06  -4.321593037592693616e-07  -8.885988244006643930e-03  3.975786751214181958e-05  -9.634334681673420008e-04  -4.056957692350604749e-07  6.303729841932178743e-09  9.667259213014875091e-07  4.226820751107925479e-04  -5.166853058576882608e-04  3.807025090655002074e-03  9.521390415885786477e-07
1.333925516636341041e-03  -1.336467642090495393e-03  -3.479511633069728654e-07  -6.005979748678520385e-08  1.274280946925960473e-06  3.230440363670555870e-02  1.308958140773103501e-03  7.887893852607521031e-03  2.739222412288115876e-07  4.022529943820964039e-07  -3.766030637657119785e-07  -1.065344093181273865e-03  -7.888025652019259662e-03  -1.307193678509970978e-03  -1.398816797051990885e-07  -1.393562207358979609e-07  9.440111702681290766e-08  -1.067138443447684416e-03
3.566610950679420522e-02  -8.370404751594567525e-04  5.870501087077029365e-07  -1.575551744124367065e-07  -3.741045040588386102e-06  1.308979276154352903e-03  4.376922929818342217e-02  7.814867526336031914e-04  8.068665840354342150e-07  -8.668606797928514221e-08  4.076444588433707987e-06  3.770185051181663841e-04  2.034380785330527908e-02  -2.147479286690542714e-03  1.876293609016079693e-07  6.497953064368715638e-08  -3.197518467849940446e-07  4.612457857355685073e-03
6.024723730972295988e-04  2.096227189639147601e-02  1.001132847571798931e-07  2.714691848558500701e-07  -4.811903459714388636e-07  7.887820738123156594e-03  7.812885711585467732e-04  5.072434780653901215e-02  -1.542112670616800320e-08  -2.282056000341670628e-07  9.722698014786690682e-08  1.788859186642810213e-03  -5.859469610052459032e-03  2.034472536848494495e-02  1.068332771304151351e-07  -4.383542286650450487e-08  -1.828379388178638846e-08  2.648663084546005932e-03
-7.849432103830662404e-07  3.852414609182923893e-08  2.164643935973844385e-02  -4.237572237763817312e-04  -8.885882597676938652e-03  2.392385154938539076e-07  7.698364193786284888e-07  -8.201982851944114239e-09  5.167148098694847314e-02  -7.995396611607170391e-05  -1.850135312539683517e-03  7.433979513789459489e-08  -9.689029556596544622e-08  -5.409807511191818523e-08  1.471499718548630216e-02  -3.355896393133908813e-03  -3.214315040120003814e-03  -2.577170091194466378e-07
2.036635126452972739e-08  1.628243187079391175e-07  -1.599301779255737107e-04  3.806375489958827713e-03  3.975629643730369656e-05  3.625050182477952684e-07  -3.752750449967961589e-08  -2.211163146760416191e-07  -7.989004590488488309e-05  3.924403819250490977e-02  -1.260715893818737158e-04  3.733517859664912293e-07  -8.924611191546726316e-08  1.589005777586316676e-07  3.214266474433206608e-03  5.110010407881336895e-04  -9.718340308290129327e-04  -7.665996763274851305e-08
-4.164730676260724379e-06  -2.100111381157125204e-07  8.698738864868878901e-03  -5.174022565128555840e-04  -9.633936108605762032e-04  -3.694457679432503448e-07  4.080560601172023989e-06  1.020282149824389998e-07  -1.850033121119580353e-03  -1.260861391304159270e-04  3.540375310422977373e-02  4.420821518860640860e-07  -2.323947107769734668e-07  -7.555044366797131360e-07  3.356274819867376049e-03  -1.370784354493516464e-03  5.104814279838440234e-04  -1.175511818109308437e-06
1.492007470427577807e-04  -6.946436588729279146e-03  -7.088845630539152759e-09  -2.258937737315723987e-07  -4.039137668075053850e-07  -1.065334888974146929e-03  3.770265880775234505e-04  1.788774997597315222e-03  6.754707920730490615e-08  3.716657189822330876e-07  4.499709888948363460e-07  3.488653755390667965e-02  -2.648824468998852918e-03  -4.614052998161846143e-03  2.772565257583941554e-09  -1.164327550150470166e-07  -3.306956093735886954e-08  8.589330307731922465e-04
2.096358918520773232e-02  6.033057296022607124e-04  -9.005880711063351498e-08  6.020747364585403247e-08  8.237439946526210707e-08  -7.887895551608931077e-03  2.034393860681107946e-02  -5.859337181124546837e-03  -7.093559167747690219e-08  -1.368599158524591780e-07  -2.380843218386102661e-07  -2.648873165103362778e-03  5.072398328239063892e-02  7.806510021190802380e-04  -9.113666041489141661e-08  1.030959243064276528e-08  1.657566917974946330e-07  -1.789436460383553047e-03
-8.356431636829907269e-04  3.567459807084655959e-02  -1.556798696241671733e-07  2.322150699938326813e-07  8.852744792394473010e-07  -1.307191035817489248e-03  -2.147483681339335589e-03  2.034465976270521254e-02  -3.539698662956681325e-09  1.778483296145753902e-07  -7.593532682398062270e-07  -4.614018226865425863e-03  7.806998396720112162e-04  4.376080767313240277e-02  9.850303762686344221e-08  -5.374895657645265262e-07  3.957905934010195494e-10  -3.797823760973250535e-04
-3.187123529919007094e-07  -2.371450943786353151e-07  2.164706981558524312e-02  8.886246236648557076e-03  4.227722961294763790e-04  -1.639239940711308465e-07  2.722284167941225787e-07  1.257436936559582382e-07  1.471498969115158512e-02  3.214229570548957342e-03  3.356224760576506823e-03  1.452270117440237924e-08  -1.942940228508694834e-08  6.372354749792046305e-08  5.167094532657835748e-02  1.851129416113204192e-03  8.009037593148314149e-05  -1.029456350323680409e-07
1.508190158570947691e-07  6.445438697487172298e-07  -8.698383251731660326e-03  -9.596049376974743247e-04  -5.167243098056890048e-04  -1.297951350997404244e-07  6.454200675173011228e-08  -3.805493696108810255e-08  -3.355890189628004533e-03  5.109097707891929263e-04  -1.370789076976397557e-03  -1.179137697529890252e-07  2.469114907866096242e-09  -5.398077333695146256e-07  1.851027126527810028e-03  3.539896721936589691e-02  -1.262385584646243239e-04  2.855660427584046320e-07
3.461872374880836654e-07  4.572783010513344121e-08  1.593702931448419380e-04  3.927463606275315774e-05  3.806890493872136603e-03  1.127559266851384583e-07  -3.816614355908881278e-07  -5.537931115679362597e-08  -3.214282739732155034e-03  -9.718986338132333536e-04  5.105167416911999146e-04  -4.834455267327097717e-08  7.038339618576175954e-08  7.239624136678867466e-08  8.010983684487318446e-05  -1.262354511982043820e-04  3.924421860706112791e-02  1.897350498803466906e-07
6.949555909206392955e-03  -1.459991630634149666e-04  -2.203745606571196687e-07  -2.220402996911729237e-07  9.736564272904491931e-07  -1.067143163426167128e-03  4.612485016030329343e-03  2.648665032159537754e-03  -2.612518601190179865e-07  -9.508724422951495385e-08  -1.178563733390631983e-06  8.589989629506030767e-04  -1.789368511310563932e-03  -3.797627771316747268e-04  -1.088691709678364701e-07  2.831197050279561093e-07  1.987707364683186358e-07  3.488659707620523492e-02
