4.154279500965760846e-02  -8.158553942181787045e-04  9.274487113456850440e-08  -3.666659103023287438e-06  -1.464099990340255268e-05  2.320115820176009772e-03  3.751043144541015006e-02  9.933074999695105847e-04  4.415093529827284388e-06  -4.880822020159806075e-07  1.859097976382737409e-05  2.522460038903095395e-04  2.254444167148678818e-02  -1.098894370266967693e-03  2.733163250060388613e-06  -1.097608609690388262e-06  -2.097617181350218057e-06  7.398671800828644611e-03
-8.159718063969669671e-04  4.152586199704599856e-02  -1.204000395884482271e-06  -6.076706026575943686e-06  -4.848345205003781364e-06  -2.312102481364694973e-03  -1.103075867299318537e-03  2.254234441725044835e-02  -4.818447066914318864e-07  -1.795453001607205608e-06  2.469119919127947021e-06  -7.397828707369706602e-03  9.936140781772191243e-04  3.753107378636513780e-02  8.699811891427030129e-07  3.162551133111659364e-06  -8.158103162737757184e-08  -2.502666763297149081e-04
1.315139706850541677e-07  -1.165379684789821260e-06  4.858152044336341846e-02  -3.315017812718284995e-03  3.306567281874725223e-03  7.000386325111406197e-06  -3.205482650099730095e-06  1.606223441138167148e-07  2.335285476849058295e-02  -3.322416331194949198e-04  9.783101073329721412e-03  -1.199062391164787860e-06  1.407028504842708308e-06  2.845213257489820526e-06  2.335240819134850460e-02  -9.776093335432592749e-03  3.312599529124572013e-04  1.464781682593467472e-06
-3.708256440133215933e-06  -6.177092387243330678e-06  -3.315048182952424170e-03  3.101643254345450712e-02  -2.376555602917144192e-04  1.084292165653836967e-05  -3.009822666994993745e-06  5.206571658418137332e-07  -9.482332485265335944e-04  4.247756405340591922e-03  -9.703796031430744935e-04  1.835470481598657273e-06  1.921973637627880916e-06  6.351491197936618778e-06  1.021342267701374519e-02  -5.196232312175513802e-04  2.592579765609956787e-05  -2.744372429646043225e-06
-1.471481561336461540e-05  -4.811744251478767302e-06  3.306633581097422579e-03  -2.376585562688334255e-04  3.105486284425946347e-02  -1.184610014895901756e-05  1.358520443823540673e-05  8.881228013384817084e-07  -1.022112628278127634e-02  2.625014820895692531e-05  -5.582005905435000756e-04  8.020313573443599731e-06  6.446308523762295255e-07  -3.920945626531252430e-06  9.443794460168891854e-04  -9.680859526272570653e-04  4.252500313714883268e-03  -4.733065021726714995e-06
2.320122109185240259e-03  -2.312145103908173124e-03  6.906605481415840610e-06  1.079807309602692784e-05  -1.186129954214499476e-05  2.634659962389883370e-02  2.169887296771279978e-03  8.634933373855962699e-03  1.495101172850550573e-06  -1.707910569999321952e-06  8.521430513357410947e-06  -6.467824401792755589e-04  -8.639867451014283939e-03  -2.161101544100299011e-03  -3.124307482850255935e-07  -2.041171396280262067e-06  -6.186907854160003585e-07  -6.203596374419801827e-04
3.751051296604588497e-02  -1.103066992990997574e-03  -3.150735450249115587e-06  -3.038673299750726612e-06  1.369606605884815564e-05  2.169854793189296503e-03  4.161597413406605689e-02  1.031268555988097907e-03  -5.433501642251875805e-06  -3.620669988248436237e-07  -1.888305015457628471e-05  4.423274536144660937e-04  2.204121065352411535e-02  -1.697195134800213610e-03  4.966518352841905285e-08  -2.501127124191157654e-07  1.454720825287869303e-06  5.950521691938425242e-03
9.932334868979018211e-04  2.254229918580007500e-02  1.657994075299242021e-07  6.816775770603630076e-07  9.092783222469230755e-07  8.634985965242980566e-03  1.031335729751287154e-03  4.918488024500622391e-02  8.334076980390382765e-07  1.150903127302318847e-06  8.582502418628185971e-07  3.741791764915657677e-03  -6.526377403181401332e-03  2.204409915413093474e-02  -8.690633822520939596e-07  4.120460480344460751e-07  2.060488751615100363e-07  2.692802873994159813e-03
4.414520273723621091e-06  -4.918258468245612129e-07  2.335288006670290309e-02  -9.481336825196199063e-04  -1.022110346704450425e-02  1.559560750924298860e-06  -5.385689190490055908e-06  8.360513913549682037e-07  5.045415212085462009e-02  -1.426990306835863517e-04  -3.693869046699980053e-03  -1.780857666911402082e-06  1.078188810713994531e-06  1.055353693751688735e-06  1.586070712667768043e-02  -3.916222855837897532e-03  -3.625268803061631583e-03  1.956640705028241554e-06
-4.966754556083228119e-07  -1.764713197377070621e-06  -3.322445108222034241e-04  4.247756277004036130e-03  2.619460929614673294e-05  -1.631043735625770652e-06  -4.433388755923211338e-07  1.155602129700414712e-06  -1.426876034457401929e-04  3.872274915795365785e-02  -1.806289593485141008e-04  -1.709598515019115756e-07  7.098992777741719095e-07  -2.026257845270741275e-07  3.624201866556848485e-03  7.213570236675845467e-04  -1.077075805623609094e-03  -2.520356542797730072e-07
1.859466646816056859e-05  2.462474618511505167e-06  9.783107800656524675e-03  -9.703903966458888881e-04  -5.581959374180802715e-04  8.537530829788694315e-06  -1.883549199511088952e-05  8.646687332733293093e-07  -3.694065896222071231e-03  -1.806472852306586520e-04  3.142677047061415152e-02  -8.208242933014809760e-06  1.223610346298954847e-06  4.132113687505717628e-06  3.919542812436993366e-03  -1.936830782066645881e-03  7.169736331199932618e-04  6.628922643912172582e-06
2.522684134709409073e-04  -7.397709454062690801e-03  -1.190118134586108021e-06  1.730145393616954005e-06  7.941643195343568002e-06  -6.466704102825529543e-04  4.422970536978886621e-04  3.741978342209695448e-03  -1.713619484669724118e-06  -1.270905367340020060e-07  -8.196026281352779806e-06  3.046786681122060775e-02  -2.686554290263050860e-03  -5.961327919917176928e-03  -3.596025893549470774e-07  -1.186427034886246765e-06  6.278278687735730882e-07  1.405705315153510425e-03
2.254453579837945379e-02  9.936145037294185061e-04  1.398568147735347005e-06  1.908906130146813311e-06  7.083812275285360108e-07  -8.639919631987109591e-03  2.204107787342565045e-02  -6.526329655081813431e-03  1.088513728283822815e-06  7.247798210856413786e-07  1.147559523143907566e-06  -2.686418737137185805e-03  4.918533693868635398e-02  1.028225551715153396e-03  -2.706131937995907814e-06  3.980720195894916089e-06  6.110827562809597516e-07  -3.745057271056837986e-03
-1.098935669426470522e-03  3.753106875895527439e-02  2.914897618980086865e-06  6.488750730428756458e-06  -3.934626420066332109e-06  -2.161084858469862219e-03  -1.697125744355163293e-03  2.204419821817793154e-02  1.117724339009819437e-06  -2.033479490768350758e-07  4.155737222498472539e-06  -5.961433662174559465e-03  1.028346381587079720e-03  4.159760016252353476e-02  4.970971629894756718e-07  -3.374859965604821346e-06  -7.908424771118755211e-07  -4.481868429215902149e-04
2.727519146818641177e-06  8.870601382408140886e-07  2.335233807021333194e-02  1.021347235685743544e-02  9.443124841887486597e-04  -2.233256427183504801e-07  7.229479720774359643e-08  -8.667469234849492959e-07  1.586070925364113995e-02  3.624224015312724288e-03  3.919550745587514415e-03  -3.600991572410139221e-07  -2.714752256263589306e-06  4.327749754319407170e-07  5.045213866200203706e-02  3.702965227125403023e-03  1.424109630169339245e-04  -3.457292346861578935e-06
-1.150348946938488698e-06  3.217785293410969628e-06  -9.776058814605036867e-03  -5.196884336710446339e-04  -9.681580695402277389e-04  -2.034039844569452241e-06  -3.139876584588845419e-07  5.241445742016798178e-07  -3.916179957926098354e-03  7.213664735975698844e-04  -1.936833726498246328e-03  -1.215016468036135943e-06  3.898924056446804028e-06  -3.318215674781048393e-06  3.703242776712076419e-03  3.138531162214860254e-02  -1.804487141887591213e-04  9.348959762005338130e-06
-2.104762470716397354e-06  -7.243060073918323325e-08  3.312732169709341505e-04  2.592805706705062906e-05  4.252524209530794339e-03  -6.403858402272419227e-07  1.475279618172615842e-06  1.927852722154507143e-07  -3.625267513924090076e-03  -1.077058280961411133e-03  7.169779811218638093e-04  5.718056837192504502e-07  6.302516822091828156e-07  -7.856891124192872890e-07  1.424384786995802675e-04  -1.803757082802634395e-04  3.872259344399933689e-02  4.027307839295183807e-07
7.398700387166755495e-03  -2.501713257542276703e-04  1.504789280993052162e-06  -2.683162627977296503e-06  -4.697969994457951703e-06  -6.204888552726955334e-04  5.950468649957816290e-03  2.692751433764065637e-03  1.987905508640088956e-06  -1.806043435314232505e-07  6.602441152380991902e-06  1.405690825097906035e-03  -3.745079774226387978e-03  -4.481496008042990605e-04  -3.435023085594182949e-06  9.347087068001482243e-06  4.295700778141484971e-07  3.043801809492610935e-02
