4.387776085360527850e-02  -4.307805858962215320e-04  6.593127397516079379e-07  -1.116177951219251367e-07  -1.114173809858453946e-06  1.333599444902452752e-03  3.567365918626672072e-02  6.029097338833421145e-04  -4.318019087435826178e-07  -3.732250394682234196e-08  -4.602853020335171522e-07  1.468848281178301266e-04  2.096240096661820471e-02  -8.366917023535993007e-04  6.707224132965223375e-08  -1.511588019102091411e-08  1.020292980162419385e-07  6.947702477936969559e-03
-4.307545807174343612e-04  4.388871199826588354e-02  6.862086458948257323e-07  1.443706942060825039e-06  -2.267238728440377045e-07  -1.335038872745666731e-03  -8.351789993520272433e-04  2.096413904550755228e-02  -6.073712798287742513e-08  1.461276370498330692e-07  -8.961481792818345161e-08  -6.950395612161801122e-03  6.034584089473246475e-04  3.566125284490342939e-02  -1.729667413060045519e-07  -6.862170573853302478e-07  -7.073551290549728765e-08  -1.466820466743872040e-04
6.807384136866129605e-07  6.505613957867069445e-07  5.060371041899167088e-02  -1.720583180139513254e-03  1.722256895385410047e-03  4.212017113925148552e-07  -5.690571160401197771e-07  -1.903650957330083876e-07  2.164703628420330817e-02  -1.594336108186228710e-04  8.698798500659131114e-03  -3.714035392050595862e-08  7.971542262186131338e-09  -2.760904844300318392e-07  2.164646733075454785e-02  -8.698879311648841789e-03  1.596501721660855105e-04  3.077511442452013412e-08
-9.546353237084728677e-08  1.435243108283899322e-06  -1.720500594191457563e-03  3.514766890424986245e-02  -1.717588590130709661e-05  -1.912429150116156507e-07  2.969533077366641845e-07  1.616598195983175627e-07  -4.228103597654738941e-04  3.806987168079053671e-03  -5.168398389009291405e-04  -3.607775674260243204e-07  1.458331446033747342e-07  -1.587928426662128262e-06  8.885286739904870931e-03  -9.621645334366969943e-04  3.951712872051825438e-05  2.882924113643617641e-07
-1.109813480132287628e-06  -2.306977233254047730e-07  1.722189197443352521e-03  -1.720394722352041581e-05  3.514383394823260981e-02  -1.257630532623514336e-06  9.894844455875302369e-07  3.018923434389567604e-08  -8.886482574404483414e-03  3.948050806615143452e-05  -9.625833370814260680e-04  8.287833041389283405e-07  1.999172070726112501e-07  -3.944656918940310972e-07  4.232984447304097915e-04  -5.173139085947580642e-04  3.806841327945002362e-03  5.677846174267978383e-08
1.333466704546450859e-03  -1.335088386943048683e-03  4.290196814306126183e-07  -2.166028813469624721e-07  -1.254644800627781339e-06  3.230812231842480203e-02  1.306415730463774327e-03  7.889708772451868579e-03  -8.856040880856418290e-09  2.028638182083743244e-07  8.180819767871499399e-07  -1.066286138243880376e-03  -7.886182448551437574e-03  -1.309797353729431294e-03  -5.299003805261663341e-08  1.245416414797463579e-07  -1.513163948176144902e-07  -1.067633520333049341e-03
3.567360816639861265e-02  -8.351920018264045965e-04  -6.183498829597384864e-07  2.854873586741654827e-07  9.946125044497452868e-07  1.306401956164075654e-03  4.376250544035773654e-02  7.806508140415412350e-04  4.867391039712750036e-07  -6.360343681288953605e-08  5.219078456508749505e-07  3.791091370831962265e-04  2.034431461539450495e-02  -2.148040438211404161e-03  -1.440671346897944876e-07  -4.472798160864342461e-08  2.065557763174646348e-07  4.614408602664510708e-03
6.027849717859900917e-04  2.096392318725020729e-02  -9.080259442717589964e-08  1.652595383672863275e-07  6.894127213198222777e-08  7.889616164841302404e-03  7.805593872690294588e-04  5.072442717378590482e-02  2.341286633796468506e-07  1.177547226495493153e-07  5.470558588483581166e-07  1.788521741603290010e-03  -5.859240667327611507e-03  2.034353515422730047e-02  -8.290828665859745377e-08  3.816105427966286052e-08  -5.357264333872217054e-08  2.648540686888502683e-03
-4.467056279732199189e-07  -9.638013624521035761e-09  2.164703938426339874e-02  -4.228557018618588092e-04  -8.886311275823594036e-03  4.410324618706562524e-09  4.789129038698914951e-07  2.224189878229668160e-07  5.167123180926867787e-02  -7.996284321651900631e-05  -1.850450557300162193e-03  -5.602344540658166751e-07  9.029041609562306823e-08  -2.745439885390407920e-07  1.471490461510380210e-02  -3.356089271239624545e-03  -3.214331969825936532e-03  -1.624256901399592129e-07
3.171198240006415020e-08  1.827836046963854876e-07  -1.594822931584383499e-04  3.807013964167570153e-03  3.949303061078760277e-05  2.430562856788850265e-07  -9.369592534059894268e-09  1.727222685993764309e-08  -8.002104920836538107e-05  3.924420922002615220e-02  -1.260749513775570835e-04  -2.107332166375971965e-07  2.185125864957552282e-08  -9.332293067679680033e-08  3.214240859978525176e-03  5.107138534956332052e-04  -9.718713310497659619e-04  2.398806490621722048e-08
-4.645265174007512548e-07  -9.397477706045887364e-08  8.698907976427375233e-03  -5.168225634500959401e-04  -9.628017526823644603e-04  8.023330518766593689e-07  5.182307876111671453e-07  5.203435645843379314e-07  -1.850366554179562039e-03  -1.261658583989532054e-04  3.540252282464439321e-02  -1.752361880976767842e-06  -9.012636151642450843e-08  -1.716083143916094420e-07  3.356120719891814760e-03  -1.370888669941939825e-03  5.106052368845704660e-04  -2.073292503804489479e-07
1.468206912677597292e-04  -6.950391503187672293e-03  -4.170695471117998254e-08  -3.634313706570586632e-07  8.328331176512449390e-07  -1.066263227004909898e-03  3.791255938725981924e-04  1.788434614260546712e-03  -5.314534997773038166e-07  -1.798852711831361228e-07  -1.764434758989415459e-06  3.488745669904262658e-02  -2.649213559058796741e-03  -4.610561729977738846e-03  1.476944766078203395e-08  2.002430598921759958e-07  1.119737285932458488e-07  8.585215368811850191e-04
2.096225939637008651e-02  6.034502580065412118e-04  -8.869852447191811949e-08  1.457728572996991050e-07  2.162819059329167976e-07  -7.886093661169820551e-03  2.034441468422833882e-02  -5.859217782194879078e-03  -1.650089772721579607e-08  -1.263068389333257774e-08  -1.344478569666635076e-07  -2.649252673362134224e-03  5.072443708220922276e-02  7.805456084010135983e-04  1.565372818259035327e-07  -3.680578793146194931e-07  -4.580179832738261213e-08  -1.789302519044702611e-03
-8.366804688110313559e-04  3.566125777246328260e-02  -2.456821953342243599e-07  -1.587178384095336486e-06  -3.904396555378024073e-07  -1.309837060350184813e-03  -2.148040878447152625e-03  2.034345138722991678e-02  -3.135988313357137764e-07  -1.331154985738816477e-07  -1.704260525074841172e-07  -4.610506482523514526e-03  7.806487315277968854e-04  4.377379471799706934e-02  1.717780252928914227e-07  6.613974578436695050e-07  -1.099392272893832930e-07  -3.791793204490924961e-04
5.941966105388544338e-08  -1.298097384351634131e-07  2.164644808568970055e-02  8.885229162406509812e-03  4.233248332282500020e-04  -2.039078312187223276e-08  -1.303945267801271631e-07  -8.708308879070307374e-08  1.471494208623356711e-02  3.214291449201173417e-03  3.356087117007022346e-03  7.423282494450970119e-09  9.386953727473286744e-08  1.918418229223856809e-07  5.167127892534264383e-02  1.851025063956503354e-03  7.984162768129834584e-05  3.767480260479250925e-07
2.353737319686019853e-08  -7.242485754359692435e-07  -8.698947644990490113e-03  -9.620430179465740139e-04  -5.173238132260817241e-04  1.134149487525530495e-07  -1.121755008426153768e-08  1.122049927489371769e-08  -3.356120325478877987e-03  5.106781817390310292e-04  -1.370853719787090393e-03  2.065670409496120110e-07  -3.354896244346789462e-07  6.210223952020891348e-07  1.850937147537961430e-03  3.540086457392510599e-02  -1.259209862153349159e-04  -1.011240349712099001e-06
1.007815860981429638e-08  -1.461676333506837512e-08  1.596958164235944553e-04  3.942946851843068782e-05  3.806747825730617645e-03  -1.286981655236315279e-07  9.395269339012920660e-08  -2.897095978794245844e-08  -3.214317793097371152e-03  -9.718426365599354020e-04  5.106266764278876878e-04  1.208443874319620217e-07  -1.550149516118762951e-07  -3.960573908156792644e-08  7.988453327517995161e-05  -1.259266016034147088e-04  3.924414344116843034e-02  -3.710068095931474244e-07
6.947642930424315251e-03  -1.467389160718489828e-04  3.097507237354358864e-08  2.756891045911301934e-07  5.878280017441003305e-08  -1.067596557070548844e-03  4.614496366865668969e-03  2.648512799272066936e-03  -1.021698072065174147e-07  3.354953227329511660e-08  -2.190289464253842720e-07  8.585445905145038708e-04  -1.789244827622236533e-03  -3.791935360062544092e-04  4.123395468827017091e-07  -1.020850012839240221e-06  -3.477885903566481855e-07  3.488772545468913494e-02
