4.387951377879842352e-02  -4.300872326017718319e-04  -1.650073852441176583e-06  1.966724134913356142e-07  4.752386916546623385e-06  1.336160343316617621e-03  3.567136314016870063e-02  6.028666024261464815e-04  6.497685201233998417e-07  -7.095818257868071126e-09  -1.660034823374280984e-06  1.458035531992969583e-04  2.096267545455982040e-02  -8.363868647291660373e-04  -3.421863508966676652e-07  1.438004077645978724e-07  3.078801736051338043e-07  6.948251079149138539e-03
-4.300839758141604820e-04  4.388280232530318570e-02  9.322962029137930044e-08  -4.878777890340706547e-07  -2.652873187675799603e-07  -1.338229730572502258e-03  -8.361484618841232789e-04  2.096279536058779855e-02  -1.317936760559063034e-07  1.577125655832172180e-07  3.443485183442488082e-08  -6.948364334720596135e-03  6.039663437341356075e-04  3.566752389648755739e-02  -3.420153183969490713e-07  6.555840232075115114e-07  1.174909829438732453e-08  -1.432980071952002284e-04
-1.577138330620346208e-06  1.012408894041809555e-07  5.060348821198459163e-02  -1.721007698212770679e-03  1.722958190248229191e-03  3.371899114565121245e-07  1.609923773582173137e-06  -7.726634747362505012e-08  2.164689172976015652e-02  -1.593660742990402870e-04  8.698363521690673922e-03  9.373057674779694069e-09  -2.285563556128487084e-07  -1.364193888447168979e-07  2.164648948254008914e-02  -8.698788870509314639e-03  1.594773997777592820e-04  -3.395548880550106502e-07
1.968140022920905093e-07  -5.095072204504812264e-07  -1.720931516224193363e-03  3.514686376559024439e-02  -1.690201895675587173e-05  -3.960838803005020141e-07  7.579193988376186921e-09  2.397064069819362381e-07  -4.228188554140526237e-04  3.806854162992177621e-03  -5.167487474114670605e-04  -4.336139635312270417e-07  -1.481091195106693094e-07  2.297413829825822815e-07  8.885422872481679377e-03  -9.621061284426328389e-04  3.905938438673448498e-05  -3.012795910765821617e-07
4.746736294367876953e-06  -2.537117834294729906e-07  1.722856920148097947e-03  -1.682153879236043868e-05  3.514278072832784094e-02  -1.707595867682353973e-06  -4.683692991456082592e-06  -2.234689459718964164e-08  -8.886395050344579258e-03  3.937943146088521173e-05  -9.618502714568594745e-04  7.743046644311247580e-07  7.154900871638834129e-07  6.282785014407822083e-07  4.230738704991143535e-04  -5.170460045410044635e-04  3.806540733058094445e-03  1.600643240557121011e-06
1.336091455560572743e-03  -1.338206495410700731e-03  3.376759907068692728e-07  -3.987402158754948108e-07  -1.697151409569223984e-06  3.230394898860853431e-02  1.305418490441741285e-03  7.888475729472200354e-03  -1.306041836343544073e-07  6.541839399949307434e-08  7.809582523136328863e-07  -1.065443607868590652e-03  -7.886673558857443256e-03  -1.305873404571007918e-03  3.284412354399663049e-07  -3.796031760386105851e-07  -6.605207193439104930e-08  -1.065162151113485146e-03
3.567132518278286896e-02  -8.361361519829479472e-04  1.570435749563169771e-06  3.238806818124025556e-08  -4.693056122994552926e-06  1.305373485564696821e-03  4.376418039176740993e-02  7.807192385309017673e-04  -5.570761296366823167e-07  -9.085528902679947866e-08  1.648684314802843287e-06  3.800975257259077162e-04  2.034469019077794760e-02  -2.148111123599965623e-03  4.675182042151742579e-07  -2.884451193556671705e-07  -4.333759683967060995e-07  4.614315037055258077e-03
6.029033186641070486e-04  2.096276950665210137e-02  -1.326162687530522534e-07  2.561164926220598582e-07  2.383220960873179653e-08  7.888332382342438595e-03  7.807451400004209851e-04  5.072428973387756862e-02  1.090315987289624083e-07  -2.091814469432176433e-07  2.866438992135301635e-07  1.788428089443575703e-03  -5.859301207369806141e-03  2.034455675781482800e-02  -7.917777874114883735e-08  -4.158045254187353970e-09  -3.170001855424327219e-09  2.649181009206154954e-03
6.062759954003723344e-07  -7.103183986944420358e-08  2.164687250130118215e-02  -4.229175785143728843e-04  -8.886342604682037280e-03  -1.229885912100603748e-07  -5.916358144856505539e-07  2.264855153120952135e-07  5.167131195275762034e-02  -8.010901856728288532e-05  -1.850249268272064276e-03  -2.472638317884648861e-07  1.379528869694435825e-08  2.092932765517218275e-08  1.471505312487436656e-02  -3.356110545305605614e-03  -3.214360901501289725e-03  1.350211613171785051e-07
6.097213111585909588e-08  1.412770019383781768e-07  -1.594266649138172847e-04  3.806892657764532600e-03  3.941150717691815843e-05  1.130954791722271414e-07  -6.442766025381454472e-08  -3.127825304096487888e-07  -8.006992989526201044e-05  3.924413329934029609e-02  -1.263221932746301339e-04  6.514731760430497377e-07  -3.352312974788479592e-08  1.154656194953977979e-07  3.214184325813210317e-03  5.107347819797038559e-04  -9.719070919591436862e-04  -1.028791767588608086e-07
-1.659256056487081197e-06  4.276882008648452516e-08  8.698473509095035194e-03  -5.167564411347628844e-04  -9.617938578756318182e-04  7.711117587177384489e-07  1.655416455915070804e-06  2.969311557520610789e-07  -1.850112318242100968e-03  -1.263148648104628628e-04  3.540263325352606405e-02  -1.125254939979978756e-06  -2.552845821849487888e-07  -3.839456399177018621e-07  3.356103700948694091e-03  -1.370909520387187134e-03  5.106046620711565849e-04  -5.103489215796200044e-07
1.457915858981346287e-04  -6.948317388387210275e-03  4.238174345167908437e-09  -4.456376278086009251e-07  7.817039644901333367e-07  -1.065452514152107327e-03  3.801175825964158458e-04  1.788349569065239217e-03  -2.053138244162882963e-07  7.332265723527525496e-07  -1.128796135182791356e-06  3.488831409061112637e-02  -2.649310154175194085e-03  -4.612529261118180658e-03  1.261299376417434762e-09  -1.363510555507153738e-07  5.924068126898823141e-08  8.573133745459982297e-04
2.096253641978414184e-02  6.039171472872811516e-04  -2.498079389291793367e-07  -1.251677107848800582e-07  6.823758398098352243e-07  -7.886534703453407236e-03  2.034480315066974215e-02  -5.859373517287064931e-03  9.254288399574990596e-08  1.311271011139137050e-08  -2.479642910642686840e-07  -2.649368819882196024e-03  5.072378570643212847e-02  7.800402068246780089e-04  -1.601739330334611736e-07  4.800202062977091970e-07  -1.288764649903802879e-07  -1.790270212949150123e-03
-8.363708266223724569e-04  3.566749506510372147e-02  -1.583195412313117874e-07  2.383747980226331411e-07  6.153967173970574083e-07  -1.305845345717245986e-03  -2.148107655321849965e-03  2.034438672266199871e-02  -2.553174900594317622e-08  1.199954189430997360e-07  -3.849251506048349161e-07  -4.612485609702498060e-03  7.800982474028240413e-04  4.376764616137683583e-02  1.578547934245944520e-07  -5.862774814909877836e-07  3.682151032763808769e-08  -3.825774555691155193e-04
-4.169190109425351303e-07  -2.667109524501503623e-07  2.164646396467052869e-02  8.885342002156747937e-03  4.231780930931900776e-04  2.725051389046363112e-07  4.243072809664708915e-07  9.702050657331852561e-08  1.471501780306329506e-02  3.214244199240218723e-03  3.356083048248191189e-03  -9.166142366713548602e-08  -2.403676683546079996e-07  1.838893860452157407e-07  5.167115769105869866e-02  1.851164155598267105e-03  8.026055865654865482e-05  -5.656194120571678845e-07
1.605792717868161592e-07  6.593976147863279113e-07  -8.698846059862415034e-03  -9.621801377651077866e-04  -5.169395037892313659e-04  -3.540472963805759884e-07  -2.837046194812498217e-07  -2.420459586356759018e-08  -3.356150554158349002e-03  5.106337747483065534e-04  -1.370680080472080594e-03  -1.193851744664448206e-07  4.747203074531844449e-07  -6.051475182710007125e-07  1.851077016006377014e-03  3.540101345495810792e-02  -1.264264333033355528e-04  1.309223586204835124e-06
3.854251283555815590e-07  -7.669745871825161528e-09  1.594042693220680995e-04  3.907489132943102483e-05  3.806511731971598620e-03  -1.114929419262977765e-07  -3.713547413579475928e-07  -3.800293154665253911e-08  -3.214294129910322869e-03  -9.719584361200152983e-04  5.106410192618186404e-04  9.625115812233474196e-08  -9.157952489357532052e-09  2.155077365809166639e-08  8.017915938846208374e-05  -1.265157889316888891e-04  3.924415185131294170e-02  -7.967210769497006350e-08
6.948143807678508650e-03  -1.433167094637910954e-04  -3.498707505309990946e-07  -2.969504481480808469e-07  1.613174685026354411e-06  -1.065171779905269012e-03  4.614379841608379391e-03  2.649146704592286652e-03  1.709263826896635570e-07  -9.993160094705385607e-08  -5.160839498343572360e-07  8.573623559537744531e-04  -1.790201052306012982e-03  -3.825674904931447963e-04  -4.646576906144494703e-07  1.321692787018944286e-06  -1.434093400016602373e-07  3.488435616139602680e-02
