1.010000000000000009e+00  1.018928439651106572e+02  3.409481643256606631e+00  -3.662876645672230591e-01  1.577214980282222179e+00  2.984462191944021736e+00
1.010000000000000009e+00  -7.599828700765075273e-02  -2.568579445103580383e-03  4.972875920697519825e-03  4.570458284858247566e-05  8.121972212397077229e-04
1.020000000000000018e+00  5.175422176305605859e+01  3.020155128014514911e+00  -2.799523381235470842e-01  1.560363956175071287e+00  2.634220916236548860e+00
1.020000000000000018e+00  -7.626199412829930135e-02  -2.626022222137702755e-03  5.003289142583080065e-03  4.052296566747770612e-05  8.153218936115536053e-04
1.030000000000000027e+00  3.500646949870413493e+01  2.832924562480396258e+00  -2.319749980501792097e-01  1.547098478821168799e+00  2.437410261146234269e+00
1.030000000000000027e+00  -7.654567318757390937e-02  -2.643853283601282911e-03  5.031073884164053225e-03  3.387717970149140001e-05  8.203543844659266782e-04
1.040000000000000036e+00  2.661560741521159912e+01  2.698362224574102797e+00  -1.997023944470137646e-01  1.535774172073914867e+00  2.303417234108452671e+00
1.040000000000000036e+00  -7.684838482010998562e-02  -2.668333250959165071e-03  5.062320233111898202e-03  2.690526501725187813e-05  8.261503574544803996e-04
1.050000000000000044e+00  2.157098651489014429e+01  2.592865739122335089e+00  -1.760352378089600489e-01  1.525825373307919008e+00  2.203844752058034651e+00
1.050000000000000044e+00  -7.716755267756986170e-02  -2.696042192089409539e-03  5.095899271557596810e-03  1.995828644929531492e-05  8.324471275388267699e-04
1.060000000000000053e+00  1.820119677942062708e+01  2.506443441023194385e+00  -1.578113008785711757e-01  1.516924361064749149e+00  2.126043997832104182e+00
1.060000000000000053e+00  -7.750108812630447652e-02  -2.725261546750346042e-03  5.131217180035596223e-03  1.316342007595672214e-05  8.391140886593317916e-04
1.070000000000000062e+00  1.578942224543382800e+01  2.433300542346809703e+00  -1.433437466010637762e-01  1.508862473536553672e+00  2.063267707251585481e+00
1.070000000000000062e+00  -7.784723916308342040e-02  -2.755462399156138886e-03  5.167949004267438640e-03  6.568427996844761196e-06  8.460723772868439241e-04
1.080000000000000071e+00  1.397700972096115990e+01  2.370448487421682682e+00  -1.316256773654022050e-01  1.501490469880502276e+00  2.011488365544263690e+00
1.080000000000000071e+00  -7.820450355125022068e-02  -2.786086672577514634e-03  5.205860648164261500e-03  1.859933742576203031e-07  8.532717543003887073e-04
1.090000000000000080e+00  1.256457241869734176e+01  2.315188853340432562e+00  -1.220077292090226834e-01  1.494706841297476885e+00  1.968108142964638763e+00
1.090000000000000080e+00  -7.857296537809338455e-02  -2.817263121027924200e-03  5.244812111964630014e-03  -5.984975095185696148e-06  8.606750503327154078e-04
1.100000000000000089e+00  1.100786302318178045e+01  2.266155688794185163e+00  -1.201890393557127901e-01  1.488428963611813538e+00  1.935393200891037502e+00
1.100000000000000089e+00  -7.894794912253555452e-02  -2.852188940325239841e-03  5.284488834189497372e-03  -1.309607571775561752e-05  8.682400905192233509e-04
1.110000000000000098e+00  1.020007356280112276e+01  2.222182808644526553e+00  -1.115640890231875543e-01  1.482580028647585868e+00  1.900376588907886521e+00
1.110000000000000098e+00  -7.930891091512659585e-02  -2.882070129974101391e-03  5.325135920272864795e-03  -1.855128794192584252e-05  8.759807208243985954e-04
1.120000000000000107e+00  9.501850092219877197e+00  2.182354100736673352e+00  -1.039583400924485868e-01  1.477122621320760887e+00  1.869019211760560628e+00
1.120000000000000107e+00  -7.970660848383430419e-02  -2.912204676322138752e-03  5.366493427782799593e-03  -2.384989871795362149e-05  8.838608219959853685e-04
1.129999999999999893e+00  8.908104216448968771e+00  2.146093632806469031e+00  -9.726633060006503739e-02  1.471999749146274183e+00  1.840810340838541226e+00
1.129999999999999893e+00  -8.010758479341460736e-02  -2.942652068045781277e-03  5.408508345448007244e-03  -2.901076515948730616e-05  8.918657144622033073e-04
1.140000000000000124e+00  8.383779231430407819e+00  2.112729437369006202e+00  -9.127334000856390794e-02  1.467192815728942890e+00  1.815253967630858334e+00
1.140000000000000124e+00  -8.051246088690659775e-02  -2.973494659102127180e-03  5.451139139768813521e-03  -3.403003938828863539e-05  8.999856469655842517e-04
1.149999999999999911e+00  7.927799172379724091e+00  2.081992037067174728e+00  -8.589147960949625182e-02  1.462656755756924110e+00  1.791950130020908638e+00
1.149999999999999911e+00  -8.092110816245072502e-02  -3.004690100532392272e-03  5.494338276126728773e-03  -3.892340258504489725e-05  9.082098689917605938e-04
1.159999999999999920e+00  7.521868344413015883e+00  2.053470616888083189e+00  -8.100885020551580606e-02  1.458376813043665843e+00  1.770611431571847749e+00
1.159999999999999920e+00  -8.133342730369720608e-02  -3.036293983000537544e-03  5.538070109124250406e-03  -4.369661169845162618e-05  9.165309363927676145e-04
1.169999999999999929e+00  7.162878986635501377e+00  2.026908734127820466e+00  -7.658474655652140750e-02  1.454321995914540588e+00  1.750990739446372402e+00
1.169999999999999929e+00  -8.174913316117231321e-02  -3.068321298662968211e-03  5.582298332983189060e-03  -4.836532054253162016e-05  9.249406881157717919e-04
1.179999999999999938e+00  6.840609470217682286e+00  2.002075524851858024e+00  -7.253389851462808957e-02  1.450478458280735516e+00  1.732873766888370692e+00
1.179999999999999938e+00  -8.216796524355983455e-02  -3.100775437715364014e-03  5.626991966965666850e-03  -5.293494401947818062e-05  9.334330924929412632e-04
1.189999999999999947e+00  6.551056253896971882e+00  1.978798390568789145e+00  -6.881456686035590520e-02  1.446826044555548529e+00  1.716074840771715682e+00
1.189999999999999947e+00  -8.258962828238317067e-02  -3.133655292646642110e-03  5.672121385109016312e-03  -5.741628893629613373e-05  9.420019807031554393e-04
1.199999999999999956e+00  6.288973092962669043e+00  1.956886368896286088e+00  -6.539411999269176268e-02  1.443351469321387581e+00  1.700473800840882621e+00
1.199999999999999956e+00  -8.301384347461487900e-02  -3.166987594442782772e-03  5.717661148146481812e-03  -6.181878964028886259e-05  9.506420652929392645e-04
1.209999999999999964e+00  6.049835531265106425e+00  1.936216338976472828e+00  -6.221966299584367338e-02  1.440044869221085211e+00  1.685918630035744270e+00
1.209999999999999964e+00  -8.344034573988333425e-02  -3.200758868448172478e-03  5.763586640160396277e-03  -6.614830302298368991e-05  9.593487199495154272e-04
1.219999999999999973e+00  5.832555548072002161e+00  1.916678078720283729e+00  -5.928596106591164233e-02  1.436886617676825573e+00  1.672316747612105248e+00
1.219999999999999973e+00  -8.386888017726856770e-02  -3.234977699436036858e-03  5.809875499172487134e-03  -7.041586398970345329e-05  9.681167793996747761e-04
1.229999999999999982e+00  5.632516380032118519e+00  1.898146592659359255e+00  -5.655019317748453261e-02  1.433874637509785055e+00  1.659574080097159454e+00
1.229999999999999982e+00  -8.430376369876416143e-02  -3.269649337372948494e-03  5.856507743715688372e-03  -7.462576414185573270e-05  9.769426567617367496e-04
1.239999999999999991e+00  5.448909095165790362e+00  1.880557184551662431e+00  -5.400280645890869619e-02  1.430993529835332456e+00  1.647606597846121845e+00
1.239999999999999991e+00  -8.473501287561088779e-02  -3.304768357345611030e-03  5.903463943229176475e-03  -7.878665409899454630e-05  9.858219842021620494e-04
1.250000000000000000e+00  5.279427496855840118e+00  1.863815370674318128e+00  -5.162204258159360654e-02  1.428236387094530047e+00  1.636347658764020219e+00
1.250000000000000000e+00  -8.516775869821090195e-02  -3.340340513775852394e-03  5.950726755666180603e-03  -8.290396590993065473e-05  9.947511773501505061e-04
1.260000000000000009e+00  5.122442215424289458e+00  1.847856394794216151e+00  -4.939237855406553024e-02  1.425596006872734245e+00  1.625736422657499070e+00
1.260000000000000009e+00  -8.560180102105897915e-02  -3.376364342813853447e-03  5.998279761957277245e-03  -8.698344528501600337e-05  1.003726798068593773e-03
1.270000000000000018e+00  4.976807899195475393e+00  1.832625178136016109e+00  -4.729987444337254571e-02  1.423063875013169888e+00  1.615711542069943052e+00
1.270000000000000018e+00  -8.603695739309445700e-02  -3.412835832406702075e-03  6.046107487807383246e-03  -9.103046969261008314e-05  1.012745461524189317e-03
1.280000000000000027e+00  4.841037052336392144e+00  1.818052460811855786e+00  -4.533274926000955413e-02  1.420635680266816747e+00  1.606237003446948863e+00
1.280000000000000027e+00  -8.647306064468002207e-02  -3.449762044554161022e-03  6.094195865473035420e-03  -9.504980470043111751e-05  1.021804173010232297e-03
1.290000000000000036e+00  4.714586675746689437e+00  1.804105633579346613e+00  -4.348276765387290577e-02  1.418302134023815997e+00  1.597257098746664550e+00
1.290000000000000036e+00  -8.690995845099357131e-02  -3.487134436002126137e-03  6.142531097509616386e-03  -9.904648902281376621e-05  1.030899754677738756e-03
1.300000000000000044e+00  4.596109230346097974e+00  1.790731961930650096e+00  -4.173447834687742802e-02  1.416061147100890816e+00  1.588738795311628760e+00
1.300000000000000044e+00  -8.734751038137250623e-02  -3.524955130788098856e-03  6.191100676497538272e-03  -1.030239101904584231e-04  1.040029580317014535e-03
1.310000000000000053e+00  4.485228216982912741e+00  1.777868290048020494e+00  -4.012453805742122875e-02  1.413904615318298585e+00  1.580652293883691550e+00
1.310000000000000053e+00  -8.763053218710407932e-02  -3.563225733130614969e-03  6.239892610251649915e-03  -1.069870453609400585e-04  1.049190741973071717e-03
1.320000000000000062e+00  4.380888613374779084e+00  1.765528587665392113e+00  -3.856117465395922372e-02  1.411831027509115488e+00  1.572962830713508176e+00
1.320000000000000062e+00  -8.808391264621381889e-02  -3.601942147842929209e-03  6.288895561433794495e-03  -1.109384962096893190e-04  1.058380835124550501e-03
1.330000000000000071e+00  4.282808018212044487e+00  1.753659707293339309e+00  -3.708202383544662722e-02  1.409833297318848100e+00  1.565638090878831878e+00
1.330000000000000071e+00  -8.853601296682654664e-02  -3.641101860338835650e-03  6.338098675955167183e-03  -1.148822351977329959e-04  1.067597198028624739e-03
1.340000000000000080e+00  4.190319279325208868e+00  1.742228201428361434e+00  -3.567979486697465952e-02  1.407908672219692514e+00  1.558657276889979348e+00
1.340000000000000080e+00  -8.898693282441273722e-02  -3.680705549233609375e-03  6.387491823688300208e-03  -1.188212088983897630e-04  1.076837501644556383e-03
1.350000000000000089e+00  4.102986050624352288e+00  1.731208183348432961e+00  -3.435014475368668857e-02  1.406053002849268596e+00  1.551998218736084789e+00
1.350000000000000089e+00  -8.943673040741159652e-02  -3.720751969331970166e-03  6.437065281840976400e-03  -1.227584569410966608e-04  1.086099409166929597e-03
1.359999999999999876e+00  4.020343516618899216e+00  1.720577904335650832e+00  -3.308448907787613080e-02  1.404263475799715000e+00  1.545633882397228653e+00
1.359999999999999876e+00  -8.988544484090341125e-02  -3.761237443410170300e-03  6.486809716666663145e-03  -1.266963600744519525e-04  1.095380727307415647e-03
1.370000000000000107e+00  3.941998677724929401e+00  1.710306918489070682e+00  -3.188190767599485137e-02  1.402537081705829802e+00  1.539555706099501542e+00
1.370000000000000107e+00  -9.033314009010452728e-02  -3.802165338422813790e-03  6.536716389673440791e-03  -1.306377434355798783e-04  1.104679307487921314e-03
1.379999999999999893e+00  3.867741666896025166e+00  1.700383477345217331e+00  -3.073791193816761275e-02  1.400869239863716587e+00  1.533737040781493866e+00
1.379999999999999893e+00  -9.077981431577133997e-02  -3.843530181824594827e-03  6.586776705093447953e-03  -1.345849997842485379e-04  1.113992988331924394e-03
1.390000000000000124e+00  3.797130224592254688e+00  1.690786272280763169e+00  -2.964544234454994515e-02  1.399258914345705929e+00  1.528163817207981667e+00
1.390000000000000124e+00  -9.122550303764476176e-02  -3.885331267002301026e-03  6.636982576796575384e-03  -1.385399735883696692e-04  1.123319846025871982e-03
1.399999999999999911e+00  3.730016611063867060e+00  1.681494545905596327e+00  -2.860651708161426193e-02  1.397701805085396209e+00  1.522825065950089041e+00
1.399999999999999911e+00  -9.167022283118481107e-02  -3.927569555954413261e-03  6.687326231301398555e-03  -1.425052306688323611e-04  1.132657841734885373e-03
1.410000000000000142e+00  3.666037347394483170e+00  1.672496995113938789e+00  -2.761212269619515991e-02  1.396197082555777902e+00  1.517701869551367988e+00
1.410000000000000142e+00  -9.211397843323079759e-02  -3.970240823726323143e-03  6.737800128008539918e-03  -1.464821464898236059e-04  1.142005166182347153e-03
1.419999999999999929e+00  3.605051762474998700e+00  1.663775443724222480e+00  -2.666346175889808268e-02  1.394741161699708298e+00  1.512785484256334634e+00
1.419999999999999929e+00  -9.255677808091820891e-02  -4.013345823631442322e-03  6.788397080984266002e-03  -1.504728774420760473e-04  1.151359919181471625e-03
1.429999999999999938e+00  3.546827031286487575e+00  1.655314590269713948e+00  -2.575749398392368841e-02  1.393332386023253155e+00  1.508066009450698797e+00
1.429999999999999938e+00  -9.299862663288867293e-02  -4.056883850662718061e-03  6.839110150901300811e-03  -1.544790400763718097e-04  1.160720342808896355e-03
1.439999999999999947e+00  3.491183374116028748e+00  1.647106038657617733e+00  -2.488957056961295725e-02  1.391968606979984369e+00  1.503527002779224020e+00
1.439999999999999947e+00  -9.343951248978453472e-02  -4.100851382673798007e-03  6.889932576187491470e-03  -1.585020253288549341e-04  1.170084700981788295e-03
1.449999999999999956e+00  3.437953340879435604e+00  1.639134606019535756e+00  -2.405934833922617963e-02  1.390647778717533090e+00  1.499162677967853963e+00
1.449999999999999956e+00  -9.387943701919346240e-02  -4.145248882639673838e-03  6.940857908901008205e-03  -1.625434395552405320e-04  1.179451303846223986e-03
1.459999999999999964e+00  3.386971009497596441e+00  1.631392342870001455e+00  -2.326274275881380638e-02  1.389368333156440372e+00  1.494960542496546196e+00
1.459999999999999964e+00  -9.431838804629345818e-02  -4.190073644703029565e-03  6.991879852920868804e-03  -1.666044863873894499e-04  1.188818525299395468e-03
1.469999999999999973e+00  3.338101981284395947e+00  1.623863046164870427e+00  -2.250039080735335290e-02  1.388128472784655232e+00  1.490917678932184964e+00
1.469999999999999973e+00  -9.475636407161441843e-02  -4.235327001114952417e-03  7.042992382578931732e-03  -1.706866323204492275e-04  1.198184767286614161e-03
1.479999999999999982e+00  3.291232062223603094e+00  1.616542737011257946e+00  -2.176887809870974369e-02  1.386926163666662992e+00  1.487020472552915917e+00
1.479999999999999982e+00  -9.519334507846659299e-02  -4.281005387125391692e-03  7.094189571204737033e-03  -1.747909547415993359e-04  1.207548461862106848e-03
1.489999999999999991e+00  3.246217956453356202e+00  1.609419211533070770e+00  -2.106655128152173928e-02  1.385760422665299973e+00  1.483263982644342338e+00
1.489999999999999991e+00  -9.562932318331376913e-02  -4.327108740723839553e-03  7.145465733797620039e-03  -1.789185550997718366e-04  1.216908121616344651e-03
1.500000000000000000e+00  3.202972341350655228e+00  1.602484900353660757e+00  -2.039257374712719062e-02  1.384629229852550436e+00  1.479640850439854161e+00
1.500000000000000000e+00  -9.606428273123748807e-02  -4.373635694084776482e-03  7.196815328163630454e-03  -1.830705327487969214e-04  1.226262251954546301e-03
1.510000000000000009e+00  3.161380760308315274e+00  1.595731009667750833e+00  -1.974510044507510678e-02  1.383531480489842425e+00  1.476144722456861791e+00
1.510000000000000009e+00  -9.649820993519342416e-02  -4.420585254843900636e-03  7.248232974682074919e-03  -1.872478240726449528e-04  1.235609430677353515e-03
1.520000000000000018e+00  3.121335697729472169e+00  1.589150775724025966e+00  -1.912193644206861692e-02  1.382466256764560919e+00  1.472769210193366707e+00
1.520000000000000018e+00  -9.693108896767557714e-02  -4.467955979798654553e-03  7.299713438884729982e-03  -1.914512720039285298e-04  1.244948275539892180e-03
1.530000000000000027e+00  3.082770360924067532e+00  1.582738426589698433e+00  -1.852211093248170085e-02  1.381431895352106309e+00  1.469508712865127187e+00
1.530000000000000027e+00  -9.736308036127905297e-02  -4.515746893354877223e-03  7.351251630492380146e-03  -1.956817840211844128e-04  1.254277407655046694e-03
1.540000000000000036e+00  3.045592249120938622e+00  1.576483820246707968e+00  -1.794532057377231163e-02  1.380427331051828466e+00  1.466357993700281082e+00
1.540000000000000036e+00  -9.779380785196510606e-02  -4.563956917830069848e-03  7.402842593062727156e-03  -1.999401402053013754e-04  1.263595503296466305e-03
1.550000000000000044e+00  3.009732438929679788e+00  1.570382327319014060e+00  -1.739007251638997539e-02  1.379451338336785904e+00  1.463311987468319364e+00
1.550000000000000044e+00  -9.822343715475181924e-02  -4.612584929777452381e-03  7.454481496449432559e-03  -2.042270861423167716e-04  1.272901263433712238e-03
1.560000000000000053e+00  2.975122770362347957e+00  1.564428104128665842e+00  -1.685513062108975543e-02  1.378502888182524311e+00  1.460365786885992057e+00
1.560000000000000053e+00  -9.865195064101571487e-02  -4.661629741146700034e-03  7.506163630734846021e-03  -2.085432936603792697e-04  1.282193426352051802e-03
1.570000000000000062e+00  2.941697633088427910e+00  1.558615304584717531e+00  -1.633968723509443208e-02  1.377580929756669015e+00  1.457515099225300315e+00
1.570000000000000062e+00  -9.907933096465991463e-02  -4.711090310148602356e-03  7.557884403495519071e-03  -2.128894126998126524e-04  1.291470758807977681e-03
1.580000000000000071e+00  2.909395557978627700e+00  1.552938358552858222e+00  -1.584293577749420340e-02  1.376684530210718016e+00  1.454755672477304307e+00
1.580000000000000071e+00  -9.950557923247550784e-02  -4.760965473677214455e-03  7.609639331150566677e-03  -2.172660328879638669e-04  1.300732060206200025e-03
1.589999999999999858e+00  2.878163348860689474e+00  1.547392867774104452e+00  -1.536359552851994555e-02  1.375812733959578926e+00  1.452083579470249131e+00
1.589999999999999858e+00  -9.993063116598746576e-02  -4.811254122238373121e-03  7.661424035876794603e-03  -2.216736993972956427e-04  1.309976156984360429e-03
1.600000000000000089e+00  2.847946850730372681e+00  1.541973667030805517e+00  -1.490109337401691186e-02  1.374964661543317535e+00  1.449495180981875908e+00
1.600000000000000089e+00  -1.003544977871043825e-01  -4.861955142679175168e-03  7.713234241071065256e-03  -2.261129274185869065e-04  1.319201905420341880e-03
1.609999999999999876e+00  2.818697179539467523e+00  1.536676147300339856e+00  -1.445468770862259195e-02  1.374139495930096544e+00  1.446986803434431312e+00
1.609999999999999876e+00  -1.007771613104989500e-01  -4.913067399681003700e-03  7.765065765639386774e-03  -2.305841912200179422e-04  1.328408190457874838e-03
1.620000000000000107e+00  2.790368291884806062e+00  1.531496121071391769e+00  -1.402363831332095745e-02  1.373336323519793734e+00  1.444555122530948088e+00
1.620000000000000107e+00  -1.011986040440465140e-01  -4.964589727646129269e-03  7.816914521977788577e-03  -2.350879259859217640e-04  1.337593919864765724e-03
1.629999999999999893e+00  2.762916843571178838e+00  1.526429322852875581e+00  -1.360721989587768826e-02  1.372554590241506611e+00  1.442197003538704836e+00
1.629999999999999893e+00  -1.016188085383723100e-01  -5.016521011534047503e-03  7.868776511685056374e-03  -2.396245308952105191e-04  1.346758038556883363e-03
1.640000000000000124e+00  2.736302700505676810e+00  1.521471948824873133e+00  -1.320486358854616391e-02  1.371793374671560262e+00  1.439909491480266590e+00
1.640000000000000124e+00  -1.020377574543602089e-01  -5.068860087116267010e-03  7.920647822307294583e-03  -2.441943801878565523e-04  1.355899504490221119e-03
1.649999999999999911e+00  2.710488010861527464e+00  1.516620178441065336e+00  -1.281588700368140911e-02  1.371051999890849249e+00  1.437689726556316661e+00
1.649999999999999911e+00  -1.024554336804574389e-01  -5.121605802779871652e-03  7.972524623664517529e-03  -2.487978076423091878e-04  1.365017307980331829e-03
1.660000000000000142e+00  2.685436508354864138e+00  1.511870585859964811e+00  -1.243982845554253425e-02  1.370329863326639197e+00  1.435534993922413349e+00
1.660000000000000142e+00  -1.028718203399640457e-01  -5.174756969656968408e-03  8.024403165599186538e-03  -2.534351291529901573e-04  1.374110465469202680e-03
1.669999999999999929e+00  2.661115298654135763e+00  1.507219700508332760e+00  -1.207602123913571399e-02  1.369626260938578532e+00  1.433442781477896277e+00
1.669999999999999929e+00  -1.032869007828849384e-01  -5.228312417041691695e-03  8.076279774927828947e-03  -2.581066179850877162e-04  1.383178013802610629e-03
1.680000000000000160e+00  2.637491976205089905e+00  1.502664341399015058e+00  -1.172401182107382471e-02  1.368940656532805056e+00  1.431410651379782628e+00
1.680000000000000160e+00  -1.037006586661706198e-01  -5.282270945840328302e-03  8.128150853008039856e-03  -2.628125318255847276e-04  1.392219017899876121e-03
1.689999999999999947e+00  2.614537291567962551e+00  1.498201407588114042e+00  -1.138331831130655163e-02  1.368272326092186297e+00  1.429436324946318448e+00
1.689999999999999947e+00  -1.041130778965170672e-01  -5.336631356789856007e-03  8.180012873343925350e-03  -2.675530993139219049e-04  1.401232559843368364e-03
1.700000000000000178e+00  2.592222753317441342e+00  1.493827951880162042e+00  -1.105348815719461690e-02  1.367620790829668698e+00  1.427517573139139184e+00
1.700000000000000178e+00  -1.045241426890813202e-01  -5.391392428727104225e-03  8.231862379126229923e-03  -2.723285248391604796e-04  1.410217751108118478e-03
1.709999999999999964e+00  2.570521701780163148e+00  1.489541225048566675e+00  -1.073401207210489955e-02  1.366985478615311056e+00  1.425652321019145186e+00
1.709999999999999964e+00  -1.049338375361509451e-01  -5.446552913992652734e-03  8.283695981378270956e-03  -2.771389849536287642e-04  1.419173722255973047e-03
1.719999999999999973e+00  2.549409252778833235e+00  1.485338404526263201e+00  -1.042458551245642982e-02  1.366365958088158195e+00  1.423838594047722506e+00
1.719999999999999973e+00  -1.053421472985542617e-01  -5.502111598538861337e-03  8.335510357176362239e-03  -2.819846439290341067e-04  1.428099629330881193e-03
1.729999999999999982e+00  2.528861722092605735e+00  1.481217075280101048e+00  -1.012475399480347940e-02  1.365761559076755338e+00  1.422074563530082880e+00
1.729999999999999982e+00  -1.057490570867454655e-01  -5.558067194658233845e-03  8.387302247484837436e-03  -2.868656352511544938e-04  1.436994642829980684e-03
1.739999999999999991e+00  2.508856120561040903e+00  1.477174774449025119e+00  -9.834118355941959266e-03  1.365172004815329743e+00  1.420358280393253958e+00
1.739999999999999991e+00  -1.061545523622386689e-01  -5.614418411154620259e-03  8.439068454900729155e-03  -2.917820738197463015e-04  1.445857964730068446e-03
1.750000000000000000e+00  2.489371601497718522e+00  1.473208918835115622e+00  -9.552353087854263333e-03  1.364596636876568736e+00  1.418688153346213454e+00
1.750000000000000000e+00  -1.065586189668035616e-01  -5.671164008377749255e-03  8.490805843456947222e-03  -2.967340578666766149e-04  1.454688807344561852e-03
1.760000000000000009e+00  2.470387819113399441e+00  1.469317608852736434e+00  -9.279113827009561818e-03  1.364035114975725937e+00  1.417062514473001800e+00
1.760000000000000009e+00  -1.069612429747995308e-01  -5.728302613581037761e-03  8.542511335830109409e-03  -3.017216649737752832e-04  1.463486411271697207e-03
1.770000000000000018e+00  2.451885372103606464e+00  1.465498283040583161e+00  -9.014062014013021415e-03  1.363487018335565404e+00  1.415479805065590124e+00
1.770000000000000018e+00  -1.073624109172263141e-01  -5.785832968657089737e-03  8.594181912198781137e-03  -3.067449538692867961e-04  1.472250035035926885e-03
1.780000000000000027e+00  2.433846143921609695e+00  1.461749097529112307e+00  -8.756930266532632345e-03  1.362951844337533691e+00  1.413938477836897301e+00
1.780000000000000027e+00  -1.077621095626982578e-01  -5.843753690545683277e-03  8.645814608975406490e-03  -3.118039689097296119e-04  1.480978954371825473e-03
1.790000000000000036e+00  2.416253104014194797e+00  1.458068119612774050e+00  -8.507359299484294063e-03  1.362429322305836576e+00  1.412437202914160306e+00
1.790000000000000036e+00  -1.081603260472739914e-01  -5.902063415623604037e-03  8.697406517719136199e-03  -3.168987325300465230e-04  1.489672469992986414e-03
1.800000000000000044e+00  2.399089510660870062e+00  1.454453279689269962e+00  -8.265212670975029957e-03  1.361919051160454863e+00  1.410974475626451952e+00
1.800000000000000044e+00  -1.085570478876573125e-01  -5.960760790447716673e-03  8.748954783263596102e-03  -3.220292610999209160e-04  1.498329898366401736e-03
1.810000000000000053e+00  2.382339923504430690e+00  1.450902753412110169e+00  -8.030019716547757980e-03  1.361420618739671351e+00  1.409549084285820042e+00
1.810000000000000053e+00  -1.089522628938845300e-01  -6.019844415392827663e-03  8.800456603028097846e-03  -3.271955390222736071e-04  1.506950574156618039e-03
1.820000000000000062e+00  2.365989527481515253e+00  1.447414803333742617e+00  -7.801718913690639662e-03  1.360933645215655297e+00  1.408159772877293880e+00
1.820000000000000062e+00  -1.093459592496403565e-01  -6.079312885497567542e-03  8.851909226174917156e-03  -3.323975549041069399e-04  1.515533851264350140e-03
1.830000000000000071e+00  2.350024061059021729e+00  1.443987667526870800e+00  -7.579855437354632471e-03  1.360457883169986726e+00  1.406805280133469616e+00
1.830000000000000071e+00  -1.097381254496768155e-01  -6.139164764692783827e-03  8.903309951396320976e-03  -3.376352638341240109e-04  1.524079104622932945e-03
1.839999999999999858e+00  2.334429423916449586e+00  1.440619859086774479e+00  -7.364402545502588340e-03  1.359992931099215596e+00  1.405484571144694383e+00
1.839999999999999858e+00  -1.101287503666990852e-01  -6.199398603967787302e-03  8.954656127802787524e-03  -3.429086269510772667e-04  1.532585723363455443e-03
1.850000000000000089e+00  2.319193485009420463e+00  1.437309638158139169e+00  -7.155106383313109171e-03  1.359538537396343560e+00  1.404196471504145949e+00
1.850000000000000089e+00  -1.105178231858728322e-01  -6.260012956636029635e-03  9.005945151973504537e-03  -3.482175807106857590e-04  1.541053117638302439e-03
1.859999999999999876e+00  2.304298583537573109e+00  1.434046151065259567e+00  -7.000762201625036762e-03  1.359094354163633556e+00  1.402939898869305146e+00
1.859999999999999876e+00  -1.108856313493439827e-01  -6.321006327371536671e-03  9.057174467871659251e-03  -3.535620437354891621e-04  1.549480712553452655e-03
1.870000000000000107e+00  2.289743721329462023e+00  1.430847044458795736e+00  -6.801106038105309178e-03  1.358660108671998712e+00  1.401713901266353535e+00
1.870000000000000107e+00  -1.112724771369862919e-01  -6.382377219139034885e-03  9.108341566659253208e-03  -3.589419343318356326e-04  1.557867951936797724e-03
1.879999999999999893e+00  2.275511735077691444e+00  1.427701227480268065e+00  -6.607096935702999260e-03  1.358235400232017165e+00  1.400517464312874383e+00
1.879999999999999893e+00  -1.116576977808975274e-01  -6.444124106419590881e-03  9.159443984883511303e-03  -3.643571563657355128e-04  1.566214293635015409e-03
1.890000000000000124e+00  2.261592366029230750e+00  1.424607251662467267e+00  -6.418414097437841540e-03  1.357820220497305774e+00  1.399349666484914101e+00
1.890000000000000124e+00  -1.120412855011501396e-01  -6.506245459884540949e-03  9.210479303873003731e-03  -3.698075942536460659e-04  1.574519220309267276e-03
1.899999999999999911e+00  2.247975455004421974e+00  1.421563739868022092e+00  -6.234939368241127801e-03  1.357414052225235146e+00  1.398209617056232368e+00
1.899999999999999911e+00  -1.124232335737325450e-01  -6.568739737643825016e-03  9.261445149315872261e-03  -3.752931298153239226e-04  1.582782220202694212e-03
1.910000000000000142e+00  2.234650783290948795e+00  1.418569554224768048e+00  -6.056514243920798311e-03  1.357016774885878796e+00  1.397096505938398625e+00
1.910000000000000142e+00  -1.128035348628995405e-01  -6.631605352074854132e-03  9.312339190467824879e-03  -3.808136323103505916e-04  1.591002805764074601e-03
1.919999999999999929e+00  2.221609712832374406e+00  1.415623417292585007e+00  -5.882944275216408017e-03  1.356628083427694476e+00  1.396009359063194566e+00
1.919999999999999929e+00  -1.131821826251428048e-01  -6.694840707677784941e-03  9.363159138760582256e-03  -3.863689586123264519e-04  1.599180501515640174e-03
1.930000000000000160e+00  2.208842225424873185e+00  1.412724102688711625e+00  -5.714082856279112388e-03  1.356247796766625546e+00  1.394947547665924326e+00
1.930000000000000160e+00  -1.135591704723993706e-01  -6.758444214361225555e-03  9.413902748361194228e-03  -3.919589580489990510e-04  1.607314850036289933e-03
1.939999999999999947e+00  2.196340223877174314e+00  1.409870653413325403e+00  -5.549796048357478681e-03  1.355875631394962477e+00  1.393910231819322387e+00
1.939999999999999947e+00  -1.139344919804381601e-01  -6.822414213958238882e-03  9.464567814405536184e-03  -3.975834702352187833e-04  1.615405407082270983e-03
1.950000000000000178e+00  2.184095757775343927e+00  1.407061644173282833e+00  -5.389855675082417738e-03  1.355511399697920893e+00  1.392896729361451147e+00
1.950000000000000178e+00  -1.143081413958360326e-01  -6.886749106540190901e-03  9.515152172740473646e-03  -4.032423218860436975e-04  1.623451745673465396e-03
1.959999999999999964e+00  2.172100685069535686e+00  1.404296341851716479e+00  -5.234260926040425893e-03  1.355154863869906690e+00  1.391906179286404921e+00
1.959999999999999964e+00  -1.146801128829969402e-01  -6.951447177846570291e-03  9.565653699526679987e-03  -4.089353391973915564e-04  1.631453452432207740e-03
1.969999999999999973e+00  2.160347337582779303e+00  1.401573468066889205e+00  -5.082674864438858735e-03  1.354805862108105163e+00  1.390938050753207200e+00
1.969999999999999973e+00  -1.150504004940808289e-01  -7.016506782793086039e-03  9.616070310304425384e-03  -4.146623272361926738e-04  1.639410130320095860e-03
1.979999999999999982e+00  2.148828559796525539e+00  1.398892148607939978e+00  -4.935153262806774022e-03  1.354464175388732539e+00  1.389991663924176057e+00
1.979999999999999982e+00  -1.154189996035201726e-01  -7.081926212312739111e-03  9.666399960017738047e-03  -4.204230973266498417e-04  1.647321395568779323e-03
1.989999999999999991e+00  2.137537102454543980e+00  1.396251331929657891e+00  -4.791459564525249980e-03  1.354131523708403062e+00  1.389066419676811881e+00
1.989999999999999991e+00  -1.157859047207782655e-01  -7.147709797077239635e-03  9.847740198152626911e-03  -4.262175476998086854e-04  1.654265890047135201e-03
2.000000000000000000e+00  2.126466834722635202e+00  1.393650155603789909e+00  -4.651591488391748110e-03  1.353803807541699378e+00  1.388161602332669053e+00
2.000000000000000000e+00  -1.161511115509695907e-01  -7.213843711006417969e-03  9.895798970583041809e-03  -4.320452577083189194e-04  1.662077098293579525e-03
2.009999999999999787e+00  2.115610831292654481e+00  1.391087690818882283e+00  -4.515310680255193131e-03  1.353482861870634046e+00  1.387276655364593214e+00
2.009999999999999787e+00  -1.165146149032840611e-01  -7.280332246389520368e-03  9.943808669077833229e-03  -4.379061118391230911e-04  1.669842025905365901e-03
2.020000000000000018e+00  2.104963116146135071e+00  1.388563094066714854e+00  -4.382512530910700685e-03  1.353168520092626226e+00  1.386411053843022767e+00
2.020000000000000018e+00  -1.168764105108275331e-01  -7.347173634385972818e-03  9.991766465054521817e-03  -4.437998847337670805e-04  1.677560350972884251e-03
2.030000000000000249e+00  2.094517317967484527e+00  1.386075432428854448e+00  -4.253171699953081641e-03  1.352860529271032508e+00  1.385564262616528985e+00
2.030000000000000249e+00  -1.172364946762714938e-01  -7.414366105478631397e-03  1.003966866676625491e-02  -4.497263467419382321e-04  1.685231651138763276e-03
2.040000000000000036e+00  2.084268271590490329e+00  1.383623901358577823e+00  -4.127179398876844665e-03  1.352558786486353082e+00  1.384735625503944023e+00
2.040000000000000036e+00  -1.175948634962704908e-01  -7.481907847420699031e-03  1.008751250504959923e-02  -4.556852581450165918e-04  1.692855696667439069e-03
2.049999999999999822e+00  2.074210115471318616e+00  1.381207740525270511e+00  -4.004354509852549836e-03  1.352263084033042961e+00  1.383924839580953359e+00
2.049999999999999822e+00  -1.179515130347375818e-01  -7.549797047705530950e-03  1.013529552292776609e-02  -4.616763710786828123e-04  1.700432134426721476e-03
2.060000000000000053e+00  2.064337693052400446e+00  1.378826207387502167e+00  -3.884652760786272679e-03  1.351973349820615677e+00  1.383131234504420881e+00
2.060000000000000053e+00  -1.183064399825431851e-01  -7.618031859336293898e-03  1.018301512905926687e-02  -4.676994352652424913e-04  1.707960788310036726e-03
2.070000000000000284e+00  2.054645891599467866e+00  1.376478393374277687e+00  -3.767986423867370101e-03  1.351689329682143059e+00  1.382354502031179821e+00
2.070000000000000284e+00  -1.186596415247326702e-01  -7.686610462897452978e-03  1.023066744558605995e-02  -4.737541936814318455e-04  1.715441259975358790e-03
2.080000000000000071e+00  2.045129334768102769e+00  1.374163688623832202e+00  -3.654256689899798571e-03  1.351410997246588641e+00  1.381593971602896431e+00
2.080000000000000071e+00  -1.190111143052110104e-01  -7.755530964292184359e-03  1.027825073771200005e-02  -4.798403822965507937e-04  1.722873445851536012e-03
2.089999999999999858e+00  2.035783921253900619e+00  1.371881403388349074e+00  -3.543333042271505813e-03  1.351138113378915540e+00  1.380849391075868127e+00
2.089999999999999858e+00  -1.193608556939746573e-01  -7.824791490393931404e-03  1.032576263191426966e-02  -4.859577314433316531e-04  1.730256979535660378e-03
2.100000000000000089e+00  2.026604727860709332e+00  1.369630776735456967e+00  -3.435237867746857715e-03  1.350870627221244291e+00  1.380120258429410107e+00
2.100000000000000089e+00  -1.197088636343753842e-01  -7.894390153228167395e-03  1.037319993359318328e-02  -4.921059704098285081e-04  1.737591741290622771e-03
2.110000000000000320e+00  2.017587518319765572e+00  1.367411168835674040e+00  -3.329810253057473302e-03  1.350608278167858334e+00  1.379406155166412518e+00
2.110000000000000320e+00  -1.200551355568346967e-01  -7.964325034640243328e-03  1.042056050676623720e-02  -4.982848176090515224e-04  1.744877349194706717e-03
2.120000000000000107e+00  2.008727780634536941e+00  1.365221979323787860e+00  -3.226991243765468982e-03  1.350351095933033596e+00  1.378706696483987804e+00
2.120000000000000107e+00  -1.203996694388966282e-01  -8.034594204195548428e-03  1.046784231524304845e-02  -5.044939898457556637e-04  1.752113801782195779e-03
2.129999999999999893e+00  2.000021627160316839e+00  1.363062453518598671e+00  -3.126719050565345340e-03  1.350098863885114797e+00  1.378021497955426389e+00
2.129999999999999893e+00  -1.207424637333034539e-01  -8.105195736504429427e-03  1.051504205256678648e-02  -5.107331990342744987e-04  1.759300786909667735e-03
2.140000000000000124e+00  1.991464821084448111e+00  1.360932179042610768e+00  -3.028912526130882275e-03  1.349851419108983652e+00  1.377350146838263178e+00
2.140000000000000124e+00  -1.210835165493116955e-01  -8.176127650160049110e-03  1.056215901685956388e-02  -5.170021518470235833e-04  1.766438067329123562e-03
2.150000000000000355e+00  1.983053841652288041e+00  1.358830307959871808e+00  -2.933520054545452581e-03  1.349608791084972559e+00  1.376692361818267152e+00
2.150000000000000355e+00  -1.214228270008297361e-01  -8.247388010941301278e-03  1.060918899767263751e-02  -5.233005517762956416e-04  1.773525664251818235e-03
2.160000000000000142e+00  1.974784728828673508e+00  1.356756423265624845e+00  -2.840459755766948195e-03  1.349370706783488139e+00  1.376047733909203430e+00
2.160000000000000142e+00  -1.217603936473690696e-01  -8.318974812910315264e-03  1.065613111922857244e-02  -5.296280968877242756e-04  1.780563209618057918e-03
2.169999999999999929e+00  1.966654317338355717e+00  1.354709917137923325e+00  -2.749630307238893484e-03  1.349137181762381621e+00  1.375415897306094148e+00
2.169999999999999929e+00  -1.220962155522168358e-01  -8.390886062111311064e-03  1.070298296698336295e-02  -5.359844807707458969e-04  1.787550720688035888e-03
2.179999999999999716e+00  1.958658517473387040e+00  1.352690309607479602e+00  -2.661076770429302019e-03  1.348908012769277187e+00  1.374796630481333271e+00
2.179999999999999716e+00  -1.224302923194070664e-01  -8.463119750561142601e-03  1.074974289587692956e-02  -5.423693977792964915e-04  1.794487932922361750e-03
2.189999999999999947e+00  1.950794624092794916e+00  1.350696920923418309e+00  -2.574546020212963287e-03  1.348683127654726865e+00  1.374189468277593029e+00
2.189999999999999947e+00  -1.227626229028292298e-01  -8.535673857835716222e-03  1.079640796046896223e-02  -5.487825293777337521e-04  1.801374761196461449e-03
2.200000000000000178e+00  1.943058842672550357e+00  1.348729352470531495e+00  -2.490229679205135764e-03  1.348462486061489551e+00  1.373594216983970995e+00
2.200000000000000178e+00  -1.230932078368880966e-01  -8.608546349222812033e-03  1.084297686260507487e-02  -5.552235668869753837e-04  1.808211170057583139e-03
2.209999999999999964e+00  1.935448543080031003e+00  1.346787051855667494e+00  -2.407874320792916488e-03  1.348245844677418814e+00  1.373010546543461219e+00
2.209999999999999964e+00  -1.234220464223817898e-01  -8.681735174215342993e-03  1.088944755299936160e-02  -5.616921853066614290e-04  1.814996858500839139e-03
2.219999999999999751e+00  1.927960125024597904e+00  1.344869592798072500e+00  -2.327527809356249797e-03  1.348033323096135216e+00  1.372438136696207511e+00
2.219999999999999751e+00  -1.237491390038963357e-01  -8.755238267258573168e-03  1.093581858210657988e-02  -5.681880649383019843e-04  1.821732019003596825e-03
2.229999999999999982e+00  1.920591184479183866e+00  1.342976340169231619e+00  -2.249095054986147146e-03  1.347824679172567208e+00  1.371876810974480776e+00
2.229999999999999982e+00  -1.240744860576789149e-01  -8.829053577912821665e-03  1.098208690362445158e-02  -5.747108794245114893e-04  1.828416364114571202e-03
2.240000000000000213e+00  1.913338639791829721e+00  1.341107020394795235e+00  -2.172563727584823738e-03  1.347619792284987517e+00  1.371326179031146619e+00
2.240000000000000213e+00  -1.243980879837115333e-01  -8.903178996658151281e-03  1.102825229018264581e-02  -5.812603012056438700e-04  1.835049774823738211e-03
2.250000000000000000e+00  1.906199625213197191e+00  1.339261107316156663e+00  -2.097878041473668319e-03  1.347418707420552808e+00  1.370786043433255497e+00
2.250000000000000000e+00  -1.247199455694065623e-01  -8.977612440103980435e-03  1.107431243843816360e-02  -5.878359992829151892e-04  1.841632363818512808e-03
2.259999999999999787e+00  1.899171863267866911e+00  1.337438022860691023e+00  -2.024894853757508439e-03  1.347221170341049934e+00  1.370256085577095106e+00
2.259999999999999787e+00  -1.250400595460728348e-01  -9.052351811119956071e-03  1.112026464868732384e-02  -5.944376375019988501e-04  1.848163842089856068e-03
2.270000000000000018e+00  1.892252733303871892e+00  1.335637494682031523e+00  -1.953691917899796557e-03  1.347027283141689624e+00  1.369736117596425773e+00
2.270000000000000018e+00  -1.253584313733078215e-01  -9.127394983139029000e-03  1.116610846213349738e-02  -6.010648833311149630e-04  1.854644413575967654e-03
2.280000000000000249e+00  1.885439198083149304e+00  1.333859119799848614e+00  -1.884209320673608948e-03  1.346836867213274669e+00  1.369225891114411731e+00
2.280000000000000249e+00  -1.256750621821526859e-01  -9.202739826946918639e-03  1.121184245707770172e-02  -6.077173981321459806e-04  1.861073903958399001e-03
2.290000000000000036e+00  1.878729359803464227e+00  1.332102305680041843e+00  -1.816264973786842337e-03  1.346649840741244830e+00  1.368725208550076511e+00
2.290000000000000036e+00  -1.259899532253980770e-01  -9.278384222823368027e-03  1.125746369481015439e-02  -6.143948381769348543e-04  1.867452276901326869e-03
2.299999999999999822e+00  1.872120723127070008e+00  1.330366862986701371e+00  -1.750080606937811636e-03  1.346466087945261902e+00  1.368233718746615146e+00
2.299999999999999822e+00  -1.263031068637879561e-01  -9.354326003546103996e-03  1.130297213689734383e-02  -6.210968673804329043e-04  1.873779454411916845e-03
2.310000000000000053e+00  1.865610853232062549e+00  1.328652265209976147e+00  -1.685359011120380864e-03  1.346285632511385666e+00  1.367751314800983886e+00
2.310000000000000053e+00  -1.266145241662937626e-01  -9.430563025796291632e-03  1.134836544800499683e-02  -6.278231354215346727e-04  1.880055558002191596e-03
2.320000000000000284e+00  1.859197725783792166e+00  1.326958201357063993e+00  -1.622138989067631798e-03  1.346108373147173909e+00  1.367277796051758809e+00
2.320000000000000284e+00  -1.269242074267766252e-01  -9.507093120062646771e-03  1.139364269421094637e-02  -6.345732983055185628e-04  1.886280541511520248e-03
2.330000000000000071e+00  1.852879256005010022e+00  1.325284248633320727e+00  -1.560503274958698798e-03  1.345934198075172450e+00  1.366812844476036126e+00
2.330000000000000071e+00  -1.272321592663990808e-01  -9.583914115470727399e-03  1.143880188632500489e-02  -6.413470109990493384e-04  1.892454348897065763e-03
2.339999999999999858e+00  1.846653104899706577e+00  1.323630050222935228e+00  -1.500239401236325631e-03  1.345763086262720343e+00  1.366356370276815335e+00
2.339999999999999858e+00  -1.275383814433576901e-01  -9.661023829451919828e-03  1.148384191371944196e-02  -6.481439204225614148e-04  1.898577056633432569e-03
2.350000000000000089e+00  1.840517466234985910e+00  1.321995340981605205e+00  -1.441410482934010664e-03  1.345594932745934669e+00  1.365908087079521049e+00
2.350000000000000089e+00  -1.278428767775053876e-01  -9.738420060605709055e-03  1.152876210997910711e-02  -6.549636781113532535e-04  1.904648628586413928e-03
2.360000000000000320e+00  1.834470434009561224e+00  1.320379654252762380e+00  -1.384000753643255472e-03  1.345429689238232474e+00  1.365467855605096759e+00
2.360000000000000320e+00  -1.281456481534797853e-01  -9.816100624995239068e-03  1.157356009462899744e-02  -6.618059327654357560e-04  1.910669113526997087e-03
2.370000000000000107e+00  1.828509843600135021e+00  1.318782745058251882e+00  -1.327887730319447963e-03  1.345267343512791536e+00  1.365035557264017596e+00
2.370000000000000107e+00  -1.284466980515958368e-01  -9.894063307633333554e-03  1.161823552853904346e-02  -6.686703294400686559e-04  1.916638616971999554e-03
2.379999999999999893e+00  1.822633905996510428e+00  1.317204195808622025e+00  -1.273071805494787158e-03  1.345107745536253230e+00  1.364610925633394700e+00
2.379999999999999893e+00  -1.287460296454274733e-01  -9.972305899985392519e-03  1.166278636396991461e-02  -6.755565145588615650e-04  1.922557053475770772e-03
2.390000000000000124e+00  1.816840850632730708e+00  1.315643782540570461e+00  -1.219586599450567244e-03  1.344950845403787065e+00  1.364193762351880945e+00
2.390000000000000124e+00  -1.290436462647747973e-01  -1.005082617198430409e-02  1.170721220676571722e-02  -6.824641343937676297e-04  1.928424484401447536e-03
2.400000000000000355e+00  1.811129206629666921e+00  1.314101132673667127e+00  -1.167331848727691393e-03  1.344796662258717523e+00  1.363783970505837662e+00
2.400000000000000355e+00  -1.293395511280686361e-01  -1.012962190292344272e-02  1.175151145942678575e-02  -6.893928316012987167e-04  1.934241075394527165e-03
2.410000000000000142e+00  1.805496745743615739e+00  1.312575928083778543e+00  -1.116261911091051681e-03  1.344645077336112271e+00  1.363381360370013118e+00
2.410000000000000142e+00  -1.296337475723770005e-01  -1.020869085787389635e-02  1.179568291233437996e-02  -6.963422490424697742e-04  1.940006799328597431e-03
2.419999999999999929e+00  1.799942344989821308e+00  1.311067903783789124e+00  -1.066480297651054270e-03  1.344496036861939858e+00  1.362985721881232903e+00
2.419999999999999929e+00  -1.299262397141616177e-01  -1.028803079378383736e-02  1.183972563532912671e-02  -7.033120320268926307e-04  1.945721726646199023e-03
2.429999999999999716e+00  1.794464137483088084e+00  1.309576757847010331e+00  -1.017780200657610566e-03  1.344349481100764798e+00  1.362596948726752633e+00
2.429999999999999716e+00  -1.302170307262801030e-01  -1.036763946279307784e-02  1.188363869462919116e-02  -7.103018188294729640e-04  1.951385923726900451e-03
2.439999999999999947e+00  1.789060438238026851e+00  1.308102191101026657e+00  -9.702346913148948097e-04  1.344205416836426803e+00  1.362214989986876512e+00
2.439999999999999947e+00  -1.305061248753608960e-01  -1.044751462050205401e-02  1.192742082630362035e-02  -7.173112534338832447e-04  1.956999558128225125e-03
2.450000000000000178e+00  1.783730098588560242e+00  1.306643939842522695e+00  -9.237928025129591835e-04  1.344063722152021079e+00  1.361839525060522860e+00
2.450000000000000178e+00  -1.307935261308995900e-01  -1.052765399966653151e-02  1.197107120851154463e-02  -7.243399759776503188e-04  1.962562614975293940e-03
2.459999999999999964e+00  1.778471216549081912e+00  1.305201764013213639e+00  -8.784521683055704876e-04  1.343924390905810062e+00  1.361470465190657952e+00
2.459999999999999964e+00  -1.310792386873353976e-01  -1.060805533739452369e-02  1.201458915833895046e-02  -7.313876279410047587e-04  1.968075251946754811e-03
2.469999999999999751e+00  1.773282585698011449e+00  1.303775284860550832e+00  -8.341651017027722822e-04  1.343787369517500441e+00  1.361107696045054549e+00
2.469999999999999751e+00  -1.313632669100199546e-01  -1.068871637687164242e-02  1.205797272630726967e-02  -7.384538495848191886e-04  1.973537562033667037e-03
2.479999999999999982e+00  1.768162724241056916e+00  1.302364326732121658e+00  -7.909208170676787844e-04  1.343652596203752214e+00  1.360751057269730113e+00
2.479999999999999982e+00  -1.316456152254501522e-01  -1.076963483743784318e-02  1.210122178435982590e-02  -7.455382816242694943e-04  1.978949630191850773e-03
2.490000000000000213e+00  1.763110345667628476e+00  1.300968666167141796e+00  -7.486993801127579153e-04  1.343520022087619337e+00  1.360400493968823454e+00
2.490000000000000213e+00  -1.319262882491567812e-01  -1.085080844321508267e-02  1.214433575318804581e-02  -7.526405648190515052e-04  1.984311564216190149e-03
2.500000000000000000e+00  1.723998681958012646e+00  1.293138140967550642e+00  -2.096730671389880965e-03  1.344205674705533093e+00  1.360559965390590209e+00
2.500000000000000000e+00  -1.322063084422176737e-01  -1.093254363298098476e-02  1.212453826861135953e-02  -7.597754611424756277e-04  1.990831524329550462e-03
2.509999999999999787e+00  1.719757122957537909e+00  1.291883643714416774e+00  -2.028374934741201865e-03  1.344077603391981679e+00  1.360229049196072459e+00
2.509999999999999787e+00  -1.324835965733000553e-01  -1.101421334571727438e-02  1.216819342654170202e-02  -7.669119591813267078e-04  1.996097203812330356e-03
2.520000000000000018e+00  1.715562291265235073e+00  1.290641285066827404e+00  -1.961639695274072955e-03  1.343951596998592679e+00  1.359903531064293292e+00
2.520000000000000018e+00  -1.327592260425031756e-01  -1.109613155985772481e-02  1.221169742489558452e-02  -7.740652439460760093e-04  2.001313084374900519e-03
2.530000000000000249e+00  1.711413458874044835e+00  1.289410891922352809e+00  -1.896484668746799621e-03  1.343827614177027563e+00  1.359583299991071970e+00
2.530000000000000249e+00  -1.330332018153511930e-01  -1.117829597826990734e-02  1.225504975817433284e-02  -7.812349560594178399e-04  2.006479300251662323e-03
2.540000000000000036e+00  1.707309911973788452e+00  1.288192294371320878e+00  -1.832870745787183644e-03  1.343705614572054063e+00  1.359268247739811031e+00
2.540000000000000036e+00  -1.333055289753424244e-01  -1.126070430122382005e-02  1.229824994034276267e-02  -7.884207365246309607e-04  2.011595990767500730e-03
2.549999999999999822e+00  1.703250950627624549e+00  1.286985325624018017e+00  -1.770759951648062224e-03  1.343585558793645607e+00  1.358958268760051880e+00
2.549999999999999822e+00  -1.335762127210208816e-01  -1.134335422665875594e-02  1.234129750457396875e-02  -7.956222268025170408e-04  2.016663300214105448e-03
2.560000000000000053e+00  1.699235888456695598e+00  1.285789821939928412e+00  -1.710115407530364388e-03  1.343467408390005113e+00  1.358653260108788619e+00
2.560000000000000053e+00  -1.338452583630755366e-01  -1.142624345043959794e-02  1.238419200299882214e-02  -8.028390688813447085e-04  2.021681377742501340e-03
2.570000000000000284e+00  1.695264052332658089e+00  1.284605622558947058e+00  -1.650901293407793478e-03  1.343351125821428793e+00  1.358353121374452410e+00
2.570000000000000284e+00  -1.341126713214738919e-01  -1.150936966660828613e-02  1.242693300644665509e-02  -8.100709053501242707e-04  2.026650377199179509e-03
2.580000000000000071e+00  1.691334782078025789e+00  1.283432569634497478e+00  -1.593082812287540621e-03  1.343236674435027700e+00  1.358057754603472222e+00
2.580000000000000071e+00  -1.343784571226315228e-01  -1.159273056764541406e-02  1.246952010420301384e-02  -8.173173794454591246e-04  2.031570457051157241e-03
2.589999999999999858e+00  1.687447430174012108e+00  1.282270508168489087e+00  -1.536626155842579864e-03  1.343124018440233325e+00  1.357767064229288501e+00
2.589999999999999858e+00  -1.346426213966006313e-01  -1.167632384472709270e-02  1.251195290375689030e-02  -8.245781351604586362e-04  2.036441780241093902e-03
2.600000000000000089e+00  1.683601361475714597e+00  1.281119285948054687e+00  -1.481498471363799918e-03  1.343013122885084121e+00  1.357480957003734501e+00
2.600000000000000089e+00  -1.349051698742988747e-01  -1.176014718796050164e-02  1.255423103055456659e-02  -8.318528172668315790e-04  2.041264514073048986e-03
2.610000000000000320e+00  1.679795952934447723e+00  1.279978753484020126e+00  -1.427667829968138572e-03  1.342903953633270087e+00  1.357199341930713121e+00
2.610000000000000320e+00  -1.351661083847698341e-01  -1.184419828664892531e-02  1.259635412775722552e-02  -8.391410713998181947e-04  2.046038830098462213e-03
2.620000000000000107e+00  1.676030593327038964e+00  1.278848763950998446e+00  -1.375103196015693176e-03  1.342796477341869243e+00  1.356922130202068644e+00
2.620000000000000107e+00  -1.354254428524685749e-01  -1.192847482952548270e-02  1.263832185599473266e-02  -8.464425441134793004e-04  2.050764904001134425e-03
2.629999999999999893e+00  1.672304682991875069e+00  1.277729173129150464e+00  -1.323774397681136503e-03  1.342690661439821298e+00  1.356649235135540810e+00
2.629999999999999893e+00  -1.356831792945847326e-01  -1.201297450500544983e-02  1.268013389312752995e-02  -8.537568829434238893e-04  2.055442915482763588e-03
2.640000000000000124e+00  1.668617633571581216e+00  1.276619839347451490e+00  -1.273652098629615877e-03  1.342586474107032135e+00  1.356380572114793015e+00
2.640000000000000124e+00  -1.359393238183946584e-01  -1.209769500143141954e-02  1.272178993400463649e-02  -8.610837364626533486e-04  2.060073048148924890e-03
2.650000000000000355e+00  1.664968867762070648e+00  1.275520623428490152e+00  -1.224707770757180094e-03  1.342483884254145998e+00  1.356116058531377178e+00
2.650000000000000355e+00  -1.361938826186480378e-01  -1.218263400729878432e-02  1.276328969023008721e-02  -8.684227543402922578e-04  2.064655489405597955e-03
2.660000000000000142e+00  1.661357819067876385e+00  1.274431388634718054e+00  -1.176913667944846486e-03  1.342382861502936064e+00  1.355855613728569331e+00
2.660000000000000142e+00  -1.364468619749795442e-01  -1.226778921150204101e-02  1.280463288992197100e-02  -8.757735873992089637e-04  2.069190430326051100e-03
2.669999999999999929e+00  1.657783931563551416e+00  1.273352000616104984e+00  -1.130242800787535293e-03  1.342283376167302533e+00  1.355599158947050187e+00
2.669999999999999929e+00  -1.366982682493589063e-01  -1.235315830358673511e-02  1.284581927748142116e-02  -8.831358876661976609e-04  2.073678065588335784e-03
2.679999999999999716e+00  1.654246659660982610e+00  1.272282327359167464e+00  -1.084668912256948805e-03  1.342185399234847809e+00  1.355346617272310095e+00
2.679999999999999716e+00  -1.369481078835734222e-01  -1.243873897393660104e-02  1.288684861336562848e-02  -8.905093084244919410e-04  2.078118593327293873e-03
2.689999999999999947e+00  1.650745467882483108e+00  1.271222239137317800e+00  -1.040166454259968971e-03  1.342088902349017898e+00  1.355097913583739988e+00
2.689999999999999947e+00  -1.371963873967358138e-01  -1.252452891404920096e-02  1.292772067384648921e-02  -8.978935042694979884e-04  2.082512215048293314e-03
2.700000000000000178e+00  1.647279830639492459e+00  1.270171608462487889e+00  -9.967105650573069783e-04  1.341993857791771161e+00  1.354852974505366348e+00
2.700000000000000178e+00  -1.374431133828296625e-01  -1.261052581674074365e-02  1.296843525079137589e-02  -9.052881311567562150e-04  2.086859135521312858e-03
2.709999999999999964e+00  1.643849232016706186e+00  1.269130310038004694e+00  -9.542770475019679739e-04  1.341900238466800621e+00  1.354611728358113165e+00
2.709999999999999964e+00  -1.376882925082805187e-01  -1.269672737637476609e-02  1.300899215143202191e-02  -9.126928464489036941e-04  2.091159562675026784e-03
2.719999999999999751e+00  1.640453165561588378e+00  1.268098220712656321e+00  -9.128423480725309479e-04  1.341808017883229676e+00  1.354374105113608451e+00
2.719999999999999751e+00  -1.379319315095722809e-01  -1.278313128908249198e-02  1.304939119814216633e-02  -9.201073089634137503e-04  2.095413707507987056e-03
2.729999999999999982e+00  1.637091134078979104e+00  1.267075219435931821e+00  -8.723835366666178419e-04  1.341717170139817616e+00  1.354140036349419152e+00
2.729999999999999982e+00  -1.381740371908772580e-01  -1.286973525298859555e-02  1.308963222821014731e-02  -9.275311790197804385e-04  2.099621783962835053e-03
2.740000000000000213e+00  1.633762649430802849e+00  1.266061187214392536e+00  -8.328782871097170810e-04  1.341627669909635223e+00  1.353909455205680290e+00
2.740000000000000213e+00  -1.384146164217265607e-01  -1.295653696841555375e-02  1.312971509362539230e-02  -9.349641184852597320e-04  2.103784008875120293e-03
2.750000000000000000e+00  1.630467232340644390e+00  1.265056007069123245e+00  -7.943048583837239267e-04  1.341539492425180669e+00  1.353682296343130753e+00
2.750000000000000000e+00  -1.386536761347242908e-01  -1.304353413810896943e-02  1.316963966085086570e-02  -9.424057908132832395e-04  2.107900601829415521e-03
2.759999999999999787e+00  1.627204412203117068e+00  1.264059563994271329e+00  -7.566420765033935424e-04  1.341452613463961052e+00  1.353458495902365444e+00
2.759999999999999787e+00  -1.388912233232667270e-01  -1.313072446744160265e-02  1.320940581060945848e-02  -9.498558610941953972e-04  2.111971785092370268e-03
2.770000000000000018e+00  1.623973726897865788e+00  1.263071744916582029e+00  -7.198693170554818464e-04  1.341367009334478722e+00  1.353237991464417700e+00
2.770000000000000018e+00  -1.391272650393177157e-01  -1.321810566462999596e-02  1.324901343766823024e-02  -9.573139960818988214e-04  2.115997783510126240e-03
2.780000000000000249e+00  1.620774722608108620e+00  1.262092438655971538e+00  -6.839664883452611921e-04  1.341282656862640810e+00  1.353020722012520549e+00
2.780000000000000249e+00  -1.393618083912065986e-01  -1.330567544092778678e-02  1.328846245062222965e-02  -9.647798642551386195e-04  2.119978824420609698e-03
2.790000000000000036e+00  1.617606953643572432e+00  1.261121535887034018e+00  -6.489140151427429636e-04  1.341199533378569564e+00  1.352806627895041913e+00
2.790000000000000036e+00  -1.395948605414471244e-01  -1.339343151083914087e-02  1.332775277168555400e-02  -9.722531358287156422e-04  2.123915137558718413e-03
2.799999999999999822e+00  1.614469982267705994e+00  1.260158929101508507e+00  -6.146928229955393556e-04  1.341117616703788151e+00  1.352595650789564230e+00
2.799999999999999822e+00  -1.398264287046116217e-01  -1.348137159231179230e-02  1.336688433647649846e-02  -9.797334828144377283e-04  2.127806954972499831e-03
2.810000000000000053e+00  1.611363378529105495e+00  1.259204512571660439e+00  -5.812843230958114442e-04  1.341036885138782386e+00  1.352387733668034997e+00
2.810000000000000053e+00  -1.400565201452103892e-01  -1.356949340693780655e-02  1.340585709381295759e-02  -9.872205790451005214e-04  2.131654510929226198e-03
2.820000000000000284e+00  1.608286720096963052e+00  1.258258182314540674e+00  -5.486703976666919107e-04  1.340957317450931718e+00  1.352182820762983795e+00
2.820000000000000284e+00  -1.402851421756279027e-01  -1.365779468014686159e-02  1.344467100550303731e-02  -9.947141002110138075e-04  2.135458041835902598e-03
2.830000000000000071e+00  1.605239592100491386e+00  1.257319836057102513e+00  -5.168333858636183636e-04  1.340878892862773952e+00  1.351980857534754943e+00
2.830000000000000071e+00  -1.405123021540599093e-01  -1.374627314139644993e-02  1.348332604614146946e-02  -1.002213723894085362e-03  2.139217786148672751e-03
2.839999999999999858e+00  1.602221586972217393e+00  1.256389373202172033e+00  -4.857560701552942825e-04  1.340801591040619023e+00  1.351781790639718484e+00
2.839999999999999858e+00  -1.407380074825139160e-01  -1.383492652436205117e-02  1.352182220290470624e-02  -1.009719129603237064e-03  2.142933984295880556e-03
2.850000000000000089e+00  1.599232304294989859e+00  1.255466694795201787e+00  -4.554216631787837144e-04  1.340725392083484291e+00  1.351585567899423523e+00
2.850000000000000089e+00  -1.409622656048161726e-01  -1.392375256711609645e-02  1.356015947535255811e-02  -1.017229998800717183e-03  2.146606878590473499e-03
2.860000000000000320e+00  1.596271350652680443e+00  1.254551703491847636e+00  -4.258137950406862098e-04  1.340650276512349581e+00  1.351392138270701704e+00
2.860000000000000320e+00  -1.411850840046633415e-01  -1.401274901232673134e-02  1.359833787522295341e-02  -1.024746014936628313e-03  2.150236713137743116e-03
2.870000000000000107e+00  1.593338339484413169e+00  1.253644303526280979e+00  -3.969165010527055983e-04  1.340576225259705767e+00  1.351201451816597343e+00
2.870000000000000107e+00  -1.414064702036944010e-01  -1.410191360741992750e-02  1.363635742624122807e-02  -1.032266863474795571e-03  2.153823733794246742e-03
2.879999999999999893e+00  1.590432890942282906e+00  1.252744400680255499e+00  -3.687142098858912399e-04  1.340503219659415768e+00  1.351013459678215511e+00
2.879999999999999893e+00  -1.416264317596025724e-01  -1.419124410475916878e-02  1.367421816391862881e-02  -1.039792231925629196e-03  2.157368188046709934e-03
2.890000000000000124e+00  1.587554631752420953e+00  1.251851902252903326e+00  -3.411917321196182053e-04  1.340431241436852883e+00  1.350828114047351036e+00
2.890000000000000124e+00  -1.418449762642736145e-01  -1.428073826183246485e-02  1.371192013535982128e-02  -1.047321809863777098e-03  2.160870324954934120e-03
2.900000000000000355e+00  1.584703195079371074e+00  1.250966717031227970e+00  -3.143342491849772206e-04  1.340360272699315347e+00  1.350645368139947067e+00
2.900000000000000355e+00  -1.420621113419506254e-01  -1.437039384141213308e-02  1.374946339907179467e-02  -1.054855288974532179e-03  2.164330395078340602e-03
2.910000000000000142e+00  1.581878220393662549e+00  1.250088755261290041e+00  -2.881273026693145257e-04  1.340290295926714670e+00  1.350465176170309922e+00
2.910000000000000142e+00  -1.422778446474361469e-01  -1.446020861171887044e-02  1.378684802476997512e-02  -1.062392363048392241e-03  2.167748650394375233e-03
2.919999999999999929e+00  1.579079353342474068e+00  1.249217928620027118e+00  -2.625567839886593091e-04  1.340221293962513105e+00  1.350287493326080668e+00
2.919999999999999929e+00  -1.424921838643113947e-01  -1.455018034660156279e-02  1.382407409319396166e-02  -1.069932728033018421e-03  2.171125344229850665e-03
2.929999999999999716e+00  1.576306245623376512e+00  1.248354150187768852e+00  -2.376089243912049044e-04  1.340153250004938013e+00  1.350112275743916790e+00
2.929999999999999716e+00  -1.427051367032070583e-01  -1.464030682568620741e-02  1.386114169591545070e-02  -1.077476082040562666e-03  2.174460731189942382e-03
2.939999999999999947e+00  1.573558554860981618e+00  1.247497334421336701e+00  -2.132702853050718814e-04  1.340086147598402500e+00  1.349939480485895960e+00
2.939999999999999947e+00  -1.429167109000795133e-01  -1.473058583454255575e-02  1.389805093515667118e-02  -1.085022125378642954e-03  2.177755067082804558e-03
2.950000000000000178e+00  1.570835944486540292e+00  1.246647397127773838e+00  -1.895277489922966678e-04  1.340019970625197843e+00  1.349769065516569055e+00
2.950000000000000178e+00  -1.431269142145329409e-01  -1.482101516483845180e-02  1.393480192360577533e-02  -1.092570560563110860e-03  2.181008608858368142e-03
2.959999999999999964e+00  1.568138083620262524e+00  1.245804255438680563e+00  -1.663685095223050615e-04  1.339954703297393968e+00  1.349600989680697083e+00
2.959999999999999964e+00  -1.433357544281596563e-01  -1.491159261449234198e-02  1.397139478423449314e-02  -1.100121092343031570e-03  2.184221614531672157e-03
2.969999999999999751e+00  1.565464646956443051e+00  1.244967827785094627e+00  -1.437800640264907427e-04  1.339890330148963971e+00  1.349435212681592056e+00
2.969999999999999751e+00  -1.435432393429180720e-01  -1.500231598782672190e-02  1.400782965011978728e-02  -1.107673427722777326e-03  2.187394343125502461e-03
2.979999999999999982e+00  1.562815314651217813e+00  1.244138033872969951e+00  -1.217502042539838486e-04  1.339826836028138679e+00  1.349271695060083376e+00
2.979999999999999982e+00  -1.437493767795330890e-01  -1.509318309571777879e-02  1.404410666426351637e-02  -1.115227275973795784e-03  2.190527054598321796e-03
2.990000000000000213e+00  1.560189772212905002e+00  1.243314794659194034e+00  -1.002670083850472349e-04  1.339764206089949949e+00  1.349110398174098169e+00
2.990000000000000213e+00  -1.439541745759298219e-01  -1.518419175573154471e-02  1.408022597941891926e-02  -1.122782348658590834e-03  2.193620009779432764e-03
3.000000000000000000e+00  1.557587710394911173e+00  1.242498032328116064e+00  -7.931883312144042200e-05  1.339702425788982909e+00  1.348951284178774079e+00
3.000000000000000000e+00  -1.441576405856889176e-01  -1.527533979227468919e-02  1.411618775791390577e-02  -1.130338359640603585e-03  2.196673470312897683e-03
