1.010000000000000  0.009814038763253  0.296680851641032  0.036252815947865  0.634004686634470  0.339579805421353
1.010000000000000  0.016675521933991  0.001162464428125  -0.003422547919049  0.000060431258140  -0.001518805296447
1.020000000000000  0.019321453600138  0.333873056601576  0.035327438545657  0.640855725231299  0.383433051467008
1.020000000000000  0.020938496284510  0.001472664421883  -0.003894534566094  0.000075838212244  -0.001553858793332
1.030000000000000  0.028564878516237  0.355259321587452  0.033663739597977  0.646352880440596  0.413532296586000
1.030000000000000  0.023589057150028  0.001669479348181  -0.004184557510143  0.000088819145980  -0.001586383275529
1.040000000000000  0.037569925721413  0.372514487520741  0.032160239393468  0.651120587728310  0.436980007711631
1.040000000000000  0.025853438954591  0.001839299853705  -0.004430548055498  0.000101335996992  -0.001617148938242
1.050000000000000  0.046355736591732  0.387338467069961  0.030816423472346  0.655367512601372  0.456265621355166
1.050000000000000  0.027895504825792  0.001993854629200  -0.004651322323026  0.000113666103631  -0.001646610736373
1.060000000000000  0.054937761457026  0.400445976278998  0.029616240359129  0.659214337949383  0.472604824254968
1.060000000000000  0.029780772277546  0.002137877238666  -0.004854670081394  0.000125892790488  -0.001675061824274
1.070000000000000  0.063329000532085  0.412295774425145  0.028551944829825  0.662737666851918  0.486698933445517
1.070000000000000  0.031553926629795  0.002274610496180  -0.005045628371068  0.000138045613673  -0.001702688501775
1.080000000000000  0.071540678380525  0.423085407465553  0.027610161507410  0.665992594673824  0.498996390832130
1.080000000000000  0.033229054931732  0.002405090710705  -0.005226228400525  0.000150120740662  -0.001729634228902
1.090000000000000  0.079582669384161  0.433076959585033  0.026789504647181  0.669016108985125  0.509806589558034
1.090000000000000  0.034835062214761  0.002531425731001  -0.005399383651232  0.000162117328088  -0.001755982402679
1.100000000000000  0.090836804310361  0.442521672152642  0.027443392243861  0.671838879884834  0.518439422913776
1.100000000000000  0.036466009573892  0.002656623429823  -0.005571765740634  0.000175295133484  -0.001781777786673
1.110000000000000  0.098030547262641  0.451171645041753  0.026465139603706  0.674490163519467  0.527807487984913
1.110000000000000  0.037933353984436  0.002775719401754  -0.005731418127134  0.000169865271554  -0.001807179299683
1.120000000000000  0.105234139604179  0.459319313315715  0.025544936831163  0.676982913610621  0.536501485925873
1.120000000000000  0.039354585166706  0.002892527565324  -0.005886474136234  0.000182826786063  -0.001832158654696
1.130000000000000  0.112248333971356  0.467011122405807  0.024691206874600  0.679339684683625  0.544582775503703
1.130000000000000  0.040733452857242  0.003007284953309  -0.006037479592185  0.000195812875308  -0.001856786498768
1.140000000000000  0.119268553718591  0.474330965851092  0.023883064987457  0.681566088639901  0.552125619592121
1.140000000000000  0.042079350117311  0.003120745797908  -0.006185255080587  0.000208778679045  -0.001881054367833
1.150000000000000  0.126128713302379  0.481290139978433  0.023120360099839  0.683680461480237  0.559195728599139
1.150000000000000  0.043391103157300  0.003232808604102  -0.006329904162402  0.000221738375390  -0.001905023410451
1.160000000000000  0.132935784574843  0.487941058836394  0.022393625139423  0.685687523703832  0.565836201052592
1.160000000000000  0.044674545881816  0.003343930786533  -0.006471930826882  0.000234672140053  -0.001928688568538
1.170000000000000  0.139598656821530  0.494310302469960  0.021707616900409  0.687599923406816  0.572088487532124
1.170000000000000  0.045932260600542  0.003454281073733  -0.006611647387002  0.000247600126406  -0.001952089018713
1.180000000000000  0.146175793748861  0.500423770143021  0.021052082429291  0.689422559542861  0.577989924345770
1.180000000000000  0.047166220959239  0.003564031494054  -0.006749255709174  0.000260508016400  -0.001975226444360
1.190000000000000  0.152637238769740  0.506298911978055  0.020426101547336  0.691163548396685  0.583575835812074
1.190000000000000  0.048377645359841  0.003673267106477  -0.006884921758426  0.000273406998685  -0.001998121695255
1.200000000000000  0.158998791837523  0.511963784075054  0.019836399333722  0.692827959147252  0.588864540339784
1.200000000000000  0.049555608033104  0.003782226016163  -0.007018924215059  0.000286297720103  -0.002020781247146
1.210000000000000  0.165284402762942  0.517428113235093  0.019260413499605  0.694419377739927  0.593888658822997
1.210000000000000  0.050731674947990  0.003890954508395  -0.007151323606947  0.000299179524273  -0.002043205213895
1.220000000000000  0.171442531555097  0.522706201097591  0.018711722771341  0.695946249757433  0.598664742529980
1.220000000000000  0.051889460687021  0.003954079874697  -0.007282284519439  0.000312068612663  -0.002065422061905
1.230000000000000  0.177532205985088  0.527816423163955  0.018182966643045  0.697408686898059  0.603211530767124
1.230000000000000  0.053031007113875  0.004064850029799  -0.007411932356974  0.000324956054347  -0.002087415397744
1.240000000000000  0.183515314795517  0.532764353523090  0.017676508772436  0.698813354103704  0.607547280151355
1.240000000000000  0.054156446085224  0.004175481948636  -0.007540325599325  0.000337857153612  -0.002109206721210
1.250000000000000  0.189407608415264  0.537564298278576  0.017189744776060  0.700162903574716  0.611685504356412
1.250000000000000  0.055267455179191  0.004286113573328  -0.007667592452693  0.000350771740597  -0.002130796097180
1.260000000000000  0.195213416409710  0.542224262161022  0.016721505885505  0.701460208049169  0.615639292666816
1.260000000000000  0.056364626199006  0.004396787979560  -0.007793787413592  0.000363703760364  -0.002152185789213
1.270000000000000  0.200927058696296  0.546750694095238  0.016270668063421  0.702708862126829  0.619423390051620
1.270000000000000  0.057448304264345  0.004507526723806  -0.007918956962291  0.000376660358054  -0.002173383219463
1.280000000000000  0.206563491948216  0.551155606954927  0.015836392078967  0.703910458005162  0.623044117070465
1.280000000000000  0.058520062208637  0.004618463087984  -0.008043211035299  0.000389640103777  -0.002194384880927
1.290000000000000  0.212105093610630  0.555440979961913  0.015418603894143  0.705069107176637  0.626516428317775
1.290000000000000  0.059579520622829  0.004729553882763  -0.008166552828123  0.000402654711922  -0.002215203051535
1.300000000000000  0.217574108179664  0.559615753892142  0.015014453305167  0.706185407774523  0.629847281903953
1.300000000000000  0.060627634588413  0.004840885725932  -0.008289040234295  0.000415700484810  -0.002235829771781
1.310000000000000  0.222954361093063  0.563686123093770  0.014626375420868  0.707262994012206  0.633043354251166
1.310000000000000  0.061665156423137  0.004952511634559  -0.008410749326015  0.000428785634749  -0.002256275999440
1.320000000000000  0.228266026756488  0.567656649996938  0.014250547812354  0.708302253273897  0.636113616508957
1.320000000000000  0.062692179825531  0.005064445775880  -0.008531677114726  0.000441907927026  -0.002276533649071
1.330000000000000  0.233495179203694  0.571530909844660  0.013887977437141  0.709306398614504  0.639066976162119
1.330000000000000  0.063708908079684  0.005176696311851  -0.008651859274398  0.000455076530699  -0.002296612496938
1.340000000000000  0.238650586751269  0.575314723119166  0.013537655581650  0.710276507508069  0.641908091686555
1.340000000000000  0.064715952687853  0.005289316414418  -0.008771335743596  0.000468290691645  -0.002316509760824
1.350000000000000  0.243732101793497  0.579011986750853  0.013199455165733  0.711214388071374  0.644642642351062
1.350000000000000  0.065713602222547  0.005402327380534  -0.008890132991368  0.000481553311718  -0.002336227696749
1.360000000000000  0.248744116322788  0.582625578698425  0.012871547574201  0.712121201101336  0.647278671367363
1.360000000000000  0.066701854040608  0.005515728953237  -0.009008251173734  0.000494867500200  -0.002355764979852
1.370000000000000  0.253689658755839  0.586161919026268  0.012554786395987  0.712998230295669  0.649817001077167
1.370000000000000  0.067681687750524  0.005629603156785  -0.009125757394852  0.000508231704015  -0.002375121463277
1.380000000000000  0.258562228529055  0.589626903668566  0.012270905120261  0.713847580791677  0.652266268208768
1.380000000000000  0.068604992024165  0.005743905740894  -0.009242633860714  0.000521653366009  -0.002394302785495
1.390000000000000  0.263372483144425  0.593012777571693  0.011971739344434  0.714669576377832  0.654630084454856
1.390000000000000  0.069571292774125  0.005858667160037  -0.009358893271212  0.000535130237861  -0.002413303502359
1.400000000000000  0.268113396027341  0.596329760198961  0.011683318629833  0.715466222943537  0.656911100767758
1.400000000000000  0.070529343606489  0.005973933458131  -0.009474588415242  0.000548665906066  -0.002432129471660
1.410000000000000  0.272794634722525  0.599578770423286  0.011402963297211  0.716237769679858  0.659115429196229
1.410000000000000  0.071478809341821  0.006089676022833  -0.009589686139121  0.000562260529532  -0.002450775449707
1.420000000000000  0.277411634383596  0.602763580675125  0.011131903121526  0.716985892028905  0.661245162055820
1.420000000000000  0.072420275994500  0.006205936721596  -0.009704231667525  0.000575916170690  -0.002469245916561
1.430000000000000  0.281967899273650  0.605887138607045  0.010869647004775  0.717711291526992  0.663302975178184
1.430000000000000  0.073354058471525  0.006322739288668  -0.009818240758520  0.000589632248482  -0.002487539264336
1.440000000000000  0.286464330344572  0.608950011178666  0.010614987240282  0.718414934055058  0.665294565707145
1.440000000000000  0.074279876212443  0.006440055122543  -0.009931694232132  0.000603412212563  -0.002505655961326
1.450000000000000  0.290902063444750  0.611955546611119  0.010368377594071  0.719097745742758  0.667221161146128
1.450000000000000  0.075198231209519  0.006557922232919  -0.010044623704761  0.000617255337020  -0.002523596516071
1.460000000000000  0.295283307583370  0.614904501287500  0.010128704468339  0.719760415945841  0.669087029481870
1.460000000000000  0.076108922807208  0.006676319317628  -0.010157012403997  0.000631163235937  -0.002541360124285
1.470000000000000  0.299608687340780  0.617801021797727  0.009896747679528  0.720403763395484  0.670892350795384
1.470000000000000  0.077012705236546  0.006795307247859  -0.010268907901984  0.000645134004915  -0.002558947127974
1.480000000000000  0.303877922601913  0.620644657707424  0.009671569448004  0.721028738069054  0.672642144543542
1.480000000000000  0.077909121343086  0.006914840209634  -0.010380280946341  0.000659171391886  -0.002576359076048
1.490000000000000  0.308094294892431  0.623438303657964  0.009452926015454  0.721635753732822  0.674337665229827
1.490000000000000  0.078798588653453  0.007034951742234  -0.010491152560806  0.000673273628617  -0.002593594043311
1.500000000000000  0.312256757465927  0.626183191269614  0.009240871442313  0.722225770584077  0.675981350969451
1.500000000000000  0.079681146846567  0.007155639010273  -0.010601526831236  0.000687441909955  -0.002610654165605
1.510000000000000  0.316367566332213  0.628881151272494  0.009035014050319  0.722799280044093  0.677575252541038
1.510000000000000  0.080556969945105  0.007276913502289  -0.010711410648338  0.000701675878992  -0.002627538535988
1.520000000000000  0.320429158485144  0.631533316304067  0.008834768041615  0.723356681363412  0.679121507952790
1.520000000000000  0.081426057387662  0.007398771086121  -0.010820798395233  0.000715975097994  -0.002644245792639
1.530000000000000  0.324441191466430  0.634141178716650  0.008640254394133  0.723898769686480  0.680621983916144
1.530000000000000  0.082288551968921  0.007521218440538  -0.010929699746609  0.000730340099503  -0.002660777606048
1.540000000000000  0.328404541046507  0.636706138993203  0.008451220985329  0.724426033332977  0.682078430343083
1.540000000000000  0.083144562404952  0.007644260552337  -0.011038118174709  0.000744770518985  -0.002677133674605
1.550000000000000  0.332320241848798  0.639229445013043  0.008267529281815  0.724939049878702  0.683492578262105
1.550000000000000  0.083994175239562  0.007767899847096  -0.011146057289685  0.000759266272480  -0.002693314539124
1.560000000000000  0.336189066900420  0.641712243860460  0.008088908215080  0.725438298736303  0.684866135503233
1.560000000000000  0.084837453152934  0.007892136977181  -0.011253518068170  0.000773827067192  -0.002709320225315
1.570000000000000  0.340012012205409  0.644155771813060  0.007915254519834  0.725924275368547  0.686200575956534
1.570000000000000  0.085674500787345  0.008016976004674  -0.011360504711415  0.000788452515480  -0.002725151060570
1.580000000000000  0.343789947853343  0.646561069021699  0.007746374344772  0.726397417308956  0.687497396378635
1.580000000000000  0.086505375604702  0.008142416775099  -0.011467017776362  0.000803142188066  -0.002740807126383
1.590000000000000  0.347523654244446  0.648929222839601  0.007582068414262  0.726858178014871  0.688757981777977
1.590000000000000  0.087330155569991  0.008268461140415  -0.011573059733713  0.000817895476375  -0.002756288792832
1.600000000000000  0.351213992015724  0.651261238097945  0.007422209134437  0.727306974460793  0.689983620337935
1.600000000000000  0.088148909208204  0.008395109736938  -0.011678632097992  0.000832711763617  -0.002771596326277
1.610000000000000  0.354861730817589  0.653558106393006  0.007266658356214  0.727744194011095  0.691175651372502
1.610000000000000  0.088961708741145  0.008522363548968  -0.011783736446151  0.000847590611483  -0.002786729930500
1.620000000000000  0.358467653845106  0.655820695739717  0.007115262897095  0.728170278358834  0.692335280351250
1.620000000000000  0.089768600098522  0.008650221027251  -0.011888373784853  0.000862531315737  -0.002801690373158
1.630000000000000  0.362032548813886  0.658049963934800  0.006967865289995  0.728585481647761  0.693463651826230
1.630000000000000  0.090569660092293  0.008778683667540  -0.011992544383062  0.000877533087816  -0.002816477153124
1.640000000000000  0.365557112718899  0.660246720833847  0.006824365863970  0.728990255499805  0.694561852901956
1.640000000000000  0.091364936048696  0.008907749765222  -0.012096249997021  0.000892595177234  -0.002831091405181
1.650000000000000  0.369042044450707  0.662411831462075  0.006684603783586  0.729384924532927  0.695630949111011
1.650000000000000  0.092154493289360  0.009037419625091  -0.012199491801262  0.000907716732994  -0.002845533441779
1.660000000000000  0.372488118692192  0.664546034916272  0.006548508250408  0.729769776126145  0.696671961793134
1.660000000000000  0.092938374246237  0.009167690826344  -0.012302269003947  0.000922897030252  -0.002859803419227
1.670000000000000  0.375895919188191  0.666650130765253  0.006415905316709  0.730145153895969  0.697685833995540
1.670000000000000  0.093716638274862  0.009298563065967  -0.012404583184045  0.000938135015640  -0.002873902052988
1.680000000000000  0.379266215951250  0.668724833259030  0.006286710279674  0.730511314143011  0.698673494858158
1.680000000000000  0.094489332062597  0.009430034322067  -0.012506433773581  0.000953429828584  -0.002887829506765
1.690000000000000  0.382599573372781  0.670770858406091  0.006160817477518  0.730868615332879  0.699635814524466
1.690000000000000  0.095256507376117  0.009562103142588  -0.012607822523844  0.000968780474957  -0.002901586857432
1.700000000000000  0.385896671862511  0.672788890123233  0.006038127581624  0.731217286953872  0.700573656659988
1.700000000000000  0.096018212783626  0.009694767666584  -0.012708748985785  0.000984186016692  -0.002915174292881
1.710000000000000  0.389156596816071  0.674779555407308  0.005918506547962  0.731557610006156  0.701487825345969
1.710000000000000  0.096774484315225  0.009828024844898  -0.012809212998264  0.000999645351894  -0.002928592512464
1.720000000000000  0.392383059358425  0.676743551098997  0.005801911591461  0.731889791826221  0.702379092214656
1.720000000000000  0.097525387691544  0.009961874267574  -0.012909215217812  0.001015157509899  -0.002941841740270
1.730000000000000  0.395575027236103  0.678681414289516  0.005688220851809  0.732214169098792  0.703248169756566
1.730000000000000  0.098270944267888  0.010096311208602  -0.013008755898418  0.001030721267394  -0.002954923328078
1.740000000000000  0.398733150372457  0.680593734537911  0.005577334416913  0.732530869197626  0.704095843687615
1.740000000000000  0.099011195764814  0.010231332870885  -0.013107833125052  0.001046335709678  -0.002967837064660
1.750000000000000  0.401857915484853  0.682481187858354  0.005469182234273  0.732840225496215  0.704922735693377
1.750000000000000  0.099746214996605  0.010366939625021  -0.013206450869801  0.001061999554351  -0.002980584475532
1.760000000000000  0.404949890766680  0.684344153292574  0.005363677426789  0.733142401892853  0.705729516478252
1.760000000000000  0.100475993433245  0.010503123213990  -0.013304604898568  0.001077711686658  -0.002993165825898
1.770000000000000  0.408009648870279  0.686183350667500  0.005260735187543  0.733437606731669  0.706516813300553
1.770000000000000  0.101200624285542  0.010639886155132  -0.013402298678069  0.001093470916907  -0.003005581822763
1.780000000000000  0.411037699012149  0.687999182383412  0.005160297287416  0.733726093429000  0.707285258347865
1.780000000000000  0.101920115363081  0.010777221679635  -0.013499531009263  0.001109276173830  -0.003017833625978
1.790000000000000  0.414034507538549  0.689792113960850  0.005062256955493  0.734007991673180  0.708035383847859
1.790000000000000  0.102634493690380  0.010915125230360  -0.013596299906849  0.001125126044985  -0.003029921474653
1.800000000000000  0.417000625093742  0.691562702628436  0.004966614348953  0.734283502311774  0.708767819940265
1.800000000000000  0.103343822316979  0.011053595586938  -0.013692607158712  0.001141019656949  -0.003041846262840
1.810000000000000  0.419936505779173  0.693311403947596  0.004873200373542  0.734552833096051  0.709483055753376
1.810000000000000  0.104048129650985  0.011192628545851  -0.013788452680938  0.001156955456125  -0.003053609020316
1.820000000000000  0.422842613780173  0.695038655429199  0.004782043424626  0.734816175299088  0.710181613099344
1.820000000000000  0.104747452787119  0.011332219875327  -0.013883836687251  0.001172932374725  -0.003065210718532
1.830000000000000  0.425719430145836  0.696744921662422  0.004692975504080  0.735073649517251  0.710864021017292
1.830000000000000  0.105441829759761  0.011472366299244  -0.013978758415000  0.001188949087728  -0.003076651816941
1.840000000000000  0.428567519283548  0.698430554061433  0.004606035275419  0.735325460295541  0.711530703985664
1.840000000000000  0.106131279357556  0.011613061425123  -0.014073217415400  0.001205004321777  -0.003087933536658
1.850000000000000  0.431387191740412  0.700096043854635  0.004521148677281  0.735571731975061  0.712182161669071
1.850000000000000  0.106815859151785  0.011754303619028  -0.014167214517012  0.001221096907351  -0.003099056500919
1.860000000000000  0.434178894056663  0.701741780398976  0.004438181906034  0.735812641599069  0.712818852570355
1.860000000000000  0.107495596522710  0.011896088141845  -0.014260749741545  0.001237225491054  -0.003110021834769
1.870000000000000  0.436943073853477  0.703368127884563  0.004357134001469  0.736048326220074  0.713441176391231
1.870000000000000  0.108170521238235  0.012038409858311  -0.014353822550051  0.001253388783912  -0.003120830392105
1.880000000000000  0.439680228263723  0.704975440260616  0.004277980975217  0.736278992854969  0.714049569459821
1.880000000000000  0.108840661497973  0.012181263493749  -0.014446433823619  0.001269585628453  -0.003131483675049
1.890000000000000  0.442390681297070  0.706564125648510  0.004200605816575  0.736504636458438  0.714644424719102
1.890000000000000  0.109506060000474  0.012324645827271  -0.014538581454169  0.001285814610880  -0.003141981457042
1.900000000000000  0.445074817446418  0.708134573005633  0.004124990695146  0.736725528418794  0.715226125302715
1.900000000000000  0.110166761636685  0.012468553405787  -0.014630268964817  0.001302074487846  -0.003152325896279
1.910000000000000  0.447733113011283  0.709687061828599  0.004051094488859  0.736941725486170  0.715795017185582
1.910000000000000  0.110822779467606  0.012612979199515  -0.014721493691300  0.001318363887330  -0.003162517392859
1.920000000000000  0.450365804766655  0.711221954547535  0.003978856904032  0.737153385046414  0.716351534299132
1.920000000000000  0.111474153441581  0.012757919287692  -0.014812256884270  0.001334681771419  -0.003172557249338
1.930000000000000  0.452973479752544  0.712739601675692  0.003908239605235  0.737360597629498  0.716895937802182
1.930000000000000  0.112120923255982  0.012903369641056  -0.014902558552867  0.001351026547562  -0.003182446248688
1.940000000000000  0.455556406255399  0.714240224201723  0.003839207792302  0.737563509814528  0.717428600790860
1.940000000000000  0.112763091764849  0.013049321835474  -0.014992397502886  0.001367397081843  -0.003192185699692
1.950000000000000  0.458114884947677  0.715724297966218  0.003771679127477  0.737762216580765  0.717949818263639
1.950000000000000  0.113400740048574  0.013195776832726  -0.015081776853266  0.001383791914835  -0.003201776515075
1.960000000000000  0.460649318672301  0.717191950366533  0.003705683175831  0.737956840469803  0.718459981923206
1.960000000000000  0.114033849696062  0.013342723302859  -0.015170693704832  0.001400210175570  -0.003211219888167
1.970000000000000  0.463160073151180  0.718643601472990  0.003641077726093  0.738147463127525  0.718959314554652
1.970000000000000  0.114662486244666  0.013490160656186  -0.015259150138649  0.001416650119474  -0.003220516701122
1.980000000000000  0.465647462744983  0.720079472616410  0.003577919293082  0.738334197644272  0.719448120680503
1.980000000000000  0.115286665882545  0.013638081454024  -0.015347145568002  0.001433110661024  -0.003229668147612
1.990000000000000  0.468111878300895  0.721500791684705  0.003555823890896  0.738517163947113  0.719926685118192
1.990000000000000  0.115914418258414  0.013786482027378  -0.015434681480534  0.001449590446649  -0.003238675520535
2.000000000000000  0.470553519665709  0.722905936791531  0.003493830139837  0.738696454401565  0.720395294006800
2.000000000000000  0.116529543647606  0.013935355724424  -0.015521757497382  0.001466088350249  -0.003247539911550
2.010000000000000  0.472972811647833  0.724296132678980  0.003433183991463  0.738872136860277  0.720854215698588
2.010000000000000  0.117140315477881  0.014084697532856  -0.015608373503514  0.001482603029296  -0.003256262233091
2.020000000000000  0.475370018884698  0.725671617528260  0.003373851181436  0.739044297086739  0.721303683799744
2.020000000000000  0.117746758328920  0.014234501355856  -0.015694529404744  0.001499133140655  -0.003264843586829
2.030000000000000  0.477745542584366  0.727032687303125  0.003315838416970  0.739213068315606  0.721743939736936
2.030000000000000  0.118348918909959  0.014384763556467  -0.015780227651877  0.001515677469433  -0.003273285524393
2.040000000000000  0.480099555593465  0.728379575116888  0.003259108360157  0.739378502091846  0.722175289713277
2.040000000000000  0.118946823805759  0.014535478252162  -0.015865467762903  0.001532235044583  -0.003281588912680
2.050000000000000  0.482432432266507  0.729712497497591  0.003203583343783  0.739540707452619  0.722597857460540
2.050000000000000  0.119540493183603  0.014686639061523  -0.015950250224922  0.001548804109971  -0.003289755154000
2.060000000000000  0.484744426946622  0.731031669130728  0.003149257866573  0.739699719522476  0.723011960808998
2.060000000000000  0.120129952670063  0.014838239743516  -0.016034574285406  0.001565383869052  -0.003297785026964
2.070000000000000  0.487035823384035  0.732337402673181  0.003096102826049  0.739855673276968  0.723417730100444
2.070000000000000  0.120715259647233  0.014990278193818  -0.016118443584247  0.001581972728547  -0.003305680220496
2.080000000000000  0.489307007673099  0.733629854182822  0.003044082018643  0.740008579202741  0.723815486750375
2.080000000000000  0.121296421976730  0.015142746170819  -0.016201855887458  0.001598569946923  -0.003313441346938
2.090000000000000  0.491558099535703  0.734909228246465  0.002993141446974  0.740158564462271  0.724205334685585
2.090000000000000  0.121873464517155  0.015295637602171  -0.016284812702811  0.001615173847864  -0.003321070079173
2.100000000000000  0.493789450120680  0.736175777644014  0.002943308308631  0.740305653337955  0.724587510785447
2.100000000000000  0.122446433039879  0.015448948587743  -0.016367314693632  0.001631783484996  -0.003328567198701
2.110000000000000  0.496001279483265  0.737429692107062  0.002894511431284  0.740449985194214  0.724962208845254
2.110000000000000  0.123015349180265  0.015602672765642  -0.016449363653506  0.001648397619887  -0.003335934537267
2.120000000000000  0.498193908384280  0.738671146207366  0.002846732808832  0.740591540444208  0.725329606758854
2.120000000000000  0.123580233760297  0.015756803338689  -0.016530957827375  0.001665015053329  -0.003343172527030
2.130000000000000  0.500367536029930  0.739900406231155  0.002799953380632  0.740730434739819  0.725689883478524
2.130000000000000  0.124141139124790  0.015911337542859  -0.016612100631233  0.001681634621946  -0.003350282830699
2.140000000000000  0.502522478972904  0.741117551933328  0.002754141615533  0.740866754416086  0.726043234033039
2.140000000000000  0.124698056997904  0.016066264897970  -0.016692790907726  0.001698255255739  -0.003357266870611
2.150000000000000  0.504658904185069  0.742322913344647  0.002709283239889  0.741000480446213  0.726389785479479
2.150000000000000  0.125251063684873  0.016221585744511  -0.016773030810102  0.001714875625285  -0.003364125137577
2.160000000000000  0.506777117574482  0.743516582874057  0.002665345472675  0.741131759909152  0.726729733135911
2.160000000000000  0.125800157457627  0.016377290443457  -0.016852821144685  0.001731494727614  -0.003370859637865
2.170000000000000  0.508877249518314  0.744698764687756  0.002622285534947  0.741260581616212  0.727063250602021
2.170000000000000  0.126345374377802  0.016533374295625  -0.016932161732739  0.001748111480624  -0.003377470965857
2.180000000000000  0.510959695394104  0.745869597126202  0.002580138062967  0.741387054668099  0.727390436760243
2.180000000000000  0.126886733519905  0.016689829956344  -0.017011053993285  0.001764724582657  -0.003383960819717
2.190000000000000  0.513024517516059  0.747029333758920  0.002538777975988  0.741511216310745  0.727711519142903
2.190000000000000  0.127424285358748  0.016846655157434  -0.017089500057415  0.001781333166114  -0.003390330262290
2.200000000000000  0.515072086968997  0.748178076489081  0.002498318334088  0.741633086359527  0.728026584257470
2.200000000000000  0.127958043425603  0.017003841353591  -0.017167498974696  0.001797936035990  -0.003396580211013
2.210000000000000  0.517102492402189  0.749316014925636  0.002458632050266  0.741752796385763  0.728335789950533
2.210000000000000  0.128488039139731  0.017161383802856  -0.017245053921365  0.001814532052134  -0.003402712614681
2.220000000000000  0.519116103295610  0.750443273639128  0.002419754236404  0.741870278423424  0.728639290858276
2.220000000000000  0.129014291244467  0.017319275119329  -0.017322162493016  0.001831120309136  -0.003408727615211
2.230000000000000  0.521112991629269  0.751560099915855  0.002381642971081  0.741985663660718  0.728937165538268
2.230000000000000  0.129536857262172  0.017477513607097  -0.017398829638694  0.001847699449333  -0.003414627183057
2.240000000000000  0.523093432093236  0.752666536683062  0.002344299794198  0.742099016487992  0.729229607146858
2.240000000000000  0.130055728986870  0.017636088443538  -0.017475054400037  0.001864268778092  -0.003420412692456
2.250000000000000  0.525057663234007  0.753762776595559  0.002307703026469  0.742210310235967  0.729516706937079
2.250000000000000  0.130570948188954  0.017794995733521  -0.017550837107859  0.001880827088553  -0.003426084691925
2.260000000000000  0.527005781512861  0.754849045789572  0.002271783295776  0.742319683137985  0.729798620982320
2.260000000000000  0.131082566878683  0.017954233311546  -0.017626182778486  0.001897373473098  -0.003431645253057
2.270000000000000  0.528937995734581  0.755925397047382  0.002236590466169  0.742427077150875  0.730075437161869
2.270000000000000  0.131590585470498  0.018113791240557  -0.017701088253435  0.001913906857212  -0.003437094653065
2.280000000000000  0.530854651796330  0.756991962154801  0.002202099289514  0.742532588993418  0.730347275690056
2.280000000000000  0.132095027485750  0.018273663231443  -0.017775555752314  0.001930426264812  -0.003442434600315
2.290000000000000  0.532755794911374  0.758048986264508  0.002168217738499  0.742636262183603  0.730614229886597
2.290000000000000  0.132595953239953  0.018433848517783  -0.017849588820123  0.001946930523656  -0.003447666321834
2.300000000000000  0.534641654353497  0.759096483382616  0.002135074808199  0.742738158979126  0.730876476902470
2.300000000000000  0.133093356076631  0.018594335694553  -0.017923186777799  0.001963419212597  -0.003452791225983
2.310000000000000  0.536512460828682  0.760134666120082  0.002102513681665  0.742838264833759  0.731134062406536
2.310000000000000  0.133587283285664  0.018755122680650  -0.017996351103176  0.001979890886196  -0.003457810016299
2.320000000000000  0.538368343612822  0.761163624480326  0.002070562239103  0.742936634160985  0.731387083628196
2.320000000000000  0.134077750738083  0.018916201860336  -0.018069082655886  0.001996344627236  -0.003462724040031
2.330000000000000  0.540209464422571  0.762183518416548  0.002039273492999  0.743033327277605  0.731635701210076
2.330000000000000  0.134564799956824  0.019077569120873  -0.018141384204480  0.002012779921996  -0.003467534705416
2.340000000000000  0.542036074865013  0.763194469600602  0.002008535562901  0.743128354448059  0.731879953285119
2.340000000000000  0.135048451906696  0.019239218507896  -0.018213256161906  0.002029195418715  -0.003472242960967
2.350000000000000  0.543848285840707  0.764196548753970  0.001978389557937  0.743221772324118  0.732119984467994
2.350000000000000  0.135528718500277  0.019401141809189  -0.018284699335295  0.002045590561210  -0.003476850190786
2.360000000000000  0.545646251192035  0.765189950005855  0.001948833200894  0.743313606369442  0.732355860792599
2.360000000000000  0.136005652545282  0.019563337002072  -0.018355716626829  0.002061964334888  -0.003481357492555
2.370000000000000  0.547430215859548  0.766174736241601  0.001919803398855  0.743403862108731  0.732587637223026
2.370000000000000  0.136479259246822  0.019725795633945  -0.018426307360613  0.002078315613891  -0.003485765781049
2.380000000000000  0.549200327331847  0.767151077668792  0.001891306445008  0.743492621320983  0.732815448771241
2.380000000000000  0.136949584998118  0.019888514797441  -0.018496475490730  0.002094643831033  -0.003490076685665
2.390000000000000  0.550956740089643  0.768119029890761  0.001863366371313  0.743579910474517  0.733039394450195
2.390000000000000  0.137416638020782  0.020051485972385  -0.018566221066501  0.002110948267529  -0.003494291322891
2.400000000000000  0.552699529862338  0.769078739732328  0.001835932491937  0.743665717927758  0.733259518744216
2.400000000000000  0.137880455393137  0.020214705328269  -0.018635545248627  0.002127227830169  -0.003498410453562
2.410000000000000  0.554429015734334  0.770030324802218  0.001808984200805  0.743750108324422  0.733475916473808
2.410000000000000  0.138341065533158  0.020378167666498  -0.018704450549947  0.002143481774314  -0.003502435554347
2.420000000000000  0.556145190679322  0.770973872184551  0.001782584932025  0.743833110419018  0.733688694156605
2.420000000000000  0.138798491445450  0.020541866471976  -0.018772938160298  0.002159709547105  -0.003506367767551
2.430000000000000  0.557848287234111  0.771909492442638  0.001756622923912  0.743914756306384  0.733897901984751
2.430000000000000  0.139252756219316  0.020705796374923  -0.018841009606056  0.002175910093214  -0.003510208267654
2.440000000000000  0.559538494259425  0.772837298430364  0.001731143952301  0.743995041316105  0.734103561273132
2.440000000000000  0.139703891688536  0.020869952395214  -0.018908665945259  0.002192082385401  -0.003513957883695
2.450000000000000  0.561215843492632  0.773757381792108  0.001706124120515  0.744074032033086  0.734305838592236
2.450000000000000  0.140151919866394  0.021034328515905  -0.018975909489073  0.002208226203188  -0.003517618115090
2.460000000000000  0.562880613493384  0.774669822727764  0.001681566267405  0.744151730997358  0.734504776035810
2.460000000000000  0.140596859930968  0.021198918209047  -0.019042740759981  0.002224340645384  -0.003521189858517
2.470000000000000  0.564532874688978  0.775574788256569  0.001657448164031  0.744228167077130  0.734700429586773
2.470000000000000  0.141038761434321  0.021363719718182  -0.019109163057276  0.002240424885878  -0.003524674257537
2.480000000000000  0.566172793975655  0.776472322124144  0.001633767625202  0.744303373671876  0.734892880396581
2.480000000000000  0.141477631735904  0.021528724837432  -0.019175176972632  0.002256478296894  -0.003528072498157
2.490000000000000  0.567800485697607  0.777362498983010  0.001610517269610  0.744377377082902  0.735082152877338
2.490000000000000  0.141913489364025  0.021693927103365  -0.019240783713002  0.002272499920738  -0.003531385698286
2.500000000000000  0.580720000079891  0.782360000107631  0.002400000000330  0.744000000102354  0.735000000101116
2.500000000000000  0.143818702954333  0.022082158904876  -0.019393398284870  0.002287689399085  -0.003530330086376
2.510000000000000  0.582157176051970  0.783173825183135  0.002361980949692  0.744071427919452  0.735178569643861
2.510000000000000  0.144228650088717  0.022245746271439  -0.019456847189435  0.002303583275677  -0.003533470881154
2.520000000000000  0.583585548531820  0.783981742807549  0.002324711764032  0.744141726457819  0.735354315989777
2.520000000000000  0.144635997322818  0.022409538451767  -0.019519915542308  0.002319444640643  -0.003536530022049
2.530000000000000  0.585005184084425  0.784783815902762  0.002288174765288  0.744210917947002  0.735527294712735
2.530000000000000  0.145040763316603  0.022573529855998  -0.019582604649723  0.002335272815012  -0.003539508579905
2.540000000000000  0.586416148894759  0.785580106503275  0.002252352759712  0.744279024093511  0.735697560079009
2.540000000000000  0.145442966728168  0.022737714928808  -0.019644915839351  0.002351067133729  -0.003542407618076
2.550000000000000  0.587818508761555  0.786370675772150  0.002217229022769  0.744346066095119  0.735865165083029
2.550000000000000  0.145842626208888  0.022902088149772  -0.019706850459591  0.002366826945555  -0.003545228192323
2.560000000000000  0.589212329091539  0.787155584016606  0.002182787284555  0.744412064654718  0.736030161482025
2.560000000000000  0.146239760398733  0.023066644033709  -0.019768409878865  0.002382551612947  -0.003547971350712
2.570000000000000  0.590597674894088  0.787934890703250  0.002149011715734  0.744477039993744  0.736192599829591
2.570000000000000  0.146634387921714  0.023231377131009  -0.019829595484925  0.002398240511958  -0.003550638133520
2.580000000000000  0.591974610776323  0.788708654472967  0.002115886913948  0.744541011865194  0.736352529508216
2.580000000000000  0.147026527381479  0.023396282027951  -0.019890408684174  0.002413893032111  -0.003553229573141
2.590000000000000  0.593343200938590  0.789476933155486  0.002083397890713  0.744603999566233  0.736509998760813
2.590000000000000  0.147416197357039  0.023561353347003  -0.019950850901004  0.002429508576293  -0.003555746694008
2.600000000000000  0.594703509170325  0.790239783783603  0.002051530058754  0.744666021950420  0.736665054721281
2.600000000000000  0.147803416398640  0.023726585747108  -0.020010923577141  0.002445086560630  -0.003558190512513
2.610000000000000  0.596055598846287  0.790997262607107  0.002020269219777  0.744727097439562  0.736817743444136
2.610000000000000  0.148188203023756  0.023891973923957  -0.020070628171000  0.002460626414371  -0.003560562036929
2.620000000000000  0.597399532923144  0.791749425106390  0.001989601552663  0.744787244035203  0.736968109933240
2.620000000000000  0.148570575713218  0.024057512610252  -0.020129966157059  0.002476127579766  -0.003562862267352
2.630000000000000  0.598735373936379  0.792496326005761  0.001959513602057  0.744846479329769  0.737116198169653
2.630000000000000  0.148950552907480  0.024223196575947  -0.020188939025241  0.002491589511945  -0.003565092195627
2.640000000000000  0.600063183997525  0.793238019286471  0.001929992267352  0.744904820517371  0.737262051138659
2.640000000000000  0.149328153002991  0.024389020628486  -0.020247548280307  0.002507011678793  -0.003567252805299
2.650000000000000  0.601383024791706  0.793974558199457  0.001901024792033  0.744962284404292  0.737405710855962
2.650000000000000  0.149703394348708  0.024554979613023  -0.020305795441260  0.002522393560822  -0.003569345071556
2.660000000000000  0.602694957575458  0.794705995277812  0.001872598753394  0.745018887419152  0.737547218393111
2.660000000000000  0.150076295242721  0.024721068412624  -0.020363682040768  0.002537734651050  -0.003571369961181
2.670000000000000  0.603999043174831  0.795432382348989  0.001844702052588  0.745074645622770  0.737686613902155
2.670000000000000  0.150446873928997  0.024887281948470  -0.020421209624585  0.002553034454870  -0.003573328432506
2.680000000000000  0.605295341983761  0.796153770546745  0.001817322905015  0.745129574717738  0.737823936639576
2.680000000000000  0.150815148594244  0.025053615180035  -0.020478379750997  0.002568292489922  -0.003575221435377
2.690000000000000  0.606583913962686  0.796870210322833  0.001790449831030  0.745183690057708  0.737959224989501
2.690000000000000  0.151181137364878  0.025220063105260  -0.020535193990269  0.002583508285966  -0.003577049911114
2.700000000000000  0.607864818637401  0.797581751458452  0.001764071646954  0.745237006656403  0.738092516486239
2.700000000000000  0.151544858304116  0.025386620760709  -0.020591653924108  0.002598681384748  -0.003578814792485
2.710000000000000  0.609138115098152  0.798288443075446  0.001738177456388  0.745289539196367  0.738223847836149
2.710000000000000  0.151906329409163  0.025553283221720  -0.020647761145138  0.002613811339870  -0.003580517003671
2.720000000000000  0.610403861998937  0.798990333647290  0.001712756641810  0.745341302037456  0.738353254938871
2.720000000000000  0.152265568608516  0.025720045602538  -0.020703517256378  0.002628897716663  -0.003582157460250
2.730000000000000  0.611662117557019  0.799687471009830  0.001687798856447  0.745392309225080  0.738480772907932
2.730000000000000  0.152622593759366  0.025886903056444  -0.020758923870743  0.002643940092048  -0.003583737069174
2.740000000000000  0.612912939552640  0.800379902371815  0.001663294016412  0.745442574498211  0.738606436090758
2.740000000000000  0.152977422645102  0.026053850775868  -0.020813982610541  0.002658938054408  -0.003585256728754
2.750000000000000  0.614156385328917  0.801067674325205  0.001639232293102  0.745492111297150  0.738730278088105
2.750000000000000  0.153330072972921  0.026220883992491  -0.020868695106993  0.002673891203453  -0.003586717328645
2.760000000000000  0.615392511791918  0.801750832855276  0.001615604105834  0.745540932771077  0.738852331772924
2.760000000000000  0.153680562371523  0.026387997977339  -0.020923062999757  0.002688799150087  -0.003588119749841
2.770000000000000  0.616621375410917  0.802429423350517  0.001592400114728  0.745589051785383  0.738972629308690
2.770000000000000  0.154028908388914  0.026555188040868  -0.020977087936461  0.002703661516273  -0.003589464864666
2.780000000000000  0.617843032218798  0.803103490612329  0.001569611213810  0.745636480928787  0.739091202167199
2.780000000000000  0.154375128490294  0.026722449533034  -0.021030771572248  0.002718477934901  -0.003590753536773
2.790000000000000  0.619057537812619  0.803773078864527  0.001547228524346  0.745683232520253  0.739208081145864
2.790000000000000  0.154719240056036  0.026889777843359  -0.021084115569332  0.002733248049654  -0.003591986621146
2.800000000000000  0.620264947354326  0.804438231762659  0.001525243388381  0.745729318615711  0.739323296384509
2.800000000000000  0.155061260379759  0.027057168400979  -0.021137121596562  0.002747971514870  -0.003593164964099
2.810000000000000  0.621465315571599  0.805098992403130  0.001503647362488  0.745774751014587  0.739436877381699
2.810000000000000  0.155401206666479  0.027224616674696  -0.021189791328994  0.002762647995412  -0.003594289403286
2.820000000000000  0.622658696758832  0.805755403332155  0.001482432211715  0.745819541266144  0.739548853010592
2.820000000000000  0.155739096030853  0.027392118173007  -0.021242126447476  0.002777277166532  -0.003595360767711
2.830000000000000  0.623845144778237  0.806407506554535  0.001461589903720  0.745863700675652  0.739659251534361
2.830000000000000  0.156074945495502  0.027559668444130  -0.021294128638238  0.002791858713735  -0.003596379877737
2.840000000000000  0.625024713061072  0.807055343542253  0.001441112603099  0.745907240310377  0.739768100621175
2.840000000000000  0.156408771989410  0.027727263076024  -0.021345799592494  0.002806392332647  -0.003597347545101
2.850000000000000  0.626197454608968  0.807698955242911  0.001420992665884  0.745950171005410  0.739875427358756
2.850000000000000  0.156740592346409  0.027894897696394  -0.021397141006055  0.002820877728882  -0.003598264572935
2.860000000000000  0.627363421995379  0.808338382088004  0.001401222634215  0.745992503369326  0.739981258268545
2.860000000000000  0.157070423303735  0.028062567972692  -0.021448154578944  0.002835314617905  -0.003599131755778
2.870000000000000  0.628522667367116  0.808973664001026  0.001381795231181  0.746034247789691  0.740085619319458
2.870000000000000  0.157398281500662  0.028230269612112  -0.021498842015025  0.002849702724901  -0.003599949879607
2.880000000000000  0.629675242445986  0.809604840405428  0.001362703355821  0.746075414438416  0.740188535941272
2.880000000000000  0.157724183477207  0.028397998361568  -0.021549205021641  0.002864041784641  -0.003600719721851
2.890000000000000  0.630821198530520  0.810231950232424  0.001343940078276  0.746116013276963  0.740290033037638
2.890000000000000  0.158048145672904  0.028565750007672  -0.021599245309255  0.002878331541350  -0.003601442051427
2.900000000000000  0.631960586497775  0.810855031928637  0.001325498635095  0.746156054061402  0.740390134998737
2.900000000000000  0.158370184425652  0.028733520376705  -0.021648964591108  0.002892571748573  -0.003602117628759
2.910000000000000  0.633093456805231  0.811474123463621  0.001307372424686  0.746195546347344  0.740488865713590
2.910000000000000  0.158690315970624  0.028901305334573  -0.021698364582875  0.002906762169046  -0.003602747205817
2.920000000000000  0.634219859492753  0.812089262337215  0.001289555002897  0.746234499494719  0.740586248582028
2.920000000000000  0.159008556439248  0.029069100786762  -0.021747447002338  0.002920902574560  -0.003603331526141
2.930000000000000  0.635339844184622  0.812700485586783  0.001272040078749  0.746272922672444  0.740682306526341
2.930000000000000  0.159324921858246  0.029236902678288  -0.021796213569062  0.002934992745837  -0.003603871324882
2.940000000000000  0.636453460091638  0.813307829794302  0.001254821510281  0.746310824862952  0.740777062002611
2.940000000000000  0.159639428148739  0.029404706993631  -0.021844666004077  0.002949032472392  -0.003604367328831
2.950000000000000  0.637560756013283  0.813911331093324  0.001237893300535  0.746348214866601  0.740870537011734
2.950000000000000  0.159952091125411  0.029572509756669  -0.021892806029576  0.002963021552408  -0.003604820256464
2.960000000000000  0.638661780339943  0.814511025175808  0.001221249593653  0.746385101305967  0.740962753110149
2.960000000000000  0.160262926495727  0.029740307030606  -0.021940635368610  0.002976959792608  -0.003605230817975
2.970000000000000  0.639756581055179  0.815106947298829  0.001204884671098  0.746421492630019  0.741053731420279
2.970000000000000  0.160571949859218  0.029908094917892  -0.021988155744797  0.002990847008123  -0.003605599715317
2.980000000000000  0.640845205738057  0.815699132291154  0.001188792947985  0.746457397118184  0.741143492640691
2.980000000000000  0.160879176706816  0.030075869560131  -0.022035368882039  0.003004683022364  -0.003605927642247
2.990000000000000  0.641927701565517  0.816287614559709  0.001172968969524  0.746492822884302  0.741232057055987
2.990000000000000  0.161184622420238  0.030243627137996  -0.022082276504240  0.003018467666902  -0.003606215284370
3.000000000000000  0.643004115314797  0.816872428095918  0.001157407407567  0.746527777880479  0.741319444546430
3.000000000000000  0.161488302271430  0.030411363871125  -0.022128880335038  0.003032200781333  -0.003606463319179
