1.010000000000000009e+00  1.018971654129159674e+02  3.426154547743208933e+00  -3.615896117719374914e-01  1.577388178195595625e+00  2.984471487240999643e+00
1.010000000000000009e+00  -1.770792527483677770e-01  -1.307787524448511540e-02  1.764489063629304938e-02  -3.289787356719475753e-04  3.780158017124057857e-03
1.020000000000000018e+00  5.175855117577716413e+01  3.036970444772352895e+00  -2.752113317149694760e-01  1.560539598728086563e+00  2.634230930876325871e+00
1.020000000000000018e+00  -1.774034309468881798e-01  -1.307828241563191440e-02  1.771175183674928572e-02  -3.537323352231780405e-04  3.785253280657818742e-03
1.030000000000000027e+00  3.501082071968251341e+01  2.849886827353711016e+00  -2.271936450952842523e-01  1.547276691978891838e+00  2.437420743095532583e+00
1.030000000000000027e+00  -1.777714978928317813e-01  -1.309212715583951692e-02  1.777330166022953600e-02  -3.781223679513168179e-04  3.799102090002004495e-03
1.040000000000000036e+00  2.661998512348172952e+01  2.715475665098243674e+00  -1.948830560693479153e-01  1.535955098758782444e+00  2.303428089434513826e+00
1.040000000000000036e+00  -1.781818749720267270e-01  -1.311716615148883491e-02  1.784765442878519584e-02  -4.026171607296458177e-04  3.816340072647195214e-03
1.050000000000000044e+00  2.157539300901590451e+01  2.610134038789674094e+00  -1.711801536925157408e-01  1.526009117343125165e+00  2.203855925704837571e+00
1.050000000000000044e+00  -1.786282894825549084e-01  -1.315145903154180118e-02  1.793066824566225126e-02  -4.271834154894182944e-04  3.835733418583120446e-03
1.060000000000000053e+00  1.820563328457422614e+01  2.523869812002362600e+00  -1.529225709448543136e-01  1.517111006154636899e+00  2.126055451532789853e+00
1.060000000000000053e+00  -1.791057033004463117e-01  -1.319378840118834439e-02  1.802007947955955314e-02  -4.517397004990542086e-04  3.856666304130174083e-03
1.070000000000000062e+00  1.579388939387862223e+01  2.450887786124468448e+00  -1.384233435697359849e-01  1.509052092070293893e+00  2.063279411833927490e+00
1.070000000000000062e+00  -1.796099027052261432e-01  -1.324325528557213083e-02  1.811458912472587585e-02  -4.762195196656993090e-04  3.878765635678793622e-03
1.080000000000000071e+00  1.398150779258035037e+01  2.388199045026289991e+00  -1.266754595579790699e-01  1.501683126567379789e+00  2.011500297390567571e+00
1.080000000000000071e+00  -1.801372797479049437e-01  -1.329913684969952214e-02  1.821325839795736104e-02  -5.005789155703155302e-04  3.901792720002128512e-03
1.090000000000000080e+00  1.256910134316544081e+01  2.333104852494710002e+00  -1.170293462630012660e-01  1.494902595982172899e+00  1.968120282265680698e+00
1.090000000000000080e+00  -1.806847259430371111e-01  -1.336083460502646147e-02  1.831549173299595185e-02  -5.247894020610210930e-04  3.925570693613655848e-03
1.100000000000000089e+00  1.101242240233576197e+01  2.284238958903209937e+00  -1.151843351367497909e-01  1.488627866517132192e+00  1.935405530811088681e+00
1.100000000000000089e+00  -1.812495094637145976e-01  -1.342779975869978770e-02  1.842016513571085798e-02  -5.487558579071460940e-04  3.949901802214439428e-03
1.110000000000000098e+00  1.020466327071264701e+01  2.240436923647185274e+00  -1.065283131030662078e-01  1.482782137012601309e+00  1.900389320244434854e+00
1.110000000000000098e+00  -1.818293252105650515e-01  -1.350986208522808596e-02  1.852790628827861996e-02  -5.191304756992920488e-04  3.974844191816706562e-03
1.120000000000000107e+00  9.506470227135778828e+00  2.200777865744746098e+00  -9.890148556334323049e-02  1.477327984384069204e+00  1.869032055513307533e+00
1.120000000000000107e+00  -1.824220870894842084e-01  -1.358479228357345470e-02  1.863785816922391286e-02  -5.473028100371202243e-04  4.000229193552473639e-03
1.129999999999999893e+00  8.912754356120451860e+00  2.164688416100899460e+00  -9.218897513966174684e-02  1.472208414722188552e+00  1.840823295548855043e+00
1.129999999999999893e+00  -1.830259798534565607e-01  -1.366409730029494174e-02  1.874978598712746802e-02  -5.749456651267248475e-04  4.025986951659121793e-03
1.140000000000000124e+00  8.388458919199615949e+00  2.131496344337963311e+00  -8.617641926183006174e-02  1.467404830163494767e+00  1.815267030550721472e+00
1.140000000000000124e+00  -1.836394050269669898e-01  -1.374743666379196760e-02  1.886350952322944641e-02  -6.020417990674209463e-04  4.052070351978742657e-03
1.149999999999999911e+00  7.932508768744190419e+00  2.100931421013021438e+00  -8.077652102695746794e-02  1.462872163740872367e+00  1.791963297709686431e+00
1.149999999999999911e+00  -1.842625297285420405e-01  -1.383451888958664444e-02  1.897883541329143872e-02  -6.286629836899093604e-04  4.078428290861135785e-03
1.159999999999999920e+00  7.526606359621796472e+00  2.072583902011118973e+00  -7.587634676971999337e-02  1.458595658001144546e+00  1.770624699942291436e+00
1.159999999999999920e+00  -1.848904116536784492e-01  -1.392508358734578788e-02  1.909561447177786017e-02  -6.548344506562830958e-04  4.105024999273898523e-03
1.169999999999999929e+00  7.167644961295858153e+00  2.046196493011685380e+00  -7.143587742333025459e-02  1.454544319936259544e+00  1.751004104064982414e+00
1.169999999999999929e+00  -1.855242366542758092e-01  -1.401890238607295114e-02  1.921369941202979992e-02  -6.806260353544590913e-04  4.131821889664211156e-03
1.179999999999999938e+00  6.845402929750610710e+00  2.021538201634920373e+00  -6.736983572818462662e-02  1.450704302307724181e+00  1.732887223071687188e+00
1.179999999999999938e+00  -1.861629413146983492e-01  -1.411577224852267332e-02  1.933296376021308507e-02  -7.060595954849757661e-04  4.158790271804657657e-03
1.189999999999999947e+00  6.555876717274506049e+00  1.998436316043650907e+00  -6.363646242108297879e-02  1.447055448380852427e+00  1.716088383722955690e+00
1.189999999999999947e+00  -1.868056028776370614e-01  -1.421551236629481352e-02  1.945328837934911029e-02  -7.311812936942052588e-04  4.185901160697613754e-03
1.199999999999999956e+00  6.293823304071542779e+00  1.976685714786268644e+00  -6.022882944371325126e-02  1.443584471707201056e+00  1.700487425691603161e+00
1.199999999999999956e+00  -1.873990933821126914e-01  -1.431796022343057029e-02  1.957457103262330578e-02  -7.560312747307840198e-04  4.213129795919812182e-03
1.209999999999999964e+00  6.054711251134294869e+00  1.956194233287562145e+00  -5.703668660636967286e-02  1.440281507914800141e+00  1.685932331922748828e+00
1.209999999999999964e+00  -1.880589530369420059e-01  -1.442297029430605892e-02  1.969671344853156369e-02  -7.806322442501789638e-04  4.240454617145283933e-03
1.219999999999999973e+00  5.837456388366542015e+00  1.936833882681763042e+00  -5.408790129135908342e-02  1.437126942774798355e+00  1.672330682899107801e+00
1.219999999999999973e+00  -1.887176704595563970e-01  -1.436669446998184441e-02  1.981958603018653398e-02  -8.069951088989224530e-04  4.267852854687559372e-03
1.229999999999999982e+00  5.637441780029940119e+00  1.918481124533819360e+00  -5.133842829309106376e-02  1.434118669697626025e+00  1.659588065767149123e+00
1.229999999999999982e+00  -1.893755758179869464e-01  -1.448727489585033279e-02  1.994319390663981673e-02  -8.310007787006856717e-04  4.295306097836237846e-03
1.239999999999999991e+00  5.453858806147285243e+00  1.901068528995378148e+00  -4.877996543782243954e-02  1.431241304291443805e+00  1.647620631513234679e+00
1.239999999999999991e+00  -1.900325832410917903e-01  -1.460916379979892987e-02  2.006741863902362921e-02  -8.548804262731302117e-04  4.322795663608824945e-03
1.250000000000000000e+00  5.284401102156030205e+00  1.884503076199676830e+00  -4.638971267787782293e-02  1.428487938095674092e+00  1.636361737766350410e+00
1.250000000000000000e+00  -1.906886437618696695e-01  -1.473237303467389570e-02  2.019219269473385148e-02  -8.786515525740501431e-04  4.350305503818985287e-03
1.260000000000000009e+00  5.127439296924714007e+00  1.868720016024863817e+00  -4.415197943958545229e-02  1.425851367809485959e+00  1.625750544204163983e+00
1.260000000000000009e+00  -1.913436219911296143e-01  -1.485688303730403614e-02  2.031745274772919080e-02  -9.023336725055841612e-04  4.377820403642429525e-03
1.270000000000000018e+00  4.981828040214194786e+00  1.853664260173635281e+00  -4.205270326017350457e-02  1.423323078400287711e+00  1.615725703305720629e+00
1.270000000000000018e+00  -1.919973388247452895e-01  -1.498266343832732606e-02  2.044313948897332617e-02  -9.259449170320177558e-04  4.405325567858109359e-03
1.280000000000000027e+00  4.846079837914544441e+00  1.839266535157355831e+00  -4.008000148538060081e-02  1.420898757799399892e+00  1.606251201428698705e+00
1.280000000000000027e+00  -1.926496147894803668e-01  -1.510973257124037517e-02  2.056919942212438734e-02  -9.495012468586638832e-04  4.432808078465466650e-03
1.290000000000000036e+00  4.719651856951573521e+00  1.825490673322451851e+00  -3.822714761458951421e-02  1.418569116548767495e+00  1.597271330581031989e+00
1.290000000000000036e+00  -1.933020807432248855e-01  -1.523804089038915954e-02  2.069558047116697164e-02  -9.730198720517835298e-04  4.460254390185824924e-03
1.300000000000000044e+00  4.601196238539026595e+00  1.812291294918471074e+00  -3.647529790206072153e-02  1.416332064680692948e+00  1.588753058068700819e+00
1.300000000000000044e+00  -1.939505514779193140e-01  -1.536758557989525986e-02  2.082223574574424557e-02  -9.965110522288656014e-04  4.487653511326517020e-03
1.310000000000000053e+00  4.490336020589801080e+00  1.799624203531248190e+00  -3.482689584517606463e-02  1.414179497215323877e+00  1.580666584707077105e+00
1.310000000000000053e+00  -1.945970445181195718e-01  -1.549836189472153514e-02  2.094912083007888226e-02  -1.019992416857129491e-03  4.514993383831100715e-03
1.320000000000000062e+00  4.386017482329537032e+00  1.787455693308759752e+00  -3.326543622156555996e-02  1.412109902219337965e+00  1.572977146766892931e+00
1.320000000000000062e+00  -1.952413764214368797e-01  -1.563034036060895193e-02  2.107619388247784081e-02  -1.043471038198906520e-03  4.542264268742268740e-03
1.330000000000000071e+00  4.287957561075197432e+00  1.775757551507682219e+00  -3.178876213497321135e-02  1.410116192559297099e+00  1.565652429423728398e+00
1.330000000000000071e+00  -1.958833598277461008e-01  -1.576349882623506726e-02  2.120341531403047847e-02  -1.066960272371519913e-03  4.569455459856319735e-03
1.340000000000000080e+00  4.195489110752379958e+00  1.764496283137830801e+00  -3.038960213422048362e-02  1.408195614961449849e+00  1.558671635247192988e+00
1.340000000000000080e+00  -1.965228270203145389e-01  -1.589782906510472937e-02  2.133074853224373874e-02  -1.090469174473751579e-03  4.596557816016533238e-03
1.350000000000000089e+00  4.108175791508442032e+00  1.753645958296697893e+00  -2.906362366459820656e-02  1.406344019317660177e+00  1.552012594315471006e+00
1.350000000000000089e+00  -1.971596189214148698e-01  -1.603331476054137283e-02  2.145815875457192379e-02  -1.114007297467356494e-03  4.623562291088401111e-03
1.359999999999999876e+00  4.025552793678871311e+00  1.743184788276788577e+00  -2.780225066706059484e-02  1.404558591483119567e+00  1.545648272692228264e+00
1.359999999999999876e+00  -1.977935889049733387e-01  -1.616992932283778384e-02  2.158561283159945304e-02  -1.137581269949339280e-03  4.650460575612247460e-03
1.370000000000000107e+00  3.947227123578093355e+00  1.733082283658357259e+00  -2.660457521215605151e-02  1.402836321371692341e+00  1.539570108692824402e+00
1.370000000000000107e+00  -1.984245999379568026e-01  -1.630767662028520526e-02  2.171308023790960440e-02  -1.161200043716448249e-03  4.677244669037849967e-03
1.379999999999999893e+00  3.872989266879220960e+00  1.723276362773809911e+00  -2.553499457025053612e-02  1.401172627548776806e+00  1.533751453370418627e+00
1.379999999999999893e+00  -1.989025145416792872e-01  -1.644652282667835586e-02  2.184053108060944604e-02  -1.184870453944553148e-03  4.703906632934740095e-03
1.390000000000000124e+00  3.802396280829312136e+00  1.713850459748739175e+00  -2.444246259945674626e-02  1.399566473380610132e+00  1.528178237571153897e+00
1.390000000000000124e+00  -1.995407979191554659e-01  -1.658645468305952608e-02  2.196793762658667826e-02  -1.208597158202762145e-03  4.730439645070361188e-03
1.399999999999999911e+00  3.735300765962279002e+00  1.704728935297937120e+00  -2.340472457411767529e-02  1.398013558090742015e+00  1.522839491981757609e+00
1.399999999999999911e+00  -2.001744619427537342e-01  -1.672746626286625293e-02  2.209527359165702753e-02  -1.232388080217194926e-03  4.756836503598704802e-03
1.410000000000000142e+00  3.671339249772579194e+00  1.695900482434224532e+00  -2.241270087146535889e-02  1.396513051454088661e+00  1.517716299234206812e+00
1.410000000000000142e+00  -2.008035282311838032e-01  -1.686952966096133544e-02  2.222251363722721473e-02  -1.256245849089787647e-03  4.783091075728718167e-03
1.419999999999999929e+00  3.610371065494347498e+00  1.687346927469497215e+00  -2.146753399780166466e-02  1.395061367716947442e+00  1.512799915684474916e+00
1.419999999999999929e+00  -2.014280378374847524e-01  -1.701263837984945404e-02  2.234963405215981136e-02  -1.280176704561375445e-03  4.809196944705829146e-03
1.429999999999999938e+00  3.552163392598360669e+00  1.679052968470632123e+00  -2.056612693250317592e-02  1.393656849698678979e+00  1.508080440816324641e+00
1.429999999999999938e+00  -2.020480220558556195e-01  -1.715677982121555090e-02  2.247661218591978649e-02  -1.304184540097730327e-03  4.835148385129328652e-03
1.439999999999999947e+00  3.496536455552484934e+00  1.671010200930111100e+00  -1.970378727551409109e-02  1.392297348166524396e+00  1.503541432376474196e+00
1.439999999999999947e+00  -2.026634812085703896e-01  -1.730192968149546484e-02  2.260342617505589624e-02  -1.328272203642288929e-03  4.860939853225221263e-03
1.449999999999999956e+00  3.443322807507231076e+00  1.663203441479408351e+00  -1.888012392630125658e-02  1.390980816591400826e+00  1.499177104192908061e+00
1.449999999999999956e+00  -2.032744451648519912e-01  -1.744808065283709464e-02  2.273005556925891679e-02  -1.352443670453506996e-03  4.886566085496313327e-03
1.459999999999999964e+00  3.392356529601630033e+00  1.655624732662429155e+00  -1.809101426528947343e-02  1.389705686220111591e+00  1.494974963843533233e+00
1.459999999999999964e+00  -2.038809162351118698e-01  -1.759521223509319388e-02  2.285648058199230004e-02  -1.376701095677890230e-03  4.912022167162244379e-03
1.469999999999999973e+00  3.343503225419954816e+00  1.648257870191598196e+00  -1.733705368057085819e-02  1.388470158874542060e+00  1.490932093994929764e+00
1.469999999999999973e+00  -2.044829215872974448e-01  -1.774332102810538547e-02  2.298268265612522787e-02  -1.401047935405852485e-03  4.937303380234903116e-03
1.479999999999999982e+00  3.296648703346877873e+00  1.641098864012089154e+00  -1.661479901254772976e-02  1.387272199952941820e+00  1.487034880025643879e+00
1.479999999999999982e+00  -2.050804513658415484e-01  -1.789238327855291466e-02  2.310864367105208705e-02  -1.425485834175566069e-03  4.962405209066256956e-03
1.489999999999999991e+00  3.251649669294824463e+00  1.634135505529059396e+00  -1.592256226763208091e-02  1.386110825662351553e+00  1.483278381313904104e+00
1.489999999999999991e+00  -2.056735207291358059e-01  -1.804239002848206930e-02  2.323434659488908538e-02  -1.450016687482014177e-03  4.987323544177539938e-03
1.500000000000000000e+00  3.208418802065104991e+00  1.627360217292617817e+00  -1.525947915010917449e-02  1.384984015420010373e+00  1.479655239191556504e+00
1.500000000000000000e+00  -2.062621317095709450e-01  -1.819332703387621653e-02  2.335977505209907434e-02  -1.474642372058743156e-03  5.012054317850577617e-03
1.510000000000000009e+00  3.166841646223376827e+00  1.620764198128082034e+00  -1.462367669961943568e-02  1.383890663839716817e+00  1.476159100267653068e+00
1.510000000000000009e+00  -2.068462898007146222e-01  -1.834518174458399375e-02  2.348491339735758743e-02  -1.499364096387290068e-03  5.036593827769109133e-03
1.520000000000000018e+00  3.126810687088018348e+00  1.614340676012342213e+00  -1.401293469547582049e-02  1.382829852466162857e+00  1.472783576130202610e+00
1.520000000000000018e+00  -2.074259972933584217e-01  -1.849793989304415742e-02  2.360974664685602797e-02  -1.524182693432352131e-03  5.060938599795172799e-03
1.530000000000000027e+00  3.088252861641085367e+00  1.608082283065402907e+00  -1.342674655547724388e-02  1.381799917335245320e+00  1.469523066087687235e+00
1.530000000000000027e+00  -2.080012570100476799e-01  -1.865158930842303331e-02  2.373426048083926432e-02  -1.549099302738721207e-03  5.085085236193331859e-03
1.540000000000000036e+00  3.051088577186356954e+00  1.601982109868542059e+00  -1.286378937416004370e-02  1.380799792612957155e+00  1.466372333456445576e+00
1.540000000000000036e+00  -2.085720714780791574e-01  -1.880611753083993865e-02  2.385844118776257738e-02  -1.574114544627636114e-03  5.109030623689392314e-03
1.550000000000000044e+00  3.015242248227083532e+00  1.596033862748142518e+00  -1.232306014657790806e-02  1.379828252143420420e+00  1.463326313093499031e+00
1.550000000000000044e+00  -2.091384432387196901e-01  -1.896151205833362940e-02  2.398227563590701883e-02  -1.599228915471151424e-03  5.132771806345637344e-03
1.560000000000000053e+00  2.980645716613108398e+00  1.590231689721040231e+00  -1.180330292003138083e-02  1.378884266278527670e+00  1.460380097800572763e+00
1.560000000000000053e+00  -2.097003742528477377e-01  -1.911776026478417823e-02  2.410575124402078440e-02  -1.624442620662747139e-03  5.156306033786250964e-03
1.570000000000000062e+00  2.947233373504951182e+00  1.584569736750332636e+00  -1.130369098190885276e-02  1.377966783567237341e+00  1.457529394933647193e+00
1.570000000000000062e+00  -2.102578676923758938e-01  -1.927485026764930165e-02  2.422885597175898631e-02  -1.649755801875429917e-03  5.179630722485395466e-03
1.580000000000000071e+00  2.914944952924030552e+00  1.579042794027830210e+00  -1.082323611547797784e-02  1.377074870547554619e+00  1.454769952565694302e+00
1.580000000000000071e+00  -2.108109263292712032e-01  -1.943276982760533400e-02  2.435157827859948942e-02  -1.675168366796930819e-03  5.202743469771453633e-03
1.589999999999999858e+00  2.883724771321557689e+00  1.573645708113895036e+00  -1.036097633704431697e-02  1.376207571025950482e+00  1.452097843604926775e+00
1.589999999999999858e+00  -2.113595534821444133e-01  -1.959150706341838966e-02  2.447390711025165810e-02  -1.700680060619297329e-03  5.225642028492183400e-03
1.600000000000000089e+00  2.853519966855237122e+00  1.568373684756304787e+00  -9.916149150750881366e-03  1.375364004939348961e+00  1.449509428907753916e+00
1.600000000000000089e+00  -2.119037530760181920e-01  -1.975105021961709451e-02  2.459583187861612286e-02  -1.726290527695684140e-03  5.248324315579422361e-03
1.609999999999999876e+00  2.824281655211720476e+00  1.563222107459237176e+00  -9.487997099510118645e-03  1.374543354658062322e+00  1.447001034973287137e+00
1.609999999999999876e+00  -2.124435293911528522e-01  -1.991138758831445532e-02  2.471734243444635715e-02  -1.751999260658720914e-03  5.270788404681314709e-03
1.620000000000000107e+00  2.795963792561412475e+00  1.558186781425608292e+00  -9.075764704609412536e-03  1.373744705989243142e+00  1.444569337579656887e+00
1.620000000000000107e+00  -2.129788872263161936e-01  -2.007250747785349621e-02  2.483842905819126645e-02  -1.777805615473360135e-03  5.293032500376937399e-03
1.629999999999999893e+00  2.768523034120263571e+00  1.553263434139777965e+00  -8.678711855621296448e-03  1.372967504275315331e+00  1.442211202067216202e+00
1.629999999999999893e+00  -2.135098321444760250e-01  -2.023439853666608723e-02  2.495908243967487339e-02  -1.803708821802696427e-03  5.315054992435119807e-03
1.640000000000000124e+00  2.741919245056554821e+00  1.548448254975382854e+00  -8.296255405723838849e-03  1.372210827510657927e+00  1.439923673530435266e+00
1.640000000000000124e+00  -2.140363702492232290e-01  -2.039704935345476589e-02  2.507929366299886664e-02  -1.829708030794741092e-03  5.336854357855025377e-03
1.649999999999999911e+00  2.716114572687867934e+00  1.543737416835842202e+00  -7.927699066973848199e-03  1.371473998200183786e+00  1.437703892239655667e+00
1.649999999999999911e+00  -2.145585082896344087e-01  -2.056044870149342785e-02  2.519905418825875432e-02  -1.855802248904026008e-03  5.358429234979422695e-03
1.660000000000000142e+00  2.691071542694454255e+00  1.539126346190957451e+00  -7.572946108132760229e-03  1.370756413200903578e+00  1.435549143418968443e+00
1.660000000000000142e+00  -2.150752823173674166e-01  -2.072458534322185741e-02  2.531835584124779437e-02  -1.881990434219882324e-03  5.379778396359169435e-03
1.669999999999999929e+00  2.666759791341109853e+00  1.534613897807362903e+00  -7.230538809661088070e-03  1.370057367907685286e+00  1.433456915033879175e+00
1.669999999999999929e+00  -2.155887030498145340e-01  -2.088944824570904135e-02  2.543719079769665714e-02  -1.908271394484684080e-03  5.400900724030210931e-03
1.680000000000000160e+00  2.643145576481775727e+00  1.530195693600114648e+00  -6.900411398890419351e-03  1.369376325567907005e+00  1.431424769306374412e+00
1.680000000000000160e+00  -2.160977441071145477e-01  -2.105502639977985258e-02  2.555555157192138105e-02  -1.934643898782902049e-03  5.421795237320115035e-03
1.689999999999999947e+00  2.620199648478377163e+00  1.525868627241740993e+00  -6.582069373854612486e-03  1.368712561611163947e+00  1.429450427617868113e+00
1.689999999999999947e+00  -2.166024152915563272e-01  -2.122130892895479626e-02  2.567343100432911696e-02  -1.961106623285094330e-03  5.442461048053348627e-03
1.700000000000000178e+00  2.597893515582240465e+00  1.521629746505267722e+00  -6.275047827965285485e-03  1.368065596703421649e+00  1.427531660991494311e+00
1.700000000000000178e+00  -2.171027270998958369e-01  -2.138828500368128438e-02  2.579082224913620269e-02  -1.987658170378922562e-03  5.462897406090072572e-03
1.709999999999999964e+00  2.576213783193619378e+00  1.517481045353699987e+00  -5.977486757917283358e-03  1.367434858173549150e+00  1.425666394547833837e+00
1.709999999999999964e+00  -2.175999486582586295e-01  -2.155594382257997044e-02  2.590771876462680257e-02  -2.014297056232121352e-03  5.483103657075716342e-03
1.719999999999999973e+00  2.555108306710493160e+00  1.513409996616614128e+00  -5.691809375346542840e-03  1.366819914125646074e+00  1.423852653806643387e+00
1.719999999999999973e+00  -2.180915279901900206e-01  -2.172427485110162149e-02  2.602411430405884851e-02  -2.041021774299545122e-03  5.503079265189447788e-03
1.729999999999999982e+00  2.534567440772956814e+00  1.509419143278666997e+00  -5.416145368708147161e-03  1.366220093858995455e+00  1.422088610129635500e+00
1.729999999999999982e+00  -2.185787853264861691e-01  -2.189326739613861594e-02  2.614000290405762983e-02  -2.067830721158583906e-03  5.522823768608908779e-03
1.739999999999999991e+00  2.514568192303330285e+00  1.505506018336910889e+00  -5.150084288870799762e-03  1.365635120085333165e+00  1.420372314498700161e+00
1.739999999999999991e+00  -2.190617337051665170e-01  -2.206291088364620290e-02  2.625537887316670149e-02  -2.094722243110323789e-03  5.542336843158857107e-03
1.750000000000000000e+00  2.495089710977305142e+00  1.501668034889724224e+00  -4.893289482517960802e-03  1.365064333860454004e+00  1.418702175676173738e+00
1.750000000000000000e+00  -2.195403869313578282e-01  -2.223319507287802033e-02  2.637023678971506246e-02  -2.121694651113829877e-03  5.561618219058872548e-03
1.760000000000000009e+00  2.476111647475125466e+00  1.497903289981137087e+00  -4.645405689167271882e-03  1.364507394389480321e+00  1.417076525797922759e+00
1.760000000000000009e+00  -2.200147592669783880e-01  -2.240410933576342245e-02  2.648457148748573076e-02  -2.148746199970311133e-03  5.580667748046663768e-03
1.770000000000000018e+00  2.457614597144823332e+00  1.494209219192206062e+00  -4.406083497986078464e-03  1.363963880391228845e+00  1.415493806205918803e+00
1.770000000000000018e+00  -2.204848658029421871e-01  -2.257564362005404224e-02  2.659837804918649407e-02  -2.175875097451526741e-03  5.599485361753364643e-03
1.780000000000000027e+00  2.439580440278699580e+00  1.490583976066926830e+00  -4.175044916074946953e-03  1.363433288749425598e+00  1.413952469661886369e+00
1.780000000000000027e+00  -2.209507220958693285e-01  -2.274778752013906225e-02  2.671165179913811971e-02  -2.203079523118430666e-03  5.618071067364005522e-03
1.790000000000000036e+00  2.421992143327551972e+00  1.487025625686281050e+00  -3.951920148459335362e-03  1.362915348297345286e+00  1.412451186339951148e+00
1.790000000000000036e+00  -2.214123443373438860e-01  -2.292053083549816517e-02  2.682438829703431837e-02  -2.230357600271383467e-03  5.636424975401066462e-03
1.800000000000000044e+00  2.404832961724620688e+00  1.483532096646478449e+00  -3.736562368529721626e-03  1.362409657470287749e+00  1.410988451614984651e+00
1.800000000000000044e+00  -2.218697494106876833e-01  -2.309386353636999623e-02  2.693658332774864772e-02  -2.257707455226500015e-03  5.654547262946341135e-03
1.810000000000000053e+00  2.388087452410296851e+00  1.480101563109745832e+00  -3.528490647207484666e-03  1.361915803628327426e+00  1.409563053842628477e+00
1.810000000000000053e+00  -2.223229546373249599e-01  -2.326777554047376739e-02  2.704823289686617005e-02  -2.285127120081775765e-03  5.672438181396732837e-03
1.820000000000000062e+00  2.371740797812327273e+00  1.476732286587581156e+00  -3.327633348207726088e-03  1.361433406472043472e+00  1.408173737050816721e+00
1.820000000000000062e+00  -2.227719780342855005e-01  -2.344225687893153331e-02  2.715933322540595163e-02  -2.312614673993976244e-03  5.690098058794723634e-03
1.830000000000000071e+00  2.355778733979179584e+00  1.473422504392663646e+00  -3.133525615885889015e-03  1.360962218118184186e+00  1.406819240012726846e+00
1.830000000000000071e+00  -2.232168380361303217e-01  -2.361729758700170656e-02  2.726988073804970103e-02  -2.340168092850498233e-03  5.707527304979143068e-03
1.839999999999999858e+00  2.340187158328937755e+00  1.470170729306283119e+00  -2.946130830238586143e-03  1.360501836604865344e+00  1.405498527858683788e+00
1.839999999999999858e+00  -2.236575537581851347e-01  -2.379288778467592014e-02  2.737987206609079904e-02  -2.367785411163621234e-03  5.724726384410794289e-03
1.850000000000000089e+00  2.324953937776895962e+00  1.466975221483362457e+00  -2.765185336427271323e-03  1.360052009873522039e+00  1.404210426219858920e+00
1.850000000000000089e+00  -2.240941447441736345e-01  -2.396901772459814062e-02  2.748930403219035368e-02  -2.395464594561448612e-03  5.741695840316363153e-03
1.859999999999999876e+00  2.310066719447980255e+00  1.463834478971913322e+00  -2.590314589303232325e-03  1.359612389581362324e+00  1.402953852790112199e+00
1.859999999999999876e+00  -2.245266310039517044e-01  -2.414567760032237942e-02  2.759817364863970113e-02  -2.423203571146011204e-03  5.758436270548394909e-03
1.870000000000000107e+00  2.295513656816653203e+00  1.460747087245565901e+00  -2.421416749370176175e-03  1.359182702561073208e+00  1.401727855631070385e+00
1.870000000000000107e+00  -2.249550331256833791e-01  -2.432285772955256054e-02  2.770647811524665216e-02  -2.451000301742396748e-03  5.774948340295460447e-03
1.879999999999999893e+00  2.281283132506943367e+00  1.457711681236048662e+00  -2.258347252547527120e-03  1.358762547691559464e+00  1.400531420394300675e+00
1.879999999999999893e+00  -2.253793721437093445e-01  -2.450054844781990315e-02  2.781421480940030055e-02  -2.478852721535473869e-03  5.791232763280196316e-03
1.890000000000000124e+00  2.267364885691434573e+00  1.454726813438548261e+00  -2.100780593023191326e-03  1.358351916202014342e+00  1.399363625587976445e+00
1.890000000000000124e+00  -2.257996695035121570e-01  -2.467874019957383425e-02  2.792138128214827208e-02  -2.506758722688726126e-03  5.807290340394621886e-03
1.899999999999999911e+00  2.253748755230736478e+00  1.451791107790254332e+00  -1.948593224714400066e-03  1.357950290431469531e+00  1.398223580517096165e+00
1.899999999999999911e+00  -2.262159471479214257e-01  -2.485742350949227131e-02  2.802797525469277740e-02  -2.534716220530863762e-03  5.823121887295612531e-03
1.910000000000000142e+00  2.240424520556137278e+00  1.448903427964918667e+00  -1.801621492043393221e-03  1.357557549438953792e+00  1.397110475122981255e+00
1.910000000000000142e+00  -2.266282274204016456e-01  -2.503658885515125387e-02  2.813399461347212971e-02  -2.562723115084819536e-03  5.838728302049678298e-03
1.919999999999999929e+00  2.227383542077113532e+00  1.446062498452267642e+00  -1.659665067177746277e-03  1.357173387768426442e+00  1.396023335365771167e+00
1.919999999999999929e+00  -2.270365330448111674e-01  -2.521622680811186346e-02  2.823943740234982624e-02  -2.590777289063123101e-03  5.854110519120769851e-03
1.930000000000000160e+00  2.214615799993858047e+00  1.443267095007148226e+00  -1.522572516391851403e-03  1.356797623938259978e+00  1.394961532507845936e+00
1.930000000000000160e+00  -2.274408872081046251e-01  -2.539632808477854109e-02  2.834430182417135846e-02  -2.618876633151745459e-03  5.869269530266785218e-03
1.939999999999999947e+00  2.202113195860264661e+00  1.440516263236584216e+00  -1.390203670884748808e-03  1.356429974049848441e+00  1.393924226647811571e+00
1.939999999999999947e+00  -2.278413134039861121e-01  -2.557688327124474359e-02  2.844858623086529703e-02  -2.647019031280728463e-03  5.884206365542210548e-03
1.950000000000000178e+00  2.189867778156702638e+00  1.437808580698274774e+00  -1.262324924615964954e-03  1.356070250104416397e+00  1.392910735648035470e+00
1.950000000000000178e+00  -2.282378355329041097e-01  -2.575788329061501347e-02  2.855228912157148358e-02  -2.675202352421801599e-03  5.898922107146153948e-03
1.959999999999999964e+00  2.177871403789928273e+00  1.435143317434016685e+00  -1.138928975919773368e-03  1.355718213919118176e+00  1.391920198526181762e+00
1.959999999999999964e+00  -2.286304778194667431e-01  -2.593931876794031144e-02  2.865540913876399309e-02  -2.703424495603456990e-03  5.913417875045734462e-03
1.969999999999999973e+00  2.166116403740145469e+00  1.432519198699321317e+00  -1.019673932064435202e-03  1.355373703320736922e+00  1.390952084462892424e+00
1.969999999999999973e+00  -2.290192648254535390e-01  -2.612118070061353325e-02  2.875794506378007154e-02  -2.731683315214006313e-03  5.927694835880847890e-03
1.979999999999999982e+00  2.154595621781886461e+00  1.429935353901018225e+00  -9.046088299158950088e-04  1.355036498921828425e+00  1.390005713641615293e+00
1.979999999999999982e+00  -2.294042214616817954e-01  -2.630345997623795284e-02  2.885989581472686583e-02  -2.759976722363610691e-03  5.941754190896042509e-03
1.989999999999999991e+00  2.143291122224197043e+00  1.427386702655435657e+00  -8.713559695129216402e-04  1.354706369527227894e+00  1.389080446763035326e+00
1.989999999999999991e+00  -2.297977964864391098e-01  -2.648614759511369598e-02  2.896126043910213221e-02  -2.788302588451752051e-03  5.955597177984883750e-03
2.000000000000000000e+00  2.132218640106728458e+00  1.424880696120337298e+00  -7.609033816516831868e-04  1.354383135082271483e+00  1.388175649416336199e+00
2.000000000000000000e+00  -2.301747894189926924e-01  -2.666923457052949864e-02  2.906203811402754966e-02  -2.816658822224371583e-03  5.969225073881867516e-03
2.009999999999999787e+00  2.121360044262011524e+00  1.422412121142774710e+00  -6.542998386936988049e-04  1.354066660999774685e+00  1.387290724018197530e+00
2.009999999999999787e+00  -2.305480414669455747e-01  -2.685271198204464138e-02  2.916222813945354431e-02  -2.845043304821492924e-03  5.982639191968397441e-03
2.020000000000000018e+00  2.110709359928312878e+00  1.419980139863329827e+00  -5.514265942230924325e-04  1.353756780342239452e+00  1.386425145655721503e+00
2.020000000000000018e+00  -2.309175782560165535e-01  -2.703657097274891896e-02  2.926182993764653295e-02  -2.873453943835091451e-03  5.995840875773206236e-03
2.030000000000000249e+00  2.100260217194072077e+00  1.417583825505503548e+00  -4.522439695914949424e-04  1.353453239860231028e+00  1.385578379193835863e+00
2.030000000000000249e+00  -2.312834261912627143e-01  -2.722080280174288269e-02  2.936084304861924510e-02  -2.901888664133878137e-03  6.008831494727862044e-03
2.040000000000000036e+00  2.090007452210120853e+00  1.415222379628171989e+00  -3.566304012233866873e-04  1.353155936313967578e+00  1.384749768465915354e+00
2.040000000000000036e+00  -2.316456114372528741e-01  -2.740539868804248158e-02  2.945926712546154125e-02  -2.930345384879906590e-03  6.021612456461822305e-03
2.049999999999999822e+00  2.079945204790913049e+00  1.412895047621995692e+00  -2.643917783013865520e-04  1.352864661678292224e+00  1.383939010559781302e+00
2.049999999999999822e+00  -2.320041589402056792e-01  -2.759034996521292360e-02  2.955710193427002475e-02  -2.958822031891128468e-03  6.034185189869201160e-03
2.060000000000000053e+00  2.070068319881854357e+00  1.410601093706066234e+00  -1.754713954053512166e-04  1.352579343555813107e+00  1.383145435145359148e+00
2.060000000000000053e+00  -2.323590956952631403e-01  -2.777564795919684748e-02  2.965434734767924407e-02  -2.987316551875784931e-03  6.046551158442992069e-03
2.070000000000000284e+00  2.060371686293991811e+00  1.408339616103797765e+00  -8.976933421620848785e-05  1.352299727498285531e+00  1.382368733990426479e+00
2.070000000000000284e+00  -2.327104487055072224e-01  -2.796128420940269255e-02  2.975100334517899459e-02  -3.015826903435270268e-03  6.058711840405406335e-03
2.080000000000000071e+00  2.050849929267882121e+00  1.406110011593842968e+00  -7.174946149041041416e-06  1.352025786828674025e+00  1.381608236547034796e+00
2.080000000000000071e+00  -2.330582439936561279e-01  -2.814725009972846026e-02  2.984707000635894447e-02  -3.044351048716920083e-03  6.070668750089658339e-03
2.089999999999999858e+00  2.041498949105125416e+00  1.403911597553477275e+00  7.245324835192116023e-05  1.351757282121575532e+00  1.380863690679849043e+00
2.089999999999999858e+00  -2.334025087930102216e-01  -2.833353720266723608e-02  2.994254751225716715e-02  -3.072886966433707734e-03  6.082423412205328894e-03
2.100000000000000089e+00  2.032313824430710625e+00  1.401743620810478097e+00  1.491044461609061268e-04  1.351494162251833053e+00  1.380134594377541601e+00
2.100000000000000089e+00  -2.337432712845295413e-01  -2.852013715173173924e-02  3.003743613992365669e-02  -3.101432662301228937e-03  6.093977383471282927e-03
2.110000000000000320e+00  2.023290320687038957e+00  1.399605448672470942e+00  2.229498725553548562e-04  1.351236166334468969e+00  1.379420529149327779e+00
2.110000000000000320e+00  -2.340805580497056226e-01  -2.870704158106240911e-02  3.013173625930398725e-02  -3.129986135319007268e-03  6.105332228500626179e-03
2.120000000000000107e+00  2.014423927756807675e+00  1.397496488492436129e+00  2.940591498994649632e-04  1.350983323810821979e+00  1.378721110198706024e+00
2.120000000000000107e+00  -2.344143966231441167e-01  -2.889424219367686675e-02  3.022544833267543085e-02  -3.158545412065283386e-03  6.116489546191150595e-03
2.129999999999999893e+00  2.005710759923106323e+00  1.395415993624343098e+00  3.625040740150020646e-04  1.350735417804319161e+00  1.378035953104372435e+00
2.129999999999999893e+00  -2.347448151682119677e-01  -2.908173081995063525e-02  3.031857291037182156e-02  -3.187108533836524593e-03  6.127450940076162311e-03
2.140000000000000124e+00  1.997146582361326583e+00  1.393363559582470046e+00  4.283757982049092236e-04  1.350492285120521663e+00  1.377364645128235532e+00
2.140000000000000124e+00  -2.350718409872618320e-01  -2.926949920060317734e-02  3.041111062870444082e-02  -3.215673554994635808e-03  6.138218032154307835e-03
2.150000000000000355e+00  1.988727876388414195e+00  1.391338346896642264e+00  4.917353783075438002e-04  1.350253955022499897e+00  1.376706904959584810e+00
2.150000000000000355e+00  -2.353955027905706432e-01  -2.945753935167455539e-02  3.050306220832860182e-02  -3.244238552013056776e-03  6.148792470497488338e-03
2.160000000000000142e+00  1.980450684089912539e+00  1.389339946768054723e+00  5.526741091466747316e-04  1.350020154218485091e+00  1.376062323614759331e+00
2.160000000000000142e+00  -2.357158280888862478e-01  -2.964584314268292609e-02  3.059442844997123379e-02  -3.272801612476450295e-03  6.159175900838920192e-03
2.169999999999999929e+00  1.972311842350998212e+00  1.387367759875499651e+00  6.113020012321296152e-04  1.349790898033871089e+00  1.375430535290194101e+00
2.169999999999999929e+00  -2.360328450271553247e-01  -2.983440259165881514e-02  3.068521023341230780e-02  -3.301360840146649878e-03  6.169369996914975118e-03
2.179999999999999716e+00  1.964307263830802341e+00  1.385421315277222343e+00  6.675836342049960501e-04  1.349565982981662415e+00  1.374811318460261500e+00
2.179999999999999716e+00  -2.363465824928417947e-01  -3.002320977574080008e-02  3.077540851634086305e-02  -3.329914375063025567e-03  6.179376433506633681e-03
2.189999999999999947e+00  1.956434245566047725e+00  1.383499941376148401e+00  7.217795355321055071e-04  1.349345336700112474e+00  1.374204207965875169e+00
2.189999999999999947e+00  -2.366570673948313053e-01  -3.021225682701006443e-02  3.086502432743087887e-02  -3.358460339265900707e-03  6.189196903099158931e-03
2.200000000000000178e+00  1.948688995631454590e+00  1.381603249502176167e+00  7.737077770431203833e-04  1.349128918607538585e+00  1.373609010098057581e+00
2.200000000000000178e+00  -2.369643301813184055e-01  -3.040153594018313310e-02  3.095405877173734721e-02  -3.386996925363816580e-03  6.198833109391954643e-03
2.209999999999999964e+00  1.941068886217369727e+00  1.379730695651819383e+00  8.236289190444053259e-04  1.348916485178661917e+00  1.373025394796304921e+00
2.209999999999999964e+00  -2.372683977452765824e-01  -3.059103934899509714e-02  3.104251302021349135e-02  -3.415522295986517243e-03  6.208286755709169213e-03
2.219999999999999751e+00  1.933570319654924541e+00  1.377881863068076251e+00  8.715036778785760063e-04  1.348708155795132813e+00  1.372453041799753581e+00
2.219999999999999751e+00  -2.375692990936234539e-01  -3.078075934276913728e-02  3.113038831395897876e-02  -3.444034664594086692e-03  6.217559570349862064e-03
2.229999999999999982e+00  1.926190894488932104e+00  1.376056125992994650e+00  9.174344840234599421e-04  1.348503688131468259e+00  1.371891774637194361e+00
2.229999999999999982e+00  -2.378670629301585793e-01  -3.097068836107669254e-02  3.121768595888430031e-02  -3.472532252453364165e-03  6.226653272734861133e-03
2.240000000000000213e+00  1.918927531763586103e+00  1.374253220381226770e+00  9.614414466149725971e-04  1.348302961346632411e+00  1.371341202958513916e+00
2.240000000000000213e+00  -2.381617177674584251e-01  -3.116081874090043113e-02  3.130440732436562401e-02  -3.501013305129530018e-03  6.235569593659340271e-03
2.250000000000000000e+00  1.911777368467914018e+00  1.372472629633254115e+00  1.003587716794297757e-03  1.348106020247471282e+00  1.370801129326312706e+00
2.250000000000000000e+00  -2.384532921302208452e-01  -3.135114300781205454e-02  3.139055384205952093e-02  -3.529476087833050002e-03  6.244310277391584840e-03
2.259999999999999787e+00  1.904738129861055507e+00  1.370713785107830818e+00  1.044023000284625448e-03  1.347912610428837921e+00  1.370271235130968712e+00
2.259999999999999787e+00  -2.387418140793779453e-01  -3.154165373580164466e-02  3.147612700182778056e-02  -3.557918876009424913e-03  6.252877060106909468e-03
2.270000000000000018e+00  1.897807198232614345e+00  1.368976424725268259e+00  1.082677067477182901e-03  1.347722833789601893e+00  1.369751332501946584e+00
2.270000000000000018e+00  -2.390273131963015496e-01  -3.173234349992981596e-02  3.156112835388164006e-02  -3.586339989263498396e-03  6.261271696804682207e-03
2.280000000000000249e+00  1.890981539270760958e+00  1.367260155196982518e+00  1.119616761290589306e-03  1.347536511545381899e+00  1.369241173056049865e+00
2.280000000000000249e+00  -2.393098175185877086e-01  -3.192320495952233328e-02  3.164555950283687302e-02  -3.614737754003338743e-03  6.269495934005608895e-03
2.290000000000000036e+00  1.884259258073856858e+00  1.365564393612321181e+00  1.155030036514606041e-03  1.347353561735908478e+00  1.368740559203858842e+00
2.290000000000000036e+00  -2.395893549166656089e-01  -3.211423089849846368e-02  3.172942210693391329e-02  -3.643110507988600588e-03  6.277551525376567909e-03
2.299999999999999822e+00  1.877637862494996313e+00  1.363888961601405825e+00  1.188702610593526075e-03  1.347173868399899277e+00  1.368249139784277091e+00
2.299999999999999822e+00  -2.398659558589454899e-01  -3.230541404198467026e-02  3.181271787881084778e-02  -3.671456644117832013e-03  6.285440224520710828e-03
2.310000000000000053e+00  1.871114920682323879e+00  1.362233341848257062e+00  1.220937112136982056e-03  1.346997455076334171e+00  1.367766807883235014e+00
2.310000000000000053e+00  -2.401396467123090850e-01  -3.249674727850238032e-02  3.189544857958653834e-02  -3.699774534698607731e-03  6.293163792150946456e-03
2.320000000000000284e+00  1.864688411503113485e+00  1.360597233910305626e+00  1.251701090092912326e-03  1.346824220314972953e+00  1.367293362831618397e+00
2.320000000000000284e+00  -2.404104566884557870e-01  -3.268822350709582603e-02  3.197761602094728595e-02  -3.728062602353143795e-03  6.300723984257516896e-03
2.330000000000000071e+00  1.858356253455466067e+00  1.358980225709079281e+00  1.280918098791367695e-03  1.346654052206495589e+00  1.366828486598939296e+00
2.330000000000000071e+00  -2.406784151934437399e-01  -3.287983571426322804e-02  3.205922206162925558e-02  -3.756319292953835820e-03  6.308122556777040479e-03
2.339999999999999858e+00  1.852116110731397258e+00  1.357381970116981806e+00  1.308805925303995876e-03  1.346486929569357560e+00  1.366372089376464150e+00
2.339999999999999858e+00  -2.409435490407752789e-01  -3.307157693087431349e-02  3.214026860532337437e-02  -3.784543053076405705e-03  6.315361267932750877e-03
2.350000000000000089e+00  1.845966180465133721e+00  1.355802212770314874e+00  1.335307361904476426e-03  1.346322747295215505e+00  1.365923884780746889e+00
2.350000000000000089e+00  -2.412058873584477237e-01  -3.326344021982219346e-02  3.222075760067955041e-02  -3.812732371530458408e-03  6.322441871487449738e-03
2.360000000000000320e+00  1.839904560040536818e+00  1.354240497569251467e+00  1.360443702920054437e-03  1.346161456987253757e+00  1.365483733522270038e+00
2.360000000000000320e+00  -2.414654586477044396e-01  -3.345541878894253696e-02  3.230069103894894766e-02  -3.840885755228340415e-03  6.329366121954671520e-03
2.370000000000000107e+00  1.833929088221382564e+00  1.352696589689433182e+00  1.384342613436443780e-03  1.346003046274686143e+00  1.365051516999368220e+00
2.370000000000000107e+00  -2.417222901819895686e-01  -3.364750582687126013e-02  3.238007095203487840e-02  -3.869001724871812264e-03  6.336135771949025219e-03
2.379999999999999893e+00  1.828037979483938980e+00  1.351170082225124025e+00  1.407008941552548558e-03  1.345847365020502728e+00  1.364626968778115401e+00
2.379999999999999893e+00  -2.419764103509025044e-01  -3.383969463246305764e-02  3.245889941136431700e-02  -3.897078831222255957e-03  6.342752566711462592e-03
2.390000000000000124e+00  1.822229466809257570e+00  1.349660762007682147e+00  1.428414364897325492e-03  1.345694363191491938e+00  1.364209890485988064e+00
2.390000000000000124e+00  -2.422278475731326763e-01  -3.403197851913256078e-02  3.253717852715704018e-02  -3.925115650950439239e-03  6.349218251197608076e-03
2.400000000000000355e+00  1.816502082849097643e+00  1.348168266940677817e+00  1.448663781825669083e-03  1.345544059826559558e+00  1.363800185196090364e+00
2.400000000000000355e+00  -2.424766294532029742e-01  -3.422435091224479420e-02  3.261491044591519062e-02  -3.953110774399082317e-03  6.355534569018050917e-03
2.410000000000000142e+00  1.810853602968935050e+00  1.346692289400199360e+00  1.467807716845535631e-03  1.345396336056770448e+00  1.363397663170253127e+00
2.410000000000000142e+00  -2.427227833624844289e-01  -3.441680527419613278e-02  3.269209734934103162e-02  -3.981062817178915303e-03  6.361703254340600466e-03
2.419999999999999929e+00  1.805282907880791932e+00  1.345232575592143931e+00  1.485747606206458448e-03  1.345251138007038882e+00  1.363002114333711656e+00
2.419999999999999929e+00  -2.429663382085555101e-01  -3.460933512636518716e-02  3.276874145402319805e-02  -4.008970428242442097e-03  6.367726038739918160e-03
2.429999999999999716e+00  1.799788134319027399e+00  1.343788833711085262e+00  1.502694303810309974e-03  1.345108405839209320e+00  1.362613432358099619e+00
2.429999999999999716e+00  -2.432073201784003547e-01  -3.480193404764800325e-02  3.284484500773920956e-02  -4.036832257210076769e-03  6.373604647956443436e-03
2.439999999999999947e+00  1.794367601073910246e+00  1.342360775603021583e+00  1.518579535094561912e-03  1.344968146251176222e+00  1.362231566310850628e+00
2.439999999999999947e+00  -2.434457574362610954e-01  -3.499459571529436874e-02  3.292041029146103304e-02  -4.064646998343746098e-03  6.379340804436473000e-03
2.450000000000000178e+00  1.789020163225407689e+00  1.340948148290504571e+00  1.533458332111367834e-03  1.344830237235623560e+00  1.361856195576597095e+00
2.450000000000000178e+00  -2.436816772968792844e-01  -3.518731380708514656e-02  3.299543961462070296e-02  -4.092413354225721278e-03  6.384936219883674546e-03
2.459999999999999964e+00  1.783743922605398602e+00  1.339550722450182363e+00  1.547337431534160593e-03  1.344694672562404936e+00  1.361487231383954111e+00
2.459999999999999964e+00  -2.439151069191358712e-01  -3.538008209477194743e-02  3.306993531664220720e-02  -4.120130057368442955e-03  6.390392603205397037e-03
2.469999999999999751e+00  1.778537676616919860e+00  1.338168130087161511e+00  1.560268418702942831e-03  1.344561398591359591e+00  1.361124559385536559e+00
2.469999999999999751e+00  -2.441460734559386947e-01  -3.557289444520311816e-02  3.314389976414977568e-02  -4.147795859013148068e-03  6.395711655079905356e-03
2.479999999999999982e+00  1.773399947337938931e+00  1.336800206319858519e+00  1.572266084944911029e-03  1.344430353450213556e+00  1.360768019212395208e+00
2.479999999999999982e+00  -2.443746038725407854e-01  -3.576574472456653386e-02  3.321733535041276886e-02  -4.175409534305285497e-03  6.400895068038425784e-03
2.490000000000000213e+00  1.768329452157547221e+00  1.335446738476699924e+00  1.583354203484264736e-03  1.344301488185738247e+00  1.360417555953177482e+00
2.490000000000000213e+00  -2.446007250851268688e-01  -3.595862688936835028e-02  3.329024449425971310e-02  -4.202969881744955671e-03  6.405944527435813995e-03
2.500000000000000000e+00  1.729199920714739491e+00  1.327656491469260347e+00  2.092318516254032708e-04  1.344992079439332855e+00  1.360577143249056098e+00
2.500000000000000000e+00  -2.448216453993584674e-01  -3.615255509728942940e-02  3.336263322832433431e-02  -4.230531377128921022e-03  6.410884434527863718e-03
2.509999999999999787e+00  1.724939739870490207e+00  1.326442560979104401e+00  2.464910436031817701e-04  1.344867667779885423e+00  1.360246329642967433e+00
2.509999999999999787e+00  -2.450431051587372289e-01  -3.634545684763915152e-02  3.343449678507115497e-02  -4.257980049515386334e-03  6.415670700836151319e-03
2.520000000000000018e+00  1.720726050267629814e+00  1.325239959221360397e+00  2.822623273982167481e-04  1.344745301639436841e+00  1.359920915497170313e+00
2.520000000000000018e+00  -2.452622331911206710e-01  -3.653837350666871986e-02  3.350584129675249212e-02  -4.285371968204221282e-03  6.420328026494726004e-03
2.530000000000000249e+00  1.716558127861877558e+00  1.324048523812598521e+00  3.165889745728345684e-04  1.344624939614242676e+00  1.359600789790924802e+00
2.530000000000000249e+00  -2.454790558150094504e-01  -3.673129924580850747e-02  3.357666927231095499e-02  -4.312706016470158055e-03  6.424858062963556549e-03
2.540000000000000036e+00  1.712435262830531268e+00  1.322868095544850187e+00  3.495129947054637868e-04  1.344506541297559865e+00  1.359285844270839982e+00
2.540000000000000036e+00  -2.456935991946492259e-01  -3.692422829814320795e-02  3.364698324065124035e-02  -4.339981099507728146e-03  6.429262452479989065e-03
2.549999999999999822e+00  1.708356759247227297e+00  1.321698518309576631e+00  3.810751765355811088e-04  1.344390067251686638e+00  1.358975973369473955e+00
2.549999999999999822e+00  -2.459058893368966658e-01  -3.711715495822928701e-02  3.371678574963260511e-02  -4.367196144321239260e-03  6.433542827781413287e-03
2.560000000000000053e+00  1.704321934764896795e+00  1.320539639023782463e+00  4.113151275739839168e-04  1.344275478980911043e+00  1.358671074126647893e+00
2.560000000000000053e+00  -2.461159520881915641e-01  -3.731007358192414691e-02  3.378607936509347986e-02  -4.394350099594546144e-03  6.437700811861013506e-03
2.570000000000000284e+00  1.700330120306669190e+00  1.319391307558180459e+00  4.402713122212353024e-04  1.344162738905319898e+00  1.358371046113447722e+00
2.570000000000000284e+00  -2.463238131316992652e-01  -3.750297858617777924e-02  3.385486666990045190e-02  -4.421441935562486769e-03  6.441738017713527498e-03
2.580000000000000071e+00  1.696380659764550103e+00  1.318253376667348320e+00  4.679810884595627177e-04  1.344051810335443742e+00  1.358075791358788420e+00
2.580000000000000071e+00  -2.465294979845736867e-01  -3.769586444886649512e-02  3.392315026300013470e-02  -4.448470643875324093e-03  6.445656048111203518e-03
2.589999999999999858e+00  1.692472909705658557e+00  1.317125701921811665e+00  4.944807431892352459e-04  1.343942657447705358e+00  1.357785214278445896e+00
2.589999999999999858e+00  -2.467330319953519591e-01  -3.788872570858223265e-02  3.399093275851977625e-02  -4.475435237456637516e-03  6.449456495388306010e-03
2.600000000000000089e+00  1.688606239085816085e+00  1.316008141642008855e+00  5.198055262572691274e-04  1.343835245260641464e+00  1.357499221606448314e+00
2.600000000000000089e+00  -2.469344403414803490e-01  -3.808155696442680482e-02  3.405821678486931070e-02  -4.502334750357994686e-03  6.453140941225399274e-03
2.610000000000000320e+00  1.684780028970298549e+00  1.314900556834026624e+00  5.439896832370431532e-04  1.343729539611871360e+00  1.357217722328764697e+00
2.610000000000000320e+00  -2.471337480269699682e-01  -3.827435287579744605e-02  3.412500498387782688e-02  -4.529168237608738323e-03  6.456710956459277284e-03
2.620000000000000107e+00  1.680993672261587024e+00  1.313802811127124937e+00  5.670664870136009643e-04  1.343625507135797426e+00  1.356940627619175554e+00
2.620000000000000107e+00  -2.473309798801653914e-01  -3.846710816216938889e-02  3.419130000994541341e-02  -4.555934775057335351e-03  6.460168100895891108e-03
2.629999999999999893e+00  1.677246573433893051e+00  1.312714770712918089e+00  5.890682682216269754e-04  1.343523115241974875e+00  1.356667850777266482e+00
2.629999999999999893e+00  -2.475261605516508312e-01  -3.865981760288704494e-02  3.425710452920396887e-02  -4.582633459218277139e-03  6.463513923134267536e-03
2.640000000000000124e+00  1.673538148274301030e+00  1.311636304286214694e+00  6.100264445862555633e-04  1.343422332094182270e+00  1.356399307168435930e+00
2.640000000000000124e+00  -2.477193145122562057e-01  -3.885247603689641338e-02  3.432242121873649299e-02  -4.609263407101105159e-03  6.466749960398643360e-03
2.650000000000000355e+00  1.669867823630365677e+00  1.310567282987448845e+00  6.299715492074859161e-04  1.343323126590126204e+00  1.356134914165878280e+00
2.650000000000000355e+00  -2.479104660511980418e-01  -3.904507836254370035e-02  3.438725276576262702e-02  -4.635823756049539668e-03  6.469877738390028554e-03
2.660000000000000142e+00  1.666235037163968702e+00  1.309507580346616296e+00  6.489332578403765204e-04  1.343225468341764817e+00  1.355874591094438308e+00
2.660000000000000142e+00  -2.480996392743052836e-01  -3.923761953732510244e-02  3.445160186688286941e-02  -4.662313663563733002e-03  6.472898771134882878e-03
2.669999999999999929e+00  1.662639237111277035e+00  1.308457072228744078e+00  6.669404152017491564e-04  1.343129327656245930e+00  1.355618259176297524e+00
2.669999999999999929e+00  -2.482868581023964794e-01  -3.943009457761696701e-02  3.451547122733275574e-02  -4.688732307134957367e-03  6.475814560854664670e-03
2.679999999999999716e+00  1.659079882048662080e+00  1.307415636780770773e+00  6.840210603521528973e-04  1.343034675517418286e+00  1.355365841478381572e+00
2.679999999999999716e+00  -2.484721462697151440e-01  -3.962249855845056956e-02  3.457886356024827967e-02  -4.715078884056977948e-03  6.478626597829162392e-03
2.689999999999999947e+00  1.655556440664397000e+00  1.306383154379848310e+00  7.002024511841640608e-04  1.342941483567915206e+00  1.355117262861470273e+00
2.689999999999999947e+00  -2.486555273225150020e-01  -3.981482661323276773e-02  3.464178158595573875e-02  -4.741352611256521854e-03  6.481336360287359710e-03
2.700000000000000178e+00  1.652068391535980840e+00  1.305359507582985801e+00  7.155110880591891188e-04  1.342849724091765173e+00  1.354872449930931033e+00
2.700000000000000178e+00  -2.488370246177153411e-01  -4.000707393349108021e-02  3.470422803127157230e-02  -4.767552725104318156e-03  6.483945314294858875e-03
2.709999999999999964e+00  1.648615222912961809e+00  1.304344581078015874e+00  7.299727366173716561e-04  1.342759369997546859e+00  1.354631330988996352e+00
2.709999999999999964e+00  -2.490166613216729941e-01  -4.019923576859545100e-02  3.476620562884161214e-02  -4.793678481227470201e-03  6.486454913649963849e-03
2.719999999999999751e+00  1.645196432505111384e+00  1.303338261635837547e+00  7.436124498094454907e-04  1.342670394802036427e+00  1.354393835988580319e+00
2.719999999999999751e+00  -2.491944604090487181e-01  -4.039130742548617536e-02  3.482771711646637236e-02  -4.819729154327156984e-03  6.488866599790643619e-03
2.729999999999999982e+00  1.641811527275753413e+00  1.302340438063898542e+00  7.564545891604867187e-04  1.342582772614342224e+00  1.354159896488506210e+00
2.729999999999999982e+00  -2.493704446617633907e-01  -4.058328426839205583e-02  3.488876523647099770e-02  -4.845704037984566170e-03  6.491181801712930799e-03
2.740000000000000213e+00  1.638460023240222663e+00  1.301351001160868437e+00  7.685228453159457119e-04  1.342496478120531744e+00  1.353929445610180915e+00
2.740000000000000213e+00  -2.495446366680523775e-01  -4.077516171856182536e-02  3.494935273506719065e-02  -4.871602444467604265e-03  6.493401935885545484e-03
2.750000000000000000e+00  1.635141445269193472e+00  1.300369843672495307e+00  7.798402578871440000e-04  1.342411486568687362e+00  1.353702417995577001e+00
2.750000000000000000e+00  -2.497170588216091058e-01  -4.096693525393252377e-02  3.500948236176432138e-02  -4.897423704541492562e-03  6.495528406189277071e-03
2.759999999999999787e+00  1.631855326896846314e+00  1.299396860248585694e+00  7.904292346234853984e-04  1.342327773754425468e+00  1.353478749766557465e+00
2.759999999999999787e+00  -2.498877333208140428e-01  -4.115860040887271698e-02  3.506915686875797245e-02  -4.923167167267261668e-03  6.497562603838380468e-03
2.770000000000000018e+00  1.628601210133684640e+00  1.298431947401066155e+00  8.003115699453445565e-04  1.342245316006830613e+00  1.353258378485422853e+00
2.770000000000000018e+00  -2.500566821680433871e-01  -4.135015277387045496e-02  3.512837901036203192e-02  -4.948832199806019183e-03  6.499505907339941935e-03
2.780000000000000249e+00  1.625378645283929835e+00  1.297475003463147480e+00  8.095084628508308119e-04  1.342164090174818636e+00  1.353041243116693160e+00
2.780000000000000249e+00  -2.502239271690819833e-01  -4.154158799522192358e-02  3.518715154244431154e-02  -4.974418187220996934e-03  6.501359682432927833e-03
2.790000000000000036e+00  1.622187190767308440e+00  1.296525928549481677e+00  8.180405342337311678e-04  1.342084073613872608e+00  1.352827283990052587e+00
2.790000000000000036e+00  -2.503894899325902479e-01  -4.173290177473426565e-02  3.524547722188492438e-02  -4.999924532277599809e-03  6.503125282045219002e-03
2.799999999999999822e+00  1.619026412945193005e+00  1.295584624517361894e+00  8.259278436226358960e-04  1.342005244173188672e+00  1.352616442764428273e+00
2.799999999999999822e+00  -2.505533918696655205e-01  -4.192408986940571181e-02  3.530335880603824306e-02  -5.025350655242011300e-03  6.504804046259415884e-03
2.810000000000000053e+00  1.615895885950904720e+00  1.294650994928874033e+00  8.331899053742449976e-04  1.341927580183178037e+00  1.352408662393155048e+00
2.810000000000000053e+00  -2.507156541934780769e-01  -4.211514809111056856e-02  3.536079905221839459e-02  -5.050695993673803841e-03  6.506397302283306594e-03
2.820000000000000284e+00  1.612795191524156069e+00  1.293724945014006700e+00  8.398457043327027093e-04  1.341851060443343568e+00  1.352203887090193346e+00
2.820000000000000284e+00  -2.508762979189806397e-01  -4.230607230627868309e-02  3.541780071719985434e-02  -5.075960002232648982e-03  6.507906364414894895e-03
2.830000000000000071e+00  1.609723918849421676e+00  1.292806381634679980e+00  8.459137109812571616e-04  1.341775664210504981e+00  1.352002062297367857e+00
2.830000000000000071e+00  -2.510353438626868883e-01  -4.249685843557642062e-02  3.547436655672359107e-02  -5.101142152462934121e-03  6.509332534033046569e-03
2.839999999999999858e+00  1.606681664398229348e+00  1.291895213249675489e+00  8.514118961006986869e-04  1.341701371187334235e+00  1.351803134652583394e+00
2.839999999999999858e+00  -2.511928126425260199e-01  -4.268750245356787987e-02  3.553049932502430619e-02  -5.126241932602415563e-03  6.510677099574757598e-03
2.850000000000000089e+00  1.603668031775231873e+00  1.290991349880427741e+00  8.563577449588154200e-04  1.341628161511263517e+00  1.351607051959000438e+00
2.850000000000000089e+00  -2.513487246777513784e-01  -4.287800038839584271e-02  3.558620177436891407e-02  -5.151258847355039139e-03  6.511941336528270785e-03
2.860000000000000320e+00  1.600682631567907022e+00  1.290094703077664384e+00  8.607682710434477052e-04  1.341556015743681218e+00  1.351413763155105308e+00
2.860000000000000320e+00  -2.515031001889434514e-01  -4.306834832143631442e-02  3.564147665460795644e-02  -5.176192417717107030e-03  6.513126507432312473e-03
2.870000000000000107e+00  1.597725081199913966e+00  1.289205185888876670e+00  8.646600293529677073e-04  1.341484914859423228e+00  1.351223218285690031e+00
2.870000000000000107e+00  -2.516559591980453980e-01  -4.325854238698391419e-02  3.569632671273187396e-02  -5.201042180746337507e-03  6.514233861871998599e-03
2.879999999999999893e+00  1.594795004787871395e+00  1.288322712826569072e+00  8.680491292729912607e-04  1.341414840236599293e+00  1.351035368473671783e+00
2.879999999999999893e+00  -2.518073215284697408e-01  -4.344857877186104889e-02  3.575075469246771775e-02  -5.225807689361441910e-03  6.515264636483636407e-03
2.890000000000000124e+00  1.591892033001596651e+00  1.287447199837315370e+00  8.709512470400000185e-04  1.341345773646668516e+00  1.350850165892752086e+00
2.890000000000000124e+00  -2.519572068052897129e-01  -4.363845371513806748e-02  3.580476333384693954e-02  -5.250488512142964526e-03  6.516220054970434106e-03
2.900000000000000355e+00  1.589015802927602028e+00  1.286578564271542824e+00  8.733816378172294843e-04  1.341277697244814604e+00  1.350667563740860944e+00
2.900000000000000355e+00  -2.521056344554542528e-01  -4.382816350773764691e-02  3.585835537281820140e-02  -5.275084233118454424e-03  6.517101328107774427e-03
2.910000000000000142e+00  1.586165957935860238e+00  1.285716724854065296e+00  8.753551473885184606e-04  1.341210593560576925e+00  1.350487516214382788e+00
2.910000000000000142e+00  -2.522526237080673361e-01  -4.401770449211412500e-02  3.591153354085638294e-02  -5.299594451569356046e-03  6.517909653772122058e-03
2.919999999999999929e+00  1.583342147549672729e+00  1.284861601655330476e+00  8.768862234940217985e-04  1.341144445488761772e+00  1.350309978483132056e+00
2.919999999999999929e+00  -2.523981935947491873e-01  -4.420707306188276925e-02  3.596430056459076763e-02  -5.324018781805744949e-03  6.518646216951279326e-03
2.929999999999999716e+00  1.580544027318648403e+00  1.284013116063358551e+00  8.779889268098720230e-04  1.341079236280576348e+00  1.350134906666044854e+00
2.929999999999999716e+00  -2.525423629500109235e-01  -4.439626566148448944e-02  3.601665916543750345e-02  -5.348356852981392406e-03  6.519312189785464451e-03
2.939999999999999947e+00  1.577771258694598888e+00  1.283171190756357660e+00  8.786769415936451777e-04  1.341014949535040079e+00  1.349962257807577171e+00
2.939999999999999947e+00  -2.526851504117098579e-01  -4.458527878581228232e-02  3.606861205924896674e-02  -5.372608308870180371e-03  6.519908731582618744e-03
2.950000000000000178e+00  1.575023508910402104e+00  1.282335749676006165e+00  8.789635859994164926e-04  1.340951569190605763e+00  1.349791989854769003e+00
2.950000000000000178e+00  -2.528265744215395516e-01  -4.477410897986629223e-02  3.612016195597025914e-02  -5.396772807685190632e-03  6.520436988864314332e-03
2.959999999999999964e+00  1.572300450861661369e+00  1.281506718001355960e+00  8.788618220811166004e-04  1.340889079517028071e+00  1.349624061634979055e+00
2.959999999999999964e+00  -2.529666532255677724e-01  -4.496275283837999903e-02  3.617131155931249675e-02  -5.420850021845877165e-03  6.520898095395050165e-03
2.969999999999999751e+00  1.569601762991119642e+00  1.280684022123384169e+00  8.783842654913028361e-04  1.340827465107446326e+00  1.349458432834229171e+00
2.969999999999999751e+00  -2.531054048748321850e-01  -4.515120700548018451e-02  3.622206356642385106e-02  -5.444839637796544674e-03  6.521293172226771961e-03
2.979999999999999982e+00  1.566927129175785582e+00  1.279867589620127255e+00  8.775431948852881886e-04  1.340766710870686662e+00  1.349295063976190923e+00
2.979999999999999982e+00  -2.532428472259643515e-01  -4.533946817429424653e-02  3.627242066758706862e-02  -5.468741355792117176e-03  6.521623327739561882e-03
2.990000000000000213e+00  1.564276238616657544e+00  1.279057349232427310e+00  8.763505610454016756e-04  1.340706802023765132e+00  1.349133916401735300e+00
2.990000000000000213e+00  -2.533789979418685778e-01  -4.552753308660375392e-02  3.632238554591601942e-02  -5.492554889706791066e-03  6.521889657692597764e-03
3.000000000000000000e+00  1.561648785730994859e+00  1.278253230840232124e+00  8.748179957291700795e-04  1.340647724084609527e+00  1.348974952249080372e+00
3.000000000000000000e+00  -2.535138744924346210e-01  -4.571539853247480467e-02  3.637196087706379144e-02  -5.516279966820414327e-03  6.522093245273169471e-03
