1.010000000000000  0.009814258126436  0.297414058013253  0.036564361877824  0.634032592117570  0.339579962806862
1.010000000000000  0.007250448647632  0.000226750853330  -0.000969897211397  -0.000002542461169  -0.000326489245213
1.020000000000000  0.019322210299032  0.334679411562848  0.035658688429664  0.640880265269022  0.383433203815919
1.020000000000000  0.009120549430247  0.000294363027752  -0.001105329995538  -0.000002636075006  -0.000334862245328
1.030000000000000  0.028566418560848  0.356097219139998  0.034002800905994  0.646375771664007  0.413532442185035
1.030000000000000  0.010292798150868  0.000336039538089  -0.001189503516185  -0.000002153879496  -0.000342731651948
1.040000000000000  0.037572434969763  0.373372303133599  0.032502386175590  0.651142231544710  0.436980147298799
1.040000000000000  0.011300408184386  0.000373284683729  -0.001261492329732  -0.000001174149551  -0.000350261758683
1.050000000000000  0.046359357854540  0.388209311010696  0.031158838451961  0.655388130398375  0.456265755560888
1.050000000000000  0.012214297822139  0.000408073376661  -0.001326565865666  0.000000114831160  -0.000357548574479
1.060000000000000  0.054942604190676  0.401325121730918  0.029957066414351  0.659234080103254  0.472604953578449
1.060000000000000  0.013062716209405  0.000441108008587  -0.001386899611195  0.000001608792969  -0.000364653945807
1.070000000000000  0.063335146220590  0.413179747697377  0.028889844867702  0.662756637775611  0.486699058301481
1.070000000000000  0.013864965111005  0.000472943213145  -0.001443904588483  0.000003246764959  -0.000371617063504
1.080000000000000  0.071548187753799  0.423971569379704  0.027944218379434  0.666010883070030  0.498996511574364
1.080000000000000  0.014626998028871  0.000503667497915  -0.001498142572739  0.000004985569437  -0.000378468148208
1.090000000000000  0.079591582388468  0.433963185326787  0.027118970579094  0.669033775820346  0.509806706507168
1.090000000000000  0.015361365563917  0.000533716208392  -0.001550434939395  0.000006799528661  -0.000385224557823
1.100000000000000  0.090847827064820  0.443399740950699  0.027767356471051  0.671855873324069  0.518439539605342
1.100000000000000  0.016111749925168  0.000564382992387  -0.001602882237415  0.000009410589274  -0.000391895311166
1.110000000000000  0.098042916567229  0.452047527668268  0.026785027295663  0.674506656568545  0.527807645563238
1.110000000000000  0.016784884333129  0.000592774412931  -0.001651605143733  0.000011134080344  -0.000398514718293
1.120000000000000  0.105247883064919  0.460191583390551  0.025858661907382  0.676998943067222  0.536501631846373
1.120000000000000  0.017446288330208  0.000620739229857  -0.001699168770374  0.000012885520722  -0.000405076022436
1.130000000000000  0.112263427821000  0.467878962441897  0.024998823317211  0.679355283997553  0.544582911154304
1.130000000000000  0.018090740331214  0.000648330017139  -0.001745726464980  0.000014665423476  -0.000411594328150
1.140000000000000  0.119285008779091  0.475193410574223  0.024184453605601  0.681581283118338  0.552125746179107
1.140000000000000  0.018722547781010  0.000675719750159  -0.001791507751601  0.000016459748959  -0.000418067308095
1.150000000000000  0.126146498618593  0.482146623686011  0.023415538162358  0.683695277467995  0.559195847146834
1.150000000000000  0.019341195444769  0.000702872518998  -0.001836539141961  0.000018268021340  -0.000424508114690
1.160000000000000  0.132954886565355  0.488790944328996  0.022682538740126  0.685701982491720  0.565836312455426
1.160000000000000  0.019949292409224  0.000729896939476  -0.001880961961570  0.000020084021429  -0.000430915240299
1.170000000000000  0.139619036134266  0.495153153511028  0.021990278309216  0.687614043945343  0.572088592539484
1.170000000000000  0.020547979441671  0.000756832213251  -0.001924864994202  0.000021910551144  -0.000437297063818
1.180000000000000  0.146197420262559  0.501259156577700  0.021328487713477  0.689436359184582  0.577990023617158
1.180000000000000  0.021138107474062  0.000783716118428  -0.001968303077793  0.000023742386802  -0.000443653625227
1.190000000000000  0.152660072541612  0.507126521629001  0.020696285839973  0.691177043412131  0.583575929911459
1.190000000000000  0.021720191243584  0.000810567212139  -0.002011322382140  0.000025580157503  -0.000449989275217
1.200000000000000  0.159022792350413  0.512782011108700  0.020093649667884  0.692841162983637  0.588864629756601
1.200000000000000  0.022295655397418  0.000837445734312  -0.002054002376018  0.000027423969497  -0.000456305159224
1.210000000000000  0.165309532889758  0.518238214941440  0.019512952541249  0.694432303564028  0.593888743994769
1.210000000000000  0.022864635420913  0.000864359639875  -0.002096358016030  0.000029271402705  -0.000462600988728
1.220000000000000  0.171468741189289  0.523507967908158  0.018959269029218  0.695958909573548  0.598664823816242
1.220000000000000  0.023427687287778  0.000891329183705  -0.002138436848077  0.000031126014044  -0.000468882903257
1.230000000000000  0.177559455168508  0.528609594833984  0.018425320393200  0.697421091166037  0.603211608505262
1.230000000000000  0.023985601985053  0.000918392947401  -0.002180273182275  0.000032984888696  -0.000475146891544
1.240000000000000  0.183543555349647  0.533548786147397  0.017913560492198  0.698825513213261  0.607547354623400
1.240000000000000  0.024538375496584  0.000945548717032  -0.002221883455876  0.000034850779815  -0.000481397542806
1.250000000000000  0.189436793860617  0.538339844528141  0.017421426916868  0.700174826560755  0.611685575812824
1.250000000000000  0.025086693277297  0.000972828229208  -0.002263303890875  0.000036723292855  -0.000487634585318
1.260000000000000  0.195243500737202  0.542990805215295  0.016947792687509  0.701471903493455  0.615639361332419
1.260000000000000  0.025630766450688  0.001000241947115  -0.002304549398696  0.000038602946802  -0.000493858244169
1.270000000000000  0.200957995046243  0.547508164997178  0.016491571071627  0.702720338362247  0.619423456120943
1.270000000000000  0.026170702576569  0.001027795505889  -0.002345632610460  0.000040490643249  -0.000500069929246
1.280000000000000  0.206595234940642  0.551903911842730  0.016051930012580  0.703921722016997  0.623044180723373
1.280000000000000  0.026707174152493  0.001055520125722  -0.002386585032126  0.000042386454703  -0.000506268539776
1.290000000000000  0.212137596228353  0.556180102138577  0.015628832162584  0.705080166301174  0.626516489704148
1.290000000000000  0.027239972842848  0.001083406886690  -0.002427406851759  0.000044292137007  -0.000512456610468
1.300000000000000  0.217607326827460  0.560345649708702  0.015219426727183  0.706196268576028  0.629847341168761
1.300000000000000  0.027769493286945  0.001111476494511  -0.002468113961334  0.000046206910969  -0.000518632005053
1.310000000000000  0.222988249805498  0.564409229615129  0.014837210627012  0.707273662338661  0.633043411514603
1.310000000000000  0.028247099045899  0.001139742262931  -0.002508728712782  0.000048132917367  -0.000524796960224
1.320000000000000  0.228300543491764  0.568370330575651  0.014455321644660  0.708312734979916  0.636113671890371
1.320000000000000  0.028774820691995  0.001168208448152  -0.002549248859930  0.000050069239615  -0.000530949291811
1.330000000000000  0.233530281020679  0.572235204032512  0.014086872146847  0.709316699349383  0.639067029759278
1.330000000000000  0.029299285373297  0.001196878096362  -0.002589684562478  0.000052017702549  -0.000537090965489
1.340000000000000  0.238686232327812  0.576009659879279  0.013730839364695  0.710286632399183  0.641908143592616
1.340000000000000  0.029820789227287  0.001225764633093  -0.002630046914181  0.000053978394392  -0.000543221019966
1.350000000000000  0.243768250738843  0.579697607252906  0.013387092529034  0.711224341991290  0.644642692649519
1.350000000000000  0.030339472104115  0.001254874216187  -0.002670343193395  0.000055952075352  -0.000549339664887
1.360000000000000  0.248780730144636  0.583301938011946  0.013053799729620  0.712130988964374  0.647278720136045
1.360000000000000  0.030855329666378  0.001284207965030  -0.002710572480102  0.000057939027082  -0.000555446264776
1.370000000000000  0.253726699020103  0.586829049988655  0.012731799089032  0.713007856103739  0.649817048389356
1.370000000000000  0.031368829785238  0.001313786292704  -0.002750754472815  0.000059939759260  -0.000561540452798
1.380000000000000  0.258599658497947  0.590279267357036  0.012420512902937  0.713857048965831  0.652266314125031
1.380000000000000  0.031879755968508  0.001343600192035  -0.002790883133894  0.000061955415990  -0.000567623226909
1.390000000000000  0.263410267829709  0.593656465522435  0.012118240191341  0.714678891091099  0.654630129038003
1.390000000000000  0.032388256159345  0.001373658032654  -0.002830961334831  0.000063985669231  -0.000573692958800
1.400000000000000  0.268151500382748  0.596964809551806  0.011826685254129  0.715475387741164  0.656911144069553
1.400000000000000  0.032894623295465  0.001403972035098  -0.002871004758466  0.000066031855618  -0.000579750693975
1.410000000000000  0.272833026352457  0.600205230980801  0.011543182599379  0.716246788516295  0.659115471270837
1.410000000000000  0.033398676338208  0.001434536764634  -0.002911002250501  0.000068093637221  -0.000585794833587
1.420000000000000  0.277450281134964  0.603381504092974  0.011268970878240  0.716994768303964  0.661245202948831
1.420000000000000  0.033900674233357  0.001465363509815  -0.002950967145768  0.000070172017297  -0.000591826089758
1.430000000000000  0.282006770024431  0.606496572961515  0.011003566526242  0.717720028379454  0.663303014934506
1.430000000000000  0.034400745834418  0.001496459290930  -0.002990903541954  0.000072267174259  -0.000597843717334
1.440000000000000  0.286503396036711  0.609551027517169  0.010745773126112  0.718423534935814  0.665294604367515
1.440000000000000  0.034898737471468  0.001527818729303  -0.003030804754080  0.000074379569815  -0.000603847461564
1.450000000000000  0.290941295526544  0.612548206990701  0.010496048705728  0.719106213637283  0.667221198748853
1.450000000000000  0.035394868251580  0.001559452286251  -0.003070679878140  0.000076509616381  -0.000609837073026
1.460000000000000  0.295322679368938  0.615488884055782  0.010253288173429  0.719768754080838  0.669087066063641
1.460000000000000  0.035889021621681  0.001591356301113  -0.003110522931589  0.000078657563937  -0.000615811980001
1.470000000000000  0.299648171970405  0.618377184745061  0.010018271298577  0.720411974267383  0.670892386391205
1.470000000000000  0.036381537694253  0.001623546774290  -0.003150347986722  0.000080823746765  -0.000621771881755
1.480000000000000  0.303917495622754  0.621212688152680  0.009790069993651  0.721036824654080  0.672642179183910
1.480000000000000  0.036872178729620  0.001656014214843  -0.003190145257173  0.000083008716356  -0.000627716767206
1.490000000000000  0.308133932212011  0.623998275589318  0.009568441040707  0.721643718625007  0.674337698946268
1.490000000000000  0.037361122947706  0.001688768104532  -0.003229920473588  0.000085212519574  -0.000633645775427
1.500000000000000  0.312296436317120  0.626735188096419  0.009353442852098  0.722233616350542  0.675981383789398
1.500000000000000  0.037848370472153  0.001721809255559  -0.003269674243025  0.000087435651005  -0.000639559030147
1.510000000000000  0.316407264756377  0.629425253365821  0.009144685411511  0.722807009103790  0.677575284491636
1.510000000000000  0.038333983940862  0.001755141905849  -0.003309407928921  0.000089678276595  -0.000645455908356
1.520000000000000  0.320468855620281  0.632069607585097  0.008941585693200  0.723364296168030  0.679121539061766
1.520000000000000  0.038817942130162  0.001788766529098  -0.003349118977337  0.000091940490612  -0.000651335667699
1.530000000000000  0.324480360876774  0.634669744995291  0.008744266384917  0.723906272553140  0.680622014208037
1.530000000000000  0.039300294299825  0.001822686236270  -0.003388809698770  0.000094222699428  -0.000657198306363
1.540000000000000  0.328443687560740  0.637227066994541  0.008552476629557  0.724433426488990  0.682078459841862
1.540000000000000  0.039781072309202  0.001856903721904  -0.003428480397858  0.000096525083816  -0.000663043333941
1.550000000000000  0.332359346688830  0.639742822131913  0.008366079025569  0.724946335479480  0.683492606990218
1.550000000000000  0.040260297850746  0.001891421068849  -0.003468131437817  0.000098847884699  -0.000668870463885
1.560000000000000  0.336228112238356  0.642218159740254  0.008184803564528  0.725445478893125  0.684866163482304
1.560000000000000  0.040737980612997  0.001926239922070  -0.003507762321325  0.000101191272655  -0.000674679278403
1.570000000000000  0.340050980992178  0.644654315215718  0.008008547349215  0.725931352099888  0.686200603207156
1.570000000000000  0.041214151057020  0.001961362765413  -0.003547373580391  0.000103555444753  -0.000680469430787
1.580000000000000  0.343828823908992  0.647052330030997  0.007837117116372  0.726404392591235  0.687497422920741
1.580000000000000  0.041688816606918  0.001996791049097  -0.003586964579393  0.000105940561008  -0.000686240509442
1.590000000000000  0.347562422176638  0.649413291879618  0.007670313759236  0.726865053761317  0.688758007630591
1.590000000000000  0.042161994485476  0.002032526711172  -0.003626535265176  0.000108346749515  -0.000691992171354
1.600000000000000  0.351252637194423  0.651738205666676  0.007508009762151  0.727313752528480  0.689983645519414
1.600000000000000  0.042633697641657  0.002068571392983  -0.003666085290591  0.000110774149963  -0.000697724044428
1.610000000000000  0.354900239338093  0.654028062779516  0.007350066847851  0.727750876195871  0.691175675900516
1.610000000000000  0.043103940758849  0.002104926817903  -0.003705614313435  0.000113222916265  -0.000703435737632
1.620000000000000  0.358506012561057  0.656283732025326  0.007196331817048  0.728176866424696  0.692335304242379
1.620000000000000  0.043572725700594  0.002141594078571  -0.003745121796388  0.000115693156681  -0.000709126999462
1.630000000000000  0.362070745211619  0.658506170310262  0.007046646723561  0.728591977293028  0.693463675097382
1.630000000000000  0.044040069267025  0.002178575014408  -0.003784606954817  0.000118184960457  -0.000714797254865
1.640000000000000  0.365595134983379  0.660696187818619  0.006900911639520  0.728996660387350  0.694561875568664
1.640000000000000  0.044505974171654  0.002215870669868  -0.003824069474538  0.000120698431270  -0.000720446340198
1.650000000000000  0.369079881376945  0.662854648984744  0.006758965152104  0.729391240272093  0.695630971188357
1.650000000000000  0.044970451610788  0.002253482578143  -0.003863508831333  0.000123233636477  -0.000726073881691
1.660000000000000  0.372525759704663  0.664982292754827  0.006620736050353  0.729776004294216  0.696671983295960
1.660000000000000  0.045433502003667  0.002291411591054  -0.003902923888210  0.000125790678669  -0.000731679463183
1.670000000000000  0.375933354295567  0.667079918353804  0.006486049706539  0.730151296023867  0.697685854937979
1.670000000000000  0.045895133560977  0.002329659074614  -0.003942314220020  0.000128369582085  -0.000737262809214
1.680000000000000  0.379303435712949  0.669148239369769  0.006354820800164  0.730517371725481  0.698673515254202
1.680000000000000  0.046355348697810  0.002368225961445  -0.003981678730589  0.000130970415043  -0.000742823501293
1.690000000000000  0.382636568900675  0.671187971351872  0.006226942959927  0.730874589823982  0.699635834387099
1.690000000000000  0.046814152216711  0.002407113316146  -0.004021017043684  0.000133593216079  -0.000748361353950
1.700000000000000  0.385933434772180  0.673199797416522  0.006102316109637  0.731223179769831  0.700573676002105
1.700000000000000  0.047271547393790  0.002446322091278  -0.004060328072818  0.000136238027264  -0.000753875951948
1.710000000000000  0.389194662027854  0.675184344488690  0.005980805531992  0.731563422541021  0.701487844179985
1.710000000000000  0.047727531166755  0.002485852926705  -0.004099610801131  0.000138904853137  -0.000759367010465
1.720000000000000  0.392420816404015  0.677142307647607  0.005862367470153  0.731895525415195  0.702379110552903
1.720000000000000  0.048182115546024  0.002525707123232  -0.004138864484655  0.000141593734700  -0.000764834120432
1.730000000000000  0.395612471704649  0.679074224523351  0.005746879475011  0.732219825071390  0.703248187610415
1.730000000000000  0.048635290295431  0.002565884873431  -0.004178088219566  0.000144304651359  -0.000770277164864
1.740000000000000  0.398770278161503  0.680980683766153  0.005634240807269  0.732536448853352  0.704095861068789
1.740000000000000  0.049087055322297  0.002606386844976  -0.004217280398615  0.000147037625683  -0.000775695619602
1.750000000000000  0.401894722738357  0.682862359227949  0.005524380280949  0.732845730069034  0.704922752612501
1.750000000000000  0.049537426137854  0.002647214503310  -0.004256441303712  0.000149792631022  -0.000781089412760
1.760000000000000  0.404986374090300  0.684719631606323  0.005417210668424  0.733147832644324  0.705729532946108
1.760000000000000  0.049986377824342  0.002688367098999  -0.004295568561669  0.000152569654455  -0.000786458143357
1.770000000000000  0.408045804971155  0.686553217092564  0.005312645773004  0.733442964834573  0.706516829327552
1.770000000000000  0.050433936053608  0.002729846621036  -0.004334662269085  0.000155368667204  -0.000791801525479
1.780000000000000  0.411073524991170  0.688363518817926  0.005210626839225  0.733731380064262  0.707285273943712
1.780000000000000  0.050880084194434  0.002771652671176  -0.004373721016383  0.000158189659144  -0.000797119392840
1.790000000000000  0.414070000819875  0.690151002280332  0.005111046344320  0.734013208010791  0.708035399022634
1.790000000000000  0.051324814912060  0.002813785395618  -0.004412743112340  0.000161032553505  -0.000802411336689
1.800000000000000  0.417035783264911  0.691916222147463  0.005013903373156  0.734288649464135  0.708767834703388
1.800000000000000  0.051768139468741  0.002856245791350  -0.004451728107262  0.000163897372746  -0.000807677121109
1.810000000000000  0.419971326704557  0.693659633939624  0.004919028026674  0.734557912165361  0.709483070114049
1.810000000000000  0.052210051002390  0.002899034063105  -0.004490674889793  0.000166783992975  -0.000812916547170
1.820000000000000  0.422877095581746  0.695381674018062  0.004826447896746  0.734821187359923  0.710181627066282
1.820000000000000  0.052650548050502  0.002942150402802  -0.004529582490765  0.000169692405751  -0.000818129401714
1.830000000000000  0.425753571143567  0.697082806185393  0.004735994080490  0.735078595622708  0.710864034599353
1.830000000000000  0.053089628657608  0.002985595222246  -0.004568449558652  0.000172622509673  -0.000823315335849
1.840000000000000  0.428601318043289  0.698763381283166  0.004647704615754  0.735330341493279  0.711530717191222
1.840000000000000  0.053527282305983  0.003029368117600  -0.004607274892116  0.000175574258920  -0.000828474205000
1.850000000000000  0.431420647017469  0.700423888829598  0.004561504404411  0.735576549265065  0.712182174506383
1.850000000000000  0.053963517483239  0.003073469899971  -0.004646057667474  0.000178547588421  -0.000833605705949
1.860000000000000  0.434212004814573  0.702066346447893  0.004501087701937  0.735817395971789  0.712818865047350
1.860000000000000  0.054389621385833  0.003117900551748  -0.004684796772650  0.000181542386114  -0.000838709671430
1.870000000000000  0.436975839265175  0.703687807107521  0.004417975062496  0.736053018649593  0.713441188515711
1.870000000000000  0.054823374685917  0.003162659940488  -0.004723490940852  0.000184558578238  -0.000843785862978
1.880000000000000  0.439712647675429  0.705290307195161  0.004336824085753  0.736283624301347  0.714049581238831
1.880000000000000  0.055255675929016  0.003207747875760  -0.004762139358227  0.000187596099417  -0.000848834219304
1.890000000000000  0.442422754225623  0.706874253818674  0.004257515074613  0.736509207854842  0.714644436160551
1.890000000000000  0.055686526634605  0.003253164683191  -0.004800740191314  0.000190654817842  -0.000853854212688
1.900000000000000  0.445106543549611  0.708440034268461  0.004180027928164  0.736730040664053  0.715226136413314
1.900000000000000  0.056115930461477  0.003298910617790  -0.004839293486018  0.000193734647094  -0.000858845963799
1.910000000000000  0.447764492140823  0.709987927909524  0.004104319430457  0.736946179485730  0.715795027972435
1.910000000000000  0.056543874488616  0.003344984968496  -0.004877797232731  0.000196835470881  -0.000863809118457
1.920000000000000  0.450396836974542  0.711518296245639  0.004030327323011  0.737157781679362  0.716351544768693
1.920000000000000  0.056970359514639  0.003391387824592  -0.004916250702797  0.000199957212953  -0.000868743570190
1.930000000000000  0.453004165104273  0.713031487825066  0.003958010814711  0.737364937749588  0.716895947961183
1.930000000000000  0.057395386454676  0.003438119230601  -0.004954652757454  0.000203099714967  -0.000873649073061
1.940000000000000  0.455586745121023  0.714527724557760  0.003887333731512  0.737567794294643  0.717428610645553
1.940000000000000  0.057818937346185  0.003485178039674  -0.004993001852610  0.000206262883290  -0.000878525527672
1.950000000000000  0.458144877669732  0.716007478899540  0.003818211232320  0.737766446218734  0.717949827820316
1.950000000000000  0.058241034300085  0.003532565586180  -0.005031297859446  0.000209446558437  -0.000883372728718
1.960000000000000  0.460678965904587  0.717470879716646  0.003750671954158  0.737961016107170  0.718459991187568
1.960000000000000  0.058661648998711  0.003580279907734  -0.005069538673969  0.000212650693498  -0.000888190550865
1.970000000000000  0.463189375503930  0.718918344522262  0.003684571103393  0.738151585552669  0.718959323532797
1.970000000000000  0.059080795096960  0.003628321883755  -0.005107723794687  0.000215875061493  -0.000892978785717
1.980000000000000  0.465676421043434  0.720350094341796  0.003619964168468  0.738338267646414  0.719448129378119
1.980000000000000  0.059498462703605  0.003676690550692  -0.005145851885583  0.000219119580289  -0.000897737313913
1.990000000000000  0.468140493393496  0.721766449563561  0.003556754948158  0.738520640972430  0.719926693540759
1.990000000000000  0.059914653803650  0.003725385927364  -0.005253887183957  0.000222384084798  -0.000901961153696
2.000000000000000  0.470581792631534  0.723167642226872  0.003494966945372  0.738699885177096  0.720395302159525
2.000000000000000  0.060329361438066  0.003774407215317  -0.005290930817970  0.000225668469714  -0.000906655277417
2.010000000000000  0.473000743590748  0.724553946084836  0.003434499970426  0.738875522075128  0.720854223586773
2.010000000000000  0.060742582001087  0.003823754028415  -0.005327931257138  0.000228972561638  -0.000911319385559
2.020000000000000  0.475397611057347  0.725925598967468  0.003375321744884  0.739047637424720  0.721303691428665
2.020000000000000  0.061154309593322  0.003873425669238  -0.005364887037670  0.000232296199147  -0.000915953349346
2.030000000000000  0.477772796228764  0.727282894758212  0.003317441014462  0.739216364429855  0.721743947111391
2.030000000000000  0.061564550227027  0.003923422090787  -0.005401797080940  0.000235639246133  -0.000920557108533
2.040000000000000  0.480126472129136  0.728626066316992  0.003260821915540  0.739381754628220  0.722175296837843
2.040000000000000  0.061973299185259  0.003973742611823  -0.005438659755134  0.000239001589112  -0.000925130511156
2.050000000000000  0.482459013172683  0.729955329712202  0.003205388530247  0.739543917057363  0.722597864340069
2.050000000000000  0.062380548467149  0.004024386388799  -0.005475473885829  0.000242382978357  -0.000929673485955
2.060000000000000  0.484770673831563  0.731270899127255  0.003151136886984  0.739702886835491  0.723011967448013
2.060000000000000  0.062786293220969  0.004075352597239  -0.005512237790418  0.000245783326771  -0.000934185877980
2.070000000000000  0.487061737825686  0.732573084877300  0.003098039093851  0.739858798896864  0.723417736503378
2.070000000000000  0.063190545355890  0.004126641526183  -0.005548950563251  0.000249202412580  -0.000938667666755
2.080000000000000  0.489332591339975  0.733862043073885  0.003046060536407  0.740011663741853  0.723815492921421
2.080000000000000  0.063593290873480  0.004178251756943  -0.005585610406875  0.000252640141916  -0.000943118683262
2.090000000000000  0.491583354268808  0.735137978345711  0.002995148212013  0.740161608528744  0.724205340629038
2.090000000000000  0.063994524627432  0.004230182440575  -0.005622216433383  0.000256096265075  -0.000947538914893
2.100000000000000  0.493814377734724  0.736401141457329  0.002945330647085  0.740308657511320  0.724587516505433
2.100000000000000  0.064394253118369  0.004282433312344  -0.005658767013980  0.000259570662874  -0.000951928226353
2.110000000000000  0.496025881895302  0.737651721969752  0.002896537554894  0.740452950052905  0.724962214345484
2.110000000000000  0.064792469704001  0.004335003398491  -0.005695261431112  0.000263063142149  -0.000956286638203
2.120000000000000  0.498218187569004  0.738889893991916  0.002848752139599  0.740594466567382  0.725329612043428
2.120000000000000  0.065189167750006  0.004387891583320  -0.005731697784821  0.000266573524696  -0.000960613974507
2.130000000000000  0.500391493963417  0.740115921888768  0.002801956002387  0.740733322670864  0.725689888551132
2.130000000000000  0.065584357379139  0.004441097851389  -0.005768075245256  0.000270101633508  -0.000964910241460
2.140000000000000  0.502546117788225  0.741329886634070  0.002756118881334  0.740869604731241  0.726043238897092
2.140000000000000  0.065978016725575  0.004494620012157  -0.005804392796378  0.000273647299843  -0.000969175415923
2.150000000000000  0.504682225930567  0.742532115028979  0.002711226834268  0.741003293660303  0.726389790138861
2.150000000000000  0.066370168961191  0.004548458875831  -0.005840648628181  0.000277210313050  -0.000973409344382
2.160000000000000  0.506800124422444  0.743722700332650  0.002667248147841  0.741134536562058  0.726729737593844
2.160000000000000  0.066760795943331  0.004602612438927  -0.005876842265564  0.000280790506944  -0.000977612098295
2.170000000000000  0.508899943716145  0.744901845915120  0.002624140445514  0.741263322232153  0.727063254861935
2.170000000000000  0.067149899598191  0.004657080055964  -0.005912972019123  0.000284387696324  -0.000981783548714
2.180000000000000  0.510982079191141  0.746069689464266  0.002581939598207  0.741389759772886  0.727390440825419
2.180000000000000  0.067537473541184  0.004711860319877  -0.005949037183173  0.000288001674891  -0.000985923732415
2.190000000000000  0.513046593170525  0.747226483103255  0.002540520233538  0.741513886398274  0.727711523016375
2.190000000000000  0.067923527176961  0.004766953221600  -0.005985036512786  0.000291632265256  -0.000990032598415
2.200000000000000  0.515093856806843  0.748372328438319  0.002499996916173  0.741635721931910  0.728026587942420
2.200000000000000  0.068308051939102  0.004822356974876  -0.006020968649111  0.000295279289314  -0.000994110079001
2.210000000000000  0.517123958805632  0.749507414680557  0.002460242426903  0.741755397934308  0.728335793449805
2.210000000000000  0.068691047387397  0.004878070827139  -0.006056833169560  0.000298942517458  -0.000998156262946
2.220000000000000  0.519137268643925  0.750631865790900  0.002421292867950  0.741872846443317  0.728639294174980
2.220000000000000  0.069072507534239  0.004934093263886  -0.006092628057703  0.000302621793266  -0.001002170977849
2.230000000000000  0.521133858295840  0.751745927129631  0.002383106285250  0.741988198605636  0.728937168675410
2.230000000000000  0.069452446805751  0.004990424362837  -0.006128352948745  0.000306316863840  -0.001006154325418
2.240000000000000  0.523114002594086  0.752849642900193  0.002345685089309  0.742101518845647  0.729229610106887
2.240000000000000  0.069830844814827  0.005047061580050  -0.006164006968024  0.000310027592659  -0.001010106324675
2.250000000000000  0.525077940031480  0.753943204211683  0.002309007917257  0.742212780471997  0.729516709722915
2.250000000000000  0.070207708034642  0.005104004321239  -0.006199588511459  0.000313753749448  -0.001014026876806
2.260000000000000  0.527025767037979  0.755026835469760  0.002273005209224  0.742322121682484  0.729798623596271
2.260000000000000  0.070583048294730  0.005161252467715  -0.006235097374457  0.000317495139085  -0.001017916113808
2.270000000000000  0.528957692583848  0.756100590421715  0.002237727714347  0.742429484459585  0.730075439606702
2.270000000000000  0.070956850604487  0.005218803656517  -0.006270531740298  0.000321251562915  -0.001021773905568
2.280000000000000  0.530874062496163  0.757164600027354  0.002203150661027  0.742534965519591  0.730347277968223
2.280000000000000  0.071329112119404  0.005276656539045  -0.006305891114752  0.000325022817966  -0.001025600339605
2.290000000000000  0.532774921929936  0.758219107369211  0.002169181577223  0.742638608336581  0.730614232000756
2.290000000000000  0.071699849550678  0.005334811336022  -0.006341174586016  0.000328808649445  -0.001029395436533
2.300000000000000  0.534660500373288  0.759264127691594  0.002135950631133  0.742740475200008  0.730876478854356
2.300000000000000  0.072069045050556  0.005393265188327  -0.006376381430810  0.000332608976704  -0.001033159248879
2.310000000000000  0.536531028351321  0.760299871773206  0.002103300577926  0.742840551536031  0.731134064198774
2.310000000000000  0.072436708271592  0.005452017889202  -0.006411510292751  0.000336423477781  -0.001036891727891
2.320000000000000  0.538386635263021  0.761326429874257  0.002071259746151  0.742938891764920  0.731387085263246
2.320000000000000  0.072802833197058  0.005511067619510  -0.006446560430106  0.000340251958611  -0.001040592925888
2.330000000000000  0.540227482833138  0.762343960506714  0.002039881489755  0.743035556179486  0.731635702689646
2.330000000000000  0.073167428106699  0.005570413557414  -0.006481531180914  0.000344094296470  -0.001044262909113
2.340000000000000  0.542053822592060  0.763352584990912  0.002009053870922  0.743130555046639  0.731879954611629
2.340000000000000  0.073530489197398  0.005630054311390  -0.006516421474001  0.000347950185681  -0.001047901678955
2.350000000000000  0.543865765589499  0.764352374557993  0.001978818438906  0.743223945029394  0.732119985643244
2.350000000000000  0.073892008872989  0.005689987815739  -0.006551230667270  0.000351819487834  -0.001051509307089
2.360000000000000  0.545663465590193  0.765343521264341  0.001949172925459  0.743315751555034  0.732355861818526
2.360000000000000  0.074252001770704  0.005750213792186  -0.006585957870324  0.000355701973297  -0.001055085826288
2.370000000000000  0.547447167543621  0.766326088573416  0.001920054438652  0.743405980168979  0.732587638102030
2.370000000000000  0.074610456303981  0.005810730050544  -0.006620602038281  0.000359597376591  -0.001058631245764
2.380000000000000  0.549217018887329  0.767300244985811  0.001891469309021  0.743494712620306  0.732815449505066
2.380000000000000  0.074967384033729  0.005871536013576  -0.006655162827191  0.000363505541106  -0.001062145687902
2.390000000000000  0.550973174211772  0.768266046700486  0.001863441965749  0.743581975393480  0.733039395040376
2.390000000000000  0.075322775940570  0.005932629429321  -0.006689639428409  0.000367426285577  -0.001065629201497
2.400000000000000  0.552715709240571  0.769223639661200  0.001835921537643  0.743667756829929  0.733259519192792
2.400000000000000  0.075676638449983  0.005994009401413  -0.006724030710699  0.000371359344235  -0.001069081785019
2.410000000000000  0.554444942930636  0.770173140351593  0.001808887628286  0.743752121564959  0.733475916782559
2.410000000000000  0.076028973690667  0.006055674611686  -0.006758336251342  0.000375304515849  -0.001072503550705
2.420000000000000  0.556160868437153  0.771114635983559  0.001782403923644  0.743835098351292  0.733688694326863
2.420000000000000  0.076379781534480  0.006117623335200  -0.006792555328803  0.000379261648603  -0.001075894563914
2.430000000000000  0.557863718181783  0.772048236635320  0.001756358458563  0.743916719282956  0.733897902018257
2.430000000000000  0.076729060848224  0.006179854151476  -0.006826687274425  0.000383230461808  -0.001079254899148
2.440000000000000  0.559553681014666  0.772974054175740  0.001730797320871  0.743996979677556  0.734103561172032
2.440000000000000  0.077076816656030  0.006242365747259  -0.006860731103070  0.000387210711049  -0.001082584581670
2.450000000000000  0.561230788757497  0.773892180331279  0.001705696523911  0.744075946119166  0.734305838357729
2.450000000000000  0.077423048171491  0.006305156472848  -0.006894686505870  0.000391202276457  -0.001085883744305
2.460000000000000  0.562895319909674  0.774802694836475  0.001681059197017  0.744153621151026  0.734504775669360
2.460000000000000  0.077767753483020  0.006368224504340  -0.006928552606176  0.000395204921782  -0.001089152430841
2.470000000000000  0.564547344840754  0.775705762987541  0.001656862894510  0.744230033607779  0.734700429089930
2.470000000000000  0.078110947449636  0.006431569428543  -0.006962328790184  0.000399218415837  -0.001092390727182
2.480000000000000  0.566187030503071  0.776601429103058  0.001633105652932  0.744305216905861  0.734892879770703
2.480000000000000  0.078452621916441  0.006495188875973  -0.006996014508565  0.000403242564738  -0.001095598729865
2.490000000000000  0.567814491283571  0.777489767884010  0.001609780173755  0.744379197350338  0.735082152124126
2.490000000000000  0.078792775028416  0.006559080975409  -0.007029609166885  0.000407277112175  -0.001098776528812
2.500000000000000  0.580720000079891  0.782360000107631  0.002400000000330  0.744000000102354  0.735000000101116
2.500000000000000  0.079957664991606  0.006690833970050  -0.007058823755288  0.000411349916600  -0.001101255173819
2.510000000000000  0.582157176051969  0.783173825183135  0.002361980949692  0.744071427919452  0.735178569643861
2.510000000000000  0.080284528566521  0.006754804588157  -0.007092212568871  0.000415389150004  -0.001104370686183
2.520000000000000  0.583585548531820  0.783981742807548  0.002324711764032  0.744141726457818  0.735354315989777
2.520000000000000  0.080610036636582  0.006819047763095  -0.007125508644765  0.000419438415476  -0.001107456294116
2.530000000000000  0.585005184084425  0.784783815902762  0.002288174765288  0.744210917947002  0.735527294712735
2.530000000000000  0.080934188873090  0.006883561845168  -0.007158711430534  0.000423497496617  -0.001110512095640
2.540000000000000  0.586416148894759  0.785580106503275  0.002252352759712  0.744279024093511  0.735697560079009
2.540000000000000  0.081256985107418  0.006948345174200  -0.007191820387917  0.000427566177535  -0.001113538191304
2.550000000000000  0.587818508761555  0.786370675772150  0.002217229022769  0.744346066095120  0.735865165083029
2.550000000000000  0.081578425328151  0.007013396079823  -0.007224834992684  0.000431644242885  -0.001116534684119
2.560000000000000  0.589212329091538  0.787155584016606  0.002182787284555  0.744412064654718  0.736030161482025
2.560000000000000  0.081898509678252  0.007078712881765  -0.007257754734497  0.000435731477897  -0.001119501679496
2.570000000000000  0.590597674894088  0.787934890703250  0.002149011715734  0.744477039993744  0.736192599829591
2.570000000000000  0.082217238452232  0.007144293890144  -0.007290579116763  0.000439827668407  -0.001122439285185
2.580000000000000  0.591974610776323  0.788708654472968  0.002115886913948  0.744541011865194  0.736352529508216
2.580000000000000  0.082534612093361  0.007210137405749  -0.007323307656502  0.000443932600895  -0.001125347611213
2.590000000000000  0.593343200938590  0.789476933155486  0.002083397890713  0.744603999566233  0.736509998760813
2.590000000000000  0.082850631190882  0.007276241720323  -0.007355939884197  0.000448046062506  -0.001128226769822
2.600000000000000  0.594703509170324  0.790239783783603  0.002051530058754  0.744666021950420  0.736665054721281
2.600000000000000  0.083165296477261  0.007342605116853  -0.007388475343659  0.000452167841089  -0.001131076875410
2.610000000000000  0.596055598846287  0.790997262607107  0.002020269219777  0.744727097439562  0.736817743444136
2.610000000000000  0.083478608825444  0.007409225869841  -0.007420913591882  0.000456297725218  -0.001133898044471
2.620000000000000  0.597399532923144  0.791749425106391  0.001989601552663  0.744787244035203  0.736968109933239
2.620000000000000  0.083790569246152  0.007476102245589  -0.007453254198902  0.000460435504228  -0.001136690395537
2.630000000000000  0.598735373936379  0.792496326005761  0.001959513602057  0.744846479329769  0.737116198169653
2.630000000000000  0.084101178885186  0.007543232502475  -0.007485496747659  0.000464580968237  -0.001139454049119
2.640000000000000  0.600063183997525  0.793238019286471  0.001929992267352  0.744904820517371  0.737262051138659
2.640000000000000  0.084410439020760  0.007610614891223  -0.007517640833853  0.000468733908176  -0.001142189127649
2.650000000000000  0.601383024791706  0.793974558199457  0.001901024792033  0.744962284404292  0.737405710855962
2.650000000000000  0.084718351060859  0.007678247655182  -0.007549686065804  0.000472894115818  -0.001144895755425
2.660000000000000  0.602694957575458  0.794705995277812  0.001872598753394  0.745018887419152  0.737547218393111
2.660000000000000  0.085024916540615  0.007746129030592  -0.007581632064312  0.000477061383798  -0.001147574058555
2.670000000000000  0.603999043174831  0.795432382348989  0.001844702052588  0.745074645622770  0.737686613902155
2.670000000000000  0.085330137119714  0.007814257246853  -0.007613478462518  0.000481235505643  -0.001150224164897
2.680000000000000  0.605295341983761  0.796153770546745  0.001817322905015  0.745129574717738  0.737823936639576
2.680000000000000  0.085634014579817  0.007882630526791  -0.007645224905759  0.000485416275795  -0.001152846204010
2.690000000000000  0.606583913962686  0.796870210322834  0.001790449831030  0.745183690057708  0.737959224989501
2.690000000000000  0.085936550822017  0.007951247086923  -0.007676871051436  0.000489603489637  -0.001155440307099
2.700000000000000  0.607864818637401  0.797581751458452  0.001764071646954  0.745237006656403  0.738092516486239
2.700000000000000  0.086237747864313  0.008020105137719  -0.007708416568865  0.000493796943512  -0.001158006606959
2.710000000000000  0.609138115098152  0.798288443075446  0.001738177456388  0.745289539196367  0.738223847836149
2.710000000000000  0.086537607839109  0.008089202883858  -0.007739861139149  0.000497996434751  -0.001160545237924
2.720000000000000  0.610403861998937  0.798990333647290  0.001712756641810  0.745341302037456  0.738353254938871
2.720000000000000  0.086836132990740  0.008158538524490  -0.007771204455028  0.000502201761693  -0.001163056335813
2.730000000000000  0.611662117557019  0.799687471009831  0.001687798856447  0.745392309225080  0.738480772907932
2.730000000000000  0.087133325673023  0.008228110253487  -0.007802446220750  0.000506412723705  -0.001165540037884
2.740000000000000  0.612912939552640  0.800379902371815  0.001663294016412  0.745442574498211  0.738606436090758
2.740000000000000  0.087429188346833  0.008297916259695  -0.007833586151927  0.000510629121206  -0.001167996482778
2.750000000000000  0.614156385328917  0.801067674325205  0.001639232293102  0.745492111297150  0.738730278088105
2.750000000000000  0.087723723577704  0.008367954727187  -0.007864623975401  0.000514850755685  -0.001170425810472
2.760000000000000  0.615392511791918  0.801750832855276  0.001615604105834  0.745540932771077  0.738852331772924
2.760000000000000  0.088016934033456  0.008438223835511  -0.007895559429106  0.000519077429723  -0.001172828162228
2.770000000000000  0.616621375410918  0.802429423350517  0.001592400114728  0.745589051785383  0.738972629308690
2.770000000000000  0.088308822481845  0.008508721759931  -0.007926392261931  0.000523308947010  -0.001175203680547
2.780000000000000  0.617843032218798  0.803103490612329  0.001569611213810  0.745636480928787  0.739091202167199
2.780000000000000  0.088599391788248  0.008579446671672  -0.007957122233584  0.000527545112364  -0.001177552509118
2.790000000000000  0.619057537812619  0.803773078864527  0.001547228524346  0.745683232520253  0.739208081145864
2.790000000000000  0.088888644913358  0.008650396738163  -0.007987749114458  0.000531785731752  -0.001179874792774
2.800000000000000  0.620264947354326  0.804438231762659  0.001525243388381  0.745729318615711  0.739323296384509
2.800000000000000  0.089176584910924  0.008721570123269  -0.008018272685495  0.000536030612304  -0.001182170677445
2.810000000000000  0.621465315571599  0.805098992403130  0.001503647362488  0.745774751014587  0.739436877381699
2.810000000000000  0.089463214925499  0.008792964987533  -0.008048692738052  0.000540279562329  -0.001184440310111
2.820000000000000  0.622658696758832  0.805755403332155  0.001482432211715  0.745819541266145  0.739548853010592
2.820000000000000  0.089748538190230  0.008864579488404  -0.008079009073769  0.000544532391337  -0.001186683838756
2.830000000000000  0.623845144778237  0.806407506554535  0.001461589903720  0.745863700675652  0.739659251534361
2.830000000000000  0.090032558024662  0.008936411780468  -0.008109221504431  0.000548788910050  -0.001188901412328
2.840000000000000  0.625024713061072  0.807055343542253  0.001441112603099  0.745907240310377  0.739768100621174
2.840000000000000  0.090315277832574  0.009008460015678  -0.008139329851843  0.000553048930417  -0.001191093180692
2.850000000000000  0.626197454608968  0.807698955242911  0.001420992665884  0.745950171005410  0.739875427358756
2.850000000000000  0.090596701099842  0.009080722343577  -0.008169333947693  0.000557312265632  -0.001193259294588
2.860000000000000  0.627363421995379  0.808338382088004  0.001401222634215  0.745992503369326  0.739981258268545
2.860000000000000  0.090876831392328  0.009153196911522  -0.008199233633421  0.000561578730147  -0.001195399905586
2.870000000000000  0.628522667367116  0.808973664001026  0.001381795231181  0.746034247789691  0.740085619319458
2.870000000000000  0.091155672353791  0.009225881864904  -0.008229028760091  0.000565848139683  -0.001197515166051
2.880000000000000  0.629675242445986  0.809604840405428  0.001362703355821  0.746075414438416  0.740188535941271
2.880000000000000  0.091433227703828  0.009298775347365  -0.008258719188263  0.000570120311247  -0.001199605229095
2.890000000000000  0.630821198530520  0.810231950232424  0.001343940078276  0.746116013276963  0.740290033037638
2.890000000000000  0.091709501235846  0.009371875501011  -0.008288304787857  0.000574395063141  -0.001201670248543
2.900000000000000  0.631960586497775  0.810855031928638  0.001325498635095  0.746156054061402  0.740390134998737
2.900000000000000  0.091984496815047  0.009445180466629  -0.008317785438033  0.000578672214978  -0.001203710378886
2.910000000000000  0.633093456805231  0.811474123463621  0.001307372424686  0.746195546347343  0.740488865713590
2.910000000000000  0.092258218376455  0.009518688383893  -0.008347161027059  0.000582951587691  -0.001205725775251
2.920000000000000  0.634219859492753  0.812089262337215  0.001289555002897  0.746234499494719  0.740586248582028
2.920000000000000  0.092530669922959  0.009592397391571  -0.008376431452185  0.000587233003543  -0.001207716593354
2.930000000000000  0.635339844184621  0.812700485586784  0.001272040078749  0.746272922672444  0.740682306526341
2.930000000000000  0.092801855523385  0.009666305627733  -0.008405596619518  0.000591516286141  -0.001209682989470
2.940000000000000  0.636453460091638  0.813307829794302  0.001254821510281  0.746310824862952  0.740777062002611
2.940000000000000  0.093071779310592  0.009740411229948  -0.008434656443896  0.000595801260445  -0.001211625120390
2.950000000000000  0.637560756013283  0.813911331093324  0.001237893300535  0.746348214866601  0.740870537011734
2.950000000000000  0.093340445479602  0.009814712335487  -0.008463610848766  0.000600087752774  -0.001213543143390
2.960000000000000  0.638661780339943  0.814511025175808  0.001221249593653  0.746385101305967  0.740962753110149
2.960000000000000  0.093607858285747  0.009889207081519  -0.008492459766057  0.000604375590822  -0.001215437216190
2.970000000000000  0.639756581055179  0.815106947298829  0.001204884671098  0.746421492630019  0.741053731420279
2.970000000000000  0.093874022042844  0.009963893605302  -0.008521203136059  0.000608664603659  -0.001217307496925
2.980000000000000  0.640845205738056  0.815699132291154  0.001188792947985  0.746457397118184  0.741143492640691
2.980000000000000  0.094138941121401  0.010038770044380  -0.008549840907304  0.000612954621748  -0.001219154144103
2.990000000000000  0.641927701565517  0.816287614559709  0.001172968969524  0.746492822884303  0.741232057055987
2.990000000000000  0.094402619946841  0.010113834536765  -0.008578373036441  0.000617245476942  -0.001220977316581
3.000000000000000  0.643004115314797  0.816872428095918  0.001157407407567  0.746527777880479  0.741319444546430
3.000000000000000  0.094665062997761  0.010189085221129  -0.008606799488117  0.000621537002504  -0.001222777173521
