1.010000000000000009e+00  1.020621505172378818e+02  4.727013730454306284e+00  -3.433800344894316625e-01  1.720254079657706825e+00  2.997791794270942223e+00
1.010000000000000009e+00  -1.802187567607099972e+00  -3.712073794695534001e-01  3.151421294255524197e-01  -7.653196484273716571e-02  1.031621001406535232e-01
1.020000000000000018e+00  5.192269812012020935e+01  4.336196747884168090e+00  -2.568791213287779374e-01  1.703435601259651433e+00  2.647555322551659263e+00
1.020000000000000018e+00  -1.798903569365204680e+00  -3.681466391870003019e-01  3.140405857305619275e-01  -7.597889722007311608e-02  1.027754805811366134e-01
1.030000000000000027e+00  3.517437979829174566e+01  4.147209048596544712e+00  -2.080987242524778569e-01  1.690216666232979170e+00  2.450759718658700681e+00
1.030000000000000027e+00  -1.795375787230572451e+00  -3.654153588717057310e-01  3.130428390068344946e-01  -7.555651854908218557e-02  1.024317810388062355e-01
1.040000000000000036e+00  2.678295415141175084e+01  4.011591542292061163e+00  -1.755296735661919794e-01  1.678949547450311996e+00  2.316788579158105321e+00
1.040000000000000036e+00  -1.792741820144934328e+00  -3.629754549615518133e-01  3.121470607386563900e-01  -7.523363630765758647e-02  1.021112792562581806e-01
1.050000000000000044e+00  2.173739631962378382e+01  3.905114632773662109e+00  -1.516851492203813156e-01  1.669067391587204963e+00  2.217242494180861723e+00
1.050000000000000044e+00  -1.790260085664401979e+00  -3.607959651984349314e-01  3.113451256566637237e-01  -7.498978053475591210e-02  1.018097829393493914e-01
1.060000000000000053e+00  1.836697562695100672e+01  3.817866890058112084e+00  -1.333854942649939923e-01  1.660225242494370201e+00  2.139471134171263333e+00
1.060000000000000053e+00  -1.788025249420145180e+00  -3.588224112711622116e-01  3.105170581055427537e-01  -7.481221728134823667e-02  1.015674009132849775e-01
1.070000000000000062e+00  1.595459313854028949e+01  3.744021466115972974e+00  -1.189190409549491373e-01  1.652250965397876747e+00  2.076726954082828147e+00
1.070000000000000062e+00  -1.785989195197473123e+00  -3.570924663893917383e-01  3.099138286862154201e-01  -7.469238500773020539e-02  1.012823011834296238e-01
1.080000000000000071e+00  1.414159071759742936e+01  3.680573725029911536e+00  -1.072691084051935750e-01  1.644973449401806231e+00  2.024981638972970899e+00
1.080000000000000071e+00  -1.784127944883959982e+00  -3.555447989743311110e-01  3.093722797710786732e-01  -7.462321840153798846e-02  1.010183628768543951e-01
1.090000000000000080e+00  1.272857713124567880e+01  3.624810393500129013e+00  -9.777834129950221942e-02  1.638289486470401846e+00  1.981636967716488895e+00
1.090000000000000080e+00  -1.782419664990017250e+00  -3.541601741689039962e-01  3.088839036398217108e-01  -7.459871936273186621e-02  1.007709982264969328e-01
1.100000000000000089e+00  1.117130401812393714e+01  3.575359425843310124e+00  -9.615555780663906371e-02  1.632102258811964912e+00  1.948955138923758046e+00
1.100000000000000089e+00  -1.780853317628200649e+00  -3.529512275455229942e-01  3.084419959764554409e-01  -7.461601393195206600e-02  1.005215771455220120e-01
1.110000000000000098e+00  1.036295495478914575e+01  3.531028163264876785e+00  -8.774528775254070156e-02  1.626364609121940807e+00  1.913977760368431369e+00
1.110000000000000098e+00  -1.779392002918517734e+00  -3.518433667828126943e-01  3.080450078826812432e-01  -7.466567753271374785e-02  1.003042584580962071e-01
1.120000000000000107e+00  9.664177872829750271e+00  3.490896532290685084e+00  -8.040564689233996309e-02  1.621021014643226898e+00  1.882659922842509159e+00
1.120000000000000107e+00  -1.778033407147797895e+00  -3.508560067522499271e-01  3.076879752329343409e-01  -7.474618954607004095e-02  1.000957241687139287e-01
1.129999999999999893e+00  9.069882202028693996e+00  3.454382297464634100e+00  -7.401700183370396591e-02  1.616015142577972075e+00  1.854495741167754730e+00
1.129999999999999893e+00  -1.776764147307359210e+00  -3.499714985536189760e-01  3.073683031419959244e-01  -7.490152010762912704e-02  9.989647990299077573e-02
1.140000000000000124e+00  8.545009946517907906e+00  3.420805522882020888e+00  -6.836092994035242176e-02  1.611326176705280444e+00  1.828978642151981582e+00
1.140000000000000124e+00  -1.775572525625038312e+00  -3.491936398036317168e-01  3.070810453739210577e-01  -7.502559859390976749e-02  9.970304907475868728e-02
1.149999999999999911e+00  8.088503529164770001e+00  3.389889123846075769e+00  -6.335231452876838310e-02  1.606909881215053071e+00  1.805714374354003837e+00
1.149999999999999911e+00  -1.774444090824621068e+00  -3.485060203357913666e-01  3.068241947789612234e-01  -7.517267130622334870e-02  9.951639596896236228e-02
1.159999999999999920e+00  7.682019899058746049e+00  3.361218321875206083e+00  -5.885950274097917490e-02  1.602751272601305788e+00  1.784415472262555369e+00
1.159999999999999920e+00  -1.773380622149313135e+00  -3.479006297967436323e-01  3.065950523820796247e-01  -7.534008179147302919e-02  9.933602001957300698e-02
1.169999999999999929e+00  7.322483365346450057e+00  3.334518334539200879e+00  -5.481299164267465496e-02  1.598819132784529806e+00  1.764834746721704262e+00
1.169999999999999929e+00  -1.772369457609634713e+00  -3.473702315885214276e-01  3.063911371820198237e-01  -7.552552281582916582e-02  9.916146410721052296e-02
1.179999999999999938e+00  6.999648327879425480e+00  3.309583338220305482e+00  -5.121483485528333102e-02  1.595099400197627304e+00  1.746757869144985875e+00
1.179999999999999938e+00  -1.771390909512098322e+00  -3.469082720876441872e-01  3.062101826562239060e-01  -7.572700593240605516e-02  9.899229980965672249e-02
1.189999999999999947e+00  6.709557358324842014e+00  3.286236063532836038e+00  -4.796530551232284362e-02  1.591571705892695920e+00  1.729999133820165902e+00
1.189999999999999947e+00  -1.770468881546332085e+00  -3.465087226028209511e-01  3.060501084510054981e-01  -7.594278541237647895e-02  9.882812597133019961e-02
1.199999999999999956e+00  6.446931510128811382e+00  3.264270860329879120e+00  -4.502776703157137378e-02  1.588222543226370798e+00  1.714438357961161286e+00
1.199999999999999956e+00  -1.769589714767264788e+00  -3.461659301041447589e-01  3.059089755063634231e-01  -7.617134249592397155e-02  9.866856313100925979e-02
1.209999999999999964e+00  6.207253677460315977e+00  3.243557177730672869e+00  -4.234794786063457439e-02  1.585041853483034391e+00  1.699923509620028472e+00
1.209999999999999964e+00  -1.768742218452893145e+00  -3.458746464215755045e-01  3.057850281200932274e-01  -7.641132039484094252e-02  9.851326812622727969e-02
1.219999999999999973e+00  5.989434225460922079e+00  3.223978611718222087e+00  -3.991911527496931622e-02  1.582009817849369560e+00  1.686362003046249169e+00
1.219999999999999973e+00  -1.767918145392452178e+00  -3.456299291215464420e-01  3.056766256389252812e-01  -7.666152652643479226e-02  9.836195110436943279e-02
1.229999999999999982e+00  5.788855335561910564e+00  3.205407352793482545e+00  -3.769645141416520101e-02  1.579124206229160610e+00  1.673659766341404342e+00
1.229999999999999982e+00  -1.767111535605121908e+00  -3.454273794644957540e-01  3.055822871320646450e-01  -7.692088822050098529e-02  9.821438751748187701e-02
1.239999999999999991e+00  5.604707741298620149e+00  3.187772268071638493e+00  -3.567074016122322860e-02  1.576369515216282213e+00  1.661732777758770041e+00
1.239999999999999991e+00  -1.766317153310729804e+00  -3.452633572482537438e-01  3.055007018088244930e-01  -7.718844183208675713e-02  9.807044515423031517e-02
1.250000000000000000e+00  5.434701701804181440e+00  3.170976264891555818e+00  -3.383024108061442187e-02  1.573738779759986883e+00  1.650514403072818492e+00
1.250000000000000000e+00  -1.765526165123919355e+00  -3.451351651242657859e-01  3.054307307211781009e-01  -7.746331357068368673e-02  9.793005426298549698e-02
1.260000000000000009e+00  5.277098185903673411e+00  3.154954574517941701e+00  -3.213384561525666622e-02  1.571224776004031209e+00  1.639943805451772540e+00
1.260000000000000009e+00  -1.764757967908427538e+00  -3.450410169777674563e-01  3.053714092022560278e-01  -7.774470828615728801e-02  9.779317194768909205e-02
1.270000000000000018e+00  5.130923689009163624e+00  3.139651284470011294e+00  -3.057902048310123799e-02  1.568818970299540538e+00  1.629959632721790230e+00
1.270000000000000018e+00  -1.763979238981885800e+00  -3.449796721213250761e-01  3.053218964290204673e-01  -7.803190014800868990e-02  9.765972230912400853e-02
1.280000000000000027e+00  4.994611754190747988e+00  3.124995501446027113e+00  -2.915367500256333191e-02  1.566517002770995814e+00  1.620525860453442712e+00
1.280000000000000027e+00  -1.763201523893628941e+00  -3.449499461508688247e-01  3.052814073766815794e-01  -7.832423381621010650e-02  9.752956806363932696e-02
1.290000000000000036e+00  4.867619818975474466e+00  3.110954691698339047e+00  -2.784879247585056450e-02  1.564309509857813696e+00  1.611586766336317256e+00
1.290000000000000036e+00  -1.762424021054717294e+00  -3.449504675711208002e-01  3.052492011924615722e-01  -7.862111106336384936e-02  9.740251763537033369e-02
1.300000000000000044e+00  4.748600943899462301e+00  3.097476561924882965e+00  -2.664812754530023267e-02  1.562194300243545664e+00  1.603109304176590921e+00
1.300000000000000044e+00  -1.761646426101558527e+00  -3.449795686893016855e-01  3.052245468822283314e-01  -7.892199043094211275e-02  9.727835009190949345e-02
1.310000000000000053e+00  4.637178633215079948e+00  3.084521558867022506e+00  -2.555166525439932571e-02  1.560163157616748730e+00  1.595063664280698568e+00
1.310000000000000053e+00  -1.760868816682004567e+00  -3.450354070438453880e-01  3.052067353385734538e-01  -7.922638306149976106e-02  9.715684871253504884e-02
1.320000000000000062e+00  4.532299788967155685e+00  3.072056641381782249e+00  -2.454218502190657139e-02  1.558214463271950123e+00  1.587415074170659191e+00
1.320000000000000062e+00  -1.760091290301819100e+00  -3.451161151012441808e-01  3.051951027823731066e-01  -7.953383627730485628e-02  9.703780757831464987e-02
1.330000000000000071e+00  4.433681925028217563e+00  3.060054271589194741e+00  -2.361685017406602721e-02  1.556341029477660287e+00  1.580131212981530142e+00
1.330000000000000071e+00  -1.759314015716858970e+00  -3.452198791236817943e-01  3.051890222554880516e-01  -7.984393855393488726e-02  9.692104642694437944e-02
1.340000000000000080e+00  4.340658402405098926e+00  3.048481342813033734e+00  -2.276771638753180560e-02  1.554540012700643459e+00  1.573191278756263856e+00
1.340000000000000080e+00  -1.758536961282260336e+00  -3.453450127918696877e-01  3.051879139915099626e-01  -8.015631206321287283e-02  9.680640758782527167e-02
1.350000000000000089e+00  4.252793314400959090e+00  3.037312165001001318e+00  -2.198981612575876335e-02  1.552807183110939571e+00  1.566573097861326369e+00
1.350000000000000089e+00  -1.757759997909646765e+00  -3.454899716635283502e-01  3.051912450020021206e-01  -8.047060907066046209e-02  9.669375311297090381e-02
1.359999999999999876e+00  4.169622213237080821e+00  3.026525018670398470e+00  -2.127397602153606460e-02  1.551139655937211481e+00  1.560249632464804304e+00
1.359999999999999876e+00  -1.756982871772106769e+00  -3.456533451668241108e-01  3.051985262969658108e-01  -8.078650574015329433e-02  9.658295722670839911e-02
1.370000000000000107e+00  4.090752419921257932e+00  3.016089387522618459e+00  -2.061873704490788453e-02  1.549534358080813856e+00  1.554212318065627318e+00
1.370000000000000107e+00  -1.756205264690950729e+00  -3.458338663503069954e-01  3.052093074793447713e-01  -8.110370895488115683e-02  9.647391414434802748e-02
1.379999999999999893e+00  4.015974342207535130e+00  3.005993441993727977e+00  -2.001910422385587071e-02  1.547986652511430306e+00  1.548434501938821484e+00
1.379999999999999893e+00  -1.755426864486135052e+00  -3.460303678803364757e-01  3.052231770197357252e-01  -8.142194279280962066e-02  9.636652291229669265e-02
1.390000000000000124e+00  3.944845960949388441e+00  2.996215710393633103e+00  -1.946756208239009550e-02  1.546495452364502921e+00  1.542902111113955810e+00
1.390000000000000124e+00  -1.754647306175528332e+00  -3.462417903236986172e-01  3.052397563661717883e-01  -8.174095295053900034e-02  9.626069179469021186e-02
1.399999999999999911e+00  3.877219762221358668e+00  2.986735341648972586e+00  -1.896571200063033868e-02  1.545056412236400556e+00  1.537604172910076672e+00
1.399999999999999911e+00  -1.753866306814098497e+00  -3.464671713303653089e-01  3.052586978783928817e-01  -8.206050760021396662e-02  9.615634271212353257e-02
1.410000000000000142e+00  3.812732465695533257e+00  2.977540921361099269e+00  -1.850415998135236662e-02  1.543668661365774408e+00  1.532521765291165572e+00
1.410000000000000142e+00  -1.753083582360343229e+00  -3.467056098636152051e-01  3.052796820634513519e-01  -8.238038610837575271e-02  9.605339503990084626e-02
1.419999999999999929e+00  3.751243593848210711e+00  2.968614233973624561e+00  -1.808376465375585024e-02  1.542328578262476491e+00  1.527646140726195645e+00
1.419999999999999929e+00  -1.752298933602206343e+00  -3.469562905706761180e-01  3.053024160899889261e-01  -8.270038935995058238e-02  9.595178303910811834e-02
1.429999999999999938e+00  3.692520500333333899e+00  2.959939958994613818e+00  -1.770117415195063965e-02  1.541034473661214044e+00  1.522967394223916360e+00
1.429999999999999938e+00  -1.751512194880979756e+00  -3.472184540828475718e-01  3.053266312508307601e-01  -8.302033070699786632e-02  9.585144301101394815e-02
1.439999999999999947e+00  3.636383572707859280e+00  2.951509729249626623e+00  -1.735145499944456757e-02  1.539784169297648386e+00  1.518469078498092317e+00
1.439999999999999947e+00  -1.750723257885544726e+00  -3.474913866858237999e-01  3.053520792735001654e-01  -8.334003466272688065e-02  9.575231352103691362e-02
1.449999999999999956e+00  3.582665521901895023e+00  2.943308425006081475e+00  -1.703400937525094763e-02  1.538575593684750498e+00  1.514145402805886942e+00
1.449999999999999956e+00  -1.749932060971405967e+00  -3.477744376094861201e-01  3.053785345509951177e-01  -8.365934185185820715e-02  9.565434309345582919e-02
1.459999999999999964e+00  3.531200575281858267e+00  2.935328194615636654e+00  -1.674452100682581601e-02  1.537407155420980942e+00  1.509983869480313157e+00
1.459999999999999964e+00  -1.749138585340686003e+00  -3.480669892829278966e-01  3.054057882066258389e-01  -8.397810123921013725e-02  9.555748004940295415e-02
1.469999999999999973e+00  3.481854477668912651e+00  2.927552963214908210e+00  -1.648342042174586256e-02  1.536277037655224831e+00  1.505981556455210368e+00
1.469999999999999973e+00  -1.748342852985741880e+00  -3.483684787858121190e-01  3.054336520533113553e-01  -8.429617610758136093e-02  9.546168253874165455e-02
1.479999999999999982e+00  3.434513166516070193e+00  2.919978909475754669e+00  -1.624710459691914438e-02  1.535183188666904952e+00  1.502124843592148817e+00
1.479999999999999982e+00  -1.747544921100278925e+00  -3.486783638985141431e-01  3.054619503725426455e-01  -8.461343548382666002e-02  9.536690692988808449e-02
1.489999999999999991e+00  3.389033470579971397e+00  2.912594004272929027e+00  -1.603375425443347504e-02  1.534124610695798419e+00  1.498408785056689618e+00
1.489999999999999991e+00  -1.746744873224686856e+00  -3.489961464148406689e-01  3.054905247978524363e-01  -8.492975989400998460e-02  9.527311596041843078e-02
1.500000000000000000e+00  3.345328182660184613e+00  2.905390876774399445e+00  -1.584238334723961708e-02  1.533099271587931689e+00  1.494826016865188123e+00
1.500000000000000000e+00  -1.745942822470957001e+00  -3.493213566922900304e-01  3.055192303893913830e-01  -8.524503799220059519e-02  9.518027604901851957e-02
1.510000000000000009e+00  3.303282952921346549e+00  2.898360944629545521e+00  -1.567101530652688021e-02  1.532106056417366968e+00  1.491370180194802497e+00
1.510000000000000009e+00  -1.745138901289556177e+00  -3.496535531396638419e-01  3.055479348706841569e-01  -8.555916597509745369e-02  9.508835564604273261e-02
1.520000000000000018e+00  3.262790363921883596e+00  2.891497669126056103e+00  -1.551733923080082442e-02  1.531144039076849150e+00  1.488034881121506947e+00
1.520000000000000018e+00  -1.744333260984721967e+00  -3.499923190120983740e-01  3.055765172874838065e-01  -8.587204708487902738e-02  9.499732545630262814e-02
1.530000000000000027e+00  3.223777442276391181e+00  2.884793927753412923e+00  -1.538077040366635749e-02  1.530211550299411360e+00  1.484814513564180816e+00
1.530000000000000027e+00  -1.743526070075394285e+00  -3.503372645412438091e-01  3.056048686639576406e-01  -8.618359215121793038e-02  9.490716067427359959e-02
1.540000000000000036e+00  3.186164676823006303e+00  2.878243064245658456e+00  -1.525992074413140553e-02  1.529307520528001341e+00  1.481703835379811096e+00
1.540000000000000036e+00  -1.742717509116541441e+00  -3.506880212405433239e-01  3.056328897453748916e-01  -8.649371802650619723e-02  9.481783792161541102e-02
1.550000000000000044e+00  3.149876556031444341e+00  2.871839044524426843e+00  -1.515373360525320429e-02  1.528430721592653363e+00  1.478697775991750341e+00
1.550000000000000044e+00  -1.741907769074235057e+00  -3.510442416330586957e-01  3.056604907239268698e-01  -8.680234759447902348e-02  9.472933629789098697e-02
1.560000000000000053e+00  3.114844988140986537e+00  2.865576281421299942e+00  -1.506091014208869004e-02  1.527580123271261359e+00  1.475791422763793825e+00
1.560000000000000053e+00  -1.741097049442680067e+00  -3.514055970654278438e-01  3.056875902217864316e-01  -8.710940916478772389e-02  9.464163655013443921e-02
1.570000000000000062e+00  3.081004423701156902e+00  2.859449188578454759e+00  -1.498059131292420708e-02  1.526754675077837575e+00  1.472980477689445733e+00
1.570000000000000062e+00  -1.740285556158090996e+00  -3.517717776334078894e-01  3.057141151712600702e-01  -8.741483649122586130e-02  9.455472168520723253e-02
1.580000000000000071e+00  3.048294649065494966e+00  2.853452826192052871e+00  -1.491176595048464455e-02  1.525953445742747494e+00  1.470260683502104371e+00
1.580000000000000071e+00  -1.739473500140180651e+00  -3.521424896832512363e-01  3.057399996502852546e-01  -8.771856809150492540e-02  9.446857610836678631e-02
1.589999999999999858e+00  3.016660026318844334e+00  2.847582311665169730e+00  -1.485345823792649789e-02  1.525175482475427113e+00  1.467628107831499884e+00
1.589999999999999858e+00  -1.738661095827432668e+00  -3.525174553071183103e-01  3.057651845681894076e-01  -8.802054710502922596e-02  9.438318573738929684e-02
1.600000000000000089e+00  2.986047732879090866e+00  2.841833121351075242e+00  -1.480490031089234243e-02  1.524419909760873271e+00  1.465079106334130410e+00
1.600000000000000089e+00  -1.737848559851383978e+00  -3.528964113655559398e-01  3.057896171881506753e-01  -8.832072105134007589e-02  9.429853799565759975e-02
1.609999999999999876e+00  2.956408917471739173e+00  2.836200908431034229e+00  -1.476533723714183732e-02  1.523685915519880751e+00  1.462610000374569896e+00
1.609999999999999876e+00  -1.737036109999595457e+00  -3.532791082075849021e-01  3.058132505168233428e-01  -8.861904145247113951e-02  9.421462147123566000e-02
1.620000000000000107e+00  2.927697563376759238e+00  2.830681746006479482e+00  -1.473402345803170865e-02  1.522972592026950345e+00  1.460217460683050028e+00
1.620000000000000107e+00  -1.736223964193753133e+00  -3.536653089923084137e-01  3.058360428339528259e-01  -8.891546366702160475e-02  9.413142585879358260e-02
1.629999999999999893e+00  2.899870347247643476e+00  2.825271626964167115e+00  -1.471023583484595831e-02  1.522279391950468908e+00  1.457898347641122250e+00
1.629999999999999893e+00  -1.735412339655482583e+00  -3.540547887859850085e-01  3.058579573853165701e-01  -8.920994664128972795e-02  9.404894175753741870e-02
1.640000000000000124e+00  2.872887150290646119e+00  2.819967003093291069e+00  -1.469341457381337195e-02  1.521605401414529046e+00  1.455649701492187864e+00
1.640000000000000124e+00  -1.734601452157841894e+00  -3.544473341153335233e-01  3.058789619555890571e-01  -8.950245276105141257e-02  9.396716085671086294e-02
1.649999999999999911e+00  2.846710130647689407e+00  2.814764306207860667e+00  -1.468289286376953974e-02  1.520949951730639294e+00  1.453468657747441162e+00
1.649999999999999911e+00  -1.733791515371795988e+00  -3.548427418129497801e-01  3.058990284408726890e-01  -8.979294754424066438e-02  9.388607545101057550e-02
1.660000000000000142e+00  2.821303027060340973e+00  2.809660359133864027e+00  -1.467823061073611317e-02  1.520312449249568321e+00  1.451352496990484076e+00
1.660000000000000142e+00  -1.732982740262697607e+00  -3.552408187928586258e-01  3.059181326560419523e-01  -9.008139956975060036e-02  9.380567871529210677e-02
1.669999999999999929e+00  2.796632945345497223e+00  2.804651935980075006e+00  -1.467878832392306362e-02  1.519692199397086219e+00  1.449298702650380299e+00
1.669999999999999929e+00  -1.732175334656376409e+00  -3.556413811208526399e-01  3.059362538388114006e-01  -9.036778021039408582e-02  9.372596426679880022e-02
1.680000000000000160e+00  2.772667475711192875e+00  2.799736096080593484e+00  -1.468414489632698279e-02  1.519088676026103979e+00  1.447304832537949837e+00
1.680000000000000160e+00  -1.731369502731826104e+00  -3.560442537725703183e-01  3.059533745749734024e-01  -9.065206355878677180e-02  9.364692642690175539e-02
1.689999999999999947e+00  2.749377360168633544e+00  2.794909974255386231e+00  -1.469385569951643829e-02  1.518501165643739048e+00  1.445368603744874081e+00
1.689999999999999947e+00  -1.730565444715162604e+00  -3.564492700361919786e-01  3.059694804172729543e-01  -9.093422624244655583e-02  9.356856000325264322e-02
1.700000000000000178e+00  2.726734094801026576e+00  2.790170854264196976e+00  -1.470750993967780487e-02  1.517929200425703451e+00  1.443487783125370738e+00
1.700000000000000178e+00  -1.729763356515829908e+00  -3.568562709035340008e-01  3.059845596720702776e-01  -9.121424726171226127e-02  9.349086020229335769e-02
1.709999999999999964e+00  2.704711003683328840e+00  2.785516212869044494e+00  -1.472464424545495872e-02  1.517372219575376269e+00  1.441660291754778500e+00
1.709999999999999964e+00  -1.728963429478605374e+00  -3.572651046761950999e-01  3.059986031053686384e-01  -9.149210786134753803e-02  9.341382257181929383e-02
1.719999999999999973e+00  2.683283182920080723e+00  2.780943448348835112e+00  -1.474500384564097870e-02  1.516829803484459394e+00  1.439884151249280597e+00
1.719999999999999973e+00  -1.728165850150931604e+00  -3.576756268605785216e-01  3.060116039857421755e-01  -9.176779148897887262e-02  9.333744313282632543e-02
1.729999999999999982e+00  2.662426925285591661e+00  2.776450361286890711e+00  -1.476818757330830741e-02  1.516301293984227749e+00  1.438157529187157335e+00
1.729999999999999982e+00  -1.727370800092282499e+00  -3.580876993727895030e-01  3.060235575242479800e-01  -9.204128355720131438e-02  9.326171810201400181e-02
1.739999999999999991e+00  2.642119215589829206e+00  2.772034699088895771e+00  -1.479385287322253391e-02  1.515786426611652971e+00  1.436478472894197056e+00
1.739999999999999991e+00  -1.726578455718648986e+00  -3.585011902292501995e-01  3.060344609537968830e-01  -9.231257136283919917e-02  9.318664391552922144e-02
1.750000000000000000e+00  2.622339178252747427e+00  2.767694083401250893e+00  -1.482173387232084416e-02  1.515284555525233445e+00  1.434845387626488167e+00
1.750000000000000000e+00  -1.725788988195054108e+00  -3.589159736996754280e-01  3.060443133993490106e-01  -9.258164409974056763e-02  9.311221734241104109e-02
1.760000000000000009e+00  2.603066435963596881e+00  2.763426814027444500e+00  -1.485154858119527507e-02  1.514795353192923022e+00  1.433256602130841495e+00
1.760000000000000009e+00  -1.725002563322681759e+00  -3.593319293441154527e-01  3.060531154720671498e-01  -9.284849258236027580e-02  9.303843527172084293e-02
1.770000000000000018e+00  2.584281553399049525e+00  2.759230523375953315e+00  -1.488302339241621974e-02  1.514318411830934075e+00  1.431710554504710409e+00
1.770000000000000018e+00  -1.724219341488918422e+00  -3.597489421714706870e-01  3.060608694594198487e-01  -9.311310929844651696e-02  9.296529474421089123e-02
1.780000000000000027e+00  2.565950241003991383e+00  2.755091142182131581e+00  -1.495256550225100914e-02  1.513853241946050865e+00  1.430205694392787219e+00
1.780000000000000027e+00  -1.723439544164085735e+00  -3.601669022282057431e-01  3.060675789096424237e-01  -9.337548823079000471e-02  9.289279300374608805e-02
1.790000000000000036e+00  2.548088623254377794e+00  2.751032181433719970e+00  -1.498477633214183660e-02  1.513399586117496032e+00  1.428740688984282414e+00
1.790000000000000036e+00  -1.722662969739110039e+00  -3.605857041906641580e-01  3.060732486204624236e-01  -9.363562480091081053e-02  9.282092729802737807e-02
1.800000000000000044e+00  2.530662810183629485e+00  2.747038912627452589e+00  -1.501820624330558497e-02  1.512957056701409897e+00  1.427314030811418055e+00
1.800000000000000044e+00  -1.721890092501991099e+00  -3.610052475912034486e-01  3.060778847054828056e-01  -9.389351584549288088e-02  9.274969512377195802e-02
1.810000000000000053e+00  2.513657321058472505e+00  2.743109678560281761e+00  -1.505245011163789011e-02  1.512525254969135258e+00  1.425924505502727646e+00
1.810000000000000053e+00  -1.721121044713658232e+00  -3.614254358204438411e-01  3.060814940677965557e-01  -9.414915940976964492e-02  9.267909381603933738e-02
1.820000000000000062e+00  2.497057299398699026e+00  2.739242904442633186e+00  -1.508751405562356630e-02  1.512103814703103843e+00  1.424570854509963791e+00
1.820000000000000062e+00  -1.720355953438382324e+00  -3.618461769476659651e-01  3.060840848159122052e-01  -9.440255486247262073e-02  9.260912103959340058e-02
1.830000000000000071e+00  2.480848439684927520e+00  2.735436985958634715e+00  -1.512301261346738618e-02  1.511692502056339205e+00  1.423251814135113813e+00
1.830000000000000071e+00  -1.719594941584090986e+00  -3.622673822815069555e-01  3.060856656782451890e-01  -9.465370260044803086e-02  9.253977420460546277e-02
1.839999999999999858e+00  2.465016596881826505e+00  2.731690589321117635e+00  -1.515898985013268072e-02  1.511290929230451940e+00  1.421966347192067825e+00
1.839999999999999858e+00  -1.718838126782978204e+00  -3.626889676070927937e-01  3.060862463924541310e-01  -9.490260424738372613e-02  9.247105105917996504e-02
1.850000000000000089e+00  2.449549593031502770e+00  2.728002122687148479e+00  -1.519526451347219705e-02  1.510898858311170212e+00  1.420713277107291894e+00
1.850000000000000089e+00  -1.718085622143032953e+00  -3.631108518211366709e-01  3.060858373125692755e-01  -9.514926238014465021e-02  9.240294917539004782e-02
1.859999999999999876e+00  2.434435028740472795e+00  2.724370226941061013e+00  -1.523154545503739576e-02  1.510515955058463033e+00  1.419491519486747677e+00
1.859999999999999876e+00  -1.717337536170951307e+00  -3.635329570428212365e-01  3.060844493062343519e-01  -9.539368050848595626e-02  9.233546607931797379e-02
1.870000000000000107e+00  2.419661009970468069e+00  2.720793625364829271e+00  -1.526781510472754316e-02  1.510141960467191513e+00  1.418300120443817924e+00
1.870000000000000107e+00  -1.716593972287955516e+00  -3.639552090612727664e-01  3.060820939834549281e-01  -9.563586314425842616e-02  9.226859945386145512e-02
1.879999999999999893e+00  2.405215870360875918e+00  2.717271085581811185e+00  -1.530401398789994760e-02  1.509776487537805245e+00  1.417138063797719560e+00
1.879999999999999893e+00  -1.715855029272288945e+00  -3.643775366994864151e-01  3.060787834164607757e-01  -9.587581564003200274e-02  9.220234694564477529e-02
1.890000000000000124e+00  2.391089298333064939e+00  2.713801287512276783e+00  -1.533990266717627504e-02  1.509419541561924039e+00  1.416004426334045663e+00
1.890000000000000124e+00  -1.715120801348288815e+00  -3.647998713037561291e-01  3.060745300638123001e-01  -9.611354411707084822e-02  9.213670603039036955e-02
1.899999999999999911e+00  2.377271081182992685e+00  2.710382977626825785e+00  -1.537544405676120191e-02  1.509070618930718144e+00  1.414898315764711700e+00
1.899999999999999911e+00  -1.714391377886399059e+00  -3.652221475423440000e-01  3.060693468727397337e-01  -9.634905553251604804e-02  9.207167432415963582e-02
1.910000000000000142e+00  2.363750945659807812e+00  2.707015137229396906e+00  -1.541056133348946144e-02  1.508729612684841515e+00  1.413818920546101143e+00
1.910000000000000142e+00  -1.713666843773558934e+00  -3.656443025790421797e-01  3.060632470962413865e-01  -9.658235753550015179e-02  9.200724935430448781e-02
1.919999999999999929e+00  2.350520198173260855e+00  2.703696603401457121e+00  -1.544514165589451135e-02  1.508396231281332378e+00  1.412765265262086123e+00
1.919999999999999929e+00  -1.712947279332291961e+00  -3.660662761077556060e-01  3.060562442856958887e-01  -9.681345844040778470e-02  9.194342859788628974e-02
1.930000000000000160e+00  2.337568764327560000e+00  2.700426259862632961e+00  -1.547912085152642475e-02  1.508070307100283003e+00  1.411736719917643823e+00
1.930000000000000160e+00  -1.712232760476946059e+00  -3.664880104052680165e-01  3.060483523054519650e-01  -9.704236724777737244e-02  9.188020950968156519e-02
1.939999999999999947e+00  2.324888489981283168e+00  2.697203255362799368e+00  -1.551244650508412648e-02  1.507751569997474839e+00  1.410732443452734852e+00
1.939999999999999947e+00  -1.711523358694184482e+00  -3.669094501055564228e-01  3.060395851842425130e-01  -9.726909352013091148e-02  9.181758952070984137e-02
1.950000000000000178e+00  2.312471366970211495e+00  2.694026265846481305e+00  -1.554497280561554715e-02  1.507440036583792331e+00  1.409742072068153274e+00
1.950000000000000178e+00  -1.710819141206788130e+00  -3.673304324547143618e-01  3.060301905045761384e-01  -9.744618703061602716e-02  9.175637321577734262e-02
1.959999999999999964e+00  2.300309195272530527e+00  2.690894655467110042e+00  -1.557677995264991275e-02  1.507135088805024115e+00  1.408784288273449592e+00
1.959999999999999964e+00  -1.710120170957218688e+00  -3.677511328875277541e-01  3.060197085132023709e-01  -9.766967861574837872e-02  9.169491226712384035e-02
1.969999999999999973e+00  2.288394247714291119e+00  2.687807238846577018e+00  -1.560761372806285241e-02  1.506836781101675182e+00  1.407848694354522312e+00
1.969999999999999973e+00  -1.709426506993941386e+00  -3.681713850640501162e-01  3.060083948113390684e-01  -9.789099625366781687e-02  9.163404357872573236e-02
1.979999999999999982e+00  2.276719309914386979e+00  2.684763230646076693e+00  -1.563761028040244749e-02  1.506544907466176753e+00  1.406934609849490592e+00
1.979999999999999982e+00  -1.708738204025230356e+00  -3.685911425012338150e-01  3.059962641160098307e-01  -9.811015280729240562e-02  9.157376437950276449e-02
1.989999999999999991e+00  2.265277072920524049e+00  2.681761664369498810e+00  -1.566661469986905392e-02  1.506259249936186650e+00  1.406041394809285139e+00
1.989999999999999991e+00  -1.708055313112837759e+00  -3.690103600665968764e-01  3.059833310869496392e-01  -9.832716084244830235e-02  9.151407175203590816e-02
2.000000000000000000e+00  2.254061346207430372e+00  2.678801758605442451e+00  -1.569470449996286307e-02  1.505979641608083286e+00  1.405168414336049221e+00
2.000000000000000000e+00  -1.707377881246009643e+00  -3.694289949097474546e-01  3.059696105391352949e-01  -9.854203381667836492e-02  9.145496279834208764e-02
2.009999999999999787e+00  2.243065144161697333e+00  2.675882661992774025e+00  -1.572172225929178990e-02  1.505705960890773021e+00  1.404315070330996340e+00
2.009999999999999787e+00  -1.706705951966527968e+00  -3.698470054573155252e-01  3.059551171977337169e-01  -9.875478480132970915e-02  9.139643449789458529e-02
2.020000000000000018e+00  2.232282430427492859e+00  2.673003604647491649e+00  -1.574764293489478578e-02  1.505438053740936422e+00  1.403480837533091163e+00
2.020000000000000018e+00  -1.706039565028053984e+00  -3.702643521180059016e-01  3.059398658594269516e-01  -9.896542767065086288e-02  9.133848382268672239e-02
2.030000000000000249e+00  2.221706773284664038e+00  2.670163723635625264e+00  -1.577252022076037694e-02  1.505175679702610791e+00  1.402665180624973473e+00
2.030000000000000249e+00  -1.705378756623123326e+00  -3.706809971121430847e-01  3.059238713703774093e-01  -9.917397703864505587e-02  9.128110771295794290e-02
2.040000000000000036e+00  2.211332946892106577e+00  2.667362280943516684e+00  -1.579632363089743252e-02  1.504918748176330645e+00  1.401867443175181860e+00
2.040000000000000036e+00  -1.704723559549780054e+00  -3.710969039857703322e-01  3.059071484821569986e-01  -9.938044697519121673e-02  9.122430303050493849e-02
2.049999999999999822e+00  2.201155028884195897e+00  2.664598579442381876e+00  -1.581895059126457725e-02  1.504667063627884049e+00  1.401087322166093552e+00
2.049999999999999822e+00  -1.704074003399375092e+00  -3.715120377335319191e-01  3.058897118563855821e-01  -9.958485210822975997e-02  9.116806658266007890e-02
2.060000000000000053e+00  2.191167801988929575e+00  2.661871936408589434e+00  -1.584043377502495492e-02  1.504420566046661634e+00  1.400324147165105559e+00
2.060000000000000053e+00  -1.703430114403948092e+00  -3.719263649744750655e-01  3.058715761733831751e-01  -9.978720708525856686e-02  9.111239514814839513e-02
2.070000000000000284e+00  2.181366092718517891e+00  2.659181499765469692e+00  -1.586076222665312035e-02  1.504179013244571150e+00  1.399577610092616053e+00
2.070000000000000284e+00  -1.702791915683200319e+00  -3.723398537312909706e-01  3.058527560464940898e-01  -9.998752755342998899e-02  9.105728545246871697e-02
2.080000000000000071e+00  2.171744463968868555e+00  2.656526713250173088e+00  -1.587991315759259420e-02  1.503942390636834103e+00  1.398847040352650728e+00
2.080000000000000071e+00  -1.702159427427836658e+00  -3.727524732348250769e-01  3.058332659485658023e-01  -1.001858281129194284e-01  9.100273416911391910e-02
2.089999999999999858e+00  2.162298753729233525e+00  2.653906937486681272e+00  -1.589783122086955991e-02  1.503710470749152650e+00  1.398132186004549027e+00
2.089999999999999858e+00  -1.701532666824214779e+00  -3.731641940659984891e-01  3.058131202512465174e-01  -1.003821242986672191e-01  9.094873793110391791e-02
2.100000000000000089e+00  2.153023978382372583e+00  2.651321458952357712e+00  -1.591461292924566812e-02  1.503483214321455597e+00  1.397432545336058096e+00
2.100000000000000089e+00  -1.700911648170892576e+00  -3.735749882674653244e-01  3.057923333311339809e-01  -1.005764321068797207e-01  9.089529333922202747e-02
2.110000000000000320e+00  2.143915841133341438e+00  2.648769682476571408e+00  -1.593017126365518094e-02  1.503260372122086297e+00  1.396747700071292897e+00
2.110000000000000320e+00  -1.700296383160392555e+00  -3.739848287771808111e-01  3.057709193084715005e-01  -1.007687668562496919e-01  9.084239693445966823e-02
2.120000000000000107e+00  2.134969769762437242e+00  2.646251049548658862e+00  -1.594452010840069836e-02  1.503041985142904657e+00  1.396077265754224195e+00
2.120000000000000107e+00  -1.699686880793447763e+00  -3.743936898163519045e-01  3.057488922539633447e-01  -1.009591443678014011e-01  9.079004522032924074e-02
2.129999999999999893e+00  2.126181816581440120e+00  2.643764844549123527e+00  -1.595766958397538265e-02  1.502827847920422233e+00  1.395420858425610255e+00
2.129999999999999893e+00  -1.699083147473817279e+00  -3.748015467717614735e-01  3.057262661177957419e-01  -1.011475808525172937e-01  9.073823466576508290e-02
2.140000000000000124e+00  2.117547684932191032e+00  2.641310691745474948e+00  -1.596960974140367029e-02  1.502617808482173078e+00  1.394778065723704108e+00
2.140000000000000124e+00  -1.698485187241570715e+00  -3.752083760991715700e-01  3.057030546437206064e-01  -1.013340919590386413e-01  9.068696170987622374e-02
2.150000000000000355e+00  2.109063794493145405e+00  2.638887777062650652e+00  -1.598035920070101090e-02  1.502411907253489831e+00  1.394148606970308846e+00
2.150000000000000355e+00  -1.697893001648581146e+00  -3.756141552075382695e-01  3.056792715410500683e-01  -1.015186943573156420e-01  9.063622273002608365e-02
2.160000000000000142e+00  2.100726125888094487e+00  2.636495715165238174e+00  -1.598990557983946681e-02  1.502209881870550712e+00  1.393532073673073191e+00
2.160000000000000142e+00  -1.697306590087062528e+00  -3.760188626194795880e-01  3.056549302544262492e-01  -1.017014038877694926e-01  9.058601409812538918e-02
2.169999999999999929e+00  2.092531454761024534e+00  2.634133927415720500e+00  -1.599821608792352523e-02  1.502011758485080062e+00  1.392928100609461151e+00
2.169999999999999929e+00  -1.696725949702776903e+00  -3.764224776249426307e-01  3.056300441154602421e-01  -1.018822366232859933e-01  9.053633212707862254e-02
2.179999999999999716e+00  2.084475632831070513e+00  2.631801960752805147e+00  -1.600540325097057556e-02  1.501817344303904900e+00  1.392336467047723847e+00
2.179999999999999716e+00  -1.696151075495010874e+00  -3.768249809116021032e-01  3.056046263509564764e-01  -1.020612095159623145e-01  9.048717313454079925e-02
2.189999999999999947e+00  2.076555896311046645e+00  2.629499160185476025e+00  -1.601128125142362371e-02  1.501626577462771950e+00  1.391756708345337046e+00
2.189999999999999947e+00  -1.695581960573268043e+00  -3.772263532352013726e-01  3.055786898855852307e-01  -1.022383379111287960e-01  9.043853335293822182e-02
2.200000000000000178e+00  2.068768392957847535e+00  2.627225149589020425e+00  -1.601610671232466671e-02  1.501439427834219131e+00  1.391188631808056630e+00
2.200000000000000178e+00  -1.695018595855435128e+00  -3.776265773365085066e-01  3.055522477010334526e-01  -1.024136395076910011e-01  9.039040905496176226e-02
2.209999999999999964e+00  2.061110434714441553e+00  2.624979397174096452e+00  -1.601969176641551695e-02  1.501255662073335717e+00  1.390631907986755289e+00
2.209999999999999964e+00  -1.694460970658469456e+00  -3.780256357793368993e-01  3.055253123571716189e-01  -1.025871297272701321e-01  9.034279643296005968e-02
2.219999999999999751e+00  2.053578364118607169e+00  2.622761495200309323e+00  -1.602214805414603829e-02  1.501075409704096142e+00  1.390086217537706892e+00
2.219999999999999751e+00  -1.693909072354593759e+00  -3.784235125192997318e-01  3.054978964225951721e-01  -1.027588253943017005e-01  9.029569168078449559e-02
2.229999999999999982e+00  2.046169720194857433e+00  2.620570825085258182e+00  -1.602344363239630032e-02  1.500898438362704645e+00  1.389551384914634369e+00
2.229999999999999982e+00  -1.693362886619278918e+00  -3.788201920478233564e-01  3.054700122203493073e-01  -1.029287430873587761e-01  9.024909095996352937e-02
2.240000000000000213e+00  2.038881364837298538e+00  2.618407128104629944e+00  -1.602362815434504179e-02  1.500724637003685746e+00  1.389027020651780298e+00
2.240000000000000213e+00  -1.692822397513828570e+00  -3.792156598465581396e-01  3.054416718938764430e-01  -1.030968990936322882e-01  9.020299042848506366e-02
2.250000000000000000e+00  2.031710376220534187e+00  2.616269891073057519e+00  -1.602270720587544925e-02  1.500554060135230294e+00  1.388512928302819693e+00
2.250000000000000000e+00  -1.692287587521095871e+00  -3.796099018787628676e-01  3.054128874365337198e-01  -1.032633099688475831e-01  9.015738620382107715e-02
2.259999999999999787e+00  2.024654421107174862e+00  2.614158547196967941e+00  -1.602059823380528464e-02  1.500386462864715442e+00  1.388008790177282847e+00
2.259999999999999787e+00  -1.691758437658817726e+00  -3.800029046945395672e-01  3.053836705996161860e-01  -1.034279917224221190e-01  9.011227438731045369e-02
2.270000000000000018e+00  2.017710823802300713e+00  2.612072833728853904e+00  -1.601743784691967570e-02  1.500221956523914990e+00  1.387514419547120514e+00
2.270000000000000018e+00  -1.691234927398396870e+00  -3.803946559984372477e-01  3.053540330608606745e-01  -1.035909613183518818e-01  9.006765108403391729e-02
2.280000000000000249e+00  2.010876492306748364e+00  2.610012355776032411e+00  -1.601322488544951878e-02  1.500060371572368156e+00  1.387029569081484226e+00
2.280000000000000249e+00  -1.690717034959616782e+00  -3.807851438975782266e-01  3.053239862405384697e-01  -1.037522350591547626e-01  9.002351237635541903e-02
2.290000000000000036e+00  2.004149474374035123e+00  2.607976527305440495e+00  -1.600783525894586973e-02  1.499901635157979918e+00  1.386554042176250112e+00
2.290000000000000036e+00  -1.690204737272218649e+00  -3.811743567209346373e-01  3.052935413414425980e-01  -1.039118287072853253e-01  8.997985431356875230e-02
2.299999999999999822e+00  1.997527221151894627e+00  2.605965163947618457e+00  -1.600154619846063178e-02  1.499745640357902143e+00  1.386087489048988708e+00
2.299999999999999822e+00  -1.689698009804783574e+00  -3.815622845074024272e-01  3.052627095566800564e-01  -1.040697598340627472e-01  8.993667298359792062e-02
2.310000000000000053e+00  1.991007244198558235e+00  2.603977742928449857e+00  -1.599411743574329081e-02  1.499592419510077601e+00  1.385629803679359284e+00
2.310000000000000053e+00  -1.689196827187719574e+00  -3.819489164952193372e-01  3.052315016598585729e-01  -1.042260433883670512e-01  8.989396440524527465e-02
2.320000000000000284e+00  1.984587466422929714e+00  2.602013955483023722e+00  -1.598564218523124830e-02  1.499441879896677321e+00  1.385180786668372743e+00
2.320000000000000284e+00  -1.688701162686638613e+00  -3.823342434038348725e-01  3.051999283987668621e-01  -1.043806960090515323e-01  8.985172462924023717e-02
2.330000000000000071e+00  1.978265750816383228e+00  2.600073379701879350e+00  -1.597625658265435303e-02  1.499293918244838819e+00  1.384740121350609865e+00
2.330000000000000071e+00  -1.688210988467952589e+00  -3.827182565343280607e-01  3.051680003784377204e-01  -1.045337346055247307e-01  8.980994969839301012e-02
2.339999999999999858e+00  1.972039706336287557e+00  2.598155658590219907e+00  -1.596580204576639184e-02  1.499148521771130893e+00  1.384307718944834509e+00
2.339999999999999858e+00  -1.687726275917472929e+00  -3.831009470535454708e-01  3.051357278572178200e-01  -1.046851742667047613e-01  8.976863562872938740e-02
2.350000000000000089e+00  1.965907475494817369e+00  2.596260525478904846e+00  -1.595439329407390139e-02  1.499005593708435224e+00  1.383883294423059462e+00
2.350000000000000089e+00  -1.687246995252496884e+00  -3.834823073327844334e-01  3.051031210520691594e-01  -1.048350315142657641e-01  8.972777845818802334e-02
2.360000000000000320e+00  1.959867101462666961e+00  2.594387511018739545e+00  -1.594206579183241046e-02  1.498865093892337574e+00  1.383466709846153275e+00
2.360000000000000320e+00  -1.686773115827970626e+00  -3.838623299230515817e-01  3.050701899873365375e-01  -1.049833226300859179e-01  8.968737420896860657e-02
2.370000000000000107e+00  1.953916369186111224e+00  2.592536366573916506e+00  -1.592874789802251057e-02  1.498727017978674469e+00  1.383057847785277295e+00
2.370000000000000107e+00  -1.686304606251878946e+00  -3.842410077208371355e-01  3.050369444268805075e-01  -1.051300629019972233e-01  8.964741890178862249e-02
2.379999999999999893e+00  1.948053439855636615e+00  2.590706669719154753e+00  -1.591448938027235221e-02  1.498591223795024963e+00  1.382656443185642292e+00
2.379999999999999893e+00  -1.685841434209140566e+00  -3.846183343116694742e-01  3.050033940396818521e-01  -1.052752684249966819e-01  8.960790856462180765e-02
2.390000000000000124e+00  1.942276493665016979e+00  2.588898190670551713e+00  -1.589937222093809957e-02  1.498457669136092463e+00  1.382262299084109802e+00
2.390000000000000124e+00  -1.685383566616911910e+00  -3.849943038589881961e-01  3.049695483210875802e-01  -1.054189552794456697e-01  8.956883923218811328e-02
2.400000000000000355e+00  1.936584010871018169e+00  2.587110550075894633e+00  -1.588334418975540646e-02  1.498326380734352758e+00  1.381875319842013949e+00
2.400000000000000355e+00  -1.684930969747562957e+00  -3.853689105383049096e-01  3.049354165422693552e-01  -1.055611387874330065e-01  8.953020692869662067e-02
2.410000000000000142e+00  1.930973714946593756e+00  2.585343422144809722e+00  -1.586640688765355439e-02  1.498197247286164879e+00  1.381495317078702989e+00
2.410000000000000142e+00  -1.684483609200856380e+00  -3.857421491589552165e-01  3.049010078199208551e-01  -1.057018344466567061e-01  8.949200769131376854e-02
2.419999999999999929e+00  1.925444435292816614e+00  2.583596533219078673e+00  -1.584870922587752751e-02  1.498070222417512198e+00  1.381122082286157404e+00
2.419999999999999929e+00  -1.684041449804588364e+00  -3.861140152332053765e-01  3.048663311761911632e-01  -1.058410585787878944e-01  8.945423757086762295e-02
2.429999999999999716e+00  1.920064716706787911e+00  2.581866615260162590e+00  -1.583795816186843453e-02  1.497945253559363588e+00  1.380755510302058342e+00
2.429999999999999716e+00  -1.683601907888326199e+00  -3.864845039973777152e-01  3.048313953070647120e-01  -1.059788254615424696e-01  8.941689260718654886e-02
2.439999999999999947e+00  1.914691936698989627e+00  2.580159360645486011e+00  -1.581852679197941897e-02  1.497822354680899082e+00  1.380395551772585438e+00
2.439999999999999947e+00  -1.683170103805891715e+00  -3.868536115986269674e-01  3.047962088912166134e-01  -1.061151511424897054e-01  8.937996886243171346e-02
2.450000000000000178e+00  1.909395323255550947e+00  2.578471447238932512e+00  -1.579828391729949655e-02  1.497701410855293291e+00  1.380041887456801675e+00
2.450000000000000178e+00  -1.682743391016304546e+00  -3.872213343740942282e-01  3.047607803673183513e-01  -1.062500505808579021e-01  8.934346240413149065e-02
2.459999999999999964e+00  1.904172928785862862e+00  2.576802623369458090e+00  -1.577727018719718086e-02  1.497582422850598727e+00  1.379694430062889277e+00
2.459999999999999964e+00  -1.682321732388702973e+00  -3.875876690638625499e-01  3.047251180404928483e-01  -1.063835390588807606e-01  8.930736931094929165e-02
2.469999999999999751e+00  1.899023502165581689e+00  2.575152497874323210e+00  -1.575548007667487010e-02  1.497465343918145342e+00  1.379353066691804797e+00
2.469999999999999751e+00  -1.681905090316626161e+00  -3.879526125662952074e-01  3.046892300417535226e-01  -1.065156315554177668e-01  8.927168566833504348e-02
2.479999999999999982e+00  1.893945517359806763e+00  2.573520882096715034e+00  -1.573294411204256837e-02  1.497350118935612873e+00  1.379017638440447557e+00
2.479999999999999982e+00  -1.681493426795766410e+00  -3.883161623352791580e-01  3.046531243432742952e-01  -1.066463429991879597e-01  8.923640758012862939e-02
2.490000000000000213e+00  1.888937644072699484e+00  2.571907538918510649e+00  -1.570968292057424442e-02  1.497236705599415574e+00  1.378688091880491795e+00
2.490000000000000213e+00  -1.681086703447950637e+00  -3.886783160771207779e-01  3.046168087612812769e-01  -1.067756882422887799e-01  8.920153116140783212e-02
2.500000000000000000e+00  1.849843433293411943e+00  2.563865010324955396e+00  -1.708057636926319303e-02  1.497943732670295125e+00  1.378870091765227679e+00
2.500000000000000000e+00  -1.680686404659793354e+00  -3.890300905788011687e-01  3.045801366125771015e-01  -1.069113034411971197e-01  8.916700224258292118e-02
2.509999999999999787e+00  1.845651454937954350e+00  2.562398672290040924e+00  -1.702765570972413975e-02  1.497834027159217651e+00  1.378559754970615003e+00
2.509999999999999787e+00  -1.680289402653074804e+00  -3.893894880126423930e-01  3.045434043633279964e-01  -1.070377058334258114e-01  8.913291988835828072e-02
2.520000000000000018e+00  1.841508712412992965e+00  2.560947405285935563e+00  -1.697472877069278879e-02  1.497726018814658833e+00  1.378254628354245837e+00
2.520000000000000018e+00  -1.679897225096234958e+00  -3.897474860113709916e-01  3.045064856809885923e-01  -1.071627934401774840e-01  8.909922752134932789e-02
2.530000000000000249e+00  1.837414435718919714e+00  2.559511020274531923e+00  -1.692179280519359036e-02  1.497619672460210882e+00  1.377954602370534687e+00
2.530000000000000249e+00  -1.679509832387713120e+00  -3.901040832857751162e-01  3.044693877418923611e-01  -1.072865804620751762e-01  8.906592132024593322e-02
2.540000000000000036e+00  1.833367869570408759e+00  2.558089330931132999e+00  -1.686884553108518314e-02  1.497514953812661309e+00  1.377659570244558873e+00
2.540000000000000036e+00  -1.679127184702945863e+00  -3.904592788124388036e-01  3.044321175759657772e-01  -1.074090809830183790e-01  8.903299748094151145e-02
2.549999999999999822e+00  1.829368273070543394e+00  2.556682153598275775e+00  -1.681588510116054092e-02  1.497411829455499443e+00  1.377369427889939102e+00
2.549999999999999822e+00  -1.678749242020523003e+00  -3.908130718246754509e-01  3.043946820688266386e-01  -1.075303089691467262e-01  8.900045221721819555e-02
2.560000000000000053e+00  1.825414919392865487e+00  2.555289307240683705e+00  -1.676291007481146150e-02  1.497310266813311364e+00  1.377084073829535571e+00
2.560000000000000053e+00  -1.678375964147376997e+00  -3.911654618037399556e-01  3.043570879639123650e-01  -1.076502782679216175e-01  8.896828176140381128e-02
2.570000000000000284e+00  1.821507095471276649e+00  2.553910613401325413e+00  -1.670991939120508238e-02  1.497210234127043904e+00  1.376803409118833477e+00
2.570000000000000284e+00  -1.678007310742907432e+00  -3.915164484703298475e-01  3.043193418645925297e-01  -1.077690026073024887e-01  8.893648236499840376e-02
2.580000000000000071e+00  1.817644101697457604e+00  2.552545896158412209e+00  -1.665691234387549693e-02  1.497111700430071579e+00  1.376527337271915785e+00
2.580000000000000071e+00  -1.677643241342218650e+00  -3.918660317763615342e-01  3.042814502362974904e-01  -1.078864955950470383e-01  8.890505029926387692e-02
2.589999999999999858e+00  1.813825251625685642e+00  2.551194982083507146e+00  -1.660388855667019672e-02  1.497014635525087733e+00  1.376255764189917352e+00
2.589999999999999858e+00  -1.677283715378392381e+00  -3.922142118969808577e-01  3.042434194086481858e-01  -1.080027707180853946e-01  8.887398185580563936e-02
2.600000000000000089e+00  1.810049871684864531e+00  2.549857700200496069e+00  -1.655084796098512528e-02  1.496919009961737324e+00  1.375988598091886450e+00
2.600000000000000089e+00  -1.676928692203839999e+00  -3.925609892228605347e-01  3.042052555775822675e-01  -1.081178413420094131e-01  8.884327334710229174e-02
2.610000000000000320e+00  1.806317300897555267e+00  2.548533881945522328e+00  -1.649779077421335491e-02  1.496824795015013088e+00  1.375725749447941126e+00
2.610000000000000320e+00  -1.676578131110804781e+00  -3.929063643527192506e-01  3.041669648074808441e-01  -1.082317207106341383e-01  8.881292110702321274e-02
2.620000000000000107e+00  1.802626890605836252e+00  2.547223361127801233e+00  -1.644471747935900494e-02  1.496731962664330950e+00  1.375467130914635794e+00
2.620000000000000107e+00  -1.676231991350987549e+00  -3.932503380860768449e-01  3.041285530332803466e-01  -1.083444219456524138e-01  8.878292149130573296e-02
2.629999999999999893e+00  1.798978004203815040e+00  2.545925973891232097e+00  -1.639162880574736650e-02  1.496640485573319745e+00  1.375212657272472994e+00
2.629999999999999893e+00  -1.675890232154364501e+00  -3.935929114162262099e-01  3.040900260625746809e-01  -1.084559580463704265e-01  8.875327087804318893e-02
2.640000000000000124e+00  1.795370016876646879e+00  2.544641558676964621e+00  -1.633852571078657154e-02  1.496550337070252867e+00  1.374962245365458413e+00
2.640000000000000124e+00  -1.675552812747206133e+00  -3.939340855234772509e-01  3.040513895777479103e-01  -1.085663418895119747e-01  8.872396566806883822e-02
2.650000000000000355e+00  1.791802315345828456e+00  2.543369956186584346e+00  -1.628540936271770379e-02  1.496461491129119636e+00  1.374715814042634987e+00
2.650000000000000355e+00  -1.675219692369301905e+00  -3.942738617685239144e-01  3.040126491380257256e-01  -1.086755862291048924e-01  8.869500228541338238e-02
2.660000000000000142e+00  1.788274297620696895e+00  2.542111009346233352e+00  -1.623228112431142345e-02  1.496373922351316388e+00  1.374473284101523252e+00
2.660000000000000142e+00  -1.674890830290456822e+00  -3.946122416860945448e-01  3.039738101815761540e-01  -1.087837036964306447e-01  8.866637717766989724e-02
2.669999999999999929e+00  1.784785372755886002e+00  2.540864563271339360e+00  -1.617914253745937614e-02  1.496287605947920651e+00  1.374234578233382020e+00
2.669999999999999929e+00  -1.674566185826245945e+00  -3.949492269787511223e-01  3.039348780275645812e-01  -1.088907068000382061e-01  8.863808681635476638e-02
2.679999999999999716e+00  1.781334960614634921e+00  2.539630465232137535e+00  -1.612599530861945352e-02  1.496202517722528436e+00  1.373999620970257851e+00
2.679999999999999716e+00  -1.674245718353067458e+00  -3.952848195109078810e-01  3.038958578782028352e-01  -1.089966079258293252e-01  8.861012769725162830e-02
2.689999999999999947e+00  1.777922491637795810e+00  2.538408564619858865e+00  -1.607284129506606624e-02  1.496118634054667718e+00  1.373768338633706509e+00
2.689999999999999947e+00  -1.673929387322540929e+00  -3.956190213030209013e-01  3.038567548207836699e-01  -1.091014193371866448e-01  8.858249634072568046e-02
2.700000000000000178e+00  1.774547406618383283e+00  2.537198712913597998e+00  -1.601968249191157781e-02  1.496035931883698433e+00  1.373540659285175325e+00
2.700000000000000178e+00  -1.673617152275193698e+00  -3.959518345259555594e-01  3.038175738296891581e-01  -1.092051531751764282e-01  8.855518929202021994e-02
2.709999999999999964e+00  1.771209156481504010e+00  2.536000763647838774e+00  -1.596652101985087877e-02  1.495954388693264914e+00  1.373316512677962065e+00
2.709999999999999964e+00  -1.673308972853574161e+00  -3.962832614955341670e-01  3.037783197683940895e-01  -1.093078214587877017e-01  8.852820312153175664e-02
2.719999999999999751e+00  1.767907202069579853e+00  2.534814572380553521e+00  -1.591335911361192040e-02  1.495873982496216614e+00  1.373095830210675494e+00
2.719999999999999751e+00  -1.673004808814707367e+00  -3.966133046672435380e-01  3.037389973914342844e-01  -1.094094360852330139e-01  8.850153442506225598e-02
2.729999999999999982e+00  1.764641013932664038e+00  2.533639996662007121e+00  -1.586019911104284696e-02  1.495794691820004907e+00  1.372878544882204510e+00
2.729999999999999982e+00  -1.672704620041959522e+00  -3.969419666311165273e-01  3.036996113463691915e-01  -1.095100088302876085e-01  8.847517982405828096e-02
2.740000000000000213e+00  1.761410072123788417e+00  2.532476896004085098e+00  -1.580704344284276572e-02  1.495716495692559267e+00  1.372664591248061949e+00
2.740000000000000213e+00  -1.672408366556348502e+00  -3.972692501067442428e-01  3.036601661757112325e-01  -1.096095513486859963e-01  8.844913596581593929e-02
2.750000000000000000e+00  1.758213865999133763e+00  2.531325131850205690e+00  -1.575389462287472495e-02  1.495639373628570246e+00  1.372453905378113292e+00
2.750000000000000000e+00  -1.672116008527276154e+00  -3.975951579384760515e-01  3.036206663188492083e-01  -1.097080751745446170e-01  8.842339952369171474e-02
2.759999999999999787e+00  1.755051894022969572e+00  2.530184567545819885e+00  -1.570075523904244583e-02  1.495563305616229188e+00  1.372246424815622756e+00
2.759999999999999787e+00  -1.671827506282745901e+00  -3.979196930907317742e-01  3.035811161139251868e-01  -1.098055917218344613e-01  8.839796719727355256e-02
2.770000000000000018e+00  1.751923663577192425e+00  2.529055068309404408e+00  -1.564762794470377083e-02  1.495488272104374072e+00  1.372042088537567928e+00
2.770000000000000018e+00  -1.671542820319032341e+00  -3.982428586434837992e-01  3.035415197997213266e-01  -1.099021122848927723e-01  8.837283571254572756e-02
2.780000000000000249e+00  1.748828690775392936e+00  2.527936501204052888e+00  -1.559451545058815509e-02  1.495414253990016373e+00  1.371840836916177864e+00
2.780000000000000249e+00  -1.671261911309897208e+00  -3.985646577878508290e-01  3.035018815174890805e-01  -1.099976480389636135e-01  8.834800182202884322e-02
2.790000000000000036e+00  1.745766500281253686e+00  2.526828735109516888e+00  -1.554142051719626348e-02  1.495341232606282489e+00  1.371642611681653801e+00
2.790000000000000036e+00  -1.670984740115264433e+00  -3.988850938218522768e-01  3.034622053127868924e-01  -1.100922100407757398e-01  8.832346230491738837e-02
2.799999999999999822e+00  1.742736625131280137e+00  2.525731640694772739e+00  -1.548834594765634634e-02  1.495269189710685787e+00  1.371447355886031394e+00
2.799999999999999822e+00  -1.670711267789483756e+00  -3.992041701462658576e-01  3.034224951372687662e-01  -1.101858092291527758e-01  8.829921396718887205e-02
2.810000000000000053e+00  1.739738606561640921e+00  2.524645090391075541e+00  -1.543529458101296215e-02  1.495198107473794558e+00  1.371255013868156292e+00
2.810000000000000053e+00  -1.670441455589118496e+00  -3.995218902606309519e-01  3.033827548504647309e-01  -1.102784564256478195e-01  8.827525364170007993e-02
2.820000000000000284e+00  1.736771993839087536e+00  2.523568958365491888e+00  -1.538226928592524752e-02  1.495127968468236812e+00  1.371065531219706868e+00
2.820000000000000284e+00  -1.670175264980282792e+00  -3.998382577593557197e-01  3.033429882215302742e-01  -1.103701623352122407e-01  8.825157818827777945e-02
2.830000000000000071e+00  1.733836344095819992e+00  2.522503120494883344e+00  -1.532927295475841264e-02  1.495058755658005056e+00  1.370878854752255238e+00
2.830000000000000071e+00  -1.669912657645615806e+00  -4.001532763279594396e-01  3.033031989309731280e-01  -1.104609375468860177e-01  8.822818449378433403e-02
2.839999999999999858e+00  1.730931222168194505e+00  2.521447454340326910e+00  -1.527630849804171437e-02  1.494990452388140767e+00  1.370694932465322147e+00
2.839999999999999858e+00  -1.669653595490787845e+00  -4.004669497394085509e-01  3.032633905723539636e-01  -1.105507925345124987e-01  8.820506947217443550e-02
2.850000000000000089e+00  1.728056200439213708e+00  2.520401839122049292e+00  -1.522337883927854171e-02  1.494923042374680877e+00  1.370513713515380205e+00
2.850000000000000089e+00  -1.669398040650683424e+00  -4.007792818505868659e-01  3.032235666539699337e-01  -1.106397376574769220e-01  8.818223006454195545e-02
2.860000000000000320e+00  1.725210858684616211e+00  2.519366155694653386e+00  -1.517048691008691941e-02  1.494856509694942437e+00  1.370335148185795715e+00
2.860000000000000320e+00  -1.669145955495135780e+00  -4.010902765988400009e-01  3.031837306004929733e-01  -1.107277831614659203e-01  8.815966323914714575e-02
2.870000000000000107e+00  1.722394783922578165e+00  2.518340286522925631e+00  -1.511763564565877724e-02  1.494790838778068398e+00  1.370159187857656446e+00
2.870000000000000107e+00  -1.668897302634389179e+00  -4.013999379986682436e-01  3.031438857546166488e-01  -1.108149391792462302e-01  8.813736599144139650e-02
2.879999999999999893e+00  1.719607570266863394e+00  2.517324115657911587e+00  -1.506482798051431843e-02  1.494726014395878266e+00  1.369985784981476051e+00
2.879999999999999893e+00  -1.668652044924137101e+00  -4.017082701384703802e-01  3.031040353786426111e-01  -1.109012157314578362e-01  8.811533534407067769e-02
2.890000000000000124e+00  1.716848818783367481e+00  2.516317528713476470e+00  -1.501206684453876283e-02  1.494662021653973216e+00  1.369814893049709381e+00
2.890000000000000124e+00  -1.668410145470283323e+00  -4.020152771774215261e-01  3.030641826560697139e-01  -1.109866227274380890e-01  8.809356834687365190e-02
2.900000000000000355e+00  1.714118137349945670e+00  2.515320412843240483e+00  -1.495935515929535352e-02  1.494598845983122537e+00  1.369646466570114463e+00
2.900000000000000355e+00  -1.668171567633316865e+00  -4.023209633424336129e-01  3.030243306931404423e-01  -1.110711699660382745e-01  8.807206207686868460e-02
2.910000000000000142e+00  1.711415140519475742e+00  2.514332656717860992e+00  -1.490669583458028788e-02  1.494536473130884335e+00  1.369480461039854324e+00
2.910000000000000142e+00  -1.667936275032488869e+00  -4.026253329252015289e-01  3.029844825203757974e-01  -1.111548671364718244e-01  8.805081363823008545e-02
2.919999999999999929e+00  1.708739449386027509e+00  2.513354150502739248e+00  -1.485409176522782711e-02  1.494474889153484476e+00  1.369316832920386640e+00
2.919999999999999929e+00  -1.667704231549543392e+00  -4.029283902793439065e-01  3.029446410940740408e-01  -1.112377238191750717e-01  8.802982016225302520e-02
2.929999999999999716e+00  1.706090691454105857e+00  2.512384785836038414e+00  -1.480154582813878773e-02  1.494414080407941547e+00  1.369155539613063022e+00
2.929999999999999716e+00  -1.667475401332305429e+00  -4.032301398176332263e-01  3.029048092977953965e-01  -1.113197494866707826e-01  8.800907880731012600e-02
2.939999999999999947e+00  1.703468500510879613e+00  2.511424455807123479e+00  -1.474906087952681556e-02  1.494354033544396998e+00  1.368996539435447524e+00
2.939999999999999947e+00  -1.667249748797902997e+00  -4.035305860093025832e-01  3.028649899438116133e-01  -1.114009535044488963e-01  8.798858675880161240e-02
2.950000000000000178e+00  1.700872516501277465e+00  2.510473054935289827e+00  -1.469663975236883656e-02  1.494294735498692184e+00  1.368839791598312816e+00
2.950000000000000178e+00  -1.667027238635744535e+00  -4.038297333774393261e-01  3.028251857745455355e-01  -1.114813451318572568e-01  8.796834122909247267e-02
2.959999999999999964e+00  1.698302385405938919e+00  2.509530479148868842e+00  -1.464428525404638803e-02  1.494236173485141705e+00  1.368685256183295174e+00
2.959999999999999964e+00  -1.666807835810282468e+00  -4.041275864964516407e-01  3.027853994639707613e-01  -1.115609335229966748e-01  8.794833945744529036e-02
2.969999999999999751e+00  1.695757759121931718e+00  2.508596625764652366e+00  -1.459200016417297636e-02  1.494178334989539003e+00  1.368532894121192056e+00
2.969999999999999751e+00  -1.666591505563468800e+00  -4.044241499896174541e-01  3.027456336189965902e-01  -1.116397277276295341e-01  8.792857870994097436e-02
2.979999999999999982e+00  1.693238295346128686e+00  2.507671393467675536e+00  -1.453978723259298153e-02  1.494121207762339143e+00  1.368382667170886524e+00
2.979999999999999982e+00  -1.666378213417052612e+00  -4.047194285267028957e-01  3.027058907808320432e-01  -1.117177366920948378e-01  8.790905627939993305e-02
2.990000000000000213e+00  1.690743657461229787e+00  2.506754682291285619e+00  -1.448764917754365340e-02  1.494064779812042554e+00  1.368234537898854741e+00
2.990000000000000213e+00  -1.666167925174559361e+00  -4.050134268216600830e-01  3.026661734263200731e-01  -1.117949692602241418e-01  8.788976948528082200e-02
3.000000000000000000e+00  1.688273514424341926e+00  2.505846393597545241e+00  -1.443558868397263988e-02  1.494009039398787708e+00  1.368088469659262785e+00
3.000000000000000000e+00  -1.665960606923158505e+00  -4.053061496303794753e-01  3.026264839692455189e-01  -1.118714341742720331e-01  8.787071567359294733e-02
