1.010000000000000  0.009814282978842  0.297574394627535  0.036638322186383  0.634035089385576  0.339579990169175
1.010000000000000  0.000000000000000  0.000000000000000  -0.000000000000000  0.000000000000000  0.000000000000000
1.020000000000000  0.019322295862862  0.334855006686960  0.035737551949406  0.640882473297624  0.383433228891402
1.020000000000000  0.000000000000000  0.000000000000000  -0.000000000000000  0.000000000000000  0.000000000000000
1.030000000000000  0.028566592952084  0.356279610321191  0.034083922790494  0.646377840589014  0.413532465399335
1.030000000000000  0.000000000000000  0.000000000000000  -0.000000000000000  0.000000000000000  0.000000000000000
1.040000000000000  0.037572719777624  0.373559160875993  0.032584679231151  0.651144196170893  0.436980168559434
1.040000000000000  0.000000000000000  0.000000000000000  -0.000000000000000  0.000000000000000  0.000000000000000
1.050000000000000  0.046359770081635  0.388399266171469  0.031241651593425  0.655390009772457  0.456265774948897
1.050000000000000  0.000000000000000  0.000000000000000  -0.000000000000000  0.000000000000000  0.000000000000000
1.060000000000000  0.054943157331098  0.401517243875446  0.030039968557042  0.659235887094987  0.472604971244176
1.060000000000000  0.000000000000000  0.000000000000000  -0.000000000000000  0.000000000000000  0.000000000000000
1.070000000000000  0.063335850812356  0.413373354417183  0.028972521407037  0.662758381258528  0.486699074409543
1.070000000000000  0.000000000000000  0.000000000000000  -0.000000000000000  0.000000000000000  0.000000000000000
1.080000000000000  0.071549052217757  0.424166151507524  0.028026452353219  0.666012570589463  0.498996526293895
1.080000000000000  0.000000000000000  0.000000000000000  -0.000000000000000  0.000000000000000  0.000000000000000
1.090000000000000  0.079592612901469  0.434158326852220  0.027200579299170  0.669035412496834  0.509806719990716
1.090000000000000  0.000000000000000  0.000000000000000  -0.000000000000000  0.000000000000000  0.000000000000000
1.100000000000000  0.090849109061234  0.443593873046195  0.027848069743080  0.671857452963642  0.518439552018200
1.100000000000000  0.000000000000000  0.000000000000000  -0.000000000000000  0.000000000000000  0.000000000000000
1.110000000000000  0.098044361843820  0.452241614263153  0.026863558187197  0.674508195767456  0.527807657034160
1.110000000000000  0.000000000000000  0.000000000000000  -0.000000000000000  0.000000000000000  0.000000000000000
1.120000000000000  0.105249496849708  0.460385539696927  0.025936740811703  0.677000444876884  0.536501642480206
1.120000000000000  0.000000000000000  0.000000000000000  -0.000000000000000  0.000000000000000  0.000000000000000
1.130000000000000  0.112265209171024  0.468072615090965  0.025076243309849  0.679356751191485  0.544582921038097
1.130000000000000  0.000000000000000  0.000000000000000  -0.000000000000000  0.000000000000000  0.000000000000000
1.140000000000000  0.119286961158485  0.475386569817693  0.024261067081222  0.681582717771211  0.552125755392326
1.140000000000000  0.000000000000000  0.000000000000000  -0.000000000000000  0.000000000000000  0.000000000000000
1.150000000000000  0.126148620390584  0.482339171086426  0.023491259983057  0.683696681767861  0.559195855755270
1.150000000000000  0.000000000000000  0.000000000000000  -0.000000000000000  0.000000000000000  0.000000000000000
1.160000000000000  0.132957178370099  0.488982753685061  0.022757300410543  0.685703358192690  0.565836320519471
1.160000000000000  0.000000000000000  0.000000000000000  -0.000000000000000  0.000000000000000  0.000000000000000
1.170000000000000  0.139621495335649  0.495344130032448  0.022064037245524  0.687615392596545  0.572088600109083
1.170000000000000  0.000000000000000  0.000000000000000  -0.000000000000000  0.000000000000000  0.000000000000000
1.180000000000000  0.146200045470365  0.501449212071230  0.021401211097742  0.689437682211776  0.577990030737932
1.180000000000000  0.000000000000000  0.000000000000000  -0.000000000000000  0.000000000000000  0.000000000000000
1.190000000000000  0.152662861089892  0.507315588998673  0.020767955319078  0.691178342153230  0.583575936622525
1.190000000000000  0.000000000000000  0.000000000000000  -0.000000000000000  0.000000000000000  0.000000000000000
1.200000000000000  0.159025741471688  0.512970021603865  0.020164248402834  0.692842438527138  0.588864636092819
1.200000000000000  0.000000000000000  0.000000000000000  -0.000000000000000  0.000000000000000  0.000000000000000
1.210000000000000  0.165312640304368  0.518425110362702  0.019582470041575  0.694433556987995  0.593888749988661
1.210000000000000  0.000000000000000  0.000000000000000  -0.000000000000000  0.000000000000000  0.000000000000000
1.220000000000000  0.171472002767371  0.523693707353504  0.019027704198727  0.695960141852066  0.598664829493397
1.220000000000000  0.000000000000000  0.000000000000000  -0.000000000000000  0.000000000000000  0.000000000000000
1.230000000000000  0.177562868180073  0.528794128078321  0.018492667730920  0.697422303144085  0.603211613892010
1.230000000000000  0.000000000000000  0.000000000000000  -0.000000000000000  0.000000000000000  0.000000000000000
1.240000000000000  0.183547115834618  0.533732082202581  0.017979824170192  0.698826705733365  0.607547359740980
1.240000000000000  0.000000000000000  0.000000000000000  -0.000000000000000  0.000000000000000  0.000000000000000
1.250000000000000  0.189440498032381  0.538521869959349  0.017486609695667  0.700176000347589  0.611685580680784
1.250000000000000  0.000000000000000  0.000000000000000  -0.000000000000000  0.000000000000000  0.000000000000000
1.260000000000000  0.195247344807494  0.543171531854922  0.017011899741667  0.701473059236104  0.615639365968742
1.260000000000000  0.000000000000000  0.000000000000000  -0.000000000000000  0.000000000000000  0.000000000000000
1.270000000000000  0.200961975008337  0.547687573153691  0.016554611224807  0.702721476732710  0.619423460541186
1.270000000000000  0.000000000000000  0.000000000000000  -0.000000000000000  0.000000000000000  0.000000000000000
1.280000000000000  0.206599346927956  0.552081975236481  0.016113908975496  0.703922843565817  0.623044184942606
1.280000000000000  0.000000000000000  0.000000000000000  -0.000000000000000  0.000000000000000  0.000000000000000
1.290000000000000  0.212141835989211  0.556356809156304  0.015689762032176  0.705081271616137  0.626516493734461
1.290000000000000  0.000000000000000  0.000000000000000  -0.000000000000000  0.000000000000000  0.000000000000000
1.300000000000000  0.217611690573733  0.560520983896458  0.015279316894592  0.706197358179797  0.629847345022780
1.300000000000000  0.000000000000000  0.000000000000000  -0.000000000000000  0.000000000000000  0.000000000000000
1.310000000000000  0.222992733203880  0.564580730599979  0.014885025712067  0.707274736685656  0.633043415202251
1.310000000000000  0.000000000000000  0.000000000000000  -0.000000000000000  0.000000000000000  0.000000000000000
1.320000000000000  0.228305142776039  0.568540607402526  0.014503068809839  0.708313794534192  0.636113675422392
1.320000000000000  0.000000000000000  0.000000000000000  -0.000000000000000  0.000000000000000  0.000000000000000
1.330000000000000  0.233534992100544  0.572404239439792  0.014134471450488  0.709317744556809  0.639067033144038
1.330000000000000  0.000000000000000  0.000000000000000  -0.000000000000000  0.000000000000000  0.000000000000000
1.340000000000000  0.238691051269540  0.576177435590231  0.013778221832285  0.710287663660191  0.641908146838416
1.340000000000000  0.000000000000000  0.000000000000000  -0.000000000000000  0.000000000000000  0.000000000000000
1.350000000000000  0.243773173619399  0.579864107873581  0.013434198159832  0.711225359684848  0.644642695763753
1.350000000000000  0.000000000000000  0.000000000000000  -0.000000000000000  0.000000000000000  0.000000000000000
1.360000000000000  0.248785753245192  0.583467152546547  0.013100577187471  0.712131993478938  0.647278723125899
1.360000000000000  0.000000000000000  0.000000000000000  -0.000000000000000  0.000000000000000  0.000000000000000
1.370000000000000  0.253731818502276  0.586992962260545  0.012778202847581  0.713008847740301  0.649817051261580
1.370000000000000  0.000000000000000  0.000000000000000  -0.000000000000000  0.000000000000000  0.000000000000000
1.380000000000000  0.258604870622786  0.590441871365149  0.012466504447310  0.713858028069491  0.652266316884975
1.380000000000000  0.000000000000000  0.000000000000000  -0.000000000000000  0.000000000000000  0.000000000000000
1.390000000000000  0.263415569095025  0.593817754285021  0.012163786839170  0.714679857988294  0.654630131691672
1.390000000000000  0.000000000000000  0.000000000000000  -0.000000000000000  0.000000000000000  0.000000000000000
1.400000000000000  0.268156887060265  0.597124775072085  0.011871757807912  0.715476342695365  0.656911146621488
1.400000000000000  0.000000000000000  0.000000000000000  -0.000000000000000  0.000000000000000  0.000000000000000
1.410000000000000  0.272838495126674  0.600363870753680  0.011587757720836  0.716247731838599  0.659115473726305
1.410000000000000  0.000000000000000  0.000000000000000  -0.000000000000000  0.000000000000000  0.000000000000000
1.420000000000000  0.277455828536868  0.603538814242344  0.011313027902048  0.716995700250196  0.661245205311938
1.420000000000000  0.000000000000000  0.000000000000000  -0.000000000000000  0.000000000000000  0.000000000000000
1.430000000000000  0.282012392654966  0.606652548928185  0.011047087816560  0.717720949182093  0.663303017209397
1.430000000000000  0.000000000000000  0.000000000000000  -0.000000000000000  0.000000000000000  0.000000000000000
1.440000000000000  0.286509090738414  0.609705671042437  0.010788745208135  0.718424444862671  0.665294606558028
1.440000000000000  0.000000000000000  0.000000000000000  -0.000000000000000  0.000000000000000  0.000000000000000
1.450000000000000  0.290947059096625  0.612701517017445  0.010538459786543  0.719107112910464  0.667221200858490
1.450000000000000  0.000000000000000  0.000000000000000  -0.000000000000000  0.000000000000000  0.000000000000000
1.460000000000000  0.295328508839232  0.615640864440371  0.010295129825213  0.719769642950962  0.669087068095880
1.460000000000000  0.000000000000000  0.000000000000000  -0.000000000000000  0.000000000000000  0.000000000000000
1.470000000000000  0.299654064200338  0.618527833097916  0.010059535305474  0.720412852910960  0.670892388349229
1.470000000000000  0.000000000000000  0.000000000000000  -0.000000000000000  0.000000000000000  0.000000000000000
1.480000000000000  0.303923447778518  0.621362010224604  0.009830751744673  0.721037693299993  0.672642181070473
1.480000000000000  0.000000000000000  0.000000000000000  -0.000000000000000  0.000000000000000  0.000000000000000
1.490000000000000  0.308139941441352  0.624146273849926  0.009608536623485  0.721644577465207  0.674337700764317
1.490000000000000  0.000000000000000  0.000000000000000  -0.000000000000000  0.000000000000000  0.000000000000000
1.500000000000000  0.312302499862738  0.626881867149921  0.009392950052570  0.722234465575688  0.675981385541336
1.500000000000000  0.000000000000000  0.000000000000000  -0.000000000000000  0.000000000000000  0.000000000000000
1.510000000000000  0.316413379920341  0.629570617296116  0.009183603043369  0.722807848891486  0.677575286179903
1.510000000000000  0.000000000000000  0.000000000000000  -0.000000000000000  0.000000000000000  0.000000000000000
1.520000000000000  0.320475019834885  0.632213662017889  0.008979913999638  0.723365126702172  0.679121540688973
1.520000000000000  0.000000000000000  0.000000000000000  -0.000000000000000  0.000000000000000  0.000000000000000
1.530000000000000  0.324487078132646  0.634812495764678  0.008782006459478  0.723907094004789  0.680622015776360
1.530000000000000  0.000000000000000  0.000000000000000  -0.000000000000000  0.000000000000000  0.000000000000000
1.540000000000000  0.328450431543466  0.637368520289406  0.008589630396762  0.724434239021780  0.682078461353451
1.540000000000000  0.000000000000000  0.000000000000000  -0.000000000000000  0.000000000000000  0.000000000000000
1.550000000000000  0.332366115645080  0.639882984454092  0.008402649159594  0.724947139251168  0.683492608447038
1.550000000000000  0.000000000000000  0.000000000000000  -0.000000000000000  0.000000000000000  0.000000000000000
1.560000000000000  0.336234904478186  0.642357038370939  0.008220793504582  0.725446274058799  0.684866164886253
1.560000000000000  0.000000000000000  0.000000000000000  -0.000000000000000  0.000000000000000  0.000000000000000
1.570000000000000  0.340057794856464  0.644791917319448  0.008043961017161  0.725932138806339  0.686200604560015
1.570000000000000  0.000000000000000  0.000000000000000  -0.000000000000000  0.000000000000000  0.000000000000000
1.580000000000000  0.343835657793854  0.647188663328051  0.007871959015652  0.726405170982522  0.687497424224234
1.580000000000000  0.000000000000000  0.000000000000000  -0.000000000000000  0.000000000000000  0.000000000000000
1.590000000000000  0.347569274522196  0.649548364353431  0.007704588833260  0.726865823976518  0.688758008886338
1.590000000000000  0.000000000000000  0.000000000000000  -0.000000000000000  0.000000000000000  0.000000000000000
1.600000000000000  0.351259506482721  0.651872025503590  0.007541723339392  0.727314514702200  0.689983646728964
1.600000000000000  0.000000000000000  0.000000000000000  -0.000000000000000  0.000000000000000  0.000000000000000
1.610000000000000  0.354907124089575  0.654160638268870  0.007383224567241  0.727751630457593  0.691175677065365
1.610000000000000  0.000000000000000  0.000000000000000  -0.000000000000000  0.000000000000000  0.000000000000000
1.620000000000000  0.358512911346931  0.656415071900051  0.007228939673213  0.728177612902084  0.692335305363872
1.620000000000000  0.000000000000000  0.000000000000000  -0.000000000000000  0.000000000000000  0.000000000000000
1.630000000000000  0.362077656633063  0.658636283246691  0.007078710899815  0.728592716108094  0.693463676176972
1.630000000000000  0.000000000000000  0.000000000000000  -0.000000000000000  0.000000000000000  0.000000000000000
1.640000000000000  0.365602057686973  0.660825082785336  0.006932438568836  0.728997391659692  0.694561876607599
1.640000000000000  0.000000000000000  0.000000000000000  -0.000000000000000  0.000000000000000  0.000000000000000
1.650000000000000  0.369086814042771  0.662982334989746  0.006789961415742  0.729391964116967  0.695630972187850
1.650000000000000  0.000000000000000  0.000000000000000  -0.000000000000000  0.000000000000000  0.000000000000000
1.660000000000000  0.372532701052148  0.665108778983635  0.006651208403967  0.729776720824576  0.696671984257229
1.660000000000000  0.000000000000000  0.000000000000000  -0.000000000000000  0.000000000000000  0.000000000000000
1.670000000000000  0.375940303080556  0.667205214110676  0.006516005017046  0.730152005349145  0.697685855862145
1.670000000000000  0.000000000000000  0.000000000000000  -0.000000000000000  0.000000000000000  0.000000000000000
1.680000000000000  0.379310390723236  0.669272354002989  0.006384266029119  0.730518073952331  0.698673516142405
1.680000000000000  0.000000000000000  0.000000000000000  -0.000000000000000  0.000000000000000  0.000000000000000
1.690000000000000  0.382643528958956  0.671310914281843  0.006255885138756  0.730875285055901  0.699635835240328
1.690000000000000  0.000000000000000  0.000000000000000  -0.000000000000000  0.000000000000000  0.000000000000000
1.700000000000000  0.385940398730592  0.673321578062045  0.006130762312849  0.731223868107324  0.700573676821380
1.700000000000000  0.000000000000000  0.000000000000000  -0.000000000000000  0.000000000000000  0.000000000000000
1.710000000000000  0.389201628777543  0.675304972512160  0.006008762914932  0.731564104083531  0.701487844966265
1.710000000000000  0.000000000000000  0.000000000000000  -0.000000000000000  0.000000000000000  0.000000000000000
1.720000000000000  0.392427784852221  0.677261792364347  0.005889843121089  0.731896200256539  0.702379111307180
1.720000000000000  0.000000000000000  0.000000000000000  -0.000000000000000  0.000000000000000  0.000000000000000
1.730000000000000  0.395619440805962  0.679192575689099  0.005773880585277  0.732220493306182  0.703248188333512
1.730000000000000  0.000000000000000  0.000000000000000  -0.000000000000000  0.000000000000000  0.000000000000000
1.740000000000000  0.398777246896588  0.681097911119788  0.005660774558440  0.732537110573938  0.704095861761663
1.740000000000000  0.000000000000000  0.000000000000000  -0.000000000000000  0.000000000000000  0.000000000000000
1.750000000000000  0.401901690096577  0.682978472041199  0.005550453720357  0.732846385361484  0.704922753275911
1.750000000000000  0.000000000000000  0.000000000000000  -0.000000000000000  0.000000000000000  0.000000000000000
1.760000000000000  0.404993339124125  0.684834639963476  0.005442831013326  0.733148481599067  0.705729533580877
1.760000000000000  0.000000000000000  0.000000000000000  -0.000000000000000  0.000000000000000  0.000000000000000
1.770000000000000  0.408052766717388  0.686667130158165  0.005337819988207  0.733443607532939  0.706516829934469
1.770000000000000  0.000000000000000  0.000000000000000  -0.000000000000000  0.000000000000000  0.000000000000000
1.780000000000000  0.411080482535907  0.688476346246688  0.005235361970624  0.733732016589613  0.707285274523468
1.780000000000000  0.000000000000000  0.000000000000000  -0.000000000000000  0.000000000000000  0.000000000000000
1.790000000000000  0.414076953287644  0.690262753997857  0.005135349446763  0.734013838446482  0.708035399576002
1.790000000000000  0.000000000000000  0.000000000000000  -0.000000000000000  0.000000000000000  0.000000000000000
1.800000000000000  0.417042729778627  0.692026907465639  0.005037781324140  0.734289273887561  0.708767835231088
1.800000000000000  0.000000000000000  0.000000000000000  -0.000000000000000  0.000000000000000  0.000000000000000
1.810000000000000  0.419978266423498  0.693769262468881  0.004942487700136  0.734558530654257  0.709483070616746
1.810000000000000  0.000000000000000  0.000000000000000  -0.000000000000000  0.000000000000000  0.000000000000000
1.820000000000000  0.422884027685350  0.695490255200646  0.004849496085206  0.734821799989465  0.710181627544593
1.820000000000000  0.000000000000000  0.000000000000000  -0.000000000000000  0.000000000000000  0.000000000000000
1.830000000000000  0.425760494834463  0.697190349520148  0.004758637513490  0.735079202466951  0.710864035053951
1.830000000000000  0.000000000000000  0.000000000000000  -0.000000000000000  0.000000000000000  0.000000000000000
1.840000000000000  0.428608232549595  0.698869896328518  0.004669949993210  0.735330942626341  0.711530717622698
1.840000000000000  0.000000000000000  0.000000000000000  -0.000000000000000  0.000000000000000  0.000000000000000
1.850000000000000  0.431427551578649  0.700529384796402  0.004583358273989  0.735577144756396  0.712182174915358
1.850000000000000  0.000000000000000  0.000000000000000  -0.000000000000000  0.000000000000000  0.000000000000000
1.860000000000000  0.434218898698948  0.702169204100882  0.004498727737070  0.735817985891035  0.712818865434391
1.860000000000000  0.000000000000000  0.000000000000000  -0.000000000000000  0.000000000000000  0.000000000000000
1.870000000000000  0.436982721761987  0.703789717506163  0.004416056617320  0.736053603065207  0.713441188881384
1.870000000000000  0.000000000000000  0.000000000000000  -0.000000000000000  0.000000000000000  0.000000000000000
1.880000000000000  0.439719518091416  0.705391277977925  0.004335320132733  0.736284203280981  0.714049581583586
1.880000000000000  0.000000000000000  0.000000000000000  -0.000000000000000  0.000000000000000  0.000000000000000
1.890000000000000  0.442429611887092  0.706974292574089  0.004256400275033  0.736509781464034  0.714644436485041
1.890000000000000  0.000000000000000  0.000000000000000  -0.000000000000000  0.000000000000000  0.000000000000000
1.900000000000000  0.445113387790542  0.708539148333219  0.004179278218691  0.736730608965064  0.715226136717962
1.900000000000000  0.000000000000000  0.000000000000000  -0.000000000000000  0.000000000000000  0.000000000000000
1.910000000000000  0.447771322324802  0.710086124915357  0.004103912264889  0.736946742542499  0.715795028257765
1.910000000000000  0.000000000000000  0.000000000000000  -0.000000000000000  0.000000000000000  0.000000000000000
1.920000000000000  0.450403652488321  0.711615583769498  0.004030241203757  0.737158339553549  0.716351545035158
1.920000000000000  0.000000000000000  0.000000000000000  -0.000000000000000  0.000000000000000  0.000000000000000
1.930000000000000  0.453010965326668  0.713127873147320  0.003958225772370  0.737365490500645  0.716895948209273
1.930000000000000  0.000000000000000  0.000000000000000  -0.000000000000000  0.000000000000000  0.000000000000000
1.940000000000000  0.455593529484381  0.714623215558101  0.003887830771036  0.737568341985260  0.717428610875699
1.940000000000000  0.000000000000000  0.000000000000000  -0.000000000000000  0.000000000000000  0.000000000000000
1.950000000000000  0.458151645580770  0.716102082581161  0.003818972410714  0.737766988903343  0.717949828032961
1.950000000000000  0.000000000000000  0.000000000000000  -0.000000000000000  0.000000000000000  0.000000000000000
1.960000000000000  0.460685716828894  0.717564603896908  0.003751680168613  0.737961553846153  0.718459991383120
1.960000000000000  0.000000000000000  0.000000000000000  -0.000000000000000  0.000000000000000  0.000000000000000
1.970000000000000  0.463196108890364  0.719011196450341  0.003685810582282  0.738152118401154  0.718959323711697
1.970000000000000  0.000000000000000  0.000000000000000  -0.000000000000000  0.000000000000000  0.000000000000000
1.980000000000000  0.465683136370324  0.720442081451980  0.003621419656599  0.738338795660022  0.719448129540773
1.980000000000000  0.000000000000000  0.000000000000000  -0.000000000000000  0.000000000000000  0.000000000000000
1.990000000000000  0.468147190138760  0.721857579061922  0.003558412274146  0.738521705521727  0.719926693687535
1.990000000000000  0.000000000000000  0.000000000000000  -0.000000000000000  0.000000000000000  0.000000000000000
2.000000000000000  0.470588470307430  0.723257921501626  0.003496812356064  0.738700940346939  0.720395302290780
2.000000000000000  0.000000000000000  0.000000000000000  -0.000000000000000  0.000000000000000  0.000000000000000
2.010000000000000  0.473007401715183  0.724643382478249  0.003436520800295  0.738876567976699  0.720854223702899
2.010000000000000  0.000000000000000  0.000000000000000  -0.000000000000000  0.000000000000000  0.000000000000000
2.020000000000000  0.475404249173655  0.726014199959242  0.003377505977205  0.739048674168964  0.721303691530049
2.020000000000000  0.000000000000000  0.000000000000000  -0.000000000000000  0.000000000000000  0.000000000000000
2.030000000000000  0.477779413863999  0.727370667333359  0.003319777215762  0.739217392119189  0.721743947198341
2.030000000000000  0.000000000000000  0.000000000000000  -0.000000000000000  0.000000000000000  0.000000000000000
2.040000000000000  0.480133068841023  0.728713017589030  0.003263299095995  0.739382773364005  0.722175296910698
2.040000000000000  0.000000000000000  0.000000000000000  -0.000000000000000  0.000000000000000  0.000000000000000
2.050000000000000  0.482465588535671  0.730041466976444  0.003207996608981  0.739544926943319  0.722597864399137
2.050000000000000  0.000000000000000  0.000000000000000  -0.000000000000000  0.000000000000000  0.000000000000000
2.060000000000000  0.484777227440591  0.731356229709795  0.003153866154984  0.739703887974169  0.723011967493648
2.060000000000000  0.000000000000000  0.000000000000000  -0.000000000000000  0.000000000000000  0.000000000000000
2.070000000000000  0.487068269256568  0.732657615508568  0.003100880341267  0.739859791379521  0.723417736535845
2.070000000000000  0.000000000000000  0.000000000000000  -0.000000000000000  0.000000000000000  0.000000000000000
2.080000000000000  0.489339100191831  0.733945780778104  0.003049005158250  0.740012647665172  0.723815492941063
2.080000000000000  0.000000000000000  0.000000000000000  -0.000000000000000  0.000000000000000  0.000000000000000
2.090000000000000  0.491589840178444  0.735220930417893  0.002998188052045  0.740162583990190  0.724205340636124
2.090000000000000  0.000000000000000  0.000000000000000  -0.000000000000000  0.000000000000000  0.000000000000000
2.100000000000000  0.493820840319208  0.736483314653179  0.002948457842083  0.740309624599749  0.724587516500282
2.100000000000000  0.000000000000000  0.000000000000000  -0.000000000000000  0.000000000000000  0.000000000000000
2.110000000000000  0.496032320798743  0.737733123259339  0.002899744759928  0.740453908858992  0.724962214328309
2.110000000000000  0.000000000000000  0.000000000000000  -0.000000000000000  0.000000000000000  0.000000000000000
2.120000000000000  0.498224602448766  0.738970530429815  0.002852032464818  0.740595417183185  0.725329612014559
2.120000000000000  0.000000000000000  0.000000000000000  -0.000000000000000  0.000000000000000  0.000000000000000
2.130000000000000  0.500397884466030  0.740195800020734  0.002805302795212  0.740734265178370  0.725689888510818
2.130000000000000  0.000000000000000  0.000000000000000  -0.000000000000000  0.000000000000000  0.000000000000000
2.140000000000000  0.502552483608488  0.741409013738003  0.002759526011873  0.740870539224613  0.726043238845540
2.140000000000000  0.000000000000000  0.000000000000000  -0.000000000000000  0.000000000000000  0.000000000000000
2.150000000000000  0.504688566724650  0.742610497357733  0.002714688301491  0.741004220214949  0.726389790076389
2.150000000000000  0.000000000000000  0.000000000000000  -0.000000000000000  0.000000000000000  0.000000000000000
2.160000000000000  0.506806439886270  0.743800344723921  0.002670758417856  0.741135455263217  0.726729737520636
2.160000000000000  0.000000000000000  0.000000000000000  -0.000000000000000  0.000000000000000  0.000000000000000
2.170000000000000  0.508906233561967  0.744978759124815  0.002627694211618  0.741264233161491  0.727063254778266
2.170000000000000  0.000000000000000  0.000000000000000  -0.000000000000000  0.000000000000000  0.000000000000000
2.180000000000000  0.510988343129185  0.746145878224046  0.002585531897442  0.741390663013428  0.727390440731487
2.180000000000000  0.000000000000000  0.000000000000000  -0.000000000000000  0.000000000000000  0.000000000000000
2.190000000000000  0.513052830917777  0.747301953854485  0.002544146381150  0.741514782025267  0.727711522912393
2.190000000000000  0.000000000000000  0.000000000000000  -0.000000000000000  0.000000000000000  0.000000000000000
2.200000000000000  0.515100068085198  0.748447087648711  0.002503652354322  0.741636610022766  0.728026587828637
2.200000000000000  0.000000000000000  0.000000000000000  -0.000000000000000  0.000000000000000  0.000000000000000
2.210000000000000  0.517130143364229  0.749581468956546  0.002463922972479  0.741756278566012  0.728335793326362
2.210000000000000  0.000000000000000  0.000000000000000  -0.000000000000000  0.000000000000000  0.000000000000000
2.220000000000000  0.519143426229240  0.750705221700622  0.002424994583082  0.741873719694456  0.728639294042170
2.220000000000000  0.000000000000000  0.000000000000000  -0.000000000000000  0.000000000000000  0.000000000000000
2.230000000000000  0.521139988645664  0.751818590692833  0.002386825331864  0.741989064542864  0.728937168533412
2.230000000000000  0.000000000000000  0.000000000000000  -0.000000000000000  0.000000000000000  0.000000000000000
2.240000000000000  0.523120105494129  0.752921620849474  0.002349417918856  0.742102377548122  0.729229609955842
2.240000000000000  0.000000000000000  0.000000000000000  -0.000000000000000  0.000000000000000  0.000000000000000
2.250000000000000  0.525084015251942  0.754014502893576  0.002312751192161  0.742213632012782  0.729516709563069
2.250000000000000  0.000000000000000  0.000000000000000  -0.000000000000000  0.000000000000000  0.000000000000000
2.260000000000000  0.527031814341323  0.755097460767125  0.002276755720526  0.742322966124845  0.729798623427728
2.260000000000000  0.000000000000000  0.000000000000000  -0.000000000000000  0.000000000000000  0.000000000000000
2.270000000000000  0.528963711777395  0.756170548760227  0.002241482393623  0.742430321875694  0.730075439429705
2.270000000000000  0.000000000000000  0.000000000000000  -0.000000000000000  0.000000000000000  0.000000000000000
2.280000000000000  0.530880053376126  0.757233897745746  0.002206906755011  0.742535795982437  0.730347277782937
2.280000000000000  0.000000000000000  0.000000000000000  -0.000000000000000  0.000000000000000  0.000000000000000
2.290000000000000  0.532780884279227  0.758287750215665  0.002172936448315  0.742639431906590  0.730614231807345
2.290000000000000  0.000000000000000  0.000000000000000  -0.000000000000000  0.000000000000000  0.000000000000000
2.300000000000000  0.534666434023418  0.759332121975502  0.002139701605350  0.742741291947585  0.730876478652923
2.300000000000000  0.000000000000000  0.000000000000000  -0.000000000000000  0.000000000000000  0.000000000000000
2.310000000000000  0.536536933106324  0.760367223414055  0.002107045411267  0.742841361525579  0.731134063989520
2.310000000000000  0.000000000000000  0.000000000000000  -0.000000000000000  0.000000000000000  0.000000000000000
2.320000000000000  0.538392510960502  0.761393145044935  0.002074996245737  0.742939695063946  0.731387085046342
2.320000000000000  0.000000000000000  0.000000000000000  -0.000000000000000  0.000000000000000  0.000000000000000
2.330000000000000  0.540233329299130  0.762410044896040  0.002043607385344  0.743036352847238  0.731635702465203
2.330000000000000  0.000000000000000  0.000000000000000  -0.000000000000000  0.000000000000000  0.000000000000000
2.340000000000000  0.542059639656335  0.763418044457821  0.002012767299057  0.743131345146184  0.731879954379819
2.340000000000000  0.000000000000000  0.000000000000000  -0.000000000000000  0.000000000000000  0.000000000000000
2.350000000000000  0.543871553123257  0.764417215292827  0.001982517535761  0.743224728628211  0.732119985404185
2.350000000000000  0.000000000000000  0.000000000000000  -0.000000000000000  0.000000000000000  0.000000000000000
2.360000000000000  0.545669223435371  0.765407748767872  0.001952855844365  0.743316528708804  0.732355861572347
2.360000000000000  0.000000000000000  0.000000000000000  -0.000000000000000  0.000000000000000  0.000000000000000
2.370000000000000  0.547452895568201  0.766389708847868  0.001923719662038  0.743406750942923  0.732587637848914
2.370000000000000  0.000000000000000  0.000000000000000  -0.000000000000000  0.000000000000000  0.000000000000000
2.380000000000000  0.549222716938162  0.767363263464526  0.001895115292512  0.743495477069917  0.732815449245110
2.380000000000000  0.000000000000000  0.000000000000000  -0.000000000000000  0.000000000000000  0.000000000000000
2.390000000000000  0.550978842172596  0.768328469210469  0.001867067250335  0.743582733580710  0.733039394773670
2.390000000000000  0.000000000000000  0.000000000000000  -0.000000000000000  0.000000000000000  0.000000000000000
2.400000000000000  0.552721347002494  0.769285471871890  0.001839524752692  0.743668508812489  0.733259518919498
2.400000000000000  0.000000000000000  0.000000000000000  -0.000000000000000  0.000000000000000  0.000000000000000
2.410000000000000  0.554450550354758  0.770234387657060  0.001812467591648  0.743752867398967  0.733475916502785
2.410000000000000  0.000000000000000  0.000000000000000  -0.000000000000000  0.000000000000000  0.000000000000000
2.420000000000000  0.556166445429172  0.771175303902797  0.001785959323226  0.743835838092128  0.733688694040698
2.420000000000000  0.000000000000000  0.000000000000000  -0.000000000000000  0.000000000000000  0.000000000000000
2.430000000000000  0.557869264642440  0.772108330775500  0.001759888285882  0.743917452988752  0.733897901725804
2.430000000000000  0.000000000000000  0.000000000000000  -0.000000000000000  0.000000000000000  0.000000000000000
2.440000000000000  0.559559196832920  0.773033579842058  0.001734300583529  0.743997707402309  0.734103560873438
2.440000000000000  0.000000000000000  0.000000000000000  -0.000000000000000  0.000000000000000  0.000000000000000
2.450000000000000  0.561236273859340  0.773951143019661  0.001709172228939  0.744076667917956  0.734305838053066
2.450000000000000  0.000000000000000  0.000000000000000  -0.000000000000000  0.000000000000000  0.000000000000000
2.460000000000000  0.562900774209425  0.774861100013857  0.001684506512697  0.744154337081138  0.734504775358733
2.460000000000000  0.000000000000000  0.000000000000000  -0.000000000000000  0.000000000000000  0.000000000000000
2.470000000000000  0.564552768234058  0.775763615537609  0.001660280958232  0.744230743715389  0.734700428773440
2.470000000000000  0.000000000000000  0.000000000000000  -0.000000000000000  0.000000000000000  0.000000000000000
2.480000000000000  0.566192422915905  0.776658734314712  0.001636493722725  0.744305921244543  0.734892879448438
2.480000000000000  0.000000000000000  0.000000000000000  -0.000000000000000  0.000000000000000  0.000000000000000
2.490000000000000  0.567819852665006  0.777546531233348  0.001613137590020  0.744379895976352  0.735082151796177
2.490000000000000  0.000000000000000  0.000000000000000  -0.000000000000000  0.000000000000000  0.000000000000000
2.500000000000000  0.580720000079891  0.782360000107631  0.002400000000330  0.744000000102354  0.735000000101116
2.500000000000000  0.000000000000000  0.000000000000000  -0.000000000000000  0.000000000000000  0.000000000000000
2.510000000000000  0.582157176051970  0.783173825183135  0.002361980949692  0.744071427919452  0.735178569643861
2.510000000000000  0.000000000000000  0.000000000000000  -0.000000000000000  0.000000000000000  0.000000000000000
2.520000000000000  0.583585548531820  0.783981742807549  0.002324711764032  0.744141726457819  0.735354315989777
2.520000000000000  0.000000000000000  0.000000000000000  -0.000000000000000  0.000000000000000  0.000000000000000
2.530000000000000  0.585005184084425  0.784783815902762  0.002288174765288  0.744210917947002  0.735527294712735
2.530000000000000  0.000000000000000  0.000000000000000  -0.000000000000000  0.000000000000000  0.000000000000000
2.540000000000000  0.586416148894759  0.785580106503275  0.002252352759712  0.744279024093511  0.735697560079009
2.540000000000000  0.000000000000000  0.000000000000000  -0.000000000000000  0.000000000000000  0.000000000000000
2.550000000000000  0.587818508761555  0.786370675772150  0.002217229022769  0.744346066095119  0.735865165083029
2.550000000000000  0.000000000000000  0.000000000000000  -0.000000000000000  0.000000000000000  0.000000000000000
2.560000000000000  0.589212329091539  0.787155584016607  0.002182787284555  0.744412064654718  0.736030161482025
2.560000000000000  0.000000000000000  0.000000000000000  -0.000000000000000  0.000000000000000  0.000000000000000
2.570000000000000  0.590597674894088  0.787934890703250  0.002149011715734  0.744477039993744  0.736192599829591
2.570000000000000  0.000000000000000  0.000000000000000  -0.000000000000000  0.000000000000000  0.000000000000000
2.580000000000000  0.591974610776323  0.788708654472968  0.002115886913948  0.744541011865194  0.736352529508216
2.580000000000000  0.000000000000000  0.000000000000000  -0.000000000000000  0.000000000000000  0.000000000000000
2.590000000000000  0.593343200938590  0.789476933155486  0.002083397890713  0.744603999566233  0.736509998760813
2.590000000000000  0.000000000000000  0.000000000000000  -0.000000000000000  0.000000000000000  0.000000000000000
2.600000000000000  0.594703509170324  0.790239783783603  0.002051530058754  0.744666021950420  0.736665054721281
2.600000000000000  0.000000000000000  0.000000000000000  -0.000000000000000  0.000000000000000  0.000000000000000
2.610000000000000  0.596055598846288  0.790997262607107  0.002020269219777  0.744727097439562  0.736817743444136
2.610000000000000  0.000000000000000  0.000000000000000  -0.000000000000000  0.000000000000000  0.000000000000000
2.620000000000000  0.597399532923144  0.791749425106390  0.001989601552663  0.744787244035203  0.736968109933239
2.620000000000000  0.000000000000000  0.000000000000000  -0.000000000000000  0.000000000000000  0.000000000000000
2.630000000000000  0.598735373936379  0.792496326005761  0.001959513602057  0.744846479329769  0.737116198169653
2.630000000000000  0.000000000000000  0.000000000000000  -0.000000000000000  0.000000000000000  0.000000000000000
2.640000000000000  0.600063183997525  0.793238019286471  0.001929992267352  0.744904820517371  0.737262051138659
2.640000000000000  0.000000000000000  0.000000000000000  -0.000000000000000  0.000000000000000  0.000000000000000
2.650000000000000  0.601383024791706  0.793974558199457  0.001901024792033  0.744962284404292  0.737405710855962
2.650000000000000  0.000000000000000  0.000000000000000  -0.000000000000000  0.000000000000000  0.000000000000000
2.660000000000000  0.602694957575458  0.794705995277812  0.001872598753394  0.745018887419152  0.737547218393111
2.660000000000000  0.000000000000000  0.000000000000000  -0.000000000000000  0.000000000000000  0.000000000000000
2.670000000000000  0.603999043174831  0.795432382348989  0.001844702052588  0.745074645622770  0.737686613902155
2.670000000000000  0.000000000000000  0.000000000000000  -0.000000000000000  0.000000000000000  0.000000000000000
2.680000000000000  0.605295341983761  0.796153770546745  0.001817322905015  0.745129574717738  0.737823936639576
2.680000000000000  0.000000000000000  0.000000000000000  -0.000000000000000  0.000000000000000  0.000000000000000
2.690000000000000  0.606583913962686  0.796870210322834  0.001790449831030  0.745183690057708  0.737959224989501
2.690000000000000  0.000000000000000  0.000000000000000  -0.000000000000000  0.000000000000000  0.000000000000000
2.700000000000000  0.607864818637401  0.797581751458452  0.001764071646954  0.745237006656403  0.738092516486239
2.700000000000000  0.000000000000000  0.000000000000000  -0.000000000000000  0.000000000000000  0.000000000000000
2.710000000000000  0.609138115098152  0.798288443075446  0.001738177456388  0.745289539196367  0.738223847836149
2.710000000000000  0.000000000000000  0.000000000000000  -0.000000000000000  0.000000000000000  0.000000000000000
2.720000000000000  0.610403861998937  0.798990333647290  0.001712756641810  0.745341302037456  0.738353254938871
2.720000000000000  0.000000000000000  0.000000000000000  -0.000000000000000  0.000000000000000  0.000000000000000
2.730000000000000  0.611662117557019  0.799687471009830  0.001687798856447  0.745392309225080  0.738480772907932
2.730000000000000  0.000000000000000  0.000000000000000  -0.000000000000000  0.000000000000000  0.000000000000000
2.740000000000000  0.612912939552640  0.800379902371815  0.001663294016412  0.745442574498211  0.738606436090758
2.740000000000000  0.000000000000000  0.000000000000000  -0.000000000000000  0.000000000000000  0.000000000000000
2.750000000000000  0.614156385328917  0.801067674325205  0.001639232293102  0.745492111297150  0.738730278088105
2.750000000000000  0.000000000000000  0.000000000000000  -0.000000000000000  0.000000000000000  0.000000000000000
2.760000000000000  0.615392511791918  0.801750832855276  0.001615604105834  0.745540932771077  0.738852331772924
2.760000000000000  0.000000000000000  0.000000000000000  -0.000000000000000  0.000000000000000  0.000000000000000
2.770000000000000  0.616621375410917  0.802429423350517  0.001592400114728  0.745589051785383  0.738972629308689
2.770000000000000  0.000000000000000  0.000000000000000  -0.000000000000000  0.000000000000000  0.000000000000000
2.780000000000000  0.617843032218798  0.803103490612329  0.001569611213810  0.745636480928787  0.739091202167199
2.780000000000000  0.000000000000000  0.000000000000000  -0.000000000000000  0.000000000000000  0.000000000000000
2.790000000000000  0.619057537812619  0.803773078864527  0.001547228524346  0.745683232520253  0.739208081145864
2.790000000000000  0.000000000000000  0.000000000000000  -0.000000000000000  0.000000000000000  0.000000000000000
2.800000000000000  0.620264947354326  0.804438231762659  0.001525243388381  0.745729318615711  0.739323296384509
2.800000000000000  0.000000000000000  0.000000000000000  -0.000000000000000  0.000000000000000  0.000000000000000
2.810000000000000  0.621465315571599  0.805098992403130  0.001503647362488  0.745774751014587  0.739436877381699
2.810000000000000  0.000000000000000  0.000000000000000  -0.000000000000000  0.000000000000000  0.000000000000000
2.820000000000000  0.622658696758832  0.805755403332155  0.001482432211715  0.745819541266144  0.739548853010592
2.820000000000000  0.000000000000000  0.000000000000000  -0.000000000000000  0.000000000000000  0.000000000000000
2.830000000000000  0.623845144778237  0.806407506554535  0.001461589903720  0.745863700675652  0.739659251534361
2.830000000000000  0.000000000000000  0.000000000000000  -0.000000000000000  0.000000000000000  0.000000000000000
2.840000000000000  0.625024713061072  0.807055343542253  0.001441112603099  0.745907240310377  0.739768100621175
2.840000000000000  0.000000000000000  0.000000000000000  -0.000000000000000  0.000000000000000  0.000000000000000
2.850000000000000  0.626197454608968  0.807698955242911  0.001420992665884  0.745950171005410  0.739875427358756
2.850000000000000  0.000000000000000  0.000000000000000  -0.000000000000000  0.000000000000000  0.000000000000000
2.860000000000000  0.627363421995379  0.808338382088004  0.001401222634215  0.745992503369326  0.739981258268545
2.860000000000000  0.000000000000000  0.000000000000000  -0.000000000000000  0.000000000000000  0.000000000000000
2.870000000000000  0.628522667367116  0.808973664001026  0.001381795231181  0.746034247789691  0.740085619319458
2.870000000000000  0.000000000000000  0.000000000000000  -0.000000000000000  0.000000000000000  0.000000000000000
2.880000000000000  0.629675242445986  0.809604840405428  0.001362703355821  0.746075414438416  0.740188535941272
2.880000000000000  0.000000000000000  0.000000000000000  -0.000000000000000  0.000000000000000  0.000000000000000
2.890000000000000  0.630821198530520  0.810231950232424  0.001343940078276  0.746116013276963  0.740290033037638
2.890000000000000  0.000000000000000  0.000000000000000  -0.000000000000000  0.000000000000000  0.000000000000000
2.900000000000000  0.631960586497775  0.810855031928638  0.001325498635095  0.746156054061402  0.740390134998737
2.900000000000000  0.000000000000000  0.000000000000000  -0.000000000000000  0.000000000000000  0.000000000000000
2.910000000000000  0.633093456805231  0.811474123463621  0.001307372424686  0.746195546347344  0.740488865713590
2.910000000000000  0.000000000000000  0.000000000000000  -0.000000000000000  0.000000000000000  0.000000000000000
2.920000000000000  0.634219859492753  0.812089262337215  0.001289555002897  0.746234499494719  0.740586248582028
2.920000000000000  0.000000000000000  0.000000000000000  -0.000000000000000  0.000000000000000  0.000000000000000
2.930000000000000  0.635339844184622  0.812700485586783  0.001272040078749  0.746272922672444  0.740682306526341
2.930000000000000  0.000000000000000  0.000000000000000  -0.000000000000000  0.000000000000000  0.000000000000000
2.940000000000000  0.636453460091638  0.813307829794302  0.001254821510281  0.746310824862952  0.740777062002611
2.940000000000000  0.000000000000000  0.000000000000000  -0.000000000000000  0.000000000000000  0.000000000000000
2.950000000000000  0.637560756013283  0.813911331093323  0.001237893300535  0.746348214866601  0.740870537011734
2.950000000000000  0.000000000000000  0.000000000000000  -0.000000000000000  0.000000000000000  0.000000000000000
2.960000000000000  0.638661780339943  0.814511025175808  0.001221249593653  0.746385101305967  0.740962753110149
2.960000000000000  0.000000000000000  0.000000000000000  -0.000000000000000  0.000000000000000  0.000000000000000
2.970000000000000  0.639756581055179  0.815106947298829  0.001204884671098  0.746421492630019  0.741053731420279
2.970000000000000  0.000000000000000  0.000000000000000  -0.000000000000000  0.000000000000000  0.000000000000000
2.980000000000000  0.640845205738056  0.815699132291154  0.001188792947985  0.746457397118184  0.741143492640691
2.980000000000000  0.000000000000000  0.000000000000000  -0.000000000000000  0.000000000000000  0.000000000000000
2.990000000000000  0.641927701565517  0.816287614559709  0.001172968969524  0.746492822884303  0.741232057055987
2.990000000000000  0.000000000000000  0.000000000000000  -0.000000000000000  0.000000000000000  0.000000000000000
3.000000000000000  0.643004115314797  0.816872428095918  0.001157407407567  0.746527777880479  0.741319444546429
3.000000000000000  0.000000000000000  0.000000000000000  -0.000000000000000  0.000000000000000  0.000000000000000
