1.010000000000000  0.720361115352835  0.641320576954326  0.582562534013900  0.557642028343030  0.461554362366690  0.443633050942741  0.282769976933105  0.233071454014783  0.155316673755074  0.126660251010574  0.100028081911059  0.082860006878228
1.020000000000000  0.727046169402455  0.647267524383820  0.590816424620183  0.564229674853610  0.474554356461018  0.459324543682403  0.298663159324633  0.251317553155729  0.171592044688576  0.134664041139542  0.105283028995181  0.087792195350946
1.030000000000000  0.733351197641498  0.652915265419480  0.598993939954786  0.570698266784599  0.488415598980264  0.474025942912168  0.314473828762541  0.270435922076973  0.188163374244057  0.142386877218664  0.110481021477339  0.092633263719804
1.040000000000000  0.739296623517716  0.658298133540206  0.607114808635736  0.577100985803157  0.503042637343506  0.487679633722295  0.330195695933249  0.290271978214006  0.204840203728112  0.149797286917261  0.115652962154576  0.097380459111470
1.050000000000000  0.744905532648883  0.663447178084739  0.615199615082538  0.583487612143237  0.518056587250028  0.500502777620087  0.345836693328144  0.310647144217463  0.221423802580595  0.156894048441627  0.120815539032774  0.102030883318115
1.060000000000000  0.750202462368645  0.668387822894103  0.623273833542088  0.589899168083418  0.533067787183724  0.512730449146707  0.361410411553889  0.331365920806875  0.237721081273401  0.163690543242767  0.125974845490081  0.106585617208955
1.070000000000000  0.755212806539033  0.673141754749781  0.631364016040245  0.596374834099682  0.547805809712274  0.524481290304831  0.376922322841293  0.352230677987338  0.253551989905216  0.170207819885829  0.131132206523695  0.111048136749607
1.080000000000000  0.759959249842630  0.677729921745378  0.639497457237861  0.602946337216632  0.562110010468939  0.535784114511853  0.392364233284926  0.373044309301839  0.268765696334069  0.176469126686685  0.136282961155610  0.115420810530774
1.090000000000000  0.764466121513902  0.682168091967525  0.647699164777518  0.609637854463832  0.575887383786263  0.546625592639437  0.407706135758063  0.393618159866070  0.283248609639809  0.182498781106521  0.141424487415969  0.119710528422460
1.100000000000000  0.768267421134525  0.686093390341155  0.654867425909173  0.615389696460163  0.585262496855916  0.554401829070132  0.420209437609180  0.412115188999586  0.296694412635505  0.187968868284625  0.146261638418130  0.123688568094422
1.110000000000000  0.771877376144247  0.689873865080484  0.661918650139502  0.621075765662137  0.594314098952390  0.561915595295097  0.433207456538474  0.429484432103888  0.309205314318289  0.193275671590526  0.151115167470191  0.127575857942629
1.120000000000000  0.775324778848801  0.693529966115833  0.668897018318570  0.626723675704334  0.603144388558938  0.569258922049385  0.448531343710741  0.443776119180578  0.320798125011465  0.198450383232107  0.155985986152875  0.131393763653195
1.130000000000000  0.778627001404881  0.697073605208084  0.675825295438806  0.632340669681739  0.611762196919553  0.576455049570702  0.464732054841503  0.456227517829157  0.331523104092752  0.203513568823502  0.160867231511349  0.135157722767450
1.140000000000000  0.781796900396688  0.700518355595793  0.682722187758366  0.637933515134941  0.620162019339403  0.583519680080914  0.480302147489039  0.468152518422558  0.341453641073763  0.208479985521915  0.165751598685347  0.138879795058010
1.150000000000000  0.784846986229778  0.703879098106596  0.689603690302142  0.643510979025327  0.628327503645472  0.590455191329175  0.495024190487738  0.479611855674593  0.350673776818676  0.213362984794594  0.170632592563566  0.142570090695689
1.160000000000000  0.787786354281669  0.707178447420237  0.696465834692187  0.649078549480810  0.636237844164087  0.597255141579438  0.508847940656143  0.490550625970874  0.359269211659401  0.218172466246558  0.175504919137037  0.146235914704471
1.170000000000000  0.790623308249159  0.710477815058562  0.703267362076008  0.654639923872019  0.643865847649999  0.603903420983846  0.521769330016727  0.500913056769113  0.367319501771537  0.222916060499805  0.180364032506237  0.149882543992255
1.180000000000000  0.793365612397942  0.714029157043224  0.709765025999503  0.660195508688127  0.651186872134510  0.610377142407615  0.533810164768389  0.510663742948503  0.374897470413170  0.227599914465304  0.185206213574371  0.153513683184100
1.190000000000000  0.796018791587096  0.718904456540407  0.714889377218606  0.665736716734449  0.658180719515698  0.616654243666833  0.545009645967077  0.519792870414261  0.382065025299682  0.232228360218914  0.190029607581231  0.157131312501136
1.200000000000000  0.798588599086142  0.725341889129148  0.718394124345809  0.671244783149872  0.664840340046889  0.622710175375041  0.555419233776584  0.528311140146628  0.388875569672841  0.236805145864167  0.194831444402603  0.160736818578101
1.210000000000000  0.801070601592689  0.732071004362234  0.721395746216014  0.676548187801632  0.670991482539022  0.628356105600644  0.564747614124820  0.535971754565454  0.395242597317528  0.241288720403692  0.199568862116846  0.164311453623515
1.220000000000000  0.803407653545486  0.738043435263850  0.724172401410960  0.680902857377157  0.675840147001430  0.632822985154946  0.571599948310206  0.541657698592360  0.400660706327676  0.245492168967483  0.204065498410620  0.167780764861339
1.230000000000000  0.805649566181910  0.743865821575969  0.726836876589117  0.685105928457260  0.680449314393455  0.637096868988924  0.578127664312701  0.547054771004259  0.405936757984173  0.249674545830531  0.208573580597178  0.171253218360108
1.240000000000000  0.807801919221295  0.749538658583568  0.729406912728309  0.689164572981010  0.684835414583146  0.641193144601006  0.584367615185283  0.552202440354806  0.411086567840394  0.253838832053298  0.213090009262108  0.174727790259863
1.250000000000000  0.809868577952238  0.755065989873385  0.731892510727402  0.693084471545777  0.689014314622747  0.645124750673863  0.590348805686178  0.557132067110681  0.416123458018806  0.257985511481963  0.217611747800651  0.178202758464956
1.260000000000000  0.811853817470913  0.760453262323917  0.734297587927705  0.696871404841694  0.692999378357932  0.648903674082534  0.596091441112049  0.561869293387513  0.421052073037184  0.262115030424753  0.222134909981665  0.181676742811823
1.270000000000000  0.813762495868825  0.765701359208524  0.736615779334229  0.700529507721091  0.696803570640026  0.652540241201945  0.601602971200357  0.566437539305551  0.425855803773518  0.266227758489862  0.226654737611511  0.185148933983247
1.280000000000000  0.815598802263135  0.770817851967547  0.738850749314558  0.704065317357725  0.700437460583627  0.656044034095617  0.606896422633138  0.570853351405887  0.430540395546796  0.270323636821028  0.231167335012186  0.188618159881021
1.290000000000000  0.817365809816589  0.775807871717742  0.741007079285876  0.707479046213017  0.703914197546510  0.659422292766918  0.611989167364840  0.575130560635515  0.435113466480713  0.274401381629792  0.235669921578220  0.192082679059358
1.300000000000000  0.819066578588327  0.780677514761628  0.743088881683717  0.710775504260350  0.707243019210693  0.662682685257057  0.616892770200559  0.579280172647922  0.439582112410219  0.278459442945018  0.240159956171835  0.195540761373055
1.310000000000000  0.820704136505125  0.785431578206964  0.745099675101672  0.713958139497640  0.710432890556876  0.665831601530106  0.621618475567561  0.583311946525306  0.443952045600767  0.282497002507892  0.244634421032463  0.198991191619832
1.320000000000000  0.822281548738314  0.790076060081122  0.747042874251172  0.717029812392844  0.713492816064959  0.668875080134355  0.626176409654144  0.587233944450883  0.448228374588387  0.286512062331157  0.249091486034545  0.202432040490372
1.330000000000000  0.823801253933601  0.794612878060691  0.748921507386445  0.719993820938815  0.716430367976813  0.671818414397055  0.630575269752125  0.591053306502046  0.452415745221768  0.290504286338475  0.253528774921378  0.205862182579207
1.340000000000000  0.825266123598189  0.799046816823247  0.750738595908983  0.722853265867989  0.719252817383365  0.674666629878653  0.634823493410954  0.594776250756758  0.456518249011146  0.294472284966117  0.257944433822124  0.209280351172849
1.350000000000000  0.826678701992900  0.803380858650204  0.752496678095775  0.725611793818062  0.721966676220251  0.677424466761567  0.638928399358090  0.598408131697395  0.460539690808889  0.298414907100778  0.262336674715399  0.212685427692131
1.360000000000000  0.828041859793088  0.807618076890835  0.754198685538313  0.728272543084309  0.724577767657593  0.680095916179102  0.642897028085581  0.601952802958153  0.464482670631894  0.302331243044125  0.266703960925384  0.216076501237605
1.370000000000000  0.829358273785616  0.811760509054807  0.755846302371725  0.730838991951029  0.727091514424270  0.682685052616895  0.646735562117389  0.605415904996601  0.468351518709548  0.306220171974219  0.271044774357310  0.219452692168332
1.380000000000000  0.830631012334656  0.815810148739638  0.757442085436502  0.733314497913567  0.729512906058135  0.685195533117306  0.650450134436477  0.608800635166141  0.472148542396637  0.310080994259263  0.275357866911023  0.222813020707869
1.390000000000000  0.831864774446461  0.819767346488681  0.758988145492825  0.735702394198728  0.731846464636403  0.687630726679828  0.654046280902013  0.612110336213099  0.475876437325911  0.313913068565543  0.279642002138294  0.226156965235306
1.400000000000000  0.833066482639322  0.823629497543232  0.760486583915454  0.738005592718252  0.734096384695498  0.689993982311554  0.657529511269529  0.615347891896383  0.479537694145427  0.317715940749631  0.283896255404080  0.229483888436771
1.410000000000000  0.834251116105057  0.827387297148161  0.761940533319449  0.740227646672702  0.736265753466147  0.692288765594375  0.660903901456114  0.618516037788438  0.483134157664165  0.321490169708981  0.288120569777622  0.232792435366203
1.420000000000000  0.835458685350082  0.831000707372721  0.763349176955574  0.742371169797011  0.738360026442509  0.694516379679273  0.664174918128558  0.621619325326867  0.486669119694147  0.325232787066345  0.292311986675572  0.236083998260647
1.430000000000000  0.836878112140571  0.834287564847140  0.764715928545918  0.744440159779153  0.740381472565607  0.696681025499203  0.667345203431864  0.624657523079994  0.490143501184046  0.328944725585043  0.296471777947025  0.239356445035988
1.440000000000000  0.839205672936885  0.836554679303398  0.766041893162026  0.746437165945122  0.742333251885583  0.698784631289827  0.670419488608915  0.627633949927348  0.493559509312635  0.332625538999699  0.300598790671056  0.242609872750613
1.450000000000000  0.842373211716034  0.837873868875354  0.767328816035548  0.748365141518064  0.744218554716701  0.700829756945796  0.673401592060213  0.630550674692275  0.496919049157565  0.336275038711875  0.304692446798124  0.245843955435722
1.460000000000000  0.845698478031852  0.838930912739078  0.768578072500367  0.750226446823347  0.746040026743590  0.702818554585228  0.676295485152205  0.633409683440728  0.500223751025798  0.339892807033827  0.308753077418963  0.249058037400253
1.470000000000000  0.849014615894274  0.839895804509897  0.769791100255383  0.752023186196330  0.747800204816990  0.704753142306325  0.679105119645185  0.636212809340745  0.503475292961999  0.343478624443118  0.312779462133021  0.252252630995643
1.480000000000000  0.852286237171453  0.840807088495197  0.770969280696418  0.753758670847675  0.749501902423020  0.706635584757854  0.681833279312242  0.638961761865398  0.506675268519058  0.347033033029220  0.316769741203728  0.255427853076589
1.490000000000000  0.855503397271517  0.841677674947673  0.772113845184608  0.755435154446547  0.751147391319122  0.708467906380732  0.684482772955879  0.641658304424914  0.509825071693154  0.350555296090031  0.320726637340318  0.258582172880732
1.500000000000000  0.858663020697720  0.842513657022832  0.773225975014004  0.757054952581039  0.752738869347953  0.710251748350799  0.687056734321205  0.644303821941876  0.512926177848773  0.354045575427834  0.324648633418728  0.261716050646534
1.510000000000000  0.861764450615007  0.843318745485281  0.774307122801862  0.758620305263933  0.754278523322131  0.711988965656900  0.689558044812926  0.646899074558874  0.515980175821235  0.357503926330524  0.328535646777653  0.264829504419353
1.520000000000000  0.864807958755903  0.844094890295721  0.775357938369546  0.760133235148587  0.755768435291800  0.713681243672769  0.691989174956771  0.649446993667701  0.518987926892803  0.360930355922640  0.332387645909948  0.267922372932817
1.530000000000000  0.867794287340616  0.844844139641157  0.776379645579006  0.761595976205547  0.757210469987838  0.715330067726736  0.694352811808014  0.651948042894433  0.521950703831032  0.364325045213898  0.336204477584266  0.270994645859520
1.540000000000000  0.870724473715698  0.845567938501102  0.777373346470337  0.763010371879551  0.758606562105485  0.716937008009671  0.696651383304851  0.654403593672640  0.524869769482785  0.367688094086116  0.339986303911030  0.274046224914208
1.550000000000000  0.873600021681909  0.846267560281186  0.778340109627046  0.764378184639754  0.759958094233292  0.718502341137808  0.698887120058725  0.656814878149805  0.527746257323401  0.371019803138436  0.343733108583426  0.277076848474220
1.560000000000000  0.876421305191230  0.846944156279649  0.779280674703918  0.765701387326513  0.761267352185302  0.720029677471994  0.701062389556137  0.659182984302630  0.530581221188604  0.374319982659555  0.347444858679069  0.280086976496812
1.570000000000000  0.879189837058244  0.847598939720541  0.780196052584499  0.766981612073158  0.762535677072010  0.721519311510132  0.703179201728152  0.661509105760307  0.533375680231072  0.377589081886400  0.351121799927037  0.283076476388486
1.580000000000000  0.881906858899439  0.848232759661841  0.781087052609305  0.768220426671733  0.763764577374856  0.722972502450794  0.705239592048164  0.663794181991408  0.536130744303322  0.380827150952837  0.354763963490074  0.286045232572647
1.590000000000000  0.884573524498523  0.848846582406951  0.781954506725163  0.769419508841829  0.764955478643465  0.724390361507886  0.707245653493048  0.666039291491023  0.538847312308560  0.384034518002640  0.358371627042016  0.288993419392046
1.600000000000000  0.887191051536168  0.849441272225558  0.782799179166191  0.770580237120016  0.766109729104383  0.725774054073440  0.709199038910066  0.668245362554467  0.541526245077357  0.387211404578976  0.361944891063761  0.291921015386258
1.610000000000000  0.889760915002010  0.850018690181217  0.783619371444437  0.771704738510035  0.767228908177488  0.727124771780170  0.711101175171629  0.670414586765488  0.544168133629337  0.390358808598236  0.365484269249454  0.294827874838191
1.620000000000000  0.892283333160049  0.850576862562901  0.784422623861653  0.772791370310603  0.768313902487087  0.728443900812855  0.712956606848894  0.672544921844418  0.546775031563697  0.393474607485469  0.368989026788377  0.297714448972648
1.630000000000000  0.894759949263275  0.851119302331366  0.785203520599693  0.773845350501441  0.769366318559555  0.729731716637945  0.714762734594118  0.674639700957417  0.549346521191795  0.396561343914308  0.372460251380662  0.300581074008735
1.640000000000000  0.897191607132999  0.851645786186675  0.785964423785944  0.774866593659602  0.770387174111518  0.730989582708319  0.716523090864094  0.676699019951633  0.551883854042086  0.399618864336707  0.375898036320431  0.303427064065773
1.650000000000000  0.899579490593774  0.852157010225101  0.786706108297525  0.775855991984380  0.771377595144938  0.732218483031186  0.718238935559756  0.678723728210630  0.554387760033259  0.402647274301455  0.379302484452949  0.306252850473746
1.660000000000000  0.901924495261362  0.852653495124295  0.787429076085924  0.776814818162826  0.772338531914873  0.733419152310609  0.719911703850497  0.680714559651677  0.556858956107220  0.405646840252152  0.382673983377663  0.309058595637324
1.670000000000000  0.904227714323047  0.853136135643099  0.788134165312236  0.777744270744022  0.773271156946949  0.734592614382391  0.721542976565119  0.682672391695007  0.559298250709440  0.408617815422472  0.386012788095728  0.311844460473406
1.680000000000000  0.906489910106486  0.853605229728283  0.788821714326355  0.778645299262081  0.774176318575689  0.735739537547235  0.723133974080157  0.684597779081478  0.561706254206472  0.411560487768567  0.389319139989694  0.314610417549243
1.690000000000000  0.908712048162155  0.854061639453991  0.789492429558068  0.779519017183909  0.775055110376369  0.736860892416284  0.724685989496868  0.686491587551876  0.564083692709341  0.414475195812036  0.392593450395240  0.317356701539675
1.700000000000000  0.910894959697657  0.854505687747107  0.790146633916990  0.780367968048087  0.775908392333173  0.737957322965789  0.726198208084721  0.688354368613758  0.566431078012238  0.417362193191349  0.395835917712930  0.320083400600628
1.710000000000000  0.913039564920688  0.854938109405396  0.790785137727510  0.781189846140973  0.776737034273633  0.739029791988643  0.727675969278548  0.690186833650196  0.568749218595862  0.420222246519944  0.399047611057384  0.322790722169440
1.720000000000000  0.915146722714271  0.855359358527219  0.791408243501423  0.781987129533056  0.777541869307579  0.740078703490662  0.729118326334291  0.691989659417443  0.571038708768029  0.423055059532959  0.402227524417395  0.325478627010138
1.730000000000000  0.917217177413161  0.855769885852952  0.792016343348198  0.782760670185566  0.778323648888450  0.741104770301740  0.730526365249026  0.693763403219903  0.573300069314557  0.425861188554950  0.405376563553946  0.328147330644753
1.740000000000000  0.919251697817447  0.856170249980533  0.792610100193432  0.783511391802904  0.779083264619046  0.742108834536862  0.731901242058621  0.695508683150948  0.575533907182175  0.428640954043217  0.408494988899866  0.330796935494143
1.750000000000000  0.921251152775196  0.856560755105885  0.793189838422268  0.784239861997918  0.779821352872952  0.743091366972415  0.733243780359427  0.697226085876763  0.577740778096747  0.431394673767681  0.411583262225391  0.333427687845037
1.760000000000000  0.923216166668964  0.856942083318298  0.793755999141872  0.784947010125653  0.780538559318740  0.744052806096702  0.734555072507974  0.698916138608093  0.579921237837986  0.434122628105828  0.414641608898291  0.336039599836358
1.770000000000000  0.925147568320220  0.857314473239332  0.794309001141674  0.785633477217678  0.781235774164439  0.744994264542864  0.735835968185086  0.700579420645995  0.582075776774170  0.436825127802573  0.417670323642027  0.338632835921109
1.780000000000000  0.927045969858677  0.857678398341481  0.794849184211655  0.786300077601831  0.781913485963637  0.745915932182015  0.737087505029740  0.702216385734053  0.584204887575258  0.439502462969178  0.420669887062053  0.341207591074210
1.790000000000000  0.928912130537061  0.858034271189305  0.795376999148329  0.786947352335136  0.782572453276126  0.746818525494114  0.738310429824340  0.703827635770007  0.586309067000140  0.442154992465761  0.423640488911281  0.343763974948543
1.800000000000000  0.930745938574140  0.858382454799917  0.795892832662247  0.787575883655131  0.783213303173427  0.747702580725868  0.739505633556661  0.705413634293640  0.588388876110177  0.444783516266221  0.426582598913091  0.346301865905240
1.810000000000000  0.932550225402420  0.858723066854055  0.796396714364720  0.788187723445011  0.783836483432153  0.748567798368643  0.740675037007432  0.706974996699829  0.590444444112774  0.447387685530192  0.429496271009813  0.348821813584323
1.820000000000000  0.934322617423924  0.859057262100383  0.796889890467243  0.788779254541306  0.784442700013750  0.749416116797400  0.741816560659540  0.708511340273394  0.592477055345156  0.449966536848626  0.432382571308157  0.351323911783879
1.830000000000000  0.936066301654706  0.859384389462700  0.797371737502711  0.789355660908929  0.785032256842968  0.750247193342740  0.742933281354609  0.710024423860381  0.594486190496158  0.452522865493591  0.435240967307351  0.353808295835937
1.840000000000000  0.937780883410214  0.859705107993404  0.797842801824696  0.789915742327898  0.785605878740836  0.751061584434765  0.744025216771739  0.711514098634513  0.596472636468139  0.455055870939510  0.438072122935155  0.356275034109291
1.850000000000000  0.939467014027949  0.860019922610865  0.798303552729637  0.790460164832282  0.786164018982361  0.751859781750812  0.745093199491146  0.712980795802713  0.598436842697516  0.457565857518517  0.440876385939801  0.358724320828901
1.860000000000000  0.941125161979272  0.860328912832105  0.798754183569005  0.790989405415890  0.786707170738439  0.752642127811309  0.746137978764030  0.714424854528738  0.600379202187096  0.460053059159468  0.443653937679838  0.361156231759678
1.870000000000000  0.942756009408789  0.860632514320810  0.799195084373459  0.791503722454954  0.787235787536281  0.753409081952169  0.747159998774130  0.715846807563558  0.602300086585926  0.462517837823036  0.446405334580500  0.363571009369087
1.880000000000000  0.944360085597185  0.860930962976400  0.799626421665144  0.792003866421188  0.787750389317136  0.754161104655514  0.748160066559497  0.717246967045168  0.604199903812777  0.464960399035936  0.449130678996875  0.365968707840188
1.890000000000000  0.945938058922456  0.861224463186493  0.800048563992044  0.792490209478952  0.788251316603032  0.754898498189457  0.749138632735948  0.718625715401635  0.606079012276565  0.467381093923749  0.451830354360335  0.368349565664156
1.900000000000000  0.947489978358276  0.861513375345399  0.800461685072367  0.792963198895208  0.788739012244226  0.755621655815547  0.750096508910758  0.719983407050405  0.607937718719582  0.469780175137914  0.454504823308775  0.370713610207668
1.910000000000000  0.949016664921439  0.861797854649907  0.800866063055004  0.793423148861673  0.789213907271066  0.756330955367394  0.751033992627597  0.721320435676252  0.609776463374576  0.472157903661105  0.457154332912408  0.373061040924585
1.920000000000000  0.950518606634196  0.862078245896687  0.801262060918324  0.793870561551980  0.789676308935673  0.757026625812526  0.751951850761937  0.722637179809124  0.611595591287653  0.474514604843339  0.459779146150957  0.375392017834809
1.930000000000000  0.951996264121679  0.862354703777295  0.801649742566905  0.794305911904746  0.790126735199369  0.757709254544820  0.752850547687936  0.723933928182574  0.613395346236064  0.476850437946290  0.462379601763056  0.377706649997200
1.940000000000000  0.953450078328463  0.862627401390449  0.802029378387464  0.794729363521636  0.790565364861003  0.758378895276767  0.753730405762065  0.725211040507624  0.615176083384062  0.479165744282190  0.464955991127003  0.380005115461982
1.950000000000000  0.954880493592204  0.862896644878750  0.802401299230486  0.795141450617518  0.790992761608845  0.759036144611480  0.754592268568186  0.726468810093852  0.616938133030418  0.481460818733482  0.467508612508558  0.382287566636565
1.960000000000000  0.956287948644595  0.863162609465816  0.802765552752370  0.795542605968129  0.791409069457812  0.759681062322970  0.755436419577279  0.727707591443484  0.618681823861494  0.483735793018331  0.470037757683508  0.384554075376803
1.970000000000000  0.957672954541480  0.863425382198160  0.803122524281052  0.795932933929090  0.791814780064394  0.760314132206249  0.756263318199353  0.728927717179297  0.620407375719966  0.485991027545742  0.472543696034159  0.386804844022748
1.980000000000000  0.959035902168990  0.863685329889728  0.803472286551686  0.796312839389456  0.792210082114286  0.760935537460801  0.757073353305977  0.730129463168042  0.622115179813350  0.488226768144991  0.475026772178941  0.389040048615368
1.990000000000000  0.960377169833370  0.863942458358637  0.803815060884778  0.796682735539785  0.792595305117564  0.761545583289226  0.757867113827644  0.731313096265890  0.623805418963152  0.490443188665012  0.477487232559755  0.391259748560414
2.000000000000000  0.961697161535777  0.864197098092330  0.804151091422443  0.797042784765285  0.792970795616018  0.762144597881458  0.758644892268442  0.732478967185526  0.625478478800202  0.492640586649338  0.479925291138147  0.393464137702945
2.010000000000000  0.962996385850747  0.864448011390640  0.804481762999946  0.797394098349842  0.793335853621761  0.762731423891087  0.759407068435985  0.733627506178641  0.627133612008408  0.494819377686976  0.482342157407192  0.395652721790051
2.020000000000000  0.964274778132206  0.864698237519574  0.804804128123238  0.797736853259092  0.793694408050803  0.763310986064547  0.760153854659158  0.734758257609199  0.628773169311732  0.496978574541186  0.484736454065540  0.397827329595430
2.030000000000000  0.965533355002062  0.864945952923613  0.805120891100355  0.798069252553664  0.794042173734380  0.763878262348287  0.760886392228338  0.735872373653525  0.630396054272909  0.499120196269162  0.487109221439197  0.399986537004594
2.040000000000000  0.966772252756956  0.865191810471194  0.805431705605587  0.798392889380336  0.794381358534196  0.764435546727688  0.761604565690129  0.736969871415387  0.632002778034158  0.501243782693275  0.489460774096538  0.402131021372052
2.050000000000000  0.967991736110727  0.865435866589944  0.805736575446816  0.798708237185728  0.794712083692182  0.764982979798147  0.762308751320956  0.738050932778738  0.633593626423775  0.503349464664669  0.491791371017678  0.404260820658683
2.060000000000000  0.969192224604946  0.865678277648240  0.806035657075052  0.799015390466139  0.795034628774948  0.765520784043023  0.762999273916802  0.739115764944917  0.635168742255733  0.505437475464412  0.494101226660249  0.406376119621041
2.070000000000000  0.970374025688055  0.865919200648520  0.806329111675385  0.799314654331194  0.795349144126539  0.766049223402702  0.763676460404062  0.740164626434870  0.636728473801537  0.507508092752118  0.496390667640269  0.408477049075038
2.080000000000000  0.971537511763208  0.866158631408253  0.806617106117669  0.799606256782643  0.795655972176553  0.766568465617287  0.764340699545490  0.741197790748124  0.638272903479899  0.509561463281502  0.498659896748094  0.410563705850853
2.090000000000000  0.972682988781294  0.866396821424084  0.806899797654793  0.799890324594637  0.795955267486854  0.767078785236724  0.764992148214503  0.742215477782164  0.639802397476984  0.511597841590672  0.500909161354039  0.412636250903942
2.100000000000000  0.973810790345512  0.866633860655526  0.807177254384250  0.800167192872457  0.796247222332596  0.767580323095082  0.765631293793296  0.743217903679924  0.641317136117964  0.513617372172689  0.503138695259242  0.414694792553669
2.110000000000000  0.974921250612823  0.866869755029593  0.807449659996272  0.800437011977895  0.796532077188108  0.768073285686415  0.766258331728798  0.744205297276673  0.642817239478060  0.515620272173402  0.505348756478420  0.416739480942571
2.120000000000000  0.976014591835578  0.867104794272682  0.807717280392830  0.800700012568665  0.796810095844103  0.768557990349161  0.766873634939227  0.745177963487935  0.644303050047629  0.517606857590961  0.507539616614551  0.418770444232431
2.130000000000000  0.977091217187753  0.867338913442284  0.807980055186833  0.800956477286955  0.797081335940916  0.769034441790848  0.767477466893396  0.746136035654644  0.645774680833154  0.519577220465077  0.509711487954196  0.420787779424802
2.140000000000000  0.978151362081912  0.867572273940717  0.808238166202841  0.801206348812955  0.797345978848947  0.769502828061478  0.768069957681239  0.747079695996131  0.647232367011092  0.521531520546710  0.511864581697676  0.422791604498291
2.150000000000000  0.979195389161101  0.867804930424310  0.808491711695412  0.801449973683832  0.797604314258741  0.769963462717188  0.768651568798411  0.748009217760152  0.648676293167622  0.523470060320848  0.513999092175115  0.424782097305946
2.160000000000000  0.980223482354231  0.868037092494678  0.808740875800680  0.801687629464050  0.797856469357929  0.770416422044997  0.769222504755889  0.748924790945161  0.650106712689095  0.525392952875852  0.516115383296889  0.426759321731558
2.170000000000000  0.981236063658270  0.868268749934752  0.808985796056416  0.801919140692512  0.798102655815868  0.770861967787259  0.769782942369642  0.749826642293736  0.651523781267327  0.527300353741507  0.518213028752348  0.428723734676548
2.180000000000000  0.982233227166553  0.868499953354702  0.809226478003992  0.802145066171066  0.798342931240087  0.771300134075806  0.770333158178221  0.750714932114133  0.652927608868995  0.529192538953363  0.520293343562114  0.430674862499806
2.190000000000000  0.983215289716458  0.868730881462307  0.809463116403043  0.802365414353624  0.798577545245647  0.771731185010096  0.770873408725526  0.751589881600487  0.654318492148419  0.531069700667788  0.522356029821303  0.432613124456518
2.200000000000000  0.984182547942814  0.868961420691685  0.809695749415522  0.802580289395526  0.798806595722602  0.772155185050235  0.771403934519252  0.752451670720982  0.655696533556855  0.532931940549682  0.524401227054275  0.434538610596082
2.210000000000000  0.985134583981721  0.869192214281024  0.809924442705259  0.802790071628524  0.799028847085756  0.772570696388771  0.771924363848256  0.753300430604798  0.657061914753387  0.534780773847988  0.526429461246235  0.436450288064227
2.220000000000000  0.986073552262786  0.869423262242277  0.810148241062524  0.802995777399698  0.799248573131898  0.772982591565135  0.772435835721437  0.754136536492091  0.658415093127772  0.536613078810953  0.528440808353364  0.438351351937614
2.230000000000000  0.986997848682214  0.869653423756058  0.810369602902211  0.803195305323671  0.799461884450362  0.773386558173648  0.772938507599269  0.754959931522941  0.659755655674426  0.538431680914262  0.530435039753260  0.440239230879173
2.240000000000000  0.987908294269311  0.869883607596655  0.810587396490517  0.803389940270114  0.799670131350243  0.773784005364640  0.773432212031738  0.755770908304742  0.661084081046509  0.540236146555886  0.532412742611506  0.442114801183396
2.250000000000000  0.988805165163108  0.870113763666505  0.810801661554028  0.803579836948584  0.799873603975952  0.774175291837024  0.773917159313537  0.756569587825055  0.662400477066729  0.542026532205097  0.534373980817957  0.443978163698663
2.260000000000000  0.989688617148524  0.870344090940532  0.811012584661585  0.803765110034398  0.800072309201273  0.774560561000531  0.774393454521188  0.757356235849030  0.663705094121591  0.543803038764998  0.536319022498046  0.445829436561551
2.270000000000000  0.990558963519374  0.870574488097663  0.811220189532615  0.803945995132716  0.800266444155949  0.774940591868140  0.774860714594834  0.758130927556851  0.664997990479810  0.545565829559673  0.538248005803537  0.447668724493990
2.280000000000000  0.991416346092284  0.870805103841501  0.811424555574394  0.804122494060704  0.800456124821755  0.775331659589874  0.775302896578513  0.758893850802264  0.666279333465589  0.547315086764335  0.540161228010487  0.449496128030012
2.290000000000000  0.992261052076524  0.871035977770345  0.811625877520543  0.804294581187684  0.800641380360429  0.775777162337632  0.775676765718064  0.759645272549145  0.667549329604351  0.549050926646010  0.542058767353909  0.451311810388394
2.300000000000000  0.993093240798168  0.871267117022999  0.811824041005622  0.804462709206427  0.800822408171540  0.776220974303070  0.776039000432666  0.760385198134598  0.668808086889616  0.550773599766350  0.543940941422411  0.453115850971651
2.310000000000000  0.993913174986247  0.871498599767373  0.812019317000572  0.804626796894813  0.800999324940157  0.776657701267667  0.776395233335895  0.761113933480853  0.670055749654921  0.552483112363256  0.545807735341152  0.454908308607953
2.320000000000000  0.994720972413374  0.871730424324460  0.812211706077726  0.804786936507140  0.801172198947181  0.777087118052066  0.776745808410415  0.761831548730296  0.671292440613406  0.554179701171045  0.547659442990172  0.456689288283714
2.330000000000000  0.995516879093184  0.871962626326394  0.812401240152900  0.804943281238533  0.801341098388932  0.777509300361311  0.777090959762212  0.762538186836259  0.672518300521611  0.555863507970406  0.549496298893973  0.458458961745765
2.340000000000000  0.996301127253218  0.872195257911387  0.812588056937151  0.805095943940837  0.801506210329325  0.777924481022385  0.777430914866354  0.763234051660507  0.673733486874501  0.557534665048021  0.551318357875054  0.460217377204350
2.350000000000000  0.997073781894853  0.872428281935973  0.812772167567402  0.805245017780722  0.801667590261619  0.778332768951467  0.777765668645088  0.763919246424773  0.674938033380961  0.559193279744436  0.553125827510642  0.461964646168484
2.360000000000000  0.997835245481883  0.872661843536201  0.812953744473408  0.805390577628759  0.801825230930375  0.778734220254550  0.778095326030136  0.764593997731509  0.676132217183276  0.560839593839345  0.554918956708140  0.463700907214305
2.370000000000000  0.998585468357637  0.872895865793120  0.813132749406823  0.805532582488441  0.801979393255520  0.779128953268738  0.778420069925702  0.765258379277351  0.677316039810834  0.562473591071001  0.556697729626583  0.465426165650237
2.380000000000000  0.999324752310666  0.873130391654723  0.813309314464740  0.805671342077605  0.802130105295945  0.779517267616795  0.778739979356069  0.765912579022067  0.678489695467073  0.564095536048759  0.558462498161357  0.467140590777905
2.390000000000000  1.000053281568195  0.873365426665442  0.813483451619669  0.805806816769777  0.802277398470909  0.779899151805131  0.779055116301084  0.766556694170451  0.679653241448061  0.565705497062597  0.560213295870422  0.468844270097387
2.400000000000000  1.000771171030892  0.873601044814600  0.813655248037787  0.805939088753576  0.802421463939732  0.780274814000307  0.779365668484773  0.767190891918371  0.680806855756854  0.567303684217919  0.561950371912380  0.470537302387297
2.410000000000000  1.001478505644576  0.873836604150069  0.813825645693288  0.806067788585681  0.802561721514499  0.780644639185031  0.779670910166582  0.767815207549069  0.681950636631428  0.568890325076367  0.563673368438566  0.472219377896228
2.420000000000000  1.002176711714416  0.874073689589259  0.813992277152917  0.806194558726609  0.802700827096653  0.781007969367332  0.779973602037582  0.768430182323817  0.683084838296751  0.570464471954498  0.565383591465309  0.473891969966553
2.430000000000000  1.002863794067671  0.874311103829690  0.814157517757888  0.806317873908324  0.802835416012088  0.781365685006803  0.780270635029330  0.769035503650559  0.684209317568409  0.572027839243993  0.567080266109329  0.475553597643317
2.440000000000000  1.003540985842206  0.874549127378690  0.814320623237573  0.806438347059024  0.802966982872069  0.781717684060872  0.780563311887410  0.769631428627165  0.685324268290159  0.573579929224512  0.568763829278343  0.477204995092799
2.450000000000000  1.004208324689257  0.874787791490822  0.814481689643545  0.806557149401562  0.803095767093301  0.782062735684578  0.780851862928051  0.770218121283531  0.686429878296790  0.575120882644849  0.570434329587386  0.478846166252205
2.460000000000000  1.004866086924953  0.875027087029300  0.814640825537901  0.806672206278261  0.803221679754711  0.782403723646522  0.781136221921808  0.770795721631708  0.687526161054378  0.576650726875513  0.572092075758301  0.480477255624982
2.470000000000000  1.005514370516324  0.875266997968865  0.814798016514818  0.806784524763646  0.803344789418271  0.782739143633430  0.781416482169870  0.771364338957938  0.688613292218181  0.578169869626500  0.573737299436403  0.482098387441604
2.480000000000000  1.006153297831226  0.875507631934565  0.814953410634931  0.806894246819045  0.803465181197917  0.783069301022307  0.781692724037500  0.771924174481533  0.689691359422683  0.579677981055080  0.575369808043825  0.483709541142040
2.490000000000000  1.006783084591397  0.875748843528975  0.815106914358065  0.807001501071515  0.803582938880096  0.783394338003254  0.781965047012778  0.772475231335472  0.690760402335004  0.581175361097615  0.576989927935976  0.485310855696982
2.500000000000000  1.007403787088587  0.875990767944524  0.815258670986090  0.807106263533458  0.803698138008327  0.783714247743747  0.782233522345627  0.773017698870971  0.691820636724675  0.582662105054055  0.578597646130529  0.486902391139474
2.510000000000000  1.008015652608598  0.876233307776231  0.815408712862788  0.807208689038922  0.803810879045977  0.784029197164753  0.782498279507020  0.773551677601897  0.692871996979815  0.584138408597390  0.580193290609160  0.488484291778483
2.520000000000000  1.008618667065152  0.876476546683985  0.815557067789709  0.807308818016447  0.803921134899768  0.784339301365765  0.782759272319144  0.774077293318576  0.693914753182597  0.585604277761708  0.581776836006432  0.490056543276526
2.530000000000000  1.009213107205560  0.876720387434365  0.815703764807449  0.807406601195781  0.804029028237205  0.784644547472775  0.783016651403320  0.774594663036772  0.694948848798771  0.587059947977677  0.583348541708838  0.491619332323988
2.540000000000000  1.009799032309303  0.876964908329756  0.815848968382299  0.807502211500376  0.804134572465490  0.784945163417552  0.783270428426166  0.775103955593748  0.695974455693187  0.588505396774498  0.584908447593289  0.493172695101373
2.550000000000000  1.010376644982533  0.877210092109516  0.815992570638170  0.807595696016021  0.804237840572146  0.785241149359882  0.783520728965447  0.775605234063152  0.696991674518795  0.589940878592946  0.586456771143833  0.494716768266722
2.560000000000000  1.010945985008865  0.877455940433772  0.816134777597508  0.807687047209459  0.804338866033513  0.785532647707689  0.783767522879321  0.776098684441887  0.698000557890661  0.591366323570033  0.587993500732775  0.496251521581522
2.570000000000000  1.011507265629147  0.877702456703754  0.816275565648968  0.807776274516673  0.804437674041594  0.785819665588095  0.784010911522596  0.776584401207155  0.699001228905353  0.592782038024421  0.589518952618516  0.497777185554678
2.580000000000000  1.012060497206185  0.877949513684726  0.816414880930657  0.807863611123112  0.804534434393484  0.786102429568527  0.784251025446185  0.777062348450417  0.699993655457423  0.594187925264085  0.591032971826919  0.499293643465045
2.590000000000000  1.012605938611056  0.878197313235748  0.816552905611348  0.807948964698440  0.804629081458506  0.786380958190465  0.784487840454476  0.777532870363582  0.700978100325546  0.595584255374086  0.592535922064948  0.500801145356859
2.600000000000000  1.013143602849501  0.878445671224046  0.816689617676567  0.808032361054395  0.804721739464006  0.786655270019504  0.784721469887550  0.777995956336908  0.701954528527361  0.596970983007436  0.594027854788611  0.502299705532864
2.610000000000000  1.013673301028160  0.878691995710278  0.816826178816432  0.808112402888857  0.804811662167799  0.786926747342348  0.784951213788520  0.778452777094947  0.702920821301529  0.598348503957979  0.595508704964597  0.503789030746396
2.620000000000000  1.014196301962491  0.878944186322578  0.816959711255839  0.808192829594318  0.804901299571552  0.787192484217169  0.785179296024365  0.778900243211800  0.703883936432815  0.599715831336533  0.596979005260636  0.505270297193084
2.630000000000000  1.014711442883619  0.879194289118193  0.817092776845909  0.808270846406262  0.804988081834821  0.787454887517378  0.785403557999452  0.779341733029935  0.704836818428639  0.601074495672138  0.598438502742558  0.506742478872542
2.640000000000000  1.015219337388581  0.879445044097388  0.817224663565489  0.808347031842816  0.805073071391952  0.787713344407715  0.785624860162788  0.779776186856574  0.705782055121069  0.602424023328007  0.599887398339377  0.508206032893861
2.650000000000000  1.015720063373782  0.879696344282591  0.817355409398290  0.808421636569024  0.805156304304281  0.787968086086725  0.785843260774810  0.780203737966291  0.706719708914363  0.603764514456824  0.601325833078311  0.509660992296990
2.660000000000000  1.016213745615363  0.879948193461442  0.817485104725449  0.808494578669714  0.805237780260645  0.788219129800312  0.786058798008902  0.780624504561902  0.707649788931196  0.605096091662388  0.602753928462220  0.511107516352312
2.670000000000000  1.016700449604665  0.880200647402090  0.817613793352793  0.808565882633694  0.805317522575880  0.788466513104475  0.786271439107915  0.781038638128824  0.708572495694295  0.606418789067268  0.604171758692038  0.512545577030074
2.680000000000000  1.017180273260834  0.880453619414027  0.817741462591954  0.808635595801230  0.805395561166782  0.788710268537307  0.786481301920901  0.781446164779191  0.709487795027937  0.607732770891046  0.605579456593222  0.513975333092923
2.690000000000000  1.017653437883842  0.880707073154475  0.817868149493220  0.808703651584060  0.805471974355687  0.788950564146773  0.786688422101311  0.781847180705370  0.710395736057606  0.609038169986794  0.606977064118808  0.515396750795205
2.700000000000000  1.018119903335732  0.880961095004624  0.817993948762999  0.808770315494870  0.805546793028218  0.789187417252316  0.786892833504814  0.782241870273970  0.711296534822808  0.610334892160249  0.608364678266638  0.516810013547785
2.710000000000000  1.018579724394629  0.881216560496011  0.818118423157245  0.808835560922109  0.805619930947431  0.789420929853769  0.787094508522429  0.782629493179230  0.712190985570138  0.611623118018921  0.609742436101968  0.518215064525033
2.720000000000000  1.019033183690748  0.881471469567570  0.818242379119211  0.808899402892894  0.805691662588440  0.789651153378000  0.787293701025869  0.783011654416149  0.713077393805194  0.612902938542358  0.611110360134102  0.519612071289155
2.730000000000000  1.019480263931070  0.881726862501035  0.818365652151963  0.808961789413607  0.805761827286072  0.789878060435761  0.787490230713152  0.783387853896262  0.713956819564410  0.614174578088187  0.612468749012248  0.521001121604108
2.740000000000000  1.019921092649263  0.881982749134501  0.818488059385923  0.809022852285392  0.805830626868320  0.790101767771311  0.787684346487957  0.783757994820309  0.714829277521811  0.615437964040455  0.613817484494759  0.522382231058195
2.750000000000000  1.020355716265283  0.882238960343124  0.818609688790361  0.809082598550715  0.805897868015146  0.790322368389706  0.787875880877316  0.784122204708486  0.715694752134505  0.616693177273613  0.615156572858163  0.523755399734531
2.760000000000000  1.020784305861544  0.882495634933303  0.818730592210500  0.809141076662196  0.805963801247643  0.790539902219013  0.788065025426887  0.784480617090594  0.716553404948260  0.617940483536008  0.616486301491021  0.525120803310608
2.770000000000000  1.021206858587343  0.882752724381706  0.818850790567943  0.809198298271717  0.806028297463604  0.790754426846443  0.788251733545084  0.784833298464325  0.717405263644832  0.619179838062733  0.617806715000685  0.526478427880712
2.780000000000000  1.021623483117698  0.883010128731223  0.818970220677157  0.809254294584159  0.806091569901663  0.790965933130250  0.788436183716512  0.785180245624488  0.718250381200092  0.620411364931267  0.619117750702009  0.527828379751482
2.790000000000000  1.022034306260692  0.883267881395504  0.819089083039855  0.809309103178995  0.806153398304669  0.791174597183325  0.788618167981808  0.785521745426705  0.719088779166243  0.621635269150745  0.620419553166011  0.529170732834194
2.800000000000000  1.022439423426042  0.883526074340038  0.819207374355904  0.809362619926946  0.806214070865145  0.791380296834542  0.788798022232048  0.785857805064695  0.719920652226853  0.622851514414330  0.621712159717348  0.530505543190774
2.810000000000000  1.022838559418751  0.883782638411956  0.819325595880671  0.809413943234687  0.806272907535338  0.791582305730286  0.788975213624329  0.786189315509753  0.720743929240883  0.624062512700393  0.622995418839126  0.531831975775486
2.820000000000000  1.023232763949923  0.884043442205922  0.819442013665628  0.809466795334336  0.806331459111780  0.791783273134158  0.789150914248989  0.786513724670833  0.721564649017459  0.625262508410673  0.624269778557998  0.533152907885295
2.830000000000000  1.023621108932543  0.884302474781175  0.819558596845439  0.809516927056844  0.806388391239478  0.791980698339393  0.789324050788748  0.786833894191049  0.722376962822791  0.626456783457013  0.625535015295439  0.534465398772687
2.840000000000000  1.024004048427631  0.884561786253479  0.819674718556356  0.809566155680645  0.806444082018483  0.792175579143789  0.789494990768803  0.787148969219599  0.723182882689056  0.627644084986242  0.626791118621209  0.535770570963609
2.850000000000000  1.024381748206046  0.884821398859531  0.819790337168212  0.809614236997633  0.806498759498645  0.792367794217334  0.789663914398046  0.787458956104451  0.723982524587647  0.628824554399802  0.628038094159188  0.537068591681432
2.860000000000000  1.024754069237885  0.885081211091881  0.819905495872828  0.809661340232992  0.806552222911515  0.792557467889412  0.789830721490448  0.787764009534121  0.724775820385652  0.629998403627900  0.629275809284363  0.538359316785263
2.870000000000000  1.025121282282503  0.885341270173010  0.820020248978264  0.809707412058241  0.806604610445676  0.792744564869354  0.789995490884068  0.788064179285576  0.725562922814530  0.631166035153064  0.630504187051657  0.539642996417490
2.880000000000000  1.025483396571101  0.885601470777987  0.820134656456557  0.809752597784037  0.806655956286818  0.792929255044480  0.790158269862690  0.788359569681178  0.726343792304166  0.632327608956868  0.631722954725817  0.540919526006911
2.890000000000000  1.025840435238657  0.885861830796362  0.820248571066998  0.809796768904427  0.806706251490939  0.793111466047732  0.790319075702845  0.788650157394074  0.727118523861523  0.633483751556297  0.632931910277413  0.542189110912644
2.900000000000000  1.026192489811203  0.886122394158222  0.820362239404144  0.809839996580229  0.806755468320803  0.793291264109316  0.790477908123735  0.788936151824613  0.727887171814232  0.634634879616934  0.634130579131233  0.543451636534278
2.910000000000000  1.026539686735592  0.886383079245813  0.820475566105303  0.809882357199805  0.806803701845169  0.793468756883296  0.790634813988479  0.789217570469979  0.728649771129560  0.635781672909288  0.635318553694683  0.544707351857853
2.920000000000000  1.026882072047905  0.886643883855039  0.820588572741598  0.809923769103952  0.806850923626571  0.793643851378336  0.790789841559573  0.789494457797126  0.729406382040240  0.636924884489683  0.636495173352404  0.545956140158790
2.930000000000000  1.027219660239097  0.886904828074823  0.820701389361186  0.809964428483346  0.806897282188073  0.793816826701046  0.790943077765961  0.789766988361927  0.730157108553342  0.638065351949407  0.637659666455140  0.547198184940106
2.940000000000000  1.027552560416073  0.887165820966627  0.820813884134019  0.810004198861550  0.806942546310566  0.793987493313870  0.791094367675263  0.790035111385087  0.730901870625807  0.639203716075698  0.638811682836188  0.548433434520403
2.950000000000000  1.027880870884779  0.887426896469653  0.820926151917733  0.810043108102297  0.806986993281910  0.794155919425119  0.791243932910042  0.790298930396043  0.731640772603169  0.640340407216605  0.639950846551581  0.549662063038327
2.960000000000000  1.028204613334236  0.887688038131008  0.821038257782255  0.810081235723896  0.807030514774245  0.794322222947209  0.791391719783573  0.790558578280024  0.732373886191635  0.641475260433248  0.641077417879715  0.550884030729336
2.970000000000000  1.028523875675880  0.887949193686291  0.821150192689714  0.810118544345814  0.807073195639616  0.794486383398545  0.791537790253149  0.790814084978012  0.733101215011125  0.642607915728317  0.642191948690094  0.552099402541308
2.980000000000000  1.028838691070167  0.888210391887337  0.821262035233171  0.810155106787551  0.807114947841057  0.794648467606922  0.791682086656225  0.791065559884555  0.733822836534923  0.643737689474957  0.643295289998625  0.553308253987609
2.990000000000000  1.029149144268926  0.888471595551147  0.821373686940129  0.810190914003647  0.807155873221296  0.794808501835738  0.791824717013759  0.791312965385830  0.734538810287063  0.644863653724674  0.644388438702663  0.554510640672010
3.000000000000000  1.029455278977206  0.888732769636065  0.821485259161316  0.810226015151320  0.807195937444560  0.794966564598921  0.791965623663363  0.791556472599456  0.735249099983463  0.645985183019709  0.645472166045506  0.555706591622120
