1.010000000000000  0.531830074012139  0.509290984364476  0.403580807515196  0.398209133986637  0.332874985203490  0.318018412357375  0.272767549227420  0.235821321871593  0.182296608310536  0.048074575430423  0.028174138585625  0.027479353729627
1.020000000000000  0.553065181248670  0.532743824218242  0.442213172532139  0.418435712822816  0.368445000970044  0.357297971762096  0.322656216202213  0.279450539935995  0.210820557357948  0.054276637906006  0.035715545653907  0.034327901715339
1.030000000000000  0.572003851451438  0.550020181091675  0.470378760814196  0.436876781780081  0.391836665178659  0.384289448600666  0.349830235804674  0.307315761860193  0.230316639640776  0.060657699164377  0.041152992541162  0.039151347098232
1.040000000000000  0.589243526628995  0.564215461945321  0.494766286978066  0.454003399673127  0.411036776586759  0.407362241409232  0.370491890978156  0.329937803658708  0.246313038637474  0.067792904305584  0.047214473960721  0.044451584504595
1.050000000000000  0.604830334741755  0.576245694322811  0.516447025716774  0.469689118918083  0.427791741169255  0.427569826462959  0.387596241567268  0.349376123671698  0.260116438534627  0.075591928921560  0.053854697569138  0.050165009813101
1.060000000000000  0.618857836937037  0.586671665169173  0.535928713559918  0.484016349901851  0.446112073554396  0.442155042354023  0.402323925793474  0.366549567014260  0.272377634370693  0.083749540546291  0.060867062732559  0.056087650039293
1.070000000000000  0.631487545666247  0.595869380572564  0.553617045530104  0.497128128121469  0.462682053410644  0.455213763951488  0.415331605059527  0.382029800846819  0.283497511485371  0.092016711191915  0.068092256319819  0.062075653862395
1.080000000000000  0.642898773413697  0.604088573440262  0.569788360326449  0.509138672458861  0.477740592961287  0.467015857131198  0.427025160871741  0.396135555858270  0.293733822214385  0.100258417652922  0.075414928685492  0.068041062589245
1.090000000000000  0.653249306306297  0.611529895418909  0.584701514387309  0.520213909004577  0.491537957985393  0.477786858978813  0.437678767688775  0.409119635044762  0.303249267545408  0.108407568139082  0.082772144785246  0.073925708841666
1.100000000000000  0.662706674962344  0.618311263874492  0.598536691083246  0.530479099152330  0.504225710534361  0.487708292963191  0.447480971988326  0.421186323600359  0.312168276432237  0.116420261950046  0.090108006046723  0.079712754742843
1.110000000000000  0.671372782811942  0.624552510455055  0.611434072051058  0.540028590794116  0.515960625361485  0.496888761908454  0.456575962096731  0.432439498715078  0.320577547480251  0.124286185852260  0.097396915802869  0.085393507007643
1.120000000000000  0.679359144321380  0.630316884406339  0.623522332811920  0.548935459233746  0.526836122483573  0.505429001722226  0.465066621803581  0.442987086297948  0.328552034888336  0.131997116110686  0.104615490739787  0.090955720475473
1.130000000000000  0.686743742007168  0.635676896822767  0.634897664075837  0.557272526795452  0.536963239806539  0.513406200078296  0.473039791985081  0.452921369472394  0.336142272311721  0.139550200128019  0.111758053625192  0.096407056355428
1.140000000000000  0.693599038446699  0.645633316574823  0.640676437836602  0.565096088303583  0.546420852661220  0.520886168839416  0.480559623275347  0.462286602860404  0.343395765120243  0.146945563230809  0.118812884825407  0.101746318598565
1.150000000000000  0.699987964249278  0.655809613166020  0.645355683676298  0.572454813134380  0.555293314334839  0.527923553884740  0.487677808942947  0.471151935188705  0.350347339954499  0.154191134636926  0.125776806238935  0.106978788893073
1.160000000000000  0.705948843939070  0.665475998641285  0.649755621992469  0.579395348688618  0.563620639811996  0.534563515322740  0.494441634382654  0.479561704392887  0.357024899533783  0.161285309343033  0.132648438649950  0.112115535468179
1.170000000000000  0.711527511380777  0.674681073556743  0.653903901797698  0.585948595620121  0.571447648903509  0.540840154283151  0.500887678651279  0.487561382856892  0.363453856832131  0.168235828612294  0.139421765555845  0.117160009725765
1.180000000000000  0.716761686693718  0.683468561700433  0.657822905495323  0.592146207679277  0.578831704293756  0.546789208956386  0.507044624080442  0.495180424784080  0.369656798776725  0.175048676073567  0.146101051167219  0.122114872248526
1.190000000000000  0.721683977706926  0.691870242762245  0.661533691706281  0.598022910308959  0.585792300136417  0.552445529364441  0.512938268777676  0.502448413015984  0.375651167790897  0.181725865339888  0.152683775588316  0.126987154918932
1.200000000000000  0.726321160371318  0.699918210106192  0.665055351245974  0.603601939225889  0.592373529836990  0.557826532119352  0.518591312657234  0.509397126954412  0.381453318680055  0.188273076958227  0.159170244106449  0.131782573488440
1.210000000000000  0.730701688633833  0.707639552989204  0.668399154960679  0.608906448247690  0.598606883110772  0.562961247164743  0.524021298659353  0.516042513943050  0.387080756284665  0.194689544725194  0.165555593562889  0.136486334188337
1.220000000000000  0.734836427652902  0.715065285005778  0.671586709355979  0.613951991426440  0.604521200879385  0.567858943259639  0.529249575563296  0.522408930465972  0.392538843238009  0.200987193469837  0.171850883799724  0.141133257235847
1.230000000000000  0.738750018322992  0.722212408117027  0.674626486917332  0.618757684436638  0.610134585679873  0.572540820766292  0.534288569205078  0.528513980598781  0.397841525172719  0.207165884275192  0.178053158685497  0.145713577440790
1.240000000000000  0.742459238158465  0.729100498249796  0.677529754107416  0.623339784291463  0.615468754842903  0.577022224351326  0.539151668275995  0.534374720396308  0.402998683967033  0.213229258502756  0.184164212769878  0.150230325465258
1.250000000000000  0.745979418655158  0.735746394761416  0.680306142891970  0.627712309433995  0.620543141514855  0.581316651808633  0.543850368793083  0.540005050285056  0.408019114240238  0.219180813303431  0.190185289418879  0.154686519484611
1.260000000000000  0.749323581801717  0.742165493968706  0.682964478379287  0.631888793637322  0.625375846164761  0.585435921838032  0.548394778108173  0.545417783473498  0.412910519452552  0.225024137594242  0.196118166522765  0.159084671643564
1.270000000000000  0.752505056655580  0.748371794407508  0.685512579808768  0.635881008307431  0.629981675267622  0.589391512874088  0.552794551434140  0.550626514887502  0.417680030308253  0.230762396615681  0.201964484736710  0.163427191483332
1.280000000000000  0.755534310701949  0.754378106732099  0.687955946572926  0.639700165799879  0.634375079385841  0.593193622338379  0.557057499642591  0.555642854423381  0.422334040201382  0.236398875959654  0.207725834582170  0.167716208189831
1.290000000000000  0.760195666344751  0.758421715693275  0.690303453160488  0.643356429540161  0.638568756372593  0.596850915475540  0.561191751222107  0.560476969175580  0.426878508971058  0.241936591983250  0.213403899640802  0.171953650856867
1.300000000000000  0.765834800953223  0.761177504779444  0.692559026631429  0.646860049004682  0.642575333290544  0.600372170833191  0.565203436669579  0.565138589798212  0.431318978795296  0.247378582649111  0.219000328141988  0.176141286496762
1.310000000000000  0.771305740344193  0.763809674435376  0.694729045523383  0.650216985487769  0.646404681231657  0.603764982089861  0.569635906151423  0.569100185462515  0.435659708123130  0.252727597439693  0.224516610812530  0.180280875032096
1.320000000000000  0.776616767723317  0.766325870048143  0.696818359955186  0.653437270299504  0.650068043346342  0.607036676206234  0.573977423928162  0.572886500001911  0.439906328720926  0.257986231864287  0.229954580148428  0.184373789199240
1.330000000000000  0.781776157021063  0.768733232010324  0.698831403623989  0.656527891215948  0.653575350444270  0.610192449062665  0.578170532333356  0.576568451869175  0.444062036372225  0.263156979870572  0.235315816495713  0.188421513459055
1.340000000000000  0.786790844412836  0.771039067640513  0.700772722905682  0.659495257142202  0.656934514045117  0.613239927898002  0.582223542080071  0.580150784893058  0.448131291015471  0.268242806262477  0.240601804085316  0.192425094172665
1.350000000000000  0.791668284631305  0.773248289254274  0.702645300475407  0.662345941746332  0.660153788512288  0.616184460692674  0.586141719548490  0.583637523072898  0.452117287709616  0.273245619844963  0.245814082060114  0.196386026854785
1.360000000000000  0.796414502370282  0.775367861348731  0.704453463790728  0.665086005119699  0.663240607569671  0.619030212648876  0.589931880873211  0.587033283168872  0.456023797352079  0.278168206225462  0.250953971291994  0.200305152924132
1.370000000000000  0.801035540784131  0.777402608445050  0.706199709257539  0.667720880617147  0.666201009926691  0.621782591288619  0.593599671242456  0.590341459576419  0.459853769421332  0.283012546383126  0.256023102158894  0.204183649346233
1.380000000000000  0.805536875141456  0.779357939976695  0.707887214552978  0.670255935258215  0.669043352138223  0.624446333046467  0.597151409845441  0.593565878391421  0.463610203383285  0.287780663491245  0.261023016114796  0.208022366123908
1.390000000000000  0.809923453287204  0.781237354084211  0.709520093176500  0.672695713477905  0.671772649989522  0.627025260226112  0.600591605186793  0.596710120631151  0.467295762943508  0.292474755025626  0.265954979354493  0.211822262790889
1.400000000000000  0.814200355914052  0.783045888309587  0.711100053925096  0.675044539485614  0.674394812996381  0.629523287157485  0.603924733481242  0.599777329054181  0.470913014386057  0.297096793552453  0.270820342286177  0.215584108534967
1.410000000000000  0.818371743235397  0.784786509217042  0.712629891617419  0.677306631833786  0.676914987948465  0.631943558879534  0.607154795690611  0.602769956926435  0.474464273280294  0.301648428422566  0.275620508676760  0.219308870821417
1.420000000000000  0.822442054617928  0.786464509089901  0.714111520890146  0.679487384316951  0.679338937578614  0.634290615985000  0.610286925484582  0.605691343053498  0.477952046811732  0.306132080760860  0.280356686423458  0.222997082392964
1.430000000000000  0.826415039194108  0.788081973488553  0.715546883833527  0.681669712727326  0.681588161332457  0.636567260942026  0.613325076421036  0.608543524392318  0.481378247069942  0.310548912702490  0.285030306857279  0.226649518931330
1.440000000000000  0.830294421430501  0.789643099432518  0.716938336159748  0.683913253062726  0.683614194924024  0.638775787042763  0.616273592163908  0.611329333692018  0.484745031957228  0.314900886212152  0.289642576962708  0.230266907986277
1.450000000000000  0.834083687797683  0.791150936063014  0.718288663446047  0.686072735170817  0.685569929010342  0.640919815331822  0.619134636958010  0.614050919295348  0.488054635369149  0.319189572651615  0.294194589026825  0.233849800323898
1.460000000000000  0.837786186434587  0.792607479498543  0.719598196552153  0.688152597981163  0.687456672196369  0.643002375729493  0.621912789451142  0.616710021219618  0.491308095134024  0.323416485971361  0.298687705909270  0.237398846487280
1.470000000000000  0.841404974434287  0.794015658724095  0.720869325665587  0.690156726700718  0.689277602022818  0.645025303395158  0.624611456928699  0.619308990005277  0.494507723601227  0.327583267442662  0.303122971619400  0.240914681437586
1.480000000000000  0.844943063372656  0.795378129915331  0.722104032986522  0.692087777938720  0.691035147794401  0.646990327423917  0.627233030046258  0.621849951780878  0.497654848774403  0.331691409465209  0.307501584828896  0.244397689082522
1.490000000000000  0.848402855840791  0.796697742044547  0.723303849877190  0.693949439755368  0.692733168535779  0.648901393103806  0.629780186501831  0.624334621441740  0.500751226633550  0.335742182833604  0.311824549048601  0.247848637818613
1.500000000000000  0.851787207264509  0.797975768005693  0.724469777451259  0.695745023764577  0.694373514431001  0.650759503457717  0.632256426497397  0.626764730556610  0.503798101035943  0.339737037888614  0.316092931381263  0.251267920730438
1.510000000000000  0.855098470660893  0.799215842361063  0.725603167649813  0.697477060438513  0.695959659203236  0.652568016560913  0.634664356781591  0.629141455520724  0.506797553702327  0.343677314970772  0.320307812225151  0.254656055721859
1.520000000000000  0.858339280723952  0.800418631045222  0.726705998574058  0.699148254270578  0.697491441246920  0.654326391012910  0.637005920698381  0.631467287320167  0.509749911027522  0.347564192529362  0.324470199039686  0.258013559027473
1.530000000000000  0.861511743604534  0.801585863691408  0.727779132160763  0.700761653972430  0.698972856075998  0.656037799653737  0.639284049779025  0.633743199425363  0.512657081589012  0.351398966435581  0.328581105363208  0.261340872560961
1.540000000000000  0.864617749236209  0.802720122384349  0.728821957406241  0.702319421296424  0.700405543768032  0.657704583979924  0.641500588968390  0.635969685773215  0.515520158893248  0.355182894016564  0.332641465886862  0.264638376259125
1.550000000000000  0.867659554478734  0.803822700437961  0.729838427516889  0.703823293124638  0.701791420577639  0.659327291425262  0.643657814795967  0.638149835009442  0.518340095060767  0.358917075935767  0.336652196975937  0.267906532239231
1.560000000000000  0.870639009266129  0.804895198269436  0.730828018657575  0.705276733359963  0.703132695811754  0.660908573466781  0.645758348938708  0.640283870226488  0.521118552815973  0.362602650428907  0.340614265678423  0.271145818868811
1.570000000000000  0.873558104783501  0.805939130135681  0.731791786664349  0.706681583190401  0.704430310109037  0.662448637359135  0.647803951004406  0.642372814240714  0.523856107674150  0.366240569171491  0.344528631148806  0.274356568150572
1.580000000000000  0.876418494796241  0.806956686530737  0.732731401726622  0.708039780462252  0.705687073552500  0.663950373083494  0.649796668558590  0.644418848951540  0.526553942264736  0.369832015016232  0.348396072159936  0.277539241993482
1.590000000000000  0.879221830332243  0.807947793049528  0.733647727456304  0.709351627181976  0.706903949159561  0.665414281977240  0.651736930370887  0.646422775632871  0.529212725693809  0.373377930677469  0.352217403577883  0.280694207797872
1.600000000000000  0.881969727839877  0.808914521736971  0.734541433704808  0.710620874345152  0.708082965858215  0.666842316827534  0.653628017128068  0.648385440740941  0.531833869891973  0.376879464832521  0.355993518100716  0.283821797222924
1.610000000000000  0.884663773762248  0.809857970724573  0.735412721119093  0.711848886851726  0.709224489880422  0.668234669386686  0.655472320558436  0.650307551322104  0.534417803899898  0.380337160052255  0.359725381137416  0.286922394576164
1.620000000000000  0.887305721009236  0.810780024911248  0.736261542813723  0.713036021884467  0.710329625769026  0.669591636847853  0.657269189154287  0.652190590025976  0.536965840975985  0.383752234195173  0.363413390994385  0.289996563105777
1.630000000000000  0.889896455726265  0.811680197791812  0.737091446013472  0.714185842660778  0.711402335384822  0.670918215563170  0.659021573790775  0.654035500139418  0.539478737489383  0.387125671561072  0.367058543211488  0.293044438118498
1.640000000000000  0.892437668521928  0.812559934248866  0.737901218347921  0.715299361949592  0.712442040435725  0.672212572572613  0.660730472257279  0.655842910056289  0.541956898154172  0.390457903039302  0.370661885268524  0.296066316931449
1.650000000000000  0.894930509868058  0.813421167498137  0.738692861579845  0.716376837061951  0.713449183303610  0.673475427720062  0.662397071468601  0.657614477488089  0.544401690071330  0.393750187469687  0.374223767135670  0.299062678491961
1.660000000000000  0.897376274406731  0.814263601083709  0.739465434404543  0.717420175601257  0.714425900490703  0.674708822501525  0.664022831701407  0.659349901587169  0.546813307791548  0.397003201131400  0.377744976825923  0.302033810281953
1.670000000000000  0.899776296874220  0.815089592242999  0.740220852783109  0.718431244189687  0.715373537099331  0.675913674455453  0.665609614875426  0.661050995137460  0.549192903853216  0.400217732288232  0.381226212178681  0.304979998771559
1.680000000000000  0.902131626873385  0.815898501875141  0.740959118306987  0.719410195047842  0.716292811317065  0.677090766538130  0.667157968758217  0.662718195657351  0.551540820954171  0.403394468737359  0.384668220409524  0.307901584463084
1.690000000000000  0.904443477390664  0.816691994459181  0.741680889123287  0.720359454942026  0.717184915662210  0.678241051283428  0.668669833996892  0.664352397027879  0.553857837880398  0.406534226402464  0.388071721956293  0.310798888825928
1.700000000000000  0.906712864028381  0.817470590317630  0.742386773222104  0.721278777672318  0.718050811684243  0.679365206016562  0.670145264615909  0.665954172731799  0.556144542271603  0.409637793807574  0.391437178123442  0.313672219642933
1.710000000000000  0.908940819596467  0.818234514120726  0.743076698376855  0.722170328581450  0.718890888295272  0.680463651679386  0.671586425185546  0.667523842866783  0.558401740171671  0.412705744234697  0.394765393253579  0.316521834272711
1.720000000000000  0.911128349397856  0.818985895220235  0.743752439633841  0.723034681640433  0.719706142695060  0.681537459410944  0.672993947565997  0.669063171968113  0.560630040242755  0.415738842762557  0.398056908807365  0.319348052595675
1.730000000000000  0.913276456050579  0.819724043377157  0.744413857230807  0.723872805386981  0.720498097122420  0.682587822649277  0.674369167692780  0.670572287007184  0.562829849500549  0.418737828980818  0.401312268933626  0.322151192735901
1.740000000000000  0.915386049691088  0.820449750466623  0.745061085843463  0.724686350228882  0.721267130575122  0.683614916541711  0.675713133570409  0.672051430250481  0.565001668361268  0.421703065694530  0.404532327047960  0.324931464327084
1.750000000000000  0.917458119073596  0.821163996234310  0.745694645754722  0.725474613488637  0.722014328480991  0.684619945220428  0.677025111455431  0.673501566443086  0.567146311460292  0.424635523754748  0.407717448085266  0.327689150004958
1.760000000000000  0.919493357943102  0.821867239991218  0.746315752459639  0.726240155083862  0.722740150643307  0.685603264633210  0.678308676044540  0.674923612242629  0.569264236294334  0.427535395766962  0.410868217545056  0.330424701211292
1.770000000000000  0.921492626888167  0.822559608965792  0.746924102360758  0.726983179703183  0.723444483453438  0.686564379219377  0.679562816107505  0.676318020628375  0.571355531828332  0.430403453714631  0.413985209449252  0.333138252514679
1.780000000000000  0.923457043516782  0.823241614370401  0.747520294433739  0.727703741492946  0.724129602400328  0.687505872573063  0.680788674467593  0.677685080438771  0.573420955364848  0.433240697239260  0.417069052693479  0.335829820283878
1.790000000000000  0.925387110916996  0.823914674207559  0.748105038781541  0.728403386104487  0.724795748317106  0.688427682897131  0.681987169909314  0.679025756723841  0.575461311343801  0.436047113349694  0.420120254094804  0.338499999964722
1.800000000000000  0.927283625701154  0.824578266485028  0.748678115106685  0.729082626455970  0.725442185595781  0.689329061211656  0.683159497618792  0.680339979967819  0.577476741144890  0.438823553899029  0.423139222447808  0.341148927235587
1.810000000000000  0.929147458447213  0.825233883590350  0.749240078656247  0.729742221046910  0.726071585707596  0.690212567339024  0.684306533103409  0.681628260252157  0.579467479912317  0.441570446402565  0.426126628075802  0.343776832682215
1.820000000000000  0.930979156858675  0.825880614640214  0.749791773861829  0.730383726389725  0.726683291430068  0.691077558450129  0.685428212942972  0.682891733218391  0.581434319353447  0.444288247853975  0.429082918836638  0.346383911281500
1.830000000000000  0.932779611655738  0.826519293827053  0.750333060860559  0.731005816146735  0.727277275210830  0.691924081407172  0.686525117821488  0.684131046709976  0.583377641477747  0.446977310995958  0.432008392593237  0.348970743874737
1.840000000000000  0.934549254903990  0.827150469139413  0.750864412876583  0.731610821795398  0.727855177139546  0.692753270018350  0.687599105143785  0.685346284475016  0.585297928940615  0.449638545486182  0.434903750980533  0.351537221694125
1.850000000000000  0.936289010256450  0.827774619590000  0.751385652961680  0.732198637001295  0.728418001197075  0.693566616195432  0.688650025621569  0.686537692600312  0.587195412571757  0.452272421469440  0.437769333424139  0.354083575395978
1.860000000000000  0.937999270211594  0.828392025450971  0.751898523726589  0.732769773355400  0.728965214551867  0.694363176513307  0.689678737727557  0.687706915687065  0.589070610455353  0.454879163400253  0.440605668391410  0.356610113583786
1.870000000000000  0.939680860486956  0.829002837174022  0.752402319347690  0.733324891329084  0.729497604371204  0.695143810847970  0.690685531976715  0.688853435920319  0.590923829469502  0.457459314468712  0.443413210077348  0.359117103859595
1.880000000000000  0.941334312328174  0.829607400842939  0.752896625351342  0.733864760944391  0.730015264419089  0.695908613175839  0.691671495648240  0.689977264818783  0.592755208516829  0.460013221230645  0.446192387835665  0.361604698756656
1.890000000000000  0.942960206861605  0.830205487760162  0.753382694960591  0.734389200488030  0.730519274122678  0.696658673602347  0.692636633200890  0.691079335985412  0.594565168538128  0.462541493145273  0.448943562646373  0.364073186845178
1.900000000000000  0.944559042785982  0.830798695589720  0.753861159050366  0.734899907736513  0.731009777176729  0.697393776076699  0.693582257743522  0.692161018490372  0.596354543907290  0.465044392794356  0.451667260922124  0.366522747946110
1.910000000000000  0.946131555669934  0.831386266566158  0.754331137665995  0.735395731405185  0.731487285240649  0.698114629729653  0.694507993217522  0.693221657441834  0.598123092514749  0.467522371558663  0.454363782332649  0.368953531862140
1.920000000000000  0.947678094429027  0.831968247633428  0.754793650569608  0.735878484573328  0.731951803690411  0.698821312762331  0.695415324211522  0.694261890443115  0.599871049522508  0.469975895014433  0.457033624662387  0.371365871976060
1.930000000000000  0.949199252366347  0.832545617487786  0.755248333767651  0.736348316453488  0.732404399934306  0.699514719845691  0.696303939139385  0.695281393548761  0.601599513604858  0.472405244922381  0.459677181414705  0.373759932701967
1.940000000000000  0.950695533315254  0.833117649896028  0.755697083266262  0.736805190874409  0.732844995525289  0.700194815124491  0.697174414054426  0.696280941288716  0.603308267883122  0.474810952961861  0.462294766012007  0.376135898662656
1.950000000000000  0.952167437073310  0.833685338679699  0.756138149880172  0.737249930062024  0.733274425424557  0.700862267862709  0.698027634597205  0.697261785657824  0.604997261079088  0.477193273964256  0.464886774677030  0.378493956252585
1.960000000000000  0.953615433932747  0.834249320039656  0.756572665861580  0.737683120482093  0.733692390613975  0.701517042102254  0.698863412710710  0.698223769437931  0.606667754816792  0.479552633255675  0.467453713349744  0.380834342513848
1.970000000000000  0.955040023601411  0.834808705769096  0.757000540998133  0.738104123722300  0.734099365736662  0.702159151200765  0.699682489773506  0.699167188160203  0.608319100986204  0.481889339712504  0.469995792530357  0.383157211689351
1.980000000000000  0.956441665280295  0.835364006043292  0.757422387008942  0.738514699616580  0.734496000513869  0.702789583950515  0.700486370350939  0.700092670081724  0.609951729141824  0.484203824756759  0.472513440943790  0.385462758672688
1.990000000000000  0.957820749534633  0.835915734134913  0.757838091363222  0.738913907641972  0.734882189977806  0.703408109534343  0.701274055789437  0.701000262987595  0.611566440446385  0.486496327598811  0.475006977575542  0.387751212349784
2.000000000000000  0.959177784790431  0.836463690369272  0.758248035099429  0.739302306820956  0.735258529104240  0.704015249004824  0.702045955150253  0.701890563677066  0.613163139958619  0.488767390662346  0.477476637080837  0.390022733071211
2.010000000000000  0.960513164368442  0.837008294847226  0.758651906489289  0.739680837107156  0.735625418258484  0.704611682928145  0.702803193826510  0.702763693182384  0.614741889688810  0.491017370514543  0.479922939764795  0.392277410052446
2.020000000000000  0.961827261580606  0.837549223732390  0.759051071308632  0.740047880472448  0.735982691753364  0.705196551466580  0.703619916762312  0.703547155385509  0.616303181345729  0.493246165338120  0.482346000000583  0.394515620506750
2.030000000000000  0.963120489285319  0.838087014889264  0.759444599032837  0.740407632286089  0.736331891376604  0.705772048332871  0.704459493566782  0.704276361380824  0.617847506386993  0.495454331693228  0.484746427170744  0.396737463557408
2.040000000000000  0.964393273464608  0.838621362467415  0.759832662056364  0.740756947446471  0.736670684621162  0.706335690807879  0.705282841374568  0.704990653225661  0.619374333599754  0.497642210045304  0.487124386750362  0.398943080348745
2.050000000000000  0.965646020360295  0.839153515086524  0.760216677842142  0.741099461059717  0.737002707045443  0.706891066328520  0.706091135689510  0.705690326944260  0.620885313910213  0.499810104912138  0.489480269431602  0.401132647449633
2.060000000000000  0.966879034012493  0.839681748120840  0.760594898781091  0.741431800011005  0.737324791054506  0.707434929780390  0.706882966348527  0.706378511568678  0.622378655765988  0.501958245574242  0.491814200365385  0.403306378772825
2.070000000000000  0.968092753013715  0.840207719370480  0.760968742929643  0.741755220682925  0.737639143383473  0.707969447408682  0.707659792019948  0.707053187167743  0.623856176961789  0.504086895578048  0.494126622596625  0.405464375940122
2.080000000000000  0.969287488780197  0.840730917660598  0.761338627472312  0.742071316586212  0.737946622120930  0.708495552383404  0.708422195431590  0.707716484077250  0.625317477112827  0.506196174207850  0.496417887998842  0.407606985752441
2.090000000000000  0.970463588824786  0.841251465543646  0.761703803510276  0.742378556313916  0.738245872914706  0.709169492930202  0.709011811704894  0.708366513354867  0.626763058050215  0.508286783378293  0.498688104881272  0.409734067866834
2.100000000000000  0.971621447357020  0.841769576205411  0.762065104757716  0.742678410335642  0.738537796210488  0.709902445291756  0.709519342596948  0.709004781681859  0.628192528165864  0.510358726236396  0.500937706254335  0.411845950744033
2.110000000000000  0.972761344322632  0.842285537233087  0.762422154598026  0.742971006695829  0.738822093375969  0.710621225792882  0.710017589319959  0.709631645234841  0.629607074607579  0.512412388834855  0.503166950266485  0.413942818245639
2.120000000000000  0.973883602544525  0.842798414518684  0.762775427839954  0.743256227513270  0.739100283124586  0.711326325846620  0.710508093773783  0.710247150057718  0.631005655953376  0.514448413211199  0.505375675778498  0.416024872699873
2.130000000000000  0.974988562551041  0.843309409158924  0.763125303208444  0.743534036350251  0.739371098841860  0.712018147828586  0.710989688709448  0.710851073340037  0.632389626472569  0.516466133238981  0.507564899482708  0.418092139430198
2.140000000000000  0.976076570595313  0.843818306522092  0.763471177549297  0.743804708822210  0.739635583114738  0.712696278184362  0.711463424885366  0.711444739592763  0.633758784143426  0.518466303139183  0.509734426890595  0.420144821632001
2.150000000000000  0.977147770922077  0.844324689047156  0.763813979397573  0.744069206445813  0.739893170396639  0.713361687760793  0.712027344413181  0.711928638222445  0.635112977921297  0.520448780210505  0.511884867197850  0.422182971774555
2.160000000000000  0.978202658499733  0.844828929433524  0.764153542879966  0.744327104411758  0.740145371046069  0.714014490106591  0.712599199724920  0.712386891302709  0.636452429198268  0.522414560425523  0.514016047674788  0.424206968589060
2.170000000000000  0.979241428167838  0.845330995488356  0.764489242668984  0.744579356728775  0.740391224181582  0.714654058996881  0.713161754759841  0.712837257355714  0.637777323169284  0.524363501859165  0.516128371242390  0.426216824369381
2.180000000000000  0.980264363303886  0.845831559169582  0.764823032620107  0.744825360275657  0.740630349667277  0.715282330595267  0.713714034509870  0.713279252612799  0.639088814750535  0.526295788178575  0.518222101814999  0.428212726699191
2.190000000000000  0.981271973065632  0.846329759550737  0.765153329245209  0.745065578565785  0.740864161461196  0.715898229025436  0.714256993019014  0.713714441061477  0.640385795196577  0.528211332432490  0.520297441528314  0.430194864677639
2.200000000000000  0.982264120734607  0.846825996407052  0.765480700407356  0.745299257734985  0.741092115582507  0.716502094227968  0.714789757964177  0.714142218249791  0.641668662681994  0.530111006291779  0.522354729403021  0.432163228483434
2.210000000000000  0.983241023975772  0.847320144524758  0.765804473133374  0.745527213366827  0.741315620996876  0.717094428655847  0.715314188891932  0.714563958564918  0.642938318176965  0.531995065061294  0.524394041188014  0.434117889941267
2.220000000000000  0.984203375115154  0.847812716007878  0.766126334146780  0.745751747388920  0.741533035298875  0.717675183460796  0.715828053510304  0.714977430083565  0.644194214399620  0.533862691436693  0.526415775936454  0.436059312024633
2.230000000000000  0.985151276736570  0.848303273574791  0.766446218899882  0.745969072960354  0.741746052454038  0.718245376567364  0.716334377496927  0.715385619065510  0.645436421003436  0.535715018034674  0.528419964973472  0.437987370476237
2.240000000000000  0.986084925003486  0.848792004992046  0.766763369449619  0.746181179308076  0.741953555544396  0.718804186776448  0.716831838079741  0.715786795442695  0.646665271784742  0.537551897423996  0.530407086996390  0.439902290275672
2.250000000000000  0.987004571403421  0.849279112017011  0.767078555875354  0.746389687048580  0.742155345440677  0.719352774910975  0.717322329861148  0.716180655069301  0.647881292936367  0.539373631688519  0.532377207368126  0.441804191306124
2.260000000000000  0.987910440721717  0.849764158118856  0.767391396966972  0.746591231177052  0.742353435421711  0.719890108212129  0.717802746060108  0.716569283329989  0.649084005966639  0.541180408516096  0.534330426856673  0.443693189484810
2.270000000000000  0.988802795237450  0.850247789029534  0.767702448106094  0.746789138167012  0.742546604596417  0.720418020715598  0.718275775689635  0.716951521868001  0.650274266672249  0.542972367223802  0.536267236687845  0.445569417924354
2.280000000000000  0.989681837527441  0.850729654888322  0.768011606164284  0.746982145504174  0.742735367537765  0.720935938463019  0.718741088278672  0.717327765862885  0.651451616755458  0.544749826418559  0.538187518811638  0.447433058915362
2.290000000000000  0.990547815230830  0.851209527653201  0.768318207966554  0.747171460061223  0.742919672196900  0.721443057833438  0.719199303655620  0.717698026318452  0.652616175127022  0.546512724889404  0.540091819024436  0.449284176939534
2.300000000000000  0.991400916558239  0.851687930315527  0.768623550333719  0.747355278293274  0.743099910262061  0.721941441665471  0.719648952921076  0.718062625465454  0.653768261068157  0.548261502067457  0.541979979917970  0.451122902155659
2.310000000000000  0.992241427458117  0.852164756362218  0.768926885817521  0.747535999298688  0.743275696040645  0.722429867099773  0.720092343774772  0.718421414285846  0.654908327504221  0.549996262322652  0.543852407397967  0.452949370797027
2.320000000000000  0.993069458493941  0.852639226421206  0.769229387343297  0.747711950224362  0.743448024231328  0.722909548782417  0.720527561659088  0.718775192602285  0.656035484357882  0.551716970560153  0.545709356266025  0.454763672293922
2.330000000000000  0.993885317945899  0.853112827651394  0.769529265520352  0.747883328702650  0.743616181309076  0.723379320186071  0.720955751781796  0.719123315975874  0.657151137649029  0.553424238525255  0.547550737756591  0.456565989137441
2.340000000000000  0.994689116301247  0.853584750262015  0.769828904243544  0.748052298757129  0.743779499348579  0.723841288536196  0.721378326182605  0.719465092479071  0.658255135544070  0.555117806040507  0.549377054566994  0.458356391863013
2.350000000000000  0.995481127018716  0.854054926565047  0.770126370903245  0.748216369252497  0.743939705684514  0.724293655924812  0.721793013070746  0.719802343870643  0.659346849540680  0.556798079636007  0.551188314376880  0.460135037967270
2.360000000000000  0.996261454390038  0.854523780607834  0.770422573462783  0.748376875335752  0.744096500258441  0.724737511409122  0.722201655977473  0.720134720639364  0.660427237029321  0.558465037510269  0.552984813613181  0.461901938984349
2.370000000000000  0.997030387104831  0.854990505448480  0.770717760897709  0.748534079346268  0.744249883614032  0.725172974324012  0.722603616180848  0.720462181873458  0.661495317090076  0.560119054515432  0.554766558357950  0.463657349688983
2.380000000000000  0.997788071152689  0.855456103371751  0.771011774610682  0.748687434494405  0.744399004663163  0.725600335123001  0.722999171425291  0.720783991637372  0.662552556213855  0.561760228785039  0.556533711909688  0.465401302776164
2.390000000000000  0.998534684567208  0.855919858934607  0.771304707138326  0.748838013755363  0.744545208813627  0.726019506999405  0.723389206506893  0.721101360941675  0.663598096948956  0.563388763857831  0.558286600784415  0.467133944937819
2.400000000000000  0.999270419563957  0.856382263083161  0.771596367292818  0.748987005243899  0.744688104900417  0.726430426054103  0.723771148718427  0.721414045136388  0.664632615765403  0.565004705150868  0.560025102248789  0.468855307823520
2.410000000000000  0.999995432610773  0.856843392426621  0.771886684692623  0.749130728324743  0.744827644175347  0.726833930838041  0.724148162666234  0.721721873497509  0.665656055710449  0.566608183181859  0.561749919354505  0.470565581449345
2.420000000000000  1.000709865633034  0.857302121737822  0.772177679702162  0.749272949993032  0.744963840551656  0.727230258528452  0.724518779336622  0.722024877444690  0.666667960835706  0.568199285973304  0.563460740420864  0.472264839061411
2.430000000000000  1.001413969664447  0.857759663619253  0.772467335067819  0.749410858830337  0.745097261769448  0.727618941313026  0.724884945983780  0.722323849836383  0.667669264904002  0.569778334014672  0.565157973904567  0.473953183122106
2.440000000000000  1.002107884113997  0.858215887467702  0.772756364001539  0.749545133821035  0.745227566411767  0.727999869990935  0.725244752751096  0.722618427576105  0.668659093373571  0.571345323619641  0.566841598718537  0.475630729975769
2.450000000000000  1.002791719414982  0.858670275421280  0.773044347924908  0.749676693763722  0.745355246112154  0.728373639826245  0.725599439414695  0.722908893149265  0.669638706898434  0.572900384310680  0.568511939097785  0.477297584688889
2.460000000000000  1.003465708815269  0.859123066857551  0.773331982162572  0.749806050966934  0.745480281671980  0.728740628863317  0.725949253104881  0.723195350149539  0.670607448832173  0.574443803523634  0.570169071342829  0.478953829720849
2.470000000000000  1.004129966514758  0.859574326110993  0.773619039889101  0.749933037964163  0.745602296306602  0.729100808503933  0.726294385727828  0.723477447589513  0.671565732967765  0.575975628508212  0.571813137710100  0.480599565548495
2.480000000000000  1.004784685848557  0.860023726776899  0.773905805226009  0.750056530420444  0.745721681623993  0.729454316873428  0.726633367311173  0.723755589773674  0.672513163276613  0.577495908308766  0.573444366820705  0.482234921371157
2.490000000000000  1.005429963736695  0.860471840710641  0.774191879143979  0.750178213619692  0.745838105404088  0.729800862950515  0.726968301772777  0.724029412791291  0.673450564775333  0.579004904206041  0.575062765203987  0.483859947448054
2.500000000000000  1.006065966510167  0.860918535118874  0.774478174932723  0.750296695813291  0.745952338401854  0.730141651730956  0.727297758309552  0.724299689074992  0.674378017666950  0.580502755401790  0.576668467193176  0.485474798775756
2.510000000000000  1.006692817703188  0.861363379363486  0.774763768158811  0.750413205085327  0.746063490800117  0.730475573563211  0.727622636105990  0.724565591401605  0.675294736885804  0.581989406014238  0.578261735401514  0.487079538031473
2.520000000000000  1.007310757725269  0.861806600462883  0.775049421279559  0.750526558191970  0.746173014935667  0.730803548116685  0.727942275059585  0.724828550649993  0.676201170058215  0.583465139564761  0.579842648101893  0.488674268066512
2.530000000000000  1.007919804710500  0.862248364382567  0.775334793151458  0.750638182795061  0.746279684081728  0.731125402458548  0.728257827833741  0.725087293146692  0.677097954356449  0.584930047470544  0.581411331156635  0.490259051707796
2.540000000000000  1.008520167410182  0.862688577386628  0.775620137223750  0.750747898019835  0.746383953497124  0.731441274042632  0.728569375503109  0.725342468548290  0.677984707172451  0.586384378495602  0.582967888892414  0.491834021125895
2.550000000000000  1.009111971977337  0.863127120527812  0.775905380669654  0.750854564427719  0.746486258957678  0.731751163085450  0.728875543465555  0.725594330169034  0.678861510517883  0.587828035886770  0.584512480860532  0.493399226287316
2.560000000000000  1.009695308352723  0.863564207888171  0.776190636469612  0.750959014146921  0.746585801761683  0.732055572985782  0.729177537349965  0.725842155540679  0.679728552197773  0.589261225996019  0.586045231256318  0.494954774147912
2.570000000000000  1.010270373286299  0.863999568239043  0.776475542771243  0.751063231234041  0.746683864809459  0.732353810259343  0.729476937162266  0.726087312855016  0.680585731042403  0.590684073959331  0.587566410050391  0.496500784877951
2.580000000000000  1.010837227925206  0.864433450747896  0.776761183063800  0.751163602160196  0.746779442147559  0.732647393050533  0.729770452738038  0.726328682086722  0.681433601357870  0.592096635026664  0.589075901325213  0.498037308839255
2.590000000000000  1.011396071077762  0.864865899996070  0.777046834877760  0.751261883628571  0.746872553752696  0.732935574311150  0.730059639062868  0.726566283164823  0.682272247430950  0.593499074122059  0.590573964677834  0.499564426617879
2.600000000000000  1.011946936615803  0.865296580849399  0.777332343750694  0.751359238387527  0.746963845247246  0.733218012105537  0.730345935389368  0.726800999839931  0.683101017827844  0.594891434378105  0.592060800207363  0.501082263514790
2.610000000000000  1.012490066414159  0.865725517694910  0.777617886380252  0.751454072625632  0.747053407449135  0.733495410272624  0.730628484016702  0.727032581140425  0.683920322019190  0.596273887712746  0.593536349710013  0.502590786151315
2.620000000000000  1.013025484991303  0.866152912849172  0.777904455384157  0.751548074056184  0.747140883197540  0.733767838547372  0.730906079467069  0.727260966495531  0.684730200664642  0.597646454651765  0.595000876417504  0.504090271613424
2.630000000000000  1.013553306297241  0.866578808553049  0.778190932211021  0.751639322819276  0.747226759841896  0.734035148783065  0.731180410422678  0.727486501330878  0.685530967116306  0.599009416474873  0.596454304629335  0.505580715184799
2.640000000000000  1.014073634849887  0.867002917016297  0.778477682174533  0.751729804948953  0.747310724532381  0.734297501030061  0.731451901262208  0.727709057416006  0.686322353858859  0.600362659947720  0.597897005119296  0.507062138666744
2.650000000000000  1.014586669242753  0.867425721516131  0.778764943985513  0.751817798900249  0.747392621389612  0.734555440782555  0.731718878517614  0.727928302503671  0.687105178518774  0.601706396471608  0.599328889863325  0.508534677420889
2.660000000000000  1.015092430494808  0.867846668101328  0.779052761922929  0.751903855680419  0.747473122024501  0.734808647045024  0.731982268586200  0.728144931538335  0.687878590684021  0.603040733990313  0.600750087891363  0.509998400425742
2.670000000000000  1.015591074747402  0.868266013317504  0.779340457620028  0.751988913310111  0.747551574406161  0.735056580508255  0.732242670185018  0.728358446281600  0.688642842423996  0.604365748456924  0.602160835131449  0.511453372510591
2.680000000000000  1.016082725401197  0.868684036566039  0.779629096926778  0.752072078691053  0.747628266925845  0.735300834818006  0.732499318739315  0.728569033629142  0.689398961696227  0.605681507845933  0.603561215411795  0.512899704963297
2.690000000000000  1.016567474482211  0.869100217141627  0.779917990633985  0.752154323019285  0.747704225448403  0.735540211040213  0.732753381644127  0.728777769175889  0.690145900446240  0.606988211756858  0.604951163147817  0.514337473320712
2.700000000000000  1.017045351716657  0.869514896648710  0.780207954327098  0.752234682006663  0.747777155259149  0.735776013364852  0.733003818971154  0.728982331782528  0.690884451943496  0.608285796227927  0.606330909530452  0.515766697598261
2.710000000000000  1.017516581651978  0.869927828972488  0.780497866181433  0.752313551893655  0.747849531287376  0.736006587404764  0.733250997706258  0.729185262054204  0.691613794063175  0.609574412622048  0.607700609977919  0.517187509980771
2.720000000000000  1.017981160197304  0.870339217716509  0.780788613904086  0.752391446069284  0.747919944494267  0.736233459317088  0.733495303146344  0.729385157448609  0.692334866138225  0.610854152142602  0.609060344109712  0.518599984255213
2.730000000000000  1.018439244146341  0.870749102459647  0.781080055475074  0.752467548699217  0.747988845537625  0.736456529802190  0.733736457552817  0.729582378204237  0.693047682661400  0.612125233721667  0.610410040771316  0.520004162729294
2.740000000000000  1.018890871747035  0.871157313923101  0.781372518609683  0.752542284521556  0.748057102315830  0.736676041146083  0.733974175785289  0.729777870184266  0.693752179257027  0.613387436437992  0.611750050085635  0.521400122107400
2.750000000000000  1.019336222828999  0.871563654018645  0.781665063531071  0.752616371676699  0.748123101413291  0.736890423845079  0.734209862013168  0.729969903647941  0.694447453983207  0.614641185159980  0.613080318228954  0.522787901544637
2.760000000000000  1.019775351182668  0.871968426192814  0.781958152810957  0.752689259942604  0.748187910678905  0.737100896705627  0.734442948389348  0.730159889081956  0.695134402869108  0.615886515650300  0.614400820289697  0.524167675483080
2.770000000000000  1.020208345260399  0.872371749727721  0.782252295720773  0.752759790890844  0.748250891282430  0.737308283424240  0.734671714403501  0.730346827232526  0.695813724875077  0.617123160845262  0.615711938202631  0.525539417256314
2.780000000000000  1.020635247900289  0.872773402437888  0.782547257647634  0.752829938034676  0.748312699154238  0.737512053586519  0.734898662402452  0.730531655288896  0.696484795712949  0.618351555146078  0.617013595463321  0.526903253042027
2.790000000000000  1.021056255100609  0.873173522013078  0.782842879261281  0.752899153359539  0.748374100990509  0.737712103637642  0.735123049744287  0.730714894075447  0.697147877191458  0.619571609863279  0.618305986192095  0.528259226856125
2.800000000000000  1.021471335546235  0.873571961813780  0.783140077039989  0.752967307233949  0.748433753385853  0.737909895945488  0.735345020054617  0.730895369053241  0.697803351185156  0.620783574709769  0.619588972247135  0.529607403190676
2.810000000000000  1.021880655685706  0.873968742127058  0.783436870615976  0.753034127146298  0.748491434863148  0.738102506007692  0.735564560335705  0.731072807771049  0.698450252272445  0.621987456700081  0.620862828363013  0.530947809920571
2.820000000000000  1.022284266762115  0.874363705130510  0.783735513807736  0.753101395523303  0.748548466557160  0.738292701264715  0.735779788265855  0.731248743981787  0.699089183861908  0.623183363103060  0.622127749115491  0.532280592987508
2.830000000000000  1.022682247821626  0.874757139026921  0.784034135620736  0.753165405990014  0.748604229091854  0.738479500783203  0.735993170079548  0.731422337969723  0.699719928859150  0.624371113335755  0.623383428152824  0.533605761636683
2.840000000000000  1.023074714221146  0.875149082777404  0.784333846917610  0.753229548341866  0.748659627915560  0.738662452716164  0.736205139012786  0.731594605327532  0.700343428890498  0.625551011084644  0.624630354739503  0.534923446076066
2.850000000000000  1.023461704186667  0.875539489455415  0.784634624927167  0.753292084889861  0.748713108713390  0.738842742556095  0.736413920753038  0.731763941113625  0.700959816080887  0.626722958283352  0.625868435482478  0.536233644101270
2.860000000000000  1.023843317255152  0.875928110391052  0.784936395649056  0.753354735659749  0.748765006635899  0.739019904976851  0.736621734675691  0.731930663313971  0.701568155502429  0.627887406939686  0.627097668767662  0.537536424086908
2.870000000000000  1.024219628336221  0.876315113605521  0.785239174476584  0.753415860209897  0.748816863606120  0.739194143883965  0.736826553052962  0.732096484908378  0.702169032236950  0.629044082512280  0.628318269844321  0.538831854073220
2.880000000000000  1.024590726054364  0.876700524182813  0.785542389848915  0.753476532650832  0.748867335040863  0.739364706535086  0.737029579736445  0.732259928663604  0.702762240284827  0.630193139933967  0.629530349804537  0.540120017086875
2.890000000000000  1.024956648864566  0.877084368491594  0.785846428712910  0.753535128403841  0.748916281029142  0.739532298292449  0.737229231762421  0.732420929258082  0.703348081854430  0.631334592376488  0.630733806228918  0.541400958912228
2.900000000000000  1.025317504159453  0.877466506944793  0.786151734358222  0.753594068208453  0.748964608867595  0.739697350852906  0.737427723920707  0.732580306233247  0.703926719944118  0.632468538362941  0.631929013254593  0.542674717683221
2.910000000000000  1.025673312805824  0.877847018829458  0.786457679109687  0.753652081987477  0.749012168511280  0.739859057999704  0.737624116137349  0.732737931888340  0.704497650135042  0.633594695994935  0.633115693015199  0.543941397847059
2.920000000000000  1.026024236390777  0.878226010787022  0.786764817733448  0.753709401973431  0.749058212426628  0.740018748836664  0.737818868055840  0.732893353362454  0.705061968272541  0.634714080626089  0.634294071673291  0.545201052700344
2.930000000000000  1.026370267982864  0.878603309100353  0.787072518150012  0.753764776508904  0.749103154939722  0.740174966619361  0.738010237350446  0.733046537236862  0.705618744572917  0.635826092629550  0.635464118451224  0.546453731164154
2.940000000000000  1.026711520479149  0.878979137199676  0.787381456577479  0.753820157026391  0.749147661975920  0.740329246019792  0.738200483210053  0.733198569515460  0.706168826173842  0.636931034170471  0.636626088985252  0.547699462411806
2.950000000000000  1.027048040237908  0.879353277413566  0.787691184523707  0.753875369173790  0.749190991528669  0.740480535124163  0.738389407663360  0.733348415999945  0.706711716349478  0.638028782653101  0.637780053320833  0.548938340579035
2.960000000000000  1.027379932350421  0.879725854403458  0.788001773206976  0.753929619937005  0.749233325977317  0.740629263514818  0.738575913093172  0.733496355925765  0.707247820052362  0.639119412250258  0.638926023072361  0.550170422271135
2.970000000000000  1.027707182412665  0.880096733960396  0.788313271206937  0.753983860490991  0.749275466612541  0.740775153020458  0.738761505545192  0.733643218332708  0.707776831938554  0.640203095737900  0.640063968007615  0.551395730375500
2.980000000000000  1.028029891643759  0.880465962393460  0.788625932851532  0.754036498920326  0.749315716293390  0.740918920891936  0.738944238866790  0.733787348800024  0.708298681951006  0.641279656140855  0.641194040983343  0.552614351683018
2.990000000000000  1.028348127843691  0.880833654539986  0.788939223548868  0.754088912699648  0.749355684728511  0.741059877186425  0.739125653138151  0.733930325914877  0.708814034199605  0.642349388076538  0.642316319027932  0.553826325104437
3.000000000000000  1.028661958553942  0.881199802642270  0.789253405766100  0.754141413938867  0.749394762574137  0.741198492179579  0.739306017824620  0.734071536538474  0.709322824173573  0.643430886376836  0.643412323271838  0.555031708503260
