4.451392347911979630e-02  -3.639509669110924626e-04  -1.528275785445078525e-06  1.767455446859961817e-07  1.127320519455994374e-05  1.183096457128462922e-03  3.500794539893733320e-02  5.450121645234417373e-04  -1.929427253100779319e-06  -3.894113714619543932e-07  -1.123408251020290168e-05  1.120327387690185899e-04  2.060195888310556792e-02  -7.601456746432595996e-04  -9.099921153849631936e-07  6.335273849668191512e-07  7.478112466134724968e-07  6.881455463215738200e-03
-3.639217563902161006e-04  4.450567014091726809e-02  2.608167527201361242e-06  1.796183298278737400e-07  -1.386041218210321841e-06  -1.184493199112897181e-03  -7.596045281462733383e-04  2.060421282181582742e-02  -2.624038048852437041e-08  6.339145648809266288e-07  5.349502050608357707e-07  -6.882135200326703305e-03  5.418240925961500349e-04  3.501271613483725176e-02  -2.802319788305444357e-06  5.976828498073643515e-06  -5.905740118093189823e-08  -1.223688350828286571e-04
-1.665484826344330320e-06  2.583036835881810407e-06  5.091184579649844777e-02  -1.500049025519513196e-03  1.498752442055275311e-03  1.899134034316782231e-06  1.671709417352503754e-06  -1.451122037213236274e-07  2.123940120313223476e-02  -1.371653359274315072e-04  8.460557878972230564e-03  -8.127495427103906524e-07  -1.867534576421707182e-07  -1.935661515329784866e-06  2.123732349863038937e-02  -8.455854032020839600e-03  1.378414181579116549e-04  -3.137884751153985839e-07
1.914518987607110652e-07  4.305352582747382530e-10  -1.500064512084180787e-03  3.626728554260316706e-02  1.070318804431141644e-06  6.104672693550879436e-07  -8.637533638290151919e-07  1.557988439832310501e-06  -3.530774417052799717e-04  3.667668649230503789e-03  -4.548708128080981850e-04  -1.084625761643250499e-06  5.770148654570190311e-07  -1.418844207546960970e-06  8.617230082864109700e-03  -1.049023171134201918e-03  3.927317603910640971e-05  -1.723891896287107279e-06
1.130475262371725177e-05  -1.357727098993317208e-06  1.498776289026617801e-03  1.071210364334771685e-06  3.627392018997181028e-02  -8.816735761790972314e-06  -1.040943182011530452e-05  1.224432416348427045e-07  -8.619582266722760830e-03  3.746093908467692737e-05  -1.058067212308799656e-03  3.527517482379495956e-06  1.796217558211973604e-06  1.074787439005289858e-06  3.534712483990362078e-04  -4.548439015715504568e-04  3.667998193000340974e-03  4.452900264548822579e-06
1.183095118616651984e-03  -1.184547692751219223e-03  1.936983631362207660e-06  6.371888975828390028e-07  -8.877678623325053762e-06  3.374665381126196184e-02  1.175582489953323675e-03  7.704812249540768376e-03  2.460826249461196356e-07  1.166072513458658887e-06  4.214900712493068167e-06  -1.154692873400547113e-03  -7.699260370261214355e-03  -1.179469872865699688e-03  7.933640161418088942e-07  -2.979029801097983270e-06  8.260559370653988366e-07  -1.148242932445375092e-03
3.500795496605007412e-02  -7.596883972296446935e-04  1.762691657500306779e-06  -8.337027288789261765e-07  -1.039135593385680630e-05  1.175645503831162456e-03  4.436123307267021004e-02  7.506959399801149116e-04  1.894639602724898965e-06  2.400884406768979957e-07  1.116015483680242011e-05  3.598195771686768843e-04  1.996032191771481695e-02  -2.302330319996772571e-03  3.259952701194076393e-07  1.372257651107781749e-06  -1.099509394214531425e-06  4.332429658703468127e-03
5.447304091005556207e-04  2.060412582819697372e-02  -1.517269254448341078e-07  1.529685166974313328e-06  1.345298592072302558e-07  7.704853427851922516e-03  7.507175082199886917e-04  5.095280128165907696e-02  4.638208303392698620e-07  -8.510468077921483344e-07  5.641304098166146287e-07  1.530812500817401323e-03  -5.750724837347754095e-03  1.996193672214709516e-02  -4.588564539017911044e-08  -2.194949072237523569e-07  2.463132776423203990e-07  2.599350850633540874e-03
-1.911461396375126725e-06  -9.142118170051930584e-08  2.123935858330542464e-02  -3.531212972746604773e-04  -8.619536075144025242e-03  2.216864675700188858e-07  1.834853608589417466e-06  4.696769223408909632e-07  5.185251391646638480e-02  -7.068138456995014056e-05  -1.601793975540218712e-03  -6.069777231253506572e-07  -7.463758953467091428e-08  -6.216663708212336952e-07  1.443513258431139076e-02  -3.240466182362597251e-03  -3.113772221242637386e-03  -6.487600841727300101e-07
-3.961782623520489553e-07  5.305376804361871730e-07  -1.371699543503266576e-04  3.667590018252474271e-03  3.745814533257000684e-05  1.192062229904228087e-06  2.240562371589800283e-07  -8.583420763944907276e-07  -7.068040692422922428e-05  3.985630698163050017e-02  -1.175035646171618519e-04  1.587108260547707296e-06  -1.135847140632781679e-07  2.870336105680559916e-07  3.113870677672787596e-03  4.708471740659300590e-04  -9.417752996853610012e-04  -4.776531448430263377e-07
-1.120191868300426943e-05  4.783333941801905355e-07  8.460515687594632322e-03  -4.548659312236627322e-04  -1.057972186075481318e-03  4.208703357070280271e-06  1.124112204942642569e-05  6.395914126982952970e-07  -1.601696898728216739e-03  -1.175615089114605207e-04  3.649179766846386008e-02  -3.568082188344736435e-06  -1.295766935486878734e-06  -1.886255894491410120e-06  3.240673812610110182e-03  -1.283953603362385449e-03  4.704579722914138565e-04  -3.110184412119007796e-06
1.120844731902658940e-04  -6.882019800116303578e-03  -8.203457774919246983e-07  -1.124069947350533679e-06  3.465294743986811783e-06  -1.154724258936202109e-03  3.599020063547162841e-04  1.530719255225644268e-03  -6.459371226100248848e-07  1.538394626776726617e-06  -3.686599846152412635e-06  3.606298105520200359e-02  -2.599041741125781690e-03  -4.337133811549399691e-03  2.917062665434560912e-07  -1.561090828126776848e-06  1.750342457015369262e-07  7.509373830609925634e-04
2.060184342171383215e-02  5.417670265147889186e-04  -1.961108190734280489e-07  5.226860748341001072e-07  1.786315820905400454e-06  -7.699164529033966468e-03  1.996032623468656578e-02  -5.750720373294273061e-03  -7.540143231136731962e-08  -1.093581623084919911e-07  -1.329799417871180651e-06  -2.598932524505329338e-03  5.095472349474675783e-02  7.547074970635204126e-04  -1.730297033915378990e-07  -1.388900832186453872e-07  -1.548172624363237177e-07  -1.529115329659429690e-03
-7.601877335529190960e-04  3.501271752510458357e-02  -2.008440940160486881e-06  -1.495628308515431734e-06  1.088305629821220262e-06  -1.179364743313108133e-03  -2.302477162566714253e-03  1.996185721229214172e-02  -7.042180498466978454e-07  2.044396837854320637e-07  -1.893623580157703296e-06  -4.337075970785927471e-03  7.547068596251444578e-04  4.435532776395781362e-02  2.670392388551063335e-06  -5.748399561523539510e-06  -1.891188465085148119e-08  -3.488248274991980901e-04
-8.739337309435802729e-07  -2.908476611931658894e-06  2.123730111215902175e-02  8.617136849135946519e-03  3.534987197205186928e-04  7.988521506895552819e-07  2.370376700770589039e-07  -4.624260634584709868e-08  1.443513069448860639e-02  3.113901381450252977e-03  3.240595081398115005e-03  2.905025545324430189e-07  -1.590655141441453012e-07  2.761822725045946590e-06  5.185479922900609884e-02  1.597874894701365941e-03  7.016211436989103656e-05  -7.031337096928023078e-07
7.034760862701646392e-07  6.126151474931196518e-06  -8.455795658027316988e-03  -1.048925304284430583e-03  -4.548682849219167173e-04  -2.971085976233635588e-06  1.388029290404008075e-06  -1.717780097606177171e-07  -3.240290760616606428e-03  4.708676208966808339e-04  -1.283866364012508764e-03  -1.649121147597774621e-06  -7.622191997574527129e-08  -5.821678928476042996e-06  1.597901165554804119e-03  3.649462324143736697e-02  -1.174520317798851061e-04  3.077367911520365929e-06
7.852262919819664503e-07  3.336179558920789921e-08  1.378404509070565878e-04  3.927301323825180496e-05  3.667920856129489645e-03  8.498202774697270654e-07  -1.035971463404575379e-06  2.490773767688526681e-07  -3.113738758450520280e-03  -9.417735161745951697e-04  4.705026278052526923e-04  1.619621266139105395e-07  -1.601154760384857965e-07  -6.406275166049558564e-08  7.016666424022039556e-05  -1.174631028113154609e-04  3.985665298756682629e-02  -1.313895150239341245e-06
6.881527577028328894e-03  -1.224357987522538488e-04  -4.828910731013436601e-07  -1.683999725164266846e-06  4.565377490232075833e-06  -1.148198313010393226e-03  4.332422911739835375e-03  2.599509051594483741e-03  -7.763389018355075412e-07  -4.765156209026772694e-07  -3.204940661621679004e-06  7.510940402634003633e-04  -1.528905529597948286e-03  -3.489526648415079940e-04  -8.400282801742807277e-07  3.140403795654577253e-06  -1.263246113677747187e-06  3.606383061334062640e-02
