4.416372030772111601e-02  -4.057172470098334774e-04  -2.866518551471671203e-06  1.177809226182384810e-06  1.022084883278916677e-05  1.283712972063076520e-03  3.536515644587490126e-02  5.806771389189972201e-04  5.474905325200082552e-07  1.490975924780394071e-08  -5.650147949141786213e-06  1.501224757397198999e-04  2.084749920805705620e-02  -7.991881071050972989e-04  -9.256266195291082114e-07  -5.923373614045270849e-08  1.458529999113862584e-06  6.945951632487436245e-03
-4.056248582463644844e-04  4.414703706103424025e-02  -1.760855306831064284e-06  5.022620749608055918e-06  2.190922897182880350e-06  -1.289723197240261448e-03  -8.063837328157763031e-04  2.084330679518354990e-02  2.023658758111357937e-07  1.477429729260842722e-06  -2.188678507615682804e-06  -6.934589483177207130e-03  5.872472776195827556e-04  3.538305054989702991e-02  4.520433732497039699e-06  -1.417389529714697729e-05  3.179991835117778523e-07  -1.340339462152096827e-04
-2.860901671483382885e-06  -1.713093702483358271e-06  5.071389900430705450e-02  -1.655857546910157081e-03  1.654497747491944643e-03  -2.753389135245666077e-06  2.782074570883767374e-06  -3.989046998180898356e-07  2.150398578250492521e-02  -1.542089773867591712e-04  8.613958064206041210e-03  2.980898603124535263e-06  -1.968582793119480280e-07  4.458258243310899935e-07  2.150719970965700792e-02  -8.618960603684167054e-03  1.533149131714845175e-04  -1.568883132359480078e-06
1.086119840663991075e-06  5.163337612468376011e-06  -1.655853082560871650e-03  3.586238871182353960e-02  -9.888387011204007517e-06  -1.009051424287144570e-06  1.036798730750942584e-06  1.233722414799510939e-06  -3.981353407503913184e-04  3.758080071321310417e-03  -4.965609380019063478e-04  -3.673106670298858513e-06  -8.059768262182017179e-07  -6.106114634833588215e-06  8.800257486591545400e-03  -1.017254463617513508e-03  3.860305324556829673e-05  -8.970360423382109714e-07
1.019813681070549474e-05  2.187873863136771257e-06  1.654521327746304865e-03  -9.845781034152769435e-06  3.586567871457876228e-02  1.008061653108750658e-05  -1.000222714118374073e-05  -6.702706282818784110e-07  -8.796487930181409731e-03  4.148821674570709586e-05  -1.011087055707553294e-03  -6.118934648049333197e-06  -3.885370455317089297e-07  3.722189094010905711e-06  3.971062072297282665e-04  -4.972839431430674988e-04  3.757719844493833880e-03  2.670226840293725854e-06
1.283614819589718120e-03  -1.289596466153272942e-03  -2.789189468819040023e-06  -9.784004038067524069e-07  1.011065977328310563e-05  3.311082262361913359e-02  1.270693730852730154e-03  7.824423144134080160e-03  -1.882559572764374522e-07  3.328699152821958538e-07  -5.649735164718059011e-06  -1.105982187177116617e-03  -7.821762351479672956e-03  -1.269551383558611577e-03  -1.157001175069267308e-07  -2.716589957614322667e-07  -3.768084891193568109e-07  -1.107573062020059812e-03
3.536516239229866437e-02  -8.065576654229510709e-04  2.746683332620337700e-06  1.155639737038523736e-06  -9.989180188030300623e-06  1.270694287534772848e-03  4.403551425899977084e-02  7.832431409441457677e-04  -9.856205639941974688e-08  2.271313757543193227e-07  5.266237534251917413e-06  3.542606145113358189e-04  2.020756142694757340e-02  -2.223449529470188785e-03  1.261950178175314702e-06  -2.284273540349102124e-06  -3.055250615966559248e-07  4.502285822383274294e-03
5.806994540350111445e-04  2.084329793645300910e-02  -3.940592939245560487e-07  1.123028211198553669e-06  -6.429040547046568814e-07  7.824237112169079092e-03  7.831246949628055702e-04  5.080708962226104797e-02  6.895748772105053257e-07  -1.246996353115562281e-06  2.178900608466207878e-06  1.697069417552451000e-03  -5.826033176387272403e-03  2.020709386798928350e-02  6.721665604858393893e-07  -1.053810346343395226e-06  -3.106770365121500755e-07  2.626487233885843250e-03
5.701397312613607763e-07  1.993302938105599497e-07  2.150396586617909708e-02  -3.981641651447202237e-04  -8.796543104340481117e-03  -7.361632420770761900e-08  -6.651989107165459773e-08  7.021426654717738384e-07  5.174207799807196279e-02  -7.624997602057406211e-05  -1.766453130185331993e-03  -1.888566274015547567e-06  -2.407601315398850813e-07  -4.969534151771693947e-07  1.461550489867756084e-02  -3.316352154233393693e-03  -3.179027845073192915e-03  -1.478741596886282692e-07
1.737422117433051265e-08  1.347013097447268496e-06  -1.541666975538249107e-04  3.758047078373601482e-03  4.143588385686443933e-05  3.860865274066247702e-07  1.705062095285403224e-07  -1.247468013047167061e-06  -7.624936824907914672e-05  3.979958376197607200e-02  -1.246352048643328836e-04  2.339125858169032802e-06  -2.401511931128666931e-07  -2.109811868687341578e-07  3.179034851724555320e-03  4.952358552265140757e-04  -9.627295578320739945e-04  -1.094788277515257257e-07
-5.672256804557162495e-06  -2.211604232191232329e-06  8.614027922489777070e-03  -4.966812418591976105e-04  -1.011036594629776504e-03  -5.615830366027511543e-06  5.248155933745001181e-06  2.223512351421496712e-06  -1.766400566157333906e-03  -1.246441762820901160e-04  3.611762996538483983e-02  2.343368645141207017e-07  5.284569575009491896e-07  -2.448720101206877972e-06  3.316486263651886347e-03  -1.342107735272226937e-03  4.953804135905439917e-04  -1.428597652881842746e-06
1.502513691945092829e-04  -6.934475071978018872e-03  3.003376422864798757e-06  -3.465986238206530125e-06  -6.095333193565117859e-06  -1.105894006104032922e-03  3.543933074869375435e-04  1.697037395623915553e-03  -1.881093593755993875e-06  2.345695214801239008e-06  2.004019666149516959e-07  3.564002184229948800e-02  -2.627488784261711868e-03  -4.500786131967429715e-03  -1.266307223416806172e-06  3.698291205383115531e-06  -4.630409215873911454e-07  8.244457880951925515e-04
2.084741132714244827e-02  5.870800924600002918e-04  -1.950078113040112396e-07  -7.788812749503594387e-07  -3.862607193721331588e-07  -7.821821385382135561e-03  2.020766307682268781e-02  -5.826042067434987308e-03  -2.579527584222184513e-07  -2.336005801222069096e-07  6.057976135296699332e-07  -2.627344817700973979e-03  5.080093159369523242e-02  7.775350216326163679e-04  4.986295480542321451e-07  -2.945648901697561119e-07  -9.080566127502102902e-07  -1.710797450149760578e-03
-7.991911682274475829e-04  3.538312039313738777e-02  4.448929299903932134e-07  -6.119521726777656563e-06  3.664247428417394218e-06  -1.269533157605171525e-03  -2.223402631831426779e-03  2.020698057349856400e-02  -5.530169691759812342e-07  -2.059565918725406773e-07  -2.478035330108517917e-06  -4.500700484447944273e-03  7.776012397477876465e-04  4.401949021647828114e-02  -5.214526143283500524e-06  1.450992220701456935e-05  2.412875032165127454e-07  -3.686256508767512337e-04
-8.993678526794930889e-07  4.538710424622656426e-06  2.150719699423014886e-02  8.800224883781151280e-03  3.970951680084587403e-04  -1.355158740506370062e-08  1.303431106810784444e-06  6.706617451174133002e-07  1.461552217927624200e-02  3.179036462945035273e-03  3.316562356670855506e-03  -1.320181055329751907e-06  5.078180944296898863e-07  -5.171971859559529930e-06  5.173921241878580435e-02  1.770702883580788263e-03  7.619735304283420006e-05  4.297796041703023472e-07
-7.572202673800176419e-08  -1.420756563196904601e-05  -8.619086612925191265e-03  -1.017327839074837550e-03  -4.972106756693628988e-04  -2.200528475376442828e-07  -2.347020091521359229e-06  -9.518598293225998201e-07  -3.316383573338105729e-03  4.952027122356767201e-04  -1.342115778188475959e-03  3.661719793072304147e-06  -2.737233905217266688e-07  1.455388309798968229e-05  1.770660613885531674e-03  3.611177234202801734e-02  -1.230526480312337499e-04  -1.212601974568572143e-06
1.450021422581920615e-06  2.510934354270612273e-07  1.532767905129706087e-04  3.863214944429333770e-05  3.757734339522909774e-03  -4.632624389374845616e-07  -3.559589789064368676e-07  -3.003488500052981085e-07  -3.179027116767733571e-03  -9.627284009322678972e-04  4.953837232558486138e-04  -4.841116128522025312e-07  -9.121450780945548814e-07  2.754397514897616831e-07  7.618838587885847164e-05  -1.229974216302553286e-04  3.979975274650949385e-02  -7.379695393234473712e-07
6.945910326360728825e-03  -1.341688681487205757e-04  -1.471186883591182572e-06  -9.439191720289135344e-07  2.749468484756620355e-06  -1.107785209599319474e-03  4.502387914321474491e-03  2.626282266809564208e-03  -9.956955926626953110e-08  -3.430445203787022019e-08  -1.361753822261184960e-06  8.245254640522667712e-04  -1.710634771475360747e-03  -3.687687600920489840e-04  5.533619715865428697e-07  -1.266916376733709257e-06  -7.004438369742296442e-07  3.561244465473493298e-02
