4.504309414441581144e-02  -3.128076717921695975e-04  -1.433436300082965899e-06  -6.614476302943056367e-07  1.736958422863100848e-07  1.034872026477922551e-03  3.443946531459762123e-02  4.829571064570534634e-04  1.618121641113402316e-06  1.415216715389492892e-07  3.989026167468854758e-06  1.126435109115184131e-04  2.025932273952068749e-02  -6.899442707760137595e-04  -3.936195441964527886e-08  3.958371755334850132e-07  -8.850984264889416549e-08  6.797450138261519441e-03
-3.127607108166643524e-04  4.502117472276868232e-02  -1.016830316918944339e-07  1.585765182703777055e-06  -2.956275414967314948e-07  -1.027513523275009125e-03  -6.983014166212716829e-04  2.025753873569382732e-02  5.098428082292652032e-08  6.115091038708411142e-08  2.640876140522538379e-07  -6.789118816866393340e-03  4.857762934060403954e-04  3.446234333943572897e-02  3.704785170108928303e-07  -2.170820667359233175e-06  -8.320836896024113524e-08  -1.131300103788185959e-04
-1.399508025246568008e-06  -6.067253613376693809e-08  5.117008064915007370e-02  -1.298580108607696971e-03  1.298078842309071052e-03  9.720011596421278860e-07  1.038270360325020863e-06  3.391842023140830394e-08  2.085178789833176671e-02  -1.183570346501730357e-04  8.224130930798004280e-03  -8.397977063486300054e-09  -6.399760670808095282e-08  -1.054965035852967411e-07  2.085358958513250024e-02  -8.228300438175378817e-03  1.188282256048713676e-04  -6.670640643482896949e-07
-7.509816672021542371e-07  1.585119492850858207e-06  -1.298534096842088011e-03  3.679855560842339168e-02  8.473850270432502335e-06  2.456726525303945594e-06  -1.167353964627401473e-07  3.907752250480457726e-07  -2.984979415863523431e-04  3.537270336750391372e-03  -4.019537361735862077e-04  -9.504544870088649559e-07  3.233822957401431481e-07  -1.563393908186378232e-06  8.365065677993485660e-03  -1.103659009968214946e-03  3.702571504631044349e-05  -3.189290559417274035e-08
2.202060848180709521e-07  -2.425705641142806946e-07  1.297990377008858979e-03  8.504394827944978147e-06  3.679856998903696663e-02  -1.148397692947108598e-06  -2.274040512838598872e-08  1.925286358328155679e-07  -8.365231216240763892e-03  3.676028649157965305e-05  -1.103495869057969378e-03  -2.478964368711267780e-08  1.516538089754583962e-07  1.297032729103605326e-07  2.990140011929687453e-04  -4.026509268162177415e-04  3.536823547994448567e-03  5.001751217449362075e-07
1.034821727342308132e-03  -1.027519972512234980e-03  1.001423846122516915e-06  2.438823735321329221e-06  -1.160228006484462691e-06  3.455029925748802355e-02  1.077786075822045322e-03  7.524849569567886899e-03  -1.691454638340426470e-07  -4.812567139372163836e-07  6.813510639017366523e-08  -1.198003323517735173e-03  -7.524027901046830002e-03  -1.084064546689496441e-03  -1.666320928037069430e-07  6.003315173876011121e-08  2.967661074623449301e-07  -1.195259667878215571e-03
3.443958126412197812e-02  -6.981718716478220975e-04  1.020010428766464977e-06  -6.281255909268166655e-08  1.739183435764876422e-09  1.077895642371731050e-03  4.486284434489073297e-02  7.233094173280091689e-04  -1.739590446418760918e-06  -1.712734213079889019e-07  -4.151881373516796919e-06  3.150162411520866833e-04  1.960680794972380001e-02  -2.421448111289622573e-03  1.688496674475674344e-07  -5.084408481456524216e-07  5.308054984576565608e-08  4.092549806488429004e-03
4.828570348899849460e-04  2.025750700418789060e-02  2.750626929719499390e-08  4.261050087028892665e-07  1.725542496644154243e-07  7.524859403955826316e-03  7.232634849788408633e-04  5.115341291993786427e-02  1.544112490998012024e-08  -1.378264621582082989e-07  -2.454782324439335054e-07  1.299152458720485457e-03  -5.648706542779389876e-03  1.960582908618862391e-02  -7.064738931717282929e-08  -8.738288344698104133e-08  1.218697977814791585e-07  2.553508373771872300e-03
1.640946095515768376e-06  -1.751778813064889992e-08  2.085182879538300532e-02  -2.985702124273935561e-04  -8.365145368164178877e-03  -1.751240610613595001e-07  -1.810084107858498268e-06  2.692209467101609083e-08  5.200422356483253017e-02  -6.152421116029391051e-05  -1.371726526584780750e-03  2.825190005117945023e-07  1.866999577542101275e-07  6.620096653523890912e-08  1.417611132502132401e-02  -3.133026639659087544e-03  -3.020906560616848369e-03  3.586063488756436492e-07
1.290102524782260962e-07  5.624155970397837005e-08  -1.183818363937792312e-04  3.537169127424875503e-03  3.677122922988280106e-05  -5.292567928531283276e-07  -1.905879435039304637e-07  -1.391965735924899763e-07  -6.153566440561879204e-05  3.992987653636826534e-02  -1.065754998963222555e-04  6.645723774645340651e-07  1.153184984575911605e-07  -9.322815299188466192e-08  3.020878152522915583e-03  4.373476004252542602e-04  -9.107343585251874690e-04  1.275972433715254150e-07
3.956221719274296407e-06  2.769145199272413464e-07  8.224098786610217066e-03  -4.019841971431732382e-04  -1.103400618578134719e-03  8.608942194130754489e-08  -4.057057295770881583e-06  -2.694284626496637660e-07  -1.371712076263999647e-03  -1.065672384216959177e-04  3.701287233287602757e-02  6.900601715500536781e-07  3.633716480451031279e-07  3.619390050104846409e-07  3.133231301875465374e-03  -1.204492330928333280e-03  4.371725773993438810e-04  9.317295305395105236e-07
1.125808466422236371e-04  -6.789048805143992060e-03  2.146449509303060314e-08  -9.169030954907985923e-07  -2.414838065030851387e-08  -1.197883542256904374e-03  3.148791457801257692e-04  1.299111673520706800e-03  2.812603340693214535e-07  7.015176309339693153e-07  7.023371452509912091e-07  3.664002389519206704e-02  -2.554571487206174982e-03  -4.095374037418810821e-03  -1.911842245831517094e-07  4.906014011747142160e-07  -7.395007973820908487e-10  6.654245413364996784e-04
2.025932521412947621e-02  4.857366114989564642e-04  -6.174055608229560442e-08  3.373262910538854925e-07  1.506161992015054695e-07  -7.524004674887027275e-03  1.960687107216036243e-02  -5.648682280395875277e-03  1.937736152754307936e-07  8.160444381471805761e-08  3.793026092404333225e-07  -2.554445895970771773e-03  5.115005553426488910e-02  7.208834934831151193e-04  7.964880229375652898e-08  -4.627550679534338331e-07  -1.939512089904208560e-07  -1.306273582992492546e-03
-6.898947282213894723e-04  3.446235550192554981e-02  -3.050435208662680009e-08  -1.447114484430699636e-06  4.007210230270118901e-08  -1.083995924864254766e-03  -2.421569522274507214e-03  1.960578706813165609e-02  8.727786195385750773e-08  -1.017958128968948255e-07  4.032631254297146168e-07  -4.095266941266929167e-03  7.208553138132187468e-04  4.484292088798937786e-02  -3.339939553760036842e-07  2.259560650896617535e-06  1.474474407358628025e-08  -3.128353501156489521e-04
-3.937052601684286312e-08  4.676976871729203068e-07  2.085362581013674305e-02  8.364940926080113165e-03  2.990943054620911340e-04  -2.471283825182599382e-07  1.198873763129028191e-07  -6.286766221052399962e-08  1.417611334601220560e-02  3.020872984484227614e-03  3.133239893688616936e-03  -2.150720861547182203e-07  7.865257344196572056e-08  -3.958796612896484317e-07  5.200101998449151858e-02  1.379064994532296085e-03  6.096533233383192527e-05  5.625902974659746114e-07
3.796473274968233435e-07  -2.200168533022961170e-06  -8.228305939198455113e-03  -1.103628831852112311e-03  -4.026962866998749628e-04  1.253874841104926870e-07  -5.445647876558943523e-07  -2.181098057516709800e-08  -3.133097378047175214e-03  4.373202150639934091e-04  -1.204508346200910138e-03  5.248595568898427139e-07  -4.115051002034741719e-07  2.193062305303168519e-06  1.378946847173379443e-03  3.699725115615282861e-02  -1.054380912524745462e-04  -1.500057621044179068e-06
-4.979682621064451747e-08  -1.418480206700353350e-07  1.188442442822972874e-04  3.706258818527229619e-05  3.536719090473568975e-03  2.572749202266108340e-07  -1.259252473098464193e-08  1.227596522862447297e-07  -3.020909833570371589e-03  -9.107369791153951954e-04  4.371933407648317168e-04  -1.997200206947658949e-08  -1.647833461069318332e-07  7.489970470592350573e-08  6.097936567787418463e-05  -1.054254023066017161e-04  3.993010981562197109e-02  -6.822769873656100932e-07
6.797313908051322642e-03  -1.129419121444892414e-04  -6.893879926835996105e-07  -7.169770422226097830e-08  5.006593214624352650e-07  -1.195231373307832287e-03  4.092324335223177824e-03  2.553737480263402332e-03  3.421306777575855015e-07  1.254765029863532698e-07  9.185532770041021859e-07  6.654807210254403945e-04  -1.306239019167964362e-03  -3.127245090176847828e-04  4.976649364153021426e-07  -1.504176375775378717e-06  -7.136837694830204679e-07  3.662446767167298195e-02
