4.322745483868264266e-02  -5.233787585376589160e-04  3.112142770255749061e-06  1.221647141617134324e-06  -9.792398769219890308e-06  1.633257293231775388e-03  3.624538870837768628e-02  7.129048781887916417e-04  1.620445367094022256e-06  3.081026418515185269e-07  8.124969527787999224e-06  1.808432207764062202e-04  2.151248032972364818e-02  -9.139140817488482964e-04  8.371998312261703186e-07  -9.795863779510281970e-07  -7.251125162633450122e-07  7.133288225328491758e-03
-5.232792051817567597e-04  4.321679959177841812e-02  2.473129877214489860e-06  4.967445667027599543e-06  -1.355293921889487765e-06  -1.650241603713650893e-03  -9.148599922515072676e-04  2.150823731907064093e-02  9.253934653794129763e-08  5.285882474654153198e-07  2.945470648814557749e-07  -7.127696727904837305e-03  7.191801539987270012e-04  3.625845341491648610e-02  -1.450459694606837307e-07  -2.547544523072954103e-06  -2.606288699057341357e-08  -1.557204755252558973e-04
3.161424823151282911e-06  2.464652715882711231e-06  5.005562600993290756e-02  -2.170274538660511843e-03  2.168381308395814569e-03  -4.645371678247583063e-07  -1.942751147356431657e-06  -9.381502942108577093e-07  2.223992103222339686e-02  -2.074979291815326422e-04  9.072019271321906525e-03  1.011053164148215394e-06  -2.335356130704791829e-07  -9.501957048951095899e-07  2.223889189536960506e-02  -9.067123532143485376e-03  2.052160705183271887e-04  7.236573804615025477e-07
1.207032430373999089e-06  4.953149317258488327e-06  -2.170224089231679448e-03  3.455059698512964045e-02  -5.256708629816108139e-05  -2.411277235607263548e-06  2.234763064978959631e-06  2.977415296823049234e-08  -5.505128274933921307e-04  3.992474389209815615e-03  -6.377960617193139487e-04  -2.078592976134828827e-06  -1.895261833307277743e-06  -4.829397790741837077e-06  9.319373740238960993e-03  -9.105117542418815404e-04  3.928781518242986453e-05  -1.805403092305643262e-06
-9.778697231292524398e-06  -1.409641581747835204e-06  2.168291751284290997e-03  -5.248832038537682798e-05  3.456594883379573990e-02  5.027852041483871547e-06  1.004734799799417768e-05  3.871385985931654278e-06  -9.323513563869888568e-03  4.309451038012101012e-05  -9.268226605553093415e-04  -1.225720448446495745e-05  -1.465992059758142469e-06  -1.627369664015325518e-06  5.469501903555441932e-04  -6.362673545592829058e-04  3.993855586911673056e-03  -2.541422627416345866e-06
1.633310371784968927e-03  -1.650364393280478363e-03  -4.829905506088932298e-07  -2.294027896754854957e-06  5.103694382989847040e-06  3.116551937906183664e-02  1.533430275768482608e-03  8.158858215923417770e-03  -3.580561887744829943e-06  -8.288774265989950467e-08  -1.102949435229057452e-05  -9.977502625368455010e-04  -8.159072183892623203e-03  -1.520591437394654523e-03  5.469231559689010166e-07  -6.461990935007038810e-07  5.599449646587457592e-07  -1.001748936078774178e-03
3.624538047886254749e-02  -9.147969991951899679e-04  -1.913717784808784878e-06  2.260232215125697623e-06  1.004679348987703706e-05  1.533551343674307730e-03  4.317119645918699594e-02  8.633766520805601303e-04  -1.504786708559311988e-06  -3.124530757489781959e-08  -8.930253685790403174e-06  4.011584305077188668e-04  2.089928866555228193e-02  -2.031104129516864837e-03  -9.527473015202730023e-07  -5.674355418294710184e-07  1.159796184511344285e-06  5.000495181505213403e-03
7.130590942477365050e-04  2.150826474077380951e-02  -9.761946305968493472e-07  -1.943326933544840249e-10  3.813527934179518786e-06  8.158742247986669471e-03  8.634238453399111250e-04  5.030762137503501374e-02  -5.890747776574212181e-07  1.405567732260818052e-07  -3.551001886274033614e-06  2.310103095720662282e-03  -6.057474238847611152e-03  2.090253562686720037e-02  -2.333147726645800009e-07  -5.159098335207821091e-09  3.726643705617442301e-07  2.677651680810055109e-03
1.566174342893985283e-06  3.423872347882083710e-08  2.223987516806189349e-02  -5.505348037999949727e-04  -9.323377054252396726e-03  -3.550520962253597166e-06  -1.567794689832765261e-06  -5.605895080505720304e-07  5.135630836074179389e-02  -9.674588815464075738e-05  -2.345090833054631549e-03  3.416650446436412406e-06  4.732784549963407852e-07  -4.802224994580886071e-07  1.510923812174216549e-02  -3.538477653771969662e-03  -3.358403820020680088e-03  3.738677977671887112e-07
2.854985165087964644e-07  5.164334369287288477e-07  -2.074624140019640315e-04  3.992554139677162786e-03  4.306371238655495621e-05  -2.305353786193289586e-08  -7.289303969619713380e-09  6.970859595006062750e-08  -9.668783422684322189e-05  3.961816111770595505e-02  -1.465321339911243744e-04  -3.239864681370154445e-07  -1.447285415832569359e-07  -4.621053439914487241e-07  3.357485127085366866e-03  5.678977269434757258e-04  -1.016310848493859895e-03  -2.284570117148818371e-07
8.101122799115827142e-06  1.702407714029178089e-07  9.072277178681966911e-03  -6.378114600524127870e-04  -9.268063530273966660e-04  -1.092795790790857678e-05  -8.946005274752497985e-06  -3.510999358265317752e-06  -2.344891535760230874e-03  -1.464895417346959747e-04  3.487357419973589195e-02  1.545727457705357294e-05  2.384904131004975979e-06  -8.033066441826378929e-08  3.539648357952489971e-03  -1.531836517753643089e-03  5.659486103288073871e-04  3.076087804762641241e-06
1.808156926267921521e-04  -7.127568442569621500e-03  1.008362634479184469e-06  -2.139555359120643937e-06  -1.225017466115646173e-05  -9.976340696557987713e-04  4.012122746063047840e-04  2.310071095218025651e-03  3.321486633765911742e-06  -3.019356680483055723e-07  1.537467798686621562e-05  3.421335913696328668e-02  -2.676065546793515888e-03  -5.001043225259142223e-03  9.104979369474247058e-07  5.201971852973236709e-07  -1.475743338562013762e-06  1.027440265660211184e-03
2.151250386982551249e-02  7.191960454175248471e-04  -1.955275953944654030e-07  -1.901118296945685371e-06  -1.556613061518956440e-06  -8.158905925948419652e-03  2.089918566504352787e-02  -6.057441913725734178e-03  4.972815356548441622e-07  -1.595663485903794820e-07  2.352087147701789204e-06  -2.676206356142148308e-03  5.030772934274015812e-02  8.574413209576506670e-04  -8.531327080380279873e-08  1.504594544513267735e-06  -6.060338590671717281e-07  -2.311287944605704830e-03
-9.138720054397830991e-04  3.625837457577404249e-02  -9.881559504681872988e-07  -4.796902054596504966e-06  -1.497340230581361143e-06  -1.520622086465085862e-03  -2.031291324246018229e-03  2.090257192639967398e-02  -6.228165858231436679e-07  -4.516882610822719743e-07  4.892165682925002236e-08  -5.000966272885967213e-03  8.573839569017659146e-04  4.315629438503214982e-02  4.058612057200361192e-07  2.215453102439527228e-06  -1.656459183096639893e-07  -4.269079890220851196e-04
8.549054549702766086e-07  -8.321242893817658590e-08  2.223891323134195505e-02  9.319289930541313841e-03  5.469181275869791463e-04  4.473177261392030566e-07  -9.587969431795697781e-07  -2.257733854023027847e-07  1.510928732217881737e-02  3.357445393721444470e-03  3.539578870513116274e-03  8.930370704210618455e-07  -1.081236561805936899e-07  1.833805473298780837e-07  5.135677704681823608e-02  2.347190917683204467e-03  9.821582711912118049e-05  -8.912131338387772683e-07
-1.067203775214495804e-06  -2.506354835797428166e-06  -9.067276787997912563e-03  -9.105828809225016696e-04  -6.362968358683180909e-04  -5.226950388630698106e-07  -6.602166362383947147e-07  3.925359045053044243e-08  -3.538608241460813961e-03  5.679166324805462506e-04  -1.531829461396597104e-03  5.702631161730684185e-07  1.548357447774570317e-06  2.228385127887060405e-06  2.347240897196031014e-03  3.486041460861210445e-02  -1.478284167792792692e-04  3.378782473543268723e-06
-7.263851623273149261e-07  -2.903776087921488009e-08  2.051633085708285439e-04  3.925215406211724677e-05  3.993892062120017218e-03  5.545584071764465474e-07  1.178849085134432931e-06  3.875698082176026721e-07  -3.358459185294805811e-03  -1.016305131308015575e-03  5.659224476235450623e-04  -1.483694747119983257e-06  -6.485060317888409139e-07  -1.234880022345080142e-07  9.818919487959254337e-05  -1.477415826231199495e-04  3.961787568737246135e-02  -1.030643053893787611e-06
7.133377215191697568e-03  -1.556124366028063311e-04  8.357659054234817391e-07  -1.609373454945838123e-06  -2.573141100969751072e-06  -1.001560693605531814e-03  5.000394969499807711e-03  2.677625244041785795e-03  5.280606468603955727e-07  -2.050047171812995483e-07  3.028197592587367610e-06  1.027507214868573224e-03  -2.311262596212054678e-03  -4.268824705232546462e-04  -8.289429567609891030e-07  3.317406546725123329e-06  -1.006516364190395730e-06  3.420834091416705136e-02
