4.437121132842609950e-02  -3.858188379370366093e-04  -2.280414747258731651e-07  -2.553613002321485788e-06  -3.025364040215590502e-06  1.219668604094755263e-03  3.516038591432337629e-02  5.625025035038238013e-04  1.126503769521602832e-06  2.062706925102281917e-07  4.829566420406771530e-06  1.297157927335133008e-04  2.072406491828504560e-02  -7.757262760670367635e-04  2.540680726424804119e-07  1.144855012035026408e-06  -8.642460465279718124e-07  6.921046858696327728e-03
-3.857238988758500886e-04  4.436362207244775452e-02  3.194119943020564341e-06  2.562533686612738593e-06  -1.095831159409846535e-07  -1.218923935452168646e-03  -7.774798482473247851e-04  2.072105811263589073e-02  3.227719746209922907e-07  -8.802141822811809991e-07  8.860883795289522347e-07  -6.912370891996331111e-03  5.617966070721021549e-04  3.516922140365877358e-02  -4.368060045984431390e-06  9.452185742442135161e-06  -1.635688116815329562e-08  -1.336452208689021051e-04
-2.370007249237123490e-07  2.989424839370614311e-06  5.082668272509309471e-02  -1.567044447874971561e-03  1.564743644630375071e-03  2.861252714412387122e-06  -4.944363657148132962e-08  6.298924711991247416e-07  2.136541476533962078e-02  -1.453004733232497704e-04  8.529993467204590590e-03  -1.277764518817668968e-06  1.016003042123525107e-07  -3.105178794875531247e-06  2.136788365130180486e-02  -8.533900094059961722e-03  1.451916286601905547e-04  -1.174857157654956458e-06
-2.479745130524077677e-06  2.352249435810937457e-06  -1.566955090690188733e-03  3.608845795131114531e-02  -2.423707145158600734e-06  8.656363060994674258e-06  -5.338105798469005151e-07  4.393018401226532036e-07  -3.736450196776422514e-04  3.713803015607622295e-03  -4.751122207055480493e-04  -1.945130614977814628e-07  8.468085960380471711e-07  -1.272988170879330735e-06  8.700949979678709173e-03  -1.030020158410901781e-03  3.862004499572518326e-05  -2.725617189944211970e-06
-3.032461160364169438e-06  -1.445266942047141415e-08  1.564706383688342726e-03  -2.406235660131471489e-06  3.609044362770552627e-02  -2.158402814188055073e-06  3.647742614657029089e-06  -3.889496788831899204e-08  -8.698222378269823696e-03  3.909231417745691599e-05  -1.025390794541936306e-03  7.591060385862150389e-07  -3.833568045521683507e-07  -7.662164744152140775e-07  3.735337058294668170e-04  -4.754216071554589530e-04  3.714005341423098818e-03  -7.619327515471129480e-07
1.219551804261025324e-03  -1.218810855622526898e-03  2.803105681880993107e-06  8.682505872334789353e-06  -2.138000564587113305e-06  3.347669971650182180e-02  1.224183965520610944e-03  7.758716932095646029e-03  6.791240654187118227e-07  -1.068908391055314104e-06  7.540333298523654318e-07  -1.126965110425233148e-03  -7.758076296309972253e-03  -1.226988300228525021e-03  -1.122893712836527552e-06  -1.485969805401136902e-06  1.294340150232344522e-06  -1.131236170725668285e-03
3.516047023786444264e-02  -7.775019444133170763e-04  -2.287851009285466723e-07  -6.286544911918481914e-07  3.790044837398503212e-06  1.224284229909053997e-03  4.422897809578030942e-02  7.645651966191741034e-04  -1.553942249461903275e-06  -4.875789850550740821e-07  -5.129222979532107349e-06  3.583826690944401979e-04  2.007779655771057409e-02  -2.270172265304103328e-03  -6.316072907324221819e-07  1.878785420389246751e-06  -5.899319154252953495e-08  4.406862175978299746e-03
5.624408562861818147e-04  2.072099634564163878e-02  6.259221057812868274e-07  5.250335232523508135e-07  -8.554538607992853030e-08  7.758641106247700023e-03  7.644108299983029238e-04  5.088908661133248468e-02  2.786472475497642360e-07  1.103984483393530316e-06  4.584089151152379407e-08  1.602641117823380094e-03  -5.784698872333766430e-03  2.007683392065679265e-02  -7.438033326561804298e-07  4.064449293013485590e-07  2.674470815787170784e-07  2.614560693006224602e-03
1.100040431361198431e-06  2.237559741319795059e-07  2.136538529077330884e-02  -3.736829558590550656e-04  -8.698231842235731523e-03  7.320619940934419606e-07  -1.477683902581445026e-06  2.735600361549765832e-07  5.180562655414006068e-02  -7.235752693425457000e-05  -1.672291021526352544e-03  -2.093172168227568873e-07  3.241377701062529246e-07  -1.051314595658806107e-07  1.452250819936463065e-02  -3.275760203606038236e-03  -3.145708374868704752e-03  1.568804017757471951e-07
1.790041619326720887e-07  -9.106499525380578304e-07  -1.452785610890004438e-04  3.713968817597750570e-03  3.906637923335484454e-05  -9.740472255492610648e-07  -5.161718387335956936e-07  1.100478177276874976e-06  -7.235942603636830986e-05  3.982889008838033651e-02  -1.185738644922682895e-04  -1.274152913807404077e-06  4.045951995389608818e-07  -3.526052791771848991e-07  3.145759349784933365e-03  4.828591004888911132e-04  -9.523098492950422041e-04  1.326611643464075557e-07
4.841140491336143899e-06  6.939074818869979392e-07  8.529892976012242237e-03  -4.751653492593393806e-04  -1.025388178490528037e-03  6.578909999321945342e-07  -4.944191798067516283e-06  1.299732759790193286e-07  -1.672335577318129988e-03  -1.186052254417791028e-04  3.632361895576657895e-02  -6.264925748733624505e-07  3.827197225873427828e-07  2.758740284965191678e-07  3.275819126687974040e-03  -1.310057003730006643e-03  4.830070649437415522e-04  1.156598503319245066e-06
1.297987554125310645e-04  -6.912204826858107075e-03  -1.360773369968363449e-06  -1.622998912594607691e-07  7.960241705828131850e-07  -1.127020200747681777e-03  3.584576257660728165e-04  1.602489305868588397e-03  -2.251584235306753887e-07  -1.302974879691825056e-06  -6.154452852427997886e-07  3.587160885845114278e-02  -2.615433871983005674e-03  -4.405483070889975282e-03  1.374470156323130452e-06  -2.251666923271090301e-06  4.227260129580691332e-08  7.861066247131106265e-04
2.072402933664304128e-02  5.616028650787986557e-04  1.330510540084788813e-07  7.904241829620991267e-07  -3.193779850520327456e-07  -7.758040748042650293e-03  2.007775044157963928e-02  -5.784700987228431207e-03  3.229290621979361738e-07  3.957056628653804498e-07  2.327599233550398549e-07  -2.615332772994470242e-03  5.088362525592542845e-02  7.652938900420351966e-04  9.389489893188588419e-08  -1.088640353909194997e-06  4.426265236236014057e-07  -1.614352166386663883e-03
-7.756299163316127034e-04  3.516924922971393502e-02  -3.153935348455989490e-06  -1.271316022807598376e-06  -8.448596990603613442e-07  -1.227032652724570220e-03  -2.270165524571933838e-03  2.007672911251236897e-02  -1.616595536268786282e-07  -3.828232196932481996e-07  3.537031823287838846e-07  -4.405450255376982573e-03  7.653888971807397325e-04  4.422138954771815539e-02  4.786763327619583546e-06  -9.900048221672582685e-06  -1.575527055503178319e-07  -3.544899494781737510e-04
2.282880948190890219e-07  -4.576112750389778294e-06  2.136786790895230451e-02  8.700935898396440493e-03  3.735741053935132507e-04  -1.061029858711057458e-06  -6.463874751788944757e-07  -7.633023059533082217e-07  1.452251811353168914e-02  3.145746944660074169e-03  3.275950246678962108e-03  1.391549878124436152e-06  7.820816452978502263e-08  4.949212910007661002e-06  5.180324242120353667e-02  1.676043786811412355e-03  7.217426719533653889e-05  1.192168455832992338e-06
1.196003092346749516e-06  9.574608139018623472e-06  -8.533958960889799494e-03  -1.029924479581628737e-03  -4.752888118076869172e-04  -1.376425692117802048e-06  1.744812454963272840e-06  4.398023032191903657e-07  -3.275786996013590763e-03  4.829058730313782544e-04  -1.310087615975187667e-03  -2.297939248023222805e-06  -1.086667073120262796e-06  -9.838776008386431609e-06  1.676089674388991230e-03  3.631774968725529074e-02  -1.178953643530146597e-04  -8.195088077012758596e-07
-8.859086712711450598e-07  -1.092186669019518897e-08  1.451860807726231299e-04  3.855621798377998092e-05  3.713952376144702590e-03  1.209636532437856732e-06  -7.104622743608399670e-08  2.603190234599134204e-07  -3.145687167947482186e-03  -9.523197789549116147e-04  4.830523513473582533e-04  8.253063458156131595e-08  4.370996185872896128e-07  -1.632806749393334658e-07  7.214676141243225990e-05  -1.179636861080823716e-04  3.982885618729930383e-02  -1.934219171804704410e-07
6.921070901760367419e-03  -1.337570987614987081e-04  -1.108007075068284154e-06  -2.721062257693126501e-06  -7.772733673117731434e-07  -1.131295704951344521e-03  4.406823604269707872e-03  2.614658130594119459e-03  2.009231481078505738e-07  1.454271080236205631e-07  1.138976138669346259e-06  7.862172340798080248e-04  -1.614209575796472047e-03  -3.545953211355234221e-04  1.216978851431965836e-06  -8.006214812007660825e-07  -1.742473073595871520e-07  3.584827322388081661e-02
