4.273566820858567400e-02  -6.035009703787866343e-04  -8.589307687997401952e-07  -2.816797237883640341e-06  1.667101611899119028e-06  1.881409135409629375e-03  3.664947488956313976e-02  8.115564782712022173e-04  1.873893673828113609e-06  1.731257591550881273e-06  4.478265155730132963e-06  1.961084071932622493e-04  2.196572360651622563e-02  -9.745699561850521431e-04  -1.339725844628143545e-06  3.011218091931635601e-06  -1.957495412167306562e-06  7.303874954697862562e-03
-6.034375932767945157e-04  4.275041997727607734e-02  -1.222846678330900926e-06  -7.593784536142015931e-06  3.681604442795733937e-06  -1.881708363879591554e-03  -9.718987007526487358e-04  2.196577662189666200e-02  -2.002861560533399328e-06  -6.164275200669310861e-07  -4.884085690884633518e-06  -7.306884229623959205e-03  8.115610104609856249e-04  3.663660289202377157e-02  -2.939114264789909490e-06  1.023549945808586969e-05  -4.833574239132921302e-07  -1.924493256124993658e-04
-7.765483226484317292e-07  -1.137572555042570174e-06  4.955939787194363344e-02  -2.551062275776517715e-03  2.546962285736202765e-03  -7.909383187495149973e-07  8.530150002174424818e-07  3.703789800017721693e-07  2.271755047856980833e-02  -2.513451828231736871e-04  9.370277552645595726e-03  -1.095722987917615359e-06  -3.255772157825163833e-08  1.114375240498131019e-06  2.272309344116135721e-02  -9.378706962915265427e-03  2.499949754946212974e-04  1.008878173778778300e-06
-2.963165760642701233e-06  -7.576058192020037562e-06  -2.550944687966873875e-03  3.357868335289869444e-02  -1.046955580736414978e-04  -3.099522350692803605e-07  -4.917306799912991733e-07  -7.321031040644483889e-07  -6.711100152905922957e-04  4.147334045180229266e-03  -7.457522404251051970e-04  3.979395470804435075e-06  1.668336094562757296e-06  7.409422879793462598e-06  9.675090193684586504e-03  -8.463761235817063126e-04  4.167578900248517594e-05  2.448098508596329405e-06
1.761097104831466854e-06  3.492181637755173478e-06  2.546759895370809615e-03  -1.046389683604280279e-04  3.357772868329927246e-02  5.635071698171265918e-06  1.674583096646099485e-06  -3.180173463904502058e-06  -9.663776005043733450e-03  4.425423630376980539e-05  -8.213495230539335796e-04  -1.451774917528843940e-06  -3.468029247978195557e-06  1.533010794490926064e-06  6.704627090680103946e-04  -7.451738163036648703e-04  4.145585302948881501e-03  -2.064021817590190855e-06
1.881313574451997815e-03  -1.881756153857764039e-03  -9.344919135026370832e-07  -2.779200098915387278e-07  5.640871205997518630e-06  2.978506505169392984e-02  1.736964649057032208e-03  8.378213726043663365e-03  -4.808090413884990636e-06  1.214678012210063175e-06  -1.807104284928119479e-05  -9.355438592383354818e-04  -8.381978870443658122e-03  -1.733565796397371290e-03  1.418865613430787372e-06  -5.076101218897337767e-06  5.825923901678407085e-06  -9.422517322528090218e-04
3.664948955199943958e-02  -9.718029396873264494e-04  9.586180170141046308e-07  -4.508923793917772857e-07  1.569634052412559932e-06  1.737016644695043091e-03  4.272778407268462003e-02  9.283892489074104751e-04  -3.145968449236442720e-06  -1.977383326114196754e-06  -6.070838391456059053e-06  4.266262527285834402e-04  2.135759946402010501e-02  -1.949473752191353002e-03  -6.524083271991688088e-07  2.871085551782178728e-06  -1.176007603229840902e-06  5.320517523760171820e-03
8.115805821959335038e-04  2.196569688089034314e-02  3.981575513869828541e-07  -7.787163415712480615e-07  -3.100233215909916121e-06  8.378040670443493917e-03  9.284145974186377992e-04  4.992406390810952277e-02  6.255331768525095416e-08  3.735474612199025722e-07  1.418935524285001588e-06  2.790694464136764426e-03  -6.230502692592166519e-03  2.135555899120438264e-02  4.713969144672046611e-07  -4.352695546590794889e-07  6.773736548866010360e-07  2.689234482021162550e-03
1.945477219343353168e-06  -2.024668357770863675e-06  2.271742123008040765e-02  -6.713028514266659646e-04  -9.663462931387017257e-03  -4.874570894708434184e-06  -3.155676568792007400e-06  3.574481505375952420e-08  5.105215369900954064e-02  -1.133268189883536079e-04  -2.814579445229848428e-03  3.897874665526236461e-06  1.830005586794469883e-06  3.872584472910392694e-08  1.543571550455571234e-02  -3.697142709514050427e-03  -3.476886501335950397e-03  1.781278047717953261e-06
1.565833519940373695e-06  -6.605180767418429928e-07  -2.513047394649561644e-04  4.147271572036662080e-03  4.428826565806581077e-05  1.201966215602226704e-06  -1.851246866589313350e-06  2.961517834087963356e-07  -1.133949567255882439e-04  3.946937005991386221e-02  -1.651859782311129060e-04  -1.134039230489091721e-06  1.456980498574696682e-07  1.247291743993597934e-06  3.477688541029501628e-03  6.195731774870937058e-04  -1.047814938880972310e-03  5.862818490661068088e-07
4.550888360281904466e-06  -4.866973083485254195e-06  9.370385606679529703e-03  -7.458077033694862678e-04  -8.215008682275468967e-04  -1.799904444824330878e-05  -6.041046841617564346e-06  1.447583296135839826e-06  -2.814257095310424613e-03  -1.651700784213802761e-04  3.386214889065129741e-02  9.272167978328827952e-06  4.056385453716074339e-06  -2.386299425176565135e-06  3.695712293454335787e-03  -1.682341379186877818e-03  6.217307572375017867e-04  3.814015424890459347e-06
1.960275492809350657e-04  -7.306949720635036970e-03  -1.037061943011015562e-06  3.987239142409181737e-06  -1.648247645173452746e-06  -9.357280691230799100e-04  4.266564070908092257e-04  2.790408063856315065e-03  3.827549711764148023e-06  -1.198787172037087246e-06  9.281197171361258892e-06  3.314092251641415771e-02  -2.689241288858248719e-03  -5.314430563484704405e-03  1.035963039746777684e-06  -3.025896709132685948e-06  -5.559650593648667920e-07  1.182795259903194609e-03
2.196569657165242662e-02  8.115543600657790886e-04  -6.472391081718399143e-08  1.986955939540861174e-06  -3.554027019588955615e-06  -8.381684720272257125e-03  2.135748550507703472e-02  -6.230565480448993498e-03  1.786917620119178341e-06  1.409096542476216363e-07  4.199666504185015966e-06  -2.689400525894976648e-03  4.992361595443874089e-02  9.276477271531214383e-04  9.301433013631792989e-07  -2.602275675054961864e-06  1.583137119646281909e-06  -2.790609262943210926e-03
-9.744559062539154921e-04  3.663661428792006763e-02  1.208962019072316668e-06  7.486009402164786023e-06  1.644665645014083512e-06  -1.733535933842068801e-03  -1.949501121286224522e-03  2.135566035559666523e-02  1.031002228567989870e-07  1.207381769073163861e-06  -2.405908844870659254e-06  -5.314420640700989046e-03  9.276351188640483830e-04  4.274138101855087801e-02  2.150459342554852422e-06  -9.631673433699890744e-06  6.684351620331087130e-07  -4.309172348931513243e-04
-1.284758342091968977e-06  -3.072940204194643498e-06  2.272314503953939274e-02  9.674864251317546668e-03  6.704440017481114959e-04  1.294604925977601842e-06  -6.863388927428391541e-07  5.143953402910130291e-07  1.543580237338241200e-02  3.477749549489656065e-03  3.695677703234191008e-03  1.123191001444922021e-06  9.094402350119757504e-07  2.340898317216450416e-06  5.105081349461708384e-02  2.811666732159516600e-03  1.138581172054614209e-04  -3.624923268279590680e-07
3.055407300621996848e-06  1.015120013681364287e-05  -9.378961401594613362e-03  -8.464331846978167791e-04  -7.451933612969743317e-04  -5.159339635302881811e-06  2.936096982765572939e-06  -5.479606364764610311e-07  -3.697340321575345260e-03  6.195759436990073152e-04  -1.682351671107130920e-03  -2.940477326362722131e-06  -2.454383294057546488e-06  -9.592427750785113911e-06  2.811506830324269485e-03  3.387970966500167963e-02  -1.648231277942822134e-04  -4.330441550742642517e-07
-2.087458267083673560e-06  -4.722444898237479358e-07  2.500320213265671068e-04  4.171366370997006581e-05  4.145580852264696588e-03  5.814218547722634939e-06  -1.187446474526583313e-06  7.110959837963819601e-07  -3.476908805939836478e-03  -1.047815699112176471e-03  6.218041010699554630e-04  -6.051868902234701905e-07  1.558434867941366728e-06  5.968090920291076489e-07  1.138888990536363391e-04  -1.648404871041605558e-04  3.947047217273005892e-02  2.155403748945152484e-07
7.303904939642891225e-03  -1.925573062183884483e-04  9.778522898224241285e-07  2.501274758139164765e-06  -2.000550657064935245e-06  -9.422905040334715685e-04  5.320519433082432879e-03  2.689075328614012276e-03  1.754637683090976533e-06  5.326779489711688520e-07  3.883693414995533718e-06  1.182881175156273593e-03  -2.790390459557302166e-03  -4.309504545896371318e-04  -4.697963748766738200e-07  -5.172461372636532643e-07  2.564101966940116021e-07  3.314337599243761395e-02
