4.311081618200486576e-02  -5.507420751227638106e-04  1.451801692631527450e-06  1.175369794911273107e-06  2.908059208564104032e-06  1.734286625471271378e-03  3.633414342367364408e-02  7.496960797770473809e-04  -2.764972087508853629e-06  6.185436365021433256e-08  -8.991927589657837405e-06  1.625936128011188427e-04  2.166473211075225364e-02  -9.209788889399753717e-04  -1.072664201937829761e-06  9.366896757869616793e-07  1.597300662272886284e-06  7.201981098567704874e-03
-5.506127879447085234e-04  4.304386411724772654e-02  3.086550533794075854e-06  1.447027813912030724e-05  -4.051840153656018517e-07  -1.698496771691556219e-03  -9.419566394990581785e-04  2.164738413950534346e-02  4.792073112358074617e-07  2.263667938652338591e-06  -9.229699705543919670e-07  -7.164083681080897319e-03  7.468064569995511897e-04  3.641691060967520988e-02  2.225352982624006865e-06  -1.541655983957256423e-05  -1.305730655419460311e-08  -1.799999935764043336e-04
1.482504254436502726e-06  3.296327183857069575e-06  4.990891838756880000e-02  -2.302111738371943796e-03  2.268312330756115831e-03  4.328171985853543280e-07  4.766441578960554060e-07  -5.519104478923975474e-07  2.238099785562448762e-02  -2.189078508515733979e-04  9.149716684129911154e-03  -9.979359344685416965e-07  -1.134388951077971436e-06  -1.783120011875952540e-06  2.240178830424320242e-02  -9.172171736096860345e-03  2.181324689755021005e-04  -6.631787821322982502e-07
1.302957726275168631e-06  1.470542464080292738e-05  -2.302131844252212206e-03  3.421851981892422290e-02  -6.521738164693178597e-05  2.072502286107892188e-06  2.651878438723654021e-06  2.233439244589339826e-06  -5.861413407787719387e-04  4.039485909267940232e-03  -6.649651101248944471e-04  -4.872859153887090748e-06  -2.532914158240813832e-06  -1.602763136987493786e-05  9.436991882201171966e-03  -8.787342328160814564e-04  3.876240253823051723e-05  -7.538862132570297332e-06
2.900992466494284208e-06  -4.271423827994468582e-07  2.268233294419655897e-03  -6.515473926920773296e-05  3.428991958402134027e-02  3.400958102141223876e-07  -5.078572700884559505e-06  1.084487166147540416e-06  -9.418356250736394444e-03  4.193304470796461162e-05  -8.805662572526716915e-04  -9.723334297226093362e-07  2.298535746370415516e-06  -2.741329339469650264e-07  5.824554223561847002e-04  -6.681867495182807490e-04  4.045250509002416839e-03  3.456831039266332280e-06
1.734269313134088625e-03  -1.698584244001842764e-03  4.607862236727234623e-07  2.056784494732521526e-06  2.541473736724894561e-07  3.073719232036991114e-02  1.590571040969516450e-03  8.216039703188350932e-03  -1.756379179204997003e-06  2.693375737399207358e-06  -3.893382329752198739e-06  -9.634412015514055502e-04  -8.246174141351607714e-03  -1.592047918421731108e-03  4.148617285414367134e-06  -1.198299507902535839e-05  -1.246127883752395490e-06  -9.996901693388720450e-04
3.633410563118350672e-02  -9.419897247412711838e-04  5.042613872871609963e-07  2.552760077546706680e-06  -4.963790334134554255e-06  1.590607838472976121e-03  4.306794767433545779e-02  8.790847452349401930e-04  3.305799481756219466e-06  2.894170717990549592e-07  9.340732604796016464e-06  4.354108163267451947e-04  2.104716914429298480e-02  -2.005860958947446992e-03  -1.443639306814260606e-07  -9.864581590500003010e-07  1.673646753509061384e-07  5.088411627951941463e-03
7.497066485232048048e-04  2.164739271034023596e-02  -5.368600522607993610e-07  2.217318666787361260e-06  8.733814675930128260e-07  8.215934849528091360e-03  8.790453433884101112e-04  5.020322907634433562e-02  5.108112967566256753e-07  -2.901234296417452524e-07  4.324780710065202041e-07  2.435962378091422603e-03  -6.110443621685178288e-03  2.104226451572151213e-02  9.143651857822335553e-07  -3.060778908498840280e-06  -1.918985796304240950e-07  2.681604987422266974e-03
-2.770861000000277402e-06  6.327132934168178591e-07  2.238087368593710130e-02  -5.861604915647283332e-04  -9.418067473783030621e-03  -1.765985059461907841e-06  3.352831954584126184e-06  5.015332833151841519e-07  5.127866524623101580e-02  -1.057865825452264873e-04  -2.463767734683149774e-03  2.436825203219152470e-07  -4.128206590799653845e-07  -2.120456112242322893e-06  1.521393449894135365e-02  -3.585151733350640593e-03  -3.395983938772919632e-03  -1.980239104949236454e-06
1.362731123487379182e-07  2.361629984535703764e-06  -2.188467691326291119e-04  4.039594863848743923e-03  4.196554667150210203e-05  2.545698961651005358e-06  2.719401619290393290e-07  -3.181571019350321039e-07  -1.057369728492789780e-04  3.957359609114548260e-02  -1.595166928236142431e-04  -8.657859268805394703e-07  -5.881217061676625447e-07  -1.008341081338110134e-06  3.396579526959069093e-03  5.849286136030213334e-04  -1.027095233234489452e-03  -9.171741411704557321e-07
-8.927098460005130867e-06  -1.011432546164796264e-06  9.149997318137542343e-03  -6.650105421944009802e-04  -8.806132683528187328e-04  -3.901554471352051204e-06  9.350156591548525452e-06  4.281637525855384135e-07  -2.463534819176886777e-03  -1.594879011027956653e-04  3.460703072905202404e-02  1.995615818926280075e-06  -3.093496442948699894e-07  -2.149796526479138207e-06  3.589079009948347929e-03  -1.575822858356776658e-03  5.838404172337041502e-04  -2.610696087536581123e-06
1.625616466855778674e-04  -7.164212605379357418e-03  -1.013516766876578681e-06  -4.894300125154982692e-06  -8.721404204060687211e-07  -9.635367080613551792e-04  4.353038612073162924e-04  2.435737391447575628e-03  2.947632328616962506e-07  -8.309589330858760828e-07  1.944803023382727236e-06  3.391425023680604001e-02  -2.688155277630602767e-03  -5.102437312818501602e-03  -1.167892414215986711e-06  6.185886775555459140e-06  9.201684049928510400e-08  1.070784261126340575e-03
2.166440609052690258e-02  7.466807536078407361e-04  -1.152408222909118070e-06  -2.550246712568715490e-06  2.334769120265647610e-06  -8.245884866545170888e-03  2.104698630056989553e-02  -6.110472467151931326e-03  -5.158898667893274376e-07  -5.928287998031219449e-07  -3.840928501855414112e-07  -2.688259977157253684e-03  5.018804908521217606e-02  8.787262048933155599e-04  -1.468210068814671231e-07  1.936666248861424022e-06  -1.866704350277995747e-06  -2.451319200580301047e-03
-9.209570500772875029e-04  3.641691055987382464e-02  -1.675242703559140712e-06  -1.598884146091539122e-05  -3.653901246041357061e-07  -1.592082496295930223e-03  -2.005902136170418636e-03  2.104250177454243531e-02  -1.982804900746575562e-06  -1.053755849643487129e-06  -2.017339293110534266e-06  -5.102345534768921304e-03  8.785874260593362585e-04  4.300176358192556170e-02  -2.602317759465054330e-06  1.604195468933222512e-05  -4.961677136673066684e-08  -4.132804598311856886e-04
-1.071957338705142332e-06  2.305678525469931477e-06  2.240179399587629086e-02  9.436897421430183799e-03  5.824572905560887210e-04  4.176178669586712141e-06  -9.156423019425371770e-08  9.354009380846418712e-07  1.521407166081323661e-02  3.396568742041798216e-03  3.588947932359771737e-03  -1.184725940636009443e-06  -1.193193380412586239e-07  -2.623225840340723519e-06  5.125681295199606413e-02  2.499726562570085426e-03  1.012248866168409176e-04  -2.749056600981066358e-06
9.719139505834885529e-07  -1.552123055356622789e-05  -9.172266313424699488e-03  -8.788538785342590908e-04  -6.681387487528695802e-04  -1.193704460416850093e-05  -9.787534202513435451e-07  -3.121995175658839482e-06  -3.585267683502562329e-03  5.849779689391256367e-04  -1.575851390636853885e-03  6.161197334477054301e-06  1.868904900516412694e-06  1.607099199105975417e-05  2.499613492256489832e-03  3.453060578290234606e-02  -1.487720022855410103e-04  1.012724361442061816e-05
1.660049244045304089e-06  5.689704312391910073e-10  2.181056272614468174e-04  3.875954828350638466e-05  4.045306736107525010e-03  -1.319507963606991656e-06  8.115065947075889289e-08  -1.588411895960439924e-07  -3.396045720114457527e-03  -1.027093081724074746e-03  5.839252390089616062e-04  7.159746751737042654e-08  -1.906840138908170533e-06  -7.093288044865984472e-08  1.011935655662197841e-04  -1.487169252878634094e-04  3.957317280718396224e-02  -3.255012226639649480e-06
7.202082484588478994e-03  -1.799438862491833696e-04  -5.903817631331985905e-07  -7.601790777536375677e-06  3.436820262774216791e-06  -9.997510242472557908e-04  5.088329647561790590e-03  2.681575202896336729e-03  -2.039017623099021073e-06  -9.306760218204224397e-07  -2.585987515848972675e-06  1.070763432344085412e-03  -2.451137892111667892e-03  -4.132414024254083820e-04  -2.748732555193791901e-06  1.009874500129776305e-05  -3.303108224892621907e-06  3.391066012368545990e-02
