4.324428666052815284e-02  -5.391811578066870022e-04  -6.838960813032130627e-06  -2.219853575218912343e-07  1.340397913242388580e-05  1.621107753165440708e-03  3.622287189484241221e-02  7.174391453270837545e-04  4.465431979928185178e-06  -3.684792350301604137e-07  7.149169695182563299e-07  1.870913648293069979e-04  2.151802853499583737e-02  -9.061444216341895883e-04  -1.674987901863767037e-06  1.887920108547600291e-06  1.930294626702992620e-06  7.134518839464131304e-03
-5.391609787380043876e-04  4.322563830419490910e-02  7.288692946431955271e-06  1.724688485768828840e-05  -4.217013309197971425e-06  -1.600771251027031591e-03  -9.144371840486631778e-04  2.151629745369317004e-02  1.338333139629271363e-06  1.389513296467369432e-06  3.261100382075913959e-06  -7.133859454979836999e-03  7.178694127832519097e-04  3.624738346359616947e-02  -1.389755182449116633e-06  -7.101550543558579865e-06  -7.968461233868924201e-07  -1.901947144433152744e-04
-6.811137132218776237e-06  7.279322785134202928e-06  5.006102250984250518e-02  -2.166921375212889876e-03  2.159682230820457807e-03  7.940918056801908882e-06  7.622503156086329052e-06  -1.359579934335618939e-07  2.223629272304694995e-02  -2.086595088275411999e-04  9.066540178938386346e-03  -4.000954226939739936e-06  -1.680855801168971578e-06  -5.182128395949024704e-06  2.223829827316826935e-02  -9.066312199530402599e-03  2.084027184150995737e-04  -2.672138950933477160e-06
-4.670029439092875607e-08  1.735555466123890402e-05  -2.166894602038062136e-03  3.456016413566613543e-02  -5.705401232096876874e-05  2.929877277948783783e-06  2.161502077261327230e-06  3.141121196602206230e-06  -5.499555334485635091e-04  3.992169582845088438e-03  -6.378265912841687372e-04  -9.772332944294713768e-06  1.171511521431119969e-06  -1.638464152442628465e-05  9.321077740317443294e-03  -9.179024910582674621e-04  4.111696455747771686e-05  4.604630757249532100e-06
1.346593167558394359e-05  -4.087301361026885658e-06  2.159517111430941851e-03  -5.704834496155090147e-05  3.456943133765660869e-02  -1.929809918340932956e-05  -1.548247658772725855e-05  2.713092325604111859e-06  -9.314454424591993298e-03  4.453734920915010582e-05  -9.085468639260970954e-04  6.952560352756064468e-06  6.566273375583098124e-06  -1.866773127054050543e-06  5.503229423205106916e-04  -6.418710413532043024e-04  3.992702378359617825e-03  9.439407247928566986e-06
1.621101731185470686e-03  -1.600764422129317792e-03  8.082894406306932950e-06  3.045849369612988388e-06  -1.923561675860140622e-05  3.117955768106296655e-02  1.564311874190106458e-03  8.159962934262514345e-03  -1.815101089009160265e-06  -2.119511414855342657e-06  8.033822368281634104e-06  -1.024471874698383057e-03  -8.171461776229311386e-03  -1.562013890181895327e-03  1.108306125989762580e-06  1.403633918022980217e-06  -1.793516691432219680e-06  -1.011865226004872833e-03
3.622288768633733641e-02  -9.144209476091952034e-04  7.602417518373504751e-06  2.008511018912779926e-06  -1.564853312517685112e-05  1.564394101133757169e-03  4.319049755009309738e-02  8.608307590231447206e-04  -4.382075118477759293e-06  7.428476243423769062e-08  -4.569720561813036324e-07  3.967117918173991412e-04  2.089290224302188873e-02  -2.025401063170628908e-03  1.560390820703524465e-06  -2.901384972790864486e-06  -7.599283884512894978e-07  4.984116946322555280e-03
7.174332876988318399e-04  2.151631043732851745e-02  -1.156986794774986075e-07  3.142973455787600641e-06  2.742248177906821971e-06  8.159601978777753992e-03  8.608027514507857409e-04  5.031267031962873004e-02  1.729901969251422614e-07  -1.521661279108411763e-06  -1.514333528958936079e-06  2.300116508154033661e-03  -6.057724896924025944e-03  2.089241345417921364e-02  -3.612809641679631057e-07  -1.175518672791857917e-07  1.770871415267120177e-07  2.675789477770897963e-03
4.382720644092630160e-06  1.304902023666378843e-06  2.223628822650794076e-02  -5.500771927227875429e-04  -9.314310177013573194e-03  -1.780906287463213528e-06  -4.224635400892260112e-06  1.987272506341883744e-07  5.135983353398652224e-02  -9.501288266895416724e-05  -2.343661654040381671e-03  8.073038279770760049e-07  6.120254847497563334e-07  -1.581184642236477178e-06  1.510721063065701905e-02  -3.536622620578046099e-03  -3.357174408151600720e-03  1.043169819231454845e-06
-3.119957638646916492e-07  1.435625517796458504e-06  -2.086279460505100056e-04  3.992230137670049230e-03  4.450478629726562624e-05  -2.202267865887502352e-06  2.272297854946277663e-07  -1.554417948915454561e-06  -9.499325359337515721e-05  3.961977067858372947e-02  -1.437845930839317830e-04  5.030581358673678431e-06  6.196514730337148921e-07  -1.336228022867292936e-06  3.357569730976096845e-03  5.667018381392558823e-04  -1.016500888191608628e-03  4.587518016161106662e-07
7.442777869439707930e-07  3.276929414689082578e-06  9.066754192718590871e-03  -6.378394508342917360e-04  -9.085616489415031857e-04  8.021394884799443723e-06  -4.673948126037392407e-07  -1.444088108130467560e-06  -2.343431311372505023e-03  -1.437640832316498991e-04  3.486458676758337483e-02  -2.329657730810669070e-06  -1.451879983100096788e-06  7.707655464325801518e-08  3.537004279048377130e-03  -1.530414330834338347e-03  5.682579743119644047e-04  -1.022276634522435402e-06
1.871915990867258832e-04  -7.133823043146669471e-03  -4.080075732141602488e-06  -9.785727048993917815e-06  6.968867405431241119e-06  -1.024402114688414793e-03  3.967606680857470596e-04  2.300122724366761382e-03  7.626539945772305064e-07  5.055439190194151794e-06  -2.366345709395147020e-06  3.424096671721528484e-02  -2.673459861070981436e-03  -4.994233947676085007e-03  -1.011463564829244558e-06  2.919423109602938196e-06  9.370875573540026644e-07  1.037838369901095126e-03
2.151787878290448153e-02  7.178292651447002641e-04  -1.674327969158927656e-06  1.184132352344343945e-06  6.449223050899607847e-06  -8.171279355931211630e-03  2.089261284874165472e-02  -6.057762644899407703e-03  6.193926812763814249e-07  6.126174262461396971e-07  -1.485109146886981894e-06  -2.673601610145120901e-03  5.031414630666070781e-02  8.578532082376091232e-04  -1.028724798222468443e-07  -1.558243177909528090e-06  -1.379163841004389199e-06  -2.294979620543880112e-03
-9.060525452033004390e-04  3.624739801063529832e-02  -5.167831806482360130e-06  -1.642020380872661470e-05  -1.973792692397018125e-06  -1.562036313747574082e-03  -2.025350203566629245e-03  2.089248036317383622e-02  -1.550133414029769894e-06  -1.297018522138658117e-06  3.269962654599795550e-08  -4.994127705647573474e-03  8.576412976015585464e-04  4.317142550620415437e-02  2.051260478304550854e-06  6.137834818626281561e-06  9.672633494170671574e-08  -3.941759820245823386e-04
-1.618607476733919812e-06  -1.198852487782362181e-06  2.223836108039274617e-02  9.320876976189784030e-03  5.503836337017578356e-04  1.091413086388670890e-06  1.544045056250098043e-06  -3.747746494641036354e-07  1.510726466343348048e-02  3.357552468944250811e-03  3.536869769655338371e-03  -9.673063804567676999e-07  -9.547913055434750111e-08  1.944899325897727226e-06  5.136106286251774372e-02  2.337419800704336470e-03  9.291698058719542990e-05  1.293127962517105519e-06
1.895974080744141876e-06  -7.223036868273788616e-06  -9.066444461644226210e-03  -9.179720711732305841e-04  -6.418508862163353583e-04  1.459219247287347227e-06  -2.921203600672229926e-06  -1.840322626121919118e-07  -3.536683779119790486e-03  5.666684215180987352e-04  -1.530405543072498086e-03  2.841734881234961057e-06  -1.552210041070606169e-06  6.179179790731588940e-06  2.337324766299690802e-03  3.488432828293259319e-02  -1.373726399778900983e-04  -6.887822734166829945e-06
1.936333189261169483e-06  -7.853030127432329158e-07  2.083759863392264770e-04  4.110199440261787782e-05  3.992720318841881666e-03  -1.748079326915628439e-06  -7.396490679106176852e-07  1.821646471473033510e-07  -3.357235312824937475e-03  -1.016498792624844025e-03  5.682456468294307204e-04  9.163179814848225185e-07  -1.415473263773796083e-06  1.214333119602305522e-07  9.290597071092340504e-05  -1.373715756256446263e-04  3.961899546698608582e-02  -3.520608818314447242e-06
7.134481150087402385e-03  -1.901150504773957872e-04  -2.733399934945352221e-06  4.614320002541370464e-06  9.397134056889221192e-06  -1.012019075690359649e-03  4.984027795027171082e-03  2.675504156459787390e-03  1.025521886120916229e-06  3.863363926301938811e-07  -1.029750139417271241e-06  1.037831425667220782e-03  -2.294822081147856411e-03  -3.942163479938328818e-04  1.191931198867014307e-06  -6.880825349117291818e-06  -3.590982115851201231e-06  3.424239334301966420e-02
