4.324666567343587315e-02  -5.339899467521700555e-04  -2.046974273927188318e-06  4.194816903302259565e-08  1.278100312575138716e-05  1.619084240570845814e-03  3.622224927054848442e-02  7.169040453294621678e-04  -3.355867987567041491e-06  -2.607612550894723682e-07  -1.488954266591482480e-05  1.887410195039608118e-04  2.151797958288394902e-02  -9.096685484205366094e-04  -2.559014287542296357e-07  -8.905971638390067540e-07  4.310332906770429495e-07  7.135584811125527359e-03
-5.340194107871433938e-04  4.324842560993862051e-02  -8.000760295114126025e-06  -1.980705002681774281e-05  -1.509018699242496256e-06  -1.626118689428087283e-03  -9.096164497437369623e-04  2.151659973186843128e-02  -1.372718449190120686e-06  -2.229624656491809277e-07  5.973545624243815230e-08  -7.138859863535788018e-03  7.212788319110930747e-04  3.622310917686367288e-02  5.048379600382500945e-06  7.420735458417376368e-07  -1.790479135573842920e-07  -1.683887175029967422e-04
-2.086973471974062582e-06  -7.940868135026072302e-06  5.005942358964599742e-02  -2.164260985605037570e-03  2.164098027977368836e-03  9.536670358764143301e-07  1.749721784342196586e-07  -6.588708402381791527e-07  2.223871708687990417e-02  -2.086193136643076378e-04  9.070588721799053775e-03  1.771989584560337335e-06  1.046451849358561845e-07  7.752877248980856079e-06  2.223920291380812250e-02  -9.069288704805621854e-03  2.064906394994789080e-04  -4.882335511978353333e-07
6.744743162700098207e-08  -1.982599526499878671e-05  -2.164298005301010762e-03  3.456998310882857667e-02  -5.279122349113047198e-05  3.854198456292631877e-06  -4.119533179879530512e-06  4.042848057905592795e-07  -5.506684012602076038e-04  3.994580534183665363e-03  -6.410564803878662961e-04  4.263395261986895221e-06  -2.217099087742244480e-06  1.735226352120882749e-05  9.324324691416162325e-03  -9.307944746238536529e-04  3.947527206986028379e-05  -1.156490926977071324e-05
1.272211492645171829e-05  -1.582335306128014034e-06  2.164016053445973718e-03  -5.281959932246856233e-05  3.457363535344890743e-02  -6.191268318515323805e-06  -1.229111966615901087e-05  -2.201632683904286968e-07  -9.320462178552106972e-03  4.275243929532337761e-05  -9.243763659503897567e-04  5.572901542964211825e-06  5.951607391700867678e-08  1.415237682339130943e-06  5.484086121929847941e-04  -6.391737970079546839e-04  3.993104242919633985e-03  -1.760509937322861288e-06
1.619066432327385865e-03  -1.626151145698966722e-03  8.458201743544608772e-07  3.803944928151170860e-06  -6.194476618073388879e-06  3.116105919218465845e-02  1.558918916493617609e-03  8.161554067728230694e-03  2.372410536238918386e-06  2.879061467980037635e-06  9.218433897231987232e-06  -1.006263894302258412e-03  -8.168647144461230539e-03  -1.547722850921883593e-03  3.343563628546333964e-06  -1.093746915386059237e-05  -2.310443003943142992e-06  -1.018075790282762204e-03
3.622222958429819478e-02  -9.096451648001899291e-04  1.583254132025710255e-07  -4.168333992176807148e-06  -1.227981770628898753e-05  1.559028583933280698e-03  4.319365411251189363e-02  8.615396157822955217e-04  2.907187867328281191e-06  1.494508790002591562e-07  1.504794090934207639e-05  3.933404605323080334e-04  2.089308973825228233e-02  -2.032017094833579902e-03  1.870736280211855685e-06  3.032703962805062852e-07  -1.909359223148156948e-06  4.987310941958335991e-03
7.168917040393041687e-04  2.151659840532800169e-02  -6.512671118943598908e-07  4.560204168575523057e-07  -3.307434134236542240e-07  8.161246204731128356e-03  8.616622315384792714e-04  5.030962115600692841e-02  2.235633235107955511e-07  -1.875557121018971083e-06  9.863140118172409857e-07  2.304437540627248589e-03  -6.058694389523590351e-03  2.089485800391031878e-02  1.148969400410197402e-06  -1.517028541594788151e-06  -2.086499046857378644e-07  2.675609649227512696e-03
-3.372673594646959582e-06  -1.268256210843009083e-06  2.223871843276511301e-02  -5.505911698108381484e-04  -9.320449037632799402e-03  2.503078130784921170e-06  3.083880428789818805e-06  2.372054965204153601e-07  5.135824527817786644e-02  -9.385065288266433129e-05  -2.343111437456267109e-03  -1.499977329595111440e-06  -2.855543120774475947e-07  1.424381516236285287e-06  1.510831864703511898e-02  -3.538699699314293290e-03  -3.357788864212786408e-03  -9.557224221221703500e-07
-1.908498727692384277e-07  -1.961733362968686040e-07  -2.085700623893797854e-04  3.994581348874670992e-03  4.274749907516234358e-05  2.857453067202438190e-06  8.872433001888842467e-08  -1.806669301964353915e-06  -9.383365395908797998e-05  3.961796869447945652e-02  -1.403060971217137286e-04  2.662833991969440961e-06  -9.955155559843984302e-07  2.026525030189011113e-06  3.358143907371702579e-03  5.659188797305470886e-04  -1.016522842483847397e-03  -1.927818241364817076e-06
-1.475371935662382642e-05  9.526206476944299901e-08  9.070739457664657446e-03  -6.411449054635350552e-04  -9.244356402483235773e-04  9.275258361196923293e-06  1.517510048261069089e-05  7.673803397683765070e-07  -2.343103726357221358e-03  -1.403561002951735700e-04  3.487613396414684236e-02  -6.773124775084065671e-06  -2.558707038744368394e-06  -1.914663354013641794e-07  3.538175836475209585e-03  -1.531301398501995828e-03  5.664119581486142235e-04  -4.836237355842204483e-06
1.888470033934210046e-04  -7.139006791276433089e-03  1.985975598307401722e-06  4.272940118874074729e-06  5.568081236372671850e-06  -1.006288159125724030e-03  3.934849242285293636e-04  2.304138580164920725e-03  -1.428235788415093740e-06  2.709074511120884734e-06  -6.749815239715321079e-06  3.422477975611167705e-02  -2.675949580589618865e-03  -4.987203259795527921e-03  -2.492194723354879764e-06  7.811787836398541315e-07  5.759173538215424615e-07  1.031892500512981720e-03
2.151796756068669048e-02  7.211839164441067153e-04  3.646816124941086410e-08  -2.310860280590905528e-06  9.805161406272874496e-08  -8.168347699259807457e-03  2.089291626673737273e-02  -6.058726338131576079e-03  -3.056397263160482035e-07  -9.991671369083332575e-07  -2.618630951681879680e-06  -2.676034034378732378e-03  5.031481345576722247e-02  8.569907032161832748e-04  -2.790120603304557965e-06  7.421356775683456708e-06  3.133525716714843979e-06  -2.290066043769462770e-03
-9.096430093083161805e-04  3.622316849000451616e-02  7.900803214197995466e-06  1.742158571725722522e-05  1.341912955053459110e-06  -1.547827682304872207e-03  -2.031908370145460527e-03  2.089492978849708318e-02  1.442763912815026258e-06  2.165519758028424467e-06  -2.495627013572651796e-07  -4.987093111171230810e-03  8.570044568256015129e-04  4.319207067078840306e-02  -5.646780269541300832e-06  1.240863072537540166e-07  3.919731150532102448e-07  -4.132513068960577251e-04
-2.166656732472837724e-07  5.033994530175824408e-06  2.223917496413106362e-02  9.324254605135355589e-03  5.483517546332561474e-04  3.453602534161610858e-06  1.811385284925762663e-06  1.167042734402637976e-06  1.510828381404590720e-02  3.358130271243830317e-03  3.538209656074837312e-03  -2.435989941936720066e-06  -2.790768905320793182e-06  -5.608960728723207584e-06  5.136028579201173949e-02  2.336666910256302888e-03  9.539335255238841913e-05  -7.896712615912597372e-06
-9.178525921775388559e-07  8.173410432788730084e-07  -9.069416820310505570e-03  -9.309042332276850793e-04  -6.392072874923422502e-04  -1.088812370984581186e-05  2.529963916192258581e-07  -1.493805652382189906e-06  -3.538670016853380073e-03  5.658791835223016655e-04  -1.531235979674641472e-03  7.057038806655465750e-07  7.237070918165036204e-06  1.707034532097111621e-07  2.336637117295971462e-03  3.489322585627228218e-02  -1.418703823357882416e-04  2.338510566402424309e-05
4.172869339738637877e-07  -2.332047810149157497e-07  2.064637371149948746e-04  3.945930903291919832e-05  3.993165354123313047e-03  -2.336837823001350062e-06  -1.960463579480150188e-06  -2.149285089427553139e-07  -3.357802001675973605e-03  -1.016520457924619588e-03  5.664170615559169881e-04  6.331472066668627440e-07  3.141417716856830155e-06  3.785014419797611512e-07  9.540764842003046794e-05  -1.418460498065152728e-04  3.961953198821031169e-02  7.727773117380647014e-06
7.135673098657073325e-03  -1.684238898870677446e-04  -5.900042192110743841e-07  -1.158650457295311198e-05  -1.645138470260755210e-06  -1.018117431081668215e-03  4.987274173801251910e-03  2.675456878142923496e-03  -8.641661658360259660e-07  -1.972992023746154255e-06  -4.856408410493373409e-06  1.031836226489381021e-03  -2.289976484805308302e-03  -4.132819265978104049e-04  -7.732143024983105669e-06  2.337020409452168686e-05  7.750402495666840023e-06  3.426127705240558652e-02
