4.257857323107457764e-02  -6.406769807728486402e-04  -9.170351125338404652e-07  3.344043255107533772e-06  9.792903320154354869e-06  2.005795146626881530e-03  3.674642287207377511e-02  8.640976378216490977e-04  -2.356569604590578771e-06  -1.053500576374362439e-06  -1.129585587651186895e-05  1.688398002491323688e-04  2.213985155645989064e-02  -9.910024390839418905e-04  -6.930353023921600768e-07  -1.029477972784240045e-06  1.343795578109751755e-06  7.381381425773195573e-03
-6.406242214007119027e-04  4.253418783260821956e-02  -1.018354871043713197e-06  -8.426336637304116092e-06  -2.698163272582611733e-06  -2.005530330119538636e-03  -9.992581710155847702e-04  2.212729321422264583e-02  -6.396552971857614570e-07  -9.263417251484077750e-07  1.642922833642453636e-06  -7.348569851384447425e-03  8.616091877598638059e-04  3.679587999061544740e-02  -9.370475372624577667e-07  7.285087219760452037e-06  -4.982386719899425890e-07  -1.781664509805607041e-04
-9.550201383981507574e-07  -9.902936343388693569e-07  4.934664574042234991e-02  -2.728153933600616608e-03  2.717092558490195875e-03  -1.246379862811612197e-06  1.660049335689548891e-06  -2.210250889207445017e-06  2.288783879677885186e-02  -2.665360716408012530e-04  9.470873859429126268e-03  4.075227673833778867e-06  -9.856566895365316922e-07  2.050111931496750779e-06  2.289927398419604188e-02  -9.490088682216632834e-03  2.674632359280600309e-04  -8.866144308991481834e-07
3.341980707228685703e-06  -8.445948604402588427e-06  -2.728104901776095496e-03  3.314535821606996724e-02  -1.178465785337144884e-04  -7.119997401008865694e-06  -7.136751693010413004e-07  -1.664648253954475195e-06  -7.260912156401516746e-04  4.194787666700603747e-03  -7.965247484398314381e-04  1.059210896489737603e-06  -1.128457809688458878e-06  8.624585169764182395e-06  9.823434903917535252e-03  -8.276211229176079053e-04  3.796625129324036890e-05  2.626506755896023017e-06
9.815211097442011839e-06  -2.587081803291704943e-06  2.717070584922719450e-03  -1.178190807712338088e-04  3.316675026023483547e-02  -8.698366466265833376e-06  -1.031918521708612999e-05  2.325002533199165773e-06  -9.819762721336366615e-03  3.393909924322858617e-05  -8.333252112177290654e-04  1.792268363065224910e-08  3.378597717824692257e-06  -2.816335030584100317e-08  7.250580252000368231e-04  -7.942267011421404220e-04  4.198737718695922348e-03  5.578591433742345595e-06
2.005570840498779438e-03  -2.005610757107932456e-03  -1.234024906500086231e-06  -7.149281767323068453e-06  -8.623474826597559353e-06  2.912996198208480519e-02  1.817378929071163888e-03  8.466963358306376849e-03  2.991959818075345315e-06  -2.418799089181374329e-06  1.226428729060855918e-05  -9.094740824450353502e-04  -8.466194759311011439e-03  -1.818142899236756043e-03  -4.108109486728820287e-07  6.864753070588606712e-06  -1.396535570956636001e-06  -9.110277664088627146e-04
3.674643220940634197e-02  -9.992787656281161730e-04  1.589651080660863785e-06  -7.342866727621142322e-07  -1.037798595740940256e-05  1.817339763110313935e-03  4.259021962515670279e-02  9.498586062118898618e-04  3.139922374357510853e-06  1.051507185334042189e-06  1.303591586110519623e-05  4.625011775982756945e-04  2.153004888320128249e-02  -1.922023312378966795e-03  4.869410182901771608e-07  1.450245966938341283e-07  -8.821278321910606117e-07  5.436691592596063806e-03
8.644196967726212140e-04  2.212728403404595756e-02  -2.243173946054888273e-06  -1.574997227925987596e-06  2.284830207615715570e-06  8.466526196673138105e-03  9.498559329399806862e-04  4.977555540404437345e-02  1.150547084899355178e-06  -9.732109754415997342e-07  1.693765360585977084e-06  2.951344116940972807e-03  -6.305507807571668517e-03  2.153086438357904031e-02  -5.752778603513292220e-07  2.478343220517210312e-06  6.556789320426406404e-08  2.692420304816106873e-03
-2.499935444119876994e-06  -5.677195886832883414e-07  2.288764451420489954e-02  -7.263507737661130956e-04  -9.819459073812144764e-03  2.946544539122170071e-06  3.197611381822467070e-06  1.106737049287411578e-06  5.094025356000578958e-02  -1.223733655128955602e-04  -2.962332730525215653e-03  -4.985027986782326622e-06  -1.230619881319428124e-06  4.458832403143948272e-07  1.555741176282849497e-02  -3.757422731825534913e-03  -3.523515887993940599e-03  -1.302226402245953863e-06
-9.129787201373750615e-07  -8.760199667928317997e-07  -2.663417879592889798e-04  4.194737197633005045e-03  3.388060508306097493e-05  -2.393544906547147378e-06  1.012622749214208799e-06  -8.050202743963930819e-07  -1.223597528265465430e-04  3.941192441382629363e-02  -1.709074196723057591e-04  3.114179220680002477e-06  1.600630749386313010e-07  6.055721956279480976e-07  3.523054937077370850e-03  6.377591492214195129e-04  -1.059226427358129921e-03  1.051254706714694549e-07
-1.142664405264590680e-05  1.518340795096780080e-06  9.470926554874080014e-03  -7.964261274117552265e-04  -8.331585176479914959e-04  1.223563816325708027e-05  1.286831106379042076e-05  1.558795208441453657e-06  -2.961954129657231715e-03  -1.710212531832435909e-04  3.357688992395922029e-02  -1.168509779365499203e-05  -3.961936554419435005e-06  -2.177804938590236750e-07  3.758352525136279907e-03  -1.739302285762139941e-03  6.357726330462017735e-04  -5.208377521543484354e-06
1.688538795056178615e-04  -7.348635862537738345e-03  4.075489597519091907e-06  1.029670772030051382e-06  1.674711798073515104e-08  -9.093427797418761512e-04  4.625505252737578611e-04  2.951193268342573381e-03  -5.008713824976032852e-06  3.150337544558766422e-06  -1.177080422578587674e-05  3.280317918554893214e-02  -2.692238331970589482e-03  -5.443118828146908950e-03  2.625321372011637922e-07  -3.533542190887520776e-06  6.265297832220655620e-07  1.219865185892352391e-03
2.213977733771480341e-02  8.616962145022380318e-04  -9.790761005244179936e-07  -1.056554969001367317e-06  3.369536485062519280e-06  -8.465895608615894852e-03  2.153002953683996398e-02  -6.305540360599583283e-03  -1.239834823569888191e-06  1.741099855272647091e-07  -4.032918094251748097e-06  -2.692524042682834656e-03  4.975856458597009702e-02  9.520709260521444291e-04  4.473108687933397127e-07  -7.988193080657315897e-07  -4.801910390156403285e-07  -2.989057149358746550e-03
-9.909668353410333499e-04  3.679594847413530934e-02  2.131467863123393475e-06  8.746289006538548362e-06  -1.204696184181223661e-07  -1.818259207589364773e-03  -1.922015859335880024e-03  2.153089099058867750e-02  5.288997702316906599e-07  6.237619706310069028e-07  -1.211564047593741026e-07  -5.443109757221622873e-03  9.521836776004634784e-04  4.254524392141964539e-02  1.582106105530275741e-06  -8.233737812842597869e-06  1.425782210558123266e-07  -4.534587406490788049e-04
-7.387997744904024821e-07  -1.109938356765208046e-06  2.289936359792804979e-02  9.823222735123844987e-03  7.250980564879255319e-04  -3.485387833428067295e-07  5.004328053073802090e-07  -6.231459894485254126e-07  1.555747709018632553e-02  3.523045653598045734e-03  3.758372958312730661e-03  3.462002255350621220e-07  4.404473384404442502e-07  1.591076515741652666e-06  5.092337438569226327e-02  2.996862919870934509e-03  1.226107071543735714e-04  2.059165824679603572e-06
-9.954828637015855586e-07  7.269025619674072272e-06  -9.490193620289104001e-03  -8.276821527068297605e-04  -7.941706009381257255e-04  6.891094336731867561e-06  1.525735436793810496e-07  2.402373958243985983e-06  -3.757668997133521184e-03  6.376136852936289002e-04  -1.739258961449250329e-03  -3.531122622768377957e-06  -7.125249250188810546e-07  -8.210704414476423138e-06  2.996635995066261691e-03  3.349870136940631682e-02  -1.731278410274931698e-04  -5.991877191779245878e-06
1.437266236753202141e-06  -5.115117907299554053e-07  2.674870532349780668e-04  3.786947699397265343e-05  4.198588652854000521e-03  -1.319123436930860297e-06  -8.663080101703314574e-07  2.286944985605572753e-07  -3.523518393330581869e-03  -1.059264605085845443e-03  6.357783196685461201e-04  6.145318463799517797e-07  -4.675974229520746118e-07  1.357414989648425290e-07  1.225585318972802228e-04  -1.732551527841246874e-04  3.940963611766692271e-02  -1.206787899739830840e-06
7.381585684791852099e-03  -1.782264265999712746e-04  -9.065083425725505475e-07  2.604395668059664534e-06  5.655159700651547491e-06  -9.110341061837707796e-04  5.436747695737017931e-03  2.691905725349393909e-03  -1.376790744229399161e-06  6.773330841219116071e-08  -5.226043262543676611e-06  1.219851048500271169e-03  -2.988918693758874263e-03  -4.536271415499672352e-04  2.111696141263066325e-06  -5.949757972491167079e-06  -1.162919201399336224e-06  3.272123458149787945e-02
