4.651613021003811466e-02  -1.882164181832341365e-04  -5.068419173606837896e-05  -7.733069222875773360e-05  -1.218525365848004485e-04  1.309126740967749480e-03  3.357896061380381131e-02  3.871553362332138268e-04  1.780632885635026819e-05  -2.001742023360554470e-05  -3.819433734758661311e-05  1.824236654973157275e-04  2.100385953810405756e-02  -3.253924427437605762e-04  -4.382895845200690971e-05  1.543041384629456635e-04  1.076407517126846860e-04  7.417665367378504723e-03
-1.891292456389994411e-04  4.647714543892617761e-02  -1.791767211907583377e-04  -1.988262179121963002e-04  2.491695199332443592e-05  -7.453261395278579487e-04  -6.020460345107509891e-04  2.109084158675736398e-02  -1.910696682989231960e-05  -5.237477747739908117e-05  -3.986248745113905596e-05  -7.991974556903940277e-03  5.348776241637353537e-04  3.377158887743293009e-02  1.033181844420545952e-04  -2.028522365613782627e-05  -3.618492035379389287e-05  8.406316418316111020e-05
-5.044191378245900889e-05  -1.787049672546438272e-04  5.119587010295997137e-02  -1.258131285167698923e-03  1.084867155053511906e-03  4.879819043627898578e-05  -2.059613467787223848e-05  1.240570374707530950e-05  2.166044968392203882e-02  -9.565963859606055309e-05  8.989672758771011934e-03  -1.602011600596409086e-05  3.035201933718315589e-06  1.636569797957408852e-04  2.156383956564033449e-02  -8.733485071584397297e-03  1.166846129698193485e-04  -5.353981470659688042e-05
-7.667520893462030369e-05  -1.977661598164294759e-04  -1.258356685626862330e-03  3.964512353283267815e-02  -2.737247548532879361e-06  1.583268782584352987e-04  -1.173319118938501699e-05  -5.936719281231820435e-05  -3.043983552958754520e-04  3.884336541020353903e-03  -3.833917246311659599e-04  7.570526630055568430e-05  8.233949675693946930e-06  3.475211550353881143e-04  8.786990608204037212e-03  -1.656885127913348184e-03  3.081822151172736559e-05  -2.244147028838193477e-05
-1.216777575007182326e-04  2.517802663391593369e-05  1.084975860523233358e-03  -3.082254572140940853e-06  4.004048329080567292e-02  2.443624292647657444e-04  -1.593082038697696040e-04  1.109058489271987568e-04  -8.864389026288400572e-03  2.715460484924110807e-05  -1.862913265519767960e-03  -4.568880507753908570e-05  1.927678219175467378e-04  -1.045782455824616344e-04  2.754840670874115745e-04  -3.439393357193238970e-04  4.011762651325832124e-03  1.385698166730448444e-04
1.309467998634058182e-03  -7.454598862434921869e-04  4.847872409692841912e-05  1.586351544632168904e-04  2.443017065705964559e-04  3.793174496527208783e-02  1.160976571135126801e-03  7.783261928304916963e-03  -5.973346040337245517e-05  -1.393930887981221165e-05  -1.245056355778823584e-05  -1.923125694565163768e-03  -8.333031193085227786e-03  -1.118342421528745754e-03  5.337771763307755650e-05  -1.059755450910705753e-04  -1.673277630942206445e-04  -1.858005583074862077e-03
3.357853174106877059e-02  -6.024876508818251828e-04  -2.055148314263066317e-05  -1.216316615505270410e-05  -1.590748101516619990e-04  1.160941838313605352e-03  4.634100170444000605e-02  9.599135236230203327e-04  -1.496251077698805421e-05  -2.136002149326432381e-05  2.121786512527692152e-05  2.029518242045833421e-04  2.021610634988250943e-02  -3.049102323567746530e-03  1.023928682656216236e-04  -8.750587362153453973e-05  -1.634680350684731304e-05  3.822442188283872114e-03
3.868750309046090161e-04  2.109093458129857740e-02  1.242951703980804639e-05  -5.829158845013216302e-05  1.109095091646892839e-04  7.783155370192348932e-03  9.603022910190144512e-04  5.077188361977614389e-02  -3.576494833927266636e-06  7.997495663940426590e-05  -3.550242959055359356e-05  1.873855019585437013e-03  -5.863866182634017848e-03  2.021795100452628696e-02  -3.517583696455571399e-05  -1.881218222911127544e-05  -1.963112494239238211e-05  2.602547817590977752e-03
1.806567264793992205e-05  -1.915898054354150574e-05  2.166062192605021364e-02  -3.034375270397349765e-04  -8.864294157380433331e-03  -5.983653921399631010e-05  -1.502974463173105304e-05  -3.724794579176031476e-06  5.169803409614143891e-02  -9.709866670389944235e-05  -1.842798779205816716e-03  4.952667029553433465e-05  4.572009333052752674e-06  1.966083237347394743e-05  1.477192270338995896e-02  -3.447751844163852736e-03  -3.271421625341357740e-03  -2.969166658778344265e-05
-2.033533835364926477e-05  -5.211473049741364018e-05  -9.507075754998400201e-05  3.884270442782052340e-03  2.717796833781715502e-05  -1.305654874860067730e-05  -2.147079355784857596e-05  8.036469799555068607e-05  -9.690009342718453793e-05  4.254963739359481772e-02  -1.315950790727895517e-04  -9.929231525881640485e-05  2.957372759493265719e-05  -3.935669586407069154e-05  3.144047628159315870e-03  4.581901568918801053e-04  -9.915353488923795994e-04  1.044411488550309202e-05
-3.748090018989317453e-05  -3.952341187413341929e-05  8.990640482900101246e-03  -3.827777260452175432e-04  -1.862925179909337512e-03  -1.338884644889609348e-05  2.116355062632550751e-05  -3.459736545181665694e-05  -1.843355181662200554e-03  -1.317119697189691725e-04  3.925646856711681454e-02  8.692342565289138670e-05  -2.408039639545715853e-05  5.210605066537316119e-05  3.441057319516555111e-03  -1.560144450550993286e-03  3.153122847616284950e-04  -4.826437806759429787e-05
1.823928066730517322e-04  -7.992201621884128387e-03  -1.560728211654029138e-05  7.471381070899378032e-05  -4.555055666033141907e-05  -1.923205085140086050e-03  2.032303004497304879e-04  1.874340366558125380e-03  4.996261861022192641e-05  -9.901160372321721572e-05  8.702169777903278898e-05  3.870046074169997130e-02  -2.464081561954694494e-03  -4.083349250240623368e-03  -5.526306472261365764e-05  1.693892220407759437e-04  8.622117509047373587e-05  9.455170720521627326e-04
2.100415802769882781e-02  5.347155185423034486e-04  3.077185595520422863e-06  8.706846096115085243e-06  1.927212522393154809e-04  -8.333456764349695886e-03  2.021585108653110169e-02  -5.863932306677085288e-03  4.604636508105136068e-06  2.927090061254506367e-05  -2.450951958574130622e-05  -2.463963720417362488e-03  5.116456686932392695e-02  7.043702133173663279e-04  -7.858365806591555125e-05  1.446789024978670778e-05  -4.372035933369872304e-05  -9.840483282281006858e-04
-3.245356582384740173e-04  3.377104308043448605e-02  1.638580299609412958e-04  3.470912385262594005e-04  -1.046490839617623817e-04  -1.118096276896356819e-03  -3.049729928252302869e-03  2.021828697724920368e-02  1.967495543419018727e-05  -3.938869013483553311e-05  5.200940161467524172e-05  -4.083658237363150395e-03  7.044218044751638904e-04  4.616253475656192928e-02  -6.644622745796880834e-05  -3.535756115410922362e-05  1.368196985501078364e-05  -4.038112922961394546e-04
-4.351791380489360812e-05  1.032876793861181391e-04  2.156402501461920224e-02  8.786809776972754824e-03  2.750345361294555648e-04  5.393838948384166719e-05  1.023374976967524286e-04  -3.487970734293560350e-05  1.477222584938819687e-02  3.143965865133401417e-03  3.442002336689462764e-03  -5.553839829845356795e-05  -7.849760220586486366e-05  -6.633796553306296523e-05  5.207878608421330491e-02  1.259167708259937950e-03  1.636056963282926099e-05  9.236190678324125667e-06
1.538290553351429285e-04  -1.980199763840607565e-05  -8.732556547905306887e-03  -1.656516202237627491e-03  -3.442085646617394938e-04  -1.052366394385981338e-04  -8.743210697665516732e-05  -1.738882258391329097e-05  -3.447201674988241513e-03  4.580124755005502758e-04  -1.559921556987173752e-03  1.688953827963435750e-04  1.495898881995872233e-05  -3.548861750511633875e-05  1.259653520652701626e-03  4.005214966349762012e-02  -2.917035681504540943e-05  -5.733755418598167461e-05
1.075634175221280094e-04  -3.599777771226993748e-05  1.169468233043384833e-04  3.078591097259481435e-05  4.011400414072563599e-03  -1.673145128479172140e-04  -1.637785841444194500e-05  -1.966025801570723386e-05  -3.271280425857025099e-03  -9.915633339333852769e-04  3.153038180648054718e-04  8.668332127406802828e-05  -4.352450175692485304e-05  1.397419157069703155e-05  1.638886161412062998e-05  -2.926598784576825771e-05  4.227990536300638841e-02  -9.592568669064205291e-05
7.418055542168192941e-03  8.419365085151252150e-05  -5.281773231623663551e-05  -2.210996850553320942e-05  1.385597477035314538e-04  -1.857955283753386999e-03  3.821949714316407072e-03  2.602503312661026344e-03  -2.913963918209203744e-05  1.032033547443372051e-05  -4.954354433113472149e-05  9.456903614719306284e-04  -9.843352260051722868e-04  -4.037453163492471498e-04  9.177066571800786380e-06  -5.652618830819356957e-05  -9.558480079754729029e-05  4.005058465216245617e-02
