4.673117727587309395e-02  1.364773687855298117e-04  -1.685315697741184330e-04  -3.028925936575754024e-05  2.110419712718020549e-04  1.131289593006049813e-03  3.372278355277474188e-02  1.702142347469305466e-04  1.481656543604456999e-04  1.545181882428516519e-05  8.298716493881707701e-05  4.352306599975435883e-04  2.104560630087249154e-02  -4.643796787076395218e-04  -4.158759947988861555e-05  6.618464261555860042e-05  4.026073854941306383e-05  7.652723060787018812e-03
1.357930565404954495e-04  4.624159441910682261e-02  -9.716960332630516573e-05  -2.455818029323378889e-06  1.039655615026415366e-06  -1.423690573463954516e-03  -6.657290587126661260e-04  2.123701735342009914e-02  -4.791208963878588713e-05  -7.930839057069296845e-05  -5.931764668121789462e-05  -7.761589425963454775e-03  3.215314688775746331e-04  3.377942772435504198e-02  1.311699003721060995e-04  -1.151590273114507759e-04  1.530788776533303556e-06  -2.859829514906987312e-04
-1.685636905446961508e-04  -9.702180262354322159e-05  5.099828352389780550e-02  -9.795000932714854891e-04  1.557435988101063453e-03  -2.386143807357259118e-06  1.473965507476301961e-04  -3.708743733249760086e-05  2.188023960866666839e-02  -5.289935622155010375e-05  9.182209882457298411e-03  1.256571430414709679e-04  -1.761848967071873029e-05  8.776493562966149729e-05  2.167238569441575641e-02  -8.942729003350522940e-03  7.406695703923806253e-06  -7.648413261845535608e-05
-3.015776019721833190e-05  -2.040637862413116088e-06  -9.792242100652810352e-04  4.019335190469564695e-02  1.540765604224910846e-06  2.211585278733248846e-04  -1.951937667869399796e-05  -1.108280531891104952e-04  -2.750335895838077675e-04  3.814272605738219194e-03  -4.293536673890085260e-04  2.303356952204756126e-04  9.187156531464241681e-06  2.150983956030896134e-04  8.764525933060580629e-03  -1.713794281786539886e-03  -8.763522488535272772e-05  -4.198169759040312315e-05
2.105644301510805521e-04  8.746442255081230766e-07  1.558181760002779522e-03  1.669578268249059466e-06  3.924716526020842478e-02  1.129834757069327067e-04  -2.894166963280360525e-04  -9.401589353050198279e-06  -9.132045184411482705e-03  -2.866944572357439194e-05  -2.096186408752924620e-03  -8.777756246189983332e-05  4.304076815785301476e-05  2.333909928961659948e-05  2.930157423190995125e-04  -4.391484868225635344e-04  3.984504737768602978e-03  7.565087359460263166e-05
1.130985823221249131e-03  -1.424229532605985520e-03  -2.314163202703798762e-06  2.213649953987424255e-04  1.129950939636124423e-04  3.746392984887336047e-02  8.029248385042273136e-04  8.576943275947181838e-03  5.369311002786170543e-06  -1.171214343422854239e-04  -2.117175370734258183e-05  -2.300453409591932466e-03  -7.910613640957211284e-03  -1.150171968841249594e-03  -6.870744582362627793e-06  2.663732182682055987e-05  -1.662156605274317349e-05  -1.623281698849473806e-03
3.372279018448214039e-02  -6.660488180516344926e-04  1.473618678670777235e-04  -1.931965373503609151e-05  -2.892358527090022492e-04  8.025407812977741143e-04  4.649766296708484486e-02  1.052024995068835634e-03  -1.566659872833821147e-04  -3.825907133758486763e-05  -9.109572602391031071e-05  -5.430364531115885698e-05  2.026494237199471388e-02  -3.145250462063547189e-03  7.351502428779444886e-05  -6.420279918215912303e-05  -1.823350638543234825e-05  4.082997156662486471e-03
1.698618007225407005e-04  2.123813522596221595e-02  -3.711576268650783436e-05  -1.111241016714824330e-04  -8.969230760320970658e-06  8.577531657163789749e-03  1.052557239393325230e-03  5.088002885769132150e-02  3.142849030914262275e-05  8.546364688392213871e-05  6.993365432169416712e-05  1.677546085837549987e-03  -5.893556914852693916e-03  2.030844786957901327e-02  -7.324320334358752099e-06  1.206121434644129906e-05  -2.983840501996467751e-06  2.356188062713748636e-03
1.486705001238602377e-04  -4.797193802844612213e-05  2.188026998060986494e-02  -2.746218213962312092e-04  -9.131844188689810377e-03  5.654065668745314641e-06  -1.570747473948630067e-04  3.160413433401240371e-05  5.170875682271103974e-02  -2.469351595165632544e-04  -1.820395514435152939e-03  -4.935088922818074063e-05  3.077330498548720104e-05  2.922303831927504787e-05  1.491087162658495495e-02  -3.521653734822331912e-03  -3.295122216816608225e-03  6.404141507425929801e-05
1.525742166423916615e-05  -7.923974066528647253e-05  -5.286015787536700730e-05  3.814462899261706567e-03  -2.859032854295339072e-05  -1.176534351041962773e-04  -3.800140817032780246e-05  8.588679377731739222e-05  -2.470568861948121411e-04  4.246195613958525517e-02  -3.551778662500827645e-04  -1.022198812188167266e-04  3.897225032961336715e-05  -4.120129630901513286e-05  3.250931967120958711e-03  4.100170389726286060e-04  -1.056540751856407771e-03  3.845733217922030244e-05
8.331483695115223182e-05  -5.929632659717236435e-05  9.182070997974875123e-03  -4.291624236215848274e-04  -2.096099934349106471e-03  -2.205529533899841659e-05  -9.078878264736371846e-05  7.002631592112081688e-05  -1.820903236524673346e-03  -3.550234890280149608e-04  3.923103391204531970e-02  -7.264761184250858065e-05  5.384714809932368595e-05  -2.363317307831592985e-05  3.527712064465957868e-03  -1.369187186160206182e-03  4.015151262644272114e-04  8.462158202933152493e-05
4.349752252282975350e-04  -7.761778830462207242e-03  1.252275748365338408e-04  2.307819957109787546e-04  -8.833079403713964522e-05  -2.300233145257308404e-03  -5.359688099742538215e-05  1.678245788785832091e-03  -4.910631588575819123e-05  -1.004150125561668471e-04  -7.264086254194091613e-05  3.901583321729563958e-02  -2.429399572550155779e-03  -4.176076167168154239e-03  -1.097351750498679340e-05  -1.758614178428087360e-05  1.018332567074698960e-05  1.142874311739538584e-03
2.104526207240622546e-02  3.218385703774766585e-04  -1.741005395094013500e-05  8.950674533528365140e-06  4.313096056324397878e-05  -7.910615671264322954e-03  2.026491472484414844e-02  -5.893432795300496997e-03  3.038652067401728177e-05  3.920671495656649462e-05  5.444614740109306081e-05  -2.429108388944296610e-03  5.097701542919279988e-02  9.744610974535562178e-04  -5.661403081809440961e-07  -1.809301604126140907e-05  1.786393656758712380e-05  -1.602923172174244935e-03
-4.641483836008701461e-04  3.377873577832148783e-02  8.774242999697741115e-05  2.152875481550182979e-04  2.339020329686284557e-05  -1.150104240225247347e-03  -3.145234648455508698e-03  2.030906981712321882e-02  2.935948694237370599e-05  -4.067283635657735014e-05  -2.324943063658090989e-05  -4.176097193555956995e-03  9.746165714214859556e-04  4.627710979241531769e-02  -8.983841026413863669e-05  8.765132504964420182e-05  5.539288823590361064e-06  2.471604006151721243e-05
-4.193336957986328132e-05  1.312566222106833450e-04  2.167284486435347435e-02  8.764757748157769868e-03  2.930350911720089910e-04  -5.518060652043065421e-06  7.352465055840512963e-05  -7.194310473564223119e-06  1.491081170649217330e-02  3.251052611993323575e-03  3.527144240960235991e-03  -1.110211365557937483e-05  -4.123118124332868657e-07  -8.998301134338278510e-05  5.181355771624552436e-02  1.736727193884349089e-03  2.917004661093457163e-04  1.722597245692679120e-05
6.629988556525292012e-05  -1.152758379352553856e-04  -8.943208411722344819e-03  -1.713739471133430593e-03  -4.394594569983657534e-04  2.663696813284591836e-05  -6.407939331531276744e-05  1.201423608441138624e-05  -3.521780285658482508e-03  4.102460501695162349e-04  -1.368998741484822937e-03  -1.852396868308822612e-05  -1.918064616576050543e-05  8.788353615619393078e-05  1.737105300705409864e-03  3.937226837812135560e-02  -4.142461243497218217e-04  -4.133392493736979010e-05
4.023205096988869350e-05  1.838210665119817970e-06  7.941653443981913112e-06  -8.744341046536495399e-05  3.984008793029975709e-03  -1.634494287384817896e-05  -1.782748170481271340e-05  -2.758762810990232487e-06  -3.295183660995580025e-03  -1.056497367553486770e-03  4.013922214558944025e-04  1.022683590632275733e-05  1.770572144149910475e-05  5.506251802488621525e-06  2.920870420801587584e-04  -4.146491056575592605e-04  4.236667021967994995e-02  1.730330937493663920e-05
7.651986840167423858e-03  -2.855735024115784977e-04  -7.655645228887248224e-05  -4.232491967286795430e-05  7.604774954966735481e-05  -1.623527472196810125e-03  4.082649010427527592e-03  2.356677265054021864e-03  6.308555991917524388e-05  3.902226133950109237e-05  8.371160733491514591e-05  1.142907405169754599e-03  -1.602774370345172884e-03  2.412383815495736436e-05  1.682550266599530344e-05  -4.052181168626872200e-05  1.655841669575379901e-05  3.909691943899990668e-02
