4.576665247271596154e-02  -6.191471818688198221e-04  5.667910640765530793e-05  1.292281959602764108e-04  -1.004742144123566715e-04  1.166389948669380129e-03  3.463263509990006928e-02  1.031456262977001759e-03  -2.935720154747627276e-05  -1.407796595862937397e-06  -1.137488398504511429e-04  -2.664918329859293587e-04  2.239130026697662423e-02  -7.897778192208616908e-04  -5.207925516831808248e-05  -6.304478233535356496e-05  4.474843754497351175e-05  7.995703160443240129e-03
-6.192014700877667777e-04  4.538591810733343113e-02  -1.212883791959908048e-04  -1.206065694837119001e-04  -4.957261984918285476e-06  -1.427933745871154490e-03  -5.300008847548023884e-04  2.256345986169103202e-02  -4.366415450904869374e-06  -4.877722624016290624e-05  8.929584153907126152e-06  -8.596866677161585368e-03  6.864770524196739691e-04  3.466302856443986141e-02  7.109034839127512399e-05  -4.144745650485017521e-05  -3.303042292296554946e-05  -2.091758315405669558e-04
5.694955534794378539e-05  -1.213634192155818413e-04  5.043916382199199050e-02  -1.990403872843411227e-03  2.131326668719803717e-03  -8.199541212245044100e-05  -2.866226817834500369e-05  -7.739465505007827825e-05  2.300757148632909949e-02  -1.183473754204701395e-04  9.833746753402056867e-03  1.327824083403391000e-06  -5.634661862438729735e-05  1.227166366224191510e-04  2.275986325697303830e-02  -9.259733048641180519e-03  6.468292348144359313e-05  1.144928470705543796e-04
1.290027631186667508e-04  -1.205473141184470293e-04  -1.990331896975631489e-03  3.871146005380423499e-02  6.339228737505436849e-04  -1.349319162864372407e-04  1.513199601354613903e-04  -1.751637844298376987e-04  -3.865664144711307816e-04  4.286440536492029489e-03  -5.179060402633941249e-04  6.232978783514861953e-05  -2.751947247227966211e-04  1.647210765460407433e-04  9.650905408504264690e-03  -1.656792636177493745e-03  -1.592158268691825122e-04  -1.042361103194844329e-04
-1.013123430541811807e-04  -5.173478858716890425e-06  2.131996387756055714e-03  6.339413877017567199e-04  3.828248540250767801e-02  5.393113622085448419e-05  -2.428449666294219808e-05  1.006739200632215497e-04  -9.959223248462547098e-03  1.034092417692114578e-05  -2.235014336295030029e-03  -1.675850429644445180e-05  6.218522877271422100e-05  -7.584148395210460849e-05  3.674483856155431687e-04  -5.557182925769329172e-04  4.583599910889809594e-03  2.664925441096821919e-05
1.166158100281792674e-03  -1.427098193149803785e-03  -8.176570393455760406e-05  -1.349300422539276355e-04  5.357033490345647228e-05  3.592172959714629715e-02  1.789651301817744150e-03  8.751049041587074390e-03  -1.085111658373312315e-04  -6.271270706171574137e-05  -5.012701616838106304e-06  -2.339558972339753681e-03  -8.680475073260968469e-03  -1.604543764467369340e-03  2.478008727250623081e-04  -8.553126974757565388e-05  -1.094002092268274624e-04  -1.860386605953491057e-03
3.463290488588061794e-02  -5.300147223496858018e-04  -2.837697758572595621e-05  1.519915937340850383e-04  -2.380670111727181625e-05  1.789428059972324224e-03  4.575605803891885648e-02  6.243191953892819265e-04  1.105104301949782163e-04  1.581917386915295050e-05  1.079484437242931390e-04  6.059768448592619096e-04  2.114784300631682157e-02  -2.613346031018059980e-03  -3.296778889450961087e-06  -6.669807429166611193e-05  9.644016714461196496e-06  4.353235719555088694e-03
1.032348600937186070e-03  2.256397170736160890e-02  -7.685233993072925136e-05  -1.751317447268891530e-04  1.003199122954395229e-04  8.750031664283234450e-03  6.245375913675424873e-04  5.002640348466406983e-02  -1.679895635140724345e-05  7.250331356766465216e-05  -3.821081805214713553e-05  2.650943613564144159e-03  -6.204426719365900914e-03  2.150976464756774661e-02  2.323154101119348440e-05  9.017765137355326441e-06  -2.346731252190082862e-05  2.872086774152937325e-03
-2.924846523051709315e-05  -4.783294615841599295e-06  2.300726225749091455e-02  -3.867629385920595643e-04  -9.959339925974442301e-03  -1.094574652458128012e-04  1.111301584458121363e-04  -1.698007613933543374e-05  5.124286773325958944e-02  -3.653493506914638663e-05  -2.412655068600068863e-03  2.384466462494150185e-05  -4.687026409146884402e-05  1.035234594945980050e-05  1.572495708442834053e-02  -3.834051592663441105e-03  -3.684759013721354039e-03  -2.209816028667718480e-05
-2.238399143387543402e-06  -4.883364588692145253e-05  -1.182058323267061440e-04  4.286288292677098780e-03  1.035423838923050152e-05  -6.286174087696654034e-05  1.621150625948263309e-05  7.214498203970192368e-05  -3.684890882060653649e-05  4.242401340654852748e-02  -9.119819929980004175e-05  -1.029872821990186375e-04  -2.798908669366052067e-06  -2.966712530338628438e-05  3.420103243155999100e-03  6.654689641216828856e-04  -1.049964093619237815e-03  -8.413606667920166563e-06
-1.132247251211425051e-04  8.796925032621258608e-06  9.833661799731255662e-03  -5.180724267406850618e-04  -2.234876051335924450e-03  -4.998349051200666571e-06  1.084191589669979106e-04  -3.841290514254125881e-05  -2.413062221067158609e-03  -9.062370425203424213e-05  3.818792370384437029e-02  3.556947814097021485e-05  -2.473573731111675895e-05  2.384279589223618640e-05  3.781700402768775615e-03  -1.474008322791937669e-03  5.106127156384288567e-04  -1.965492106610500713e-06
-2.665272760297767449e-04  -8.596355893079199104e-03  2.907222575548110076e-07  6.283152434122070613e-05  -1.557652666544427590e-05  -2.338929999474204362e-03  6.058705471552025459e-04  2.651813895220076281e-03  2.367130114034755981e-05  -1.038560042575044812e-04  3.581316042979248819e-05  3.732358797073763446e-02  -2.426833851172825133e-03  -5.053437094334974761e-03  -1.758998416203033064e-05  -1.900804521097903906e-05  2.473764331676732642e-05  1.172720572049375026e-03
2.239194390888044062e-02  6.866237160975695092e-04  -5.629714807095679505e-05  -2.756668293023851590e-04  6.175295236413789720e-05  -8.680387759172019865e-03  2.114747341711485651e-02  -6.204413014425974940e-03  -4.674204305625859174e-05  -2.267472016420563738e-06  -2.424092094183123315e-05  -2.426840738544243977e-03  5.075620309093467619e-02  9.308810734794456662e-04  2.019191922535790395e-05  1.063091631049967140e-04  -6.387048943907536538e-05  -1.452240738466205544e-03
-7.900068182769879417e-04  3.466308051341542712e-02  1.224711475259403844e-04  1.649313921396252931e-04  -7.566841937354791374e-05  -1.603859470977948712e-03  -2.613444031659455796e-03  2.151012843519152160e-02  1.090116763816830676e-05  -3.018024257833546272e-05  2.396648000774080062e-05  -5.053553946780808825e-03  9.307280476653380635e-04  4.532525571373009071e-02  -8.817570000720098295e-05  9.148831547186854702e-05  3.815164309817687169e-05  -3.324647032890814115e-04
-5.209288867975887279e-05  7.129841120463232314e-05  2.275985606249790461e-02  9.650894967625597842e-03  3.671966692900800896e-04  2.485892868315036047e-04  -3.236468538825425414e-06  2.342199072704836165e-05  1.572510381120555828e-02  3.419845272701120282e-03  3.781595266437463247e-03  -1.851460911632224032e-05  2.018751265395201622e-05  -8.837215393689681268e-05  5.176058979714725367e-02  1.703467546435107408e-03  2.970589818356386171e-04  -1.217161062072382875e-04
-6.370383085354446246e-05  -4.184911697508728924e-05  -9.260051278143234185e-03  -1.656866500329579528e-03  -5.555331586493165389e-04  -8.621286407808402097e-05  -6.602012727809729027e-05  8.650666215864534321e-06  -3.834540146342221758e-03  6.656124089249034837e-04  -1.474432825993565342e-03  -1.844793443711707805e-05  1.052289520697455944e-04  9.155408729959590845e-05  1.703912588947198437e-03  3.912297988785082281e-02  -4.510354774432418640e-04  2.216018985156324294e-04
4.484715140348281538e-05  -3.319021907595823327e-05  6.463633806317796535e-05  -1.593767173914676012e-04  4.584208635838767261e-03  -1.109816715582209252e-04  9.447112747812430288e-06  -2.351010247797958005e-05  -3.684729583096117266e-03  -1.050058617489881474e-03  5.107304571181283271e-04  2.552595565384204818e-05  -6.356133148415061792e-05  3.763162780325344072e-05  2.972641529978886556e-04  -4.510617368170717623e-04  4.183549450723697549e-02  -4.877766972589563560e-05
7.995652110547297672e-03  -2.094362451679391646e-04  1.141491102595355048e-04  -1.044033465938018729e-04  2.810194807668219160e-05  -1.860416018682420781e-03  4.352859407504036313e-03  2.871764308491031505e-03  -2.163146921577311507e-05  -7.536909463521704447e-06  -2.429036441541699915e-06  1.172563503797223071e-03  -1.452756718408251433e-03  -3.324602733435142441e-04  -1.215729357324949280e-04  2.223491478557401246e-04  -4.941206015768384119e-05  3.886594546202645772e-02
