4.708735583089855570e-02  -6.865034457047195610e-05  5.942120375223758133e-05  6.160766042925785635e-06  -2.602042676046319194e-05  9.627082911253699582e-04  3.317166159415234350e-02  3.389730121856639991e-04  -7.783500206101175080e-05  -3.227607464749646386e-07  -1.008688750641060258e-04  1.096552430975021635e-04  2.039777518173288215e-02  -3.742280323585261731e-04  2.043216932087668958e-06  -3.713665985327232159e-05  -4.918919041995856856e-05  7.121217522726927714e-03
-6.866846027528359926e-05  4.650332612651571912e-02  1.538247486098801096e-05  3.351144172445758755e-05  2.246297967747487439e-06  -1.165552545347551877e-03  -6.291182746080400999e-04  2.064597714684433469e-02  -7.186952896448229706e-06  2.818351563176706888e-05  2.224499869623394624e-05  -7.524939116233032334e-03  4.614848160566687612e-04  3.335255381214494858e-02  1.144975843439501449e-05  -6.379614929329635033e-05  -1.235632448075059278e-05  6.386097057877062168e-05
5.945616462575966060e-05  1.536097131493876396e-05  5.123875844638173249e-02  -7.458332383725574779e-04  1.662968211728392542e-03  -3.540083155864183695e-05  -8.533847307253058666e-05  2.984298637269026206e-05  2.126261298217792597e-02  -1.459949178813062655e-04  8.295169779686528688e-03  3.310104990154430255e-05  2.558248883816928782e-05  -3.734761287275722351e-05  2.096902664187944715e-02  -8.343087722085532759e-03  2.028390919873473866e-04  2.567926832399287286e-05
5.992756615430946956e-06  3.347387575399827348e-05  -7.457120114033288479e-04  4.063087981267739929e-02  -1.363535039924753040e-04  -4.331218224198015473e-05  -7.313775299082821992e-05  4.038260636404117262e-05  -2.667375929331937726e-04  3.655423525960575099e-03  -4.138619135768961134e-04  3.381295006305457549e-05  1.948398259527469427e-06  -3.006412938908274967e-05  8.334129480399245574e-03  -1.502107550391381914e-03  8.673437795208804283e-05  2.914537983008864663e-06
-2.610977743069777383e-05  2.255281300958790223e-06  1.662993056626922966e-03  -1.362219928358136530e-04  3.909052206459106421e-02  5.271051725370610297e-06  1.086445053934308527e-04  -6.892045806949066125e-05  -8.995827519986655807e-03  1.177041368686832537e-04  -1.836621179785560658e-03  -2.886685114980446388e-06  -7.196902881850964623e-05  6.107030579399110449e-05  3.607306087684937555e-04  -5.710076979427153440e-04  3.789766375315834369e-03  -4.940131016524247875e-05
9.627330516205729553e-04  -1.165538875373501150e-03  -3.536644164978105723e-05  -4.223638431365970604e-05  5.474185566402309715e-06  3.820426432301162606e-02  7.624857899263651250e-04  7.967021822864123540e-03  4.675418654576939830e-05  6.735160017225539491e-07  1.800741096149193049e-05  -1.957593064453443978e-03  -7.542544229338669567e-03  -1.068409368012485702e-03  7.812935726407971282e-06  9.066896241389263926e-06  7.898641426115290704e-05  -1.351474012388572668e-03
3.317124922827622419e-02  -6.291733104514689095e-04  -8.540807538831838338e-05  -7.292334132949696750e-05  1.087319735500054770e-04  7.623219772311952110e-04  4.674046955504317091e-02  7.616192483749745050e-04  5.092063886952612970e-05  -2.227476287760591197e-05  5.656166968736839486e-05  2.534951167727752717e-04  1.963577015673021245e-02  -2.894594398510577302e-03  -6.093817052703584975e-06  8.633464821086932965e-05  6.565699381823707209e-06  3.686451702445661845e-03
3.392302594445328499e-04  2.064575349062261131e-02  2.996121689812267542e-05  4.022790517277036247e-05  -6.927567632961694811e-05  7.966489526467326540e-03  7.612623087012523491e-04  5.144040654207291535e-02  -1.352406021322029063e-05  4.421124509925660579e-05  3.795936584118749028e-05  1.055727120427027736e-03  -5.602682492414323180e-03  1.963270962743547329e-02  1.278616017593636669e-05  -4.779327143157374507e-06  1.613526005706202628e-05  2.594656052892319736e-03
-7.787678411169448992e-05  -7.214400056084635644e-06  2.126260368035111023e-02  -2.666018158233058200e-04  -8.995702286851864696e-03  4.711184645814246659e-05  5.111751024101116384e-05  -1.355610166048168751e-05  5.200685484106378625e-02  -1.804161968184761646e-05  -1.002946975698802137e-03  1.302348930474392497e-06  1.025284038262347180e-05  2.718834296157404576e-06  1.440302058572525898e-02  -3.277317991202841670e-03  -3.181591077780228111e-03  -2.909154980714511707e-05
-9.087233150263686203e-07  2.832872671457159695e-05  -1.461546043074304414e-04  3.655435519295571235e-03  1.178798575388131264e-04  1.673017582779736549e-06  -2.196338492560178887e-05  4.465963758095475486e-05  -1.805171802824573788e-05  4.242770559941734521e-02  -5.397489019180594529e-05  -3.675223613615379243e-05  7.744019095479374288e-06  -5.556833424167079968e-05  3.043466188799670222e-03  4.578051381575672400e-04  -9.171854234927166380e-04  -1.316227449084770355e-05
-1.018210596455897230e-04  2.204731047360722267e-05  8.295185176635371319e-03  -4.139525720006553746e-04  -1.836493109277075042e-03  1.909196570717599029e-05  5.738248098816908722e-05  3.782813039690203431e-05  -1.003357794664322053e-03  -5.379590406946400851e-05  4.064021721718688585e-02  -3.853253223865068416e-05  2.915832517512431939e-05  -1.010075155998005429e-04  3.213026723844940920e-03  -1.191536378411557498e-03  3.865229236717743037e-04  -7.274408510620530331e-06
1.096202402929956089e-04  -7.525098044935504132e-03  3.340945297726258365e-05  3.304169283761187808e-05  -3.424256674189093055e-06  -1.957303931911888884e-03  2.532725701868593945e-04  1.055723301387770157e-03  1.326121991050112311e-06  -3.648173820052949778e-05  -3.917384409176121498e-05  4.004779394149875910e-02  -2.537946578867702595e-03  -3.870503048482365222e-03  6.461978046130423920e-06  -4.485194576562336359e-05  -2.138215653330344257e-05  6.221880712724213143e-04
2.039766088340305011e-02  4.616173057533704796e-04  2.559763326496059370e-05  2.161231251526580183e-06  -7.172020012813227130e-05  -7.542350614326933690e-03  1.963610780550420834e-02  -5.602662697739103047e-03  1.019968899998520218e-05  8.055675854768214503e-06  2.887895552832227868e-05  -2.538417248123302564e-03  5.145024801595000918e-02  6.367214511731527976e-04  -9.929557359589200974e-06  -4.860501494723814859e-07  5.101170739988310649e-05  -9.145930448061402466e-04
-3.744877449379204934e-04  3.335339822671433418e-02  -3.738048301210237877e-05  -3.205915134019048725e-05  6.081914000461736421e-05  -1.068067205840211647e-03  -2.894171000020293299e-03  1.963270304825251791e-02  2.757013530811023654e-06  -5.537758434816987692e-05  -1.012542708574493876e-04  -3.870677927561974162e-03  6.370221995557814052e-04  4.651463313568595520e-02  2.170768412484650199e-05  2.047128434841285187e-05  8.189047770393412216e-06  -2.968776854035035627e-04
1.951944640568216850e-06  1.185247039134919132e-05  2.096900753048907065e-02  8.334161167094114239e-03  3.606479343008306762e-04  7.439868256339438033e-06  -6.134783592860061895e-06  1.265152483073847592e-05  1.440270768753904550e-02  3.043262501337836833e-03  3.213025544579551588e-03  7.180242456270340036e-06  -9.953913762240026533e-06  2.170808221995854285e-05  5.222373843520967951e-02  1.156652027154653293e-03  2.038061142391307419e-05  -1.075823828717730797e-06
-3.763238579539247370e-05  -6.425123184814542391e-05  -8.343085785893029557e-03  -1.502156921706743632e-03  -5.711054483016874675e-04  9.113210049864074166e-06  8.686193835774669617e-05  -4.577196709428578142e-06  -3.276800968159089642e-03  4.577806820110543189e-04  -1.191354492870354276e-03  -4.596118383072991760e-05  -3.391938123795383834e-07  2.012111748198319321e-05  1.156826155553962628e-03  4.027392435657427272e-02  -5.878468407292300040e-05  5.712979311909361228e-06
-4.944880613025714306e-05  -1.257729458158191120e-05  2.029831445955173675e-04  8.691039250323471382e-05  3.789874753713201594e-03  7.909276582826441863e-05  6.925438142750559584e-06  1.611484946044870016e-05  -3.181655191230696456e-03  -9.173094516756676205e-04  3.865193129151136241e-04  -2.088618208674378773e-05  5.087861928160375679e-05  8.814427881675531294e-06  2.045521885657649745e-05  -5.883391345627837462e-05  4.226599502606420006e-02  3.274328168991629434e-05
7.121508537300805762e-03  6.359044246165050857e-05  2.586727591585610261e-05  2.566774863646393407e-06  -4.984673663845550564e-05  -1.351549310961516585e-03  3.686221151000158933e-03  2.594101121253459229e-03  -2.919580726657077394e-05  -1.354056361065804330e-05  -7.159367823222127901e-06  6.224788878853839075e-04  -9.146958160772453682e-04  -2.964953388296614578e-04  -8.739747491856706860e-07  5.736034427082955294e-06  3.248629594387742315e-05  4.030082402533920888e-02
