4.586428716222207269e-02  -6.849609195104156456e-05  -5.548858402878074859e-05  5.139648959016918095e-05  1.380085611389424789e-04  1.634894391393194564e-03  3.422428112421160157e-02  5.254543071260995776e-04  3.344474874433411209e-05  -8.693187205095112937e-05  7.318379107786234926e-05  2.773317973679171073e-05  2.176666229640532649e-02  -6.780296471691146538e-04  7.568861264831257547e-06  4.123678691996274118e-05  -1.256088038240219191e-04  8.109925536179748637e-03
-6.851046809126176229e-05  4.626046798171429275e-02  -1.297852768324016660e-04  -8.437180574278757702e-05  6.401457069132816596e-05  -1.370295938357106967e-03  -5.567282937394924056e-04  2.152132001722237287e-02  2.798631063077535347e-05  2.447062481476465601e-05  -9.058744597501182188e-05  -7.713740290865813386e-03  5.209931034479206710e-04  3.419363425381910515e-02  1.246056998421197115e-04  -2.251086164565585296e-04  3.162414878044898727e-05  -3.761458077434757548e-05
-5.539107850821498307e-05  -1.296911532705091340e-04  5.049374226941849564e-02  -2.057234148795831791e-03  1.333746765893234053e-03  -9.392439381425453978e-05  5.160309507228893959e-06  -2.764357922977875770e-05  2.220077388580934258e-02  -3.477363878996146836e-04  9.069085194417573353e-03  2.065709986640143004e-04  3.011762405223789076e-05  6.793661318097661051e-05  2.245244649508275347e-02  -9.066753776459495970e-03  2.612918731878994031e-04  -7.256174886361915831e-05
5.132944566752214240e-05  -8.439091513310843556e-05  -2.057265976146855149e-03  3.793446521769095608e-02  -4.015957255103116377e-04  3.246754630712791209e-05  -1.112796963192443734e-04  4.022289984772066482e-05  -5.905394013561807718e-04  4.255672179225127201e-03  -8.619175004307223819e-04  -1.582936685628774266e-05  3.085314648194409170e-05  2.377236194601457092e-05  9.851211430255199866e-03  -2.120613423696050392e-03  1.847797416804056636e-04  -2.117999184848209446e-05
1.382269492390867760e-04  6.411892660102489741e-05  1.333798808535603675e-03  -4.018616572092085430e-04  3.942064224359306118e-02  1.823653417972665963e-05  4.707579009457251617e-05  -1.437814009273641954e-04  -9.404771881515139667e-03  2.088888983715551353e-04  -1.879879097714167151e-03  -7.191548943647702242e-06  -2.035966379308869689e-04  1.349011019254080430e-04  4.433078874383515264e-04  -6.725294183485932328e-04  4.028428131840258893e-03  -1.245561513698749455e-04
1.635584323664495635e-03  -1.370292823543191058e-03  -9.384992967162309320e-05  3.239994888127163773e-05  1.784682426562054247e-05  3.652477504340024411e-02  1.214820524098728528e-03  8.122140402034586093e-03  1.937293581203907247e-04  4.135880873458250967e-05  1.832494241059298657e-05  -1.532640646315077456e-03  -8.606089611168848963e-03  -1.015805969325199801e-03  -3.996552220703456003e-05  -2.344526969693645505e-05  2.146137505627419763e-04  -2.203212161876447108e-03
3.422500947310334884e-02  -5.563680821172410770e-04  5.521234970349676566e-06  -1.110024694420453278e-04  4.695799545477702381e-05  1.214703051558787324e-03  4.592511233590507169e-02  8.228529056957481101e-04  -3.522579996031780484e-05  8.125716382718735560e-05  -6.268827848626830031e-05  3.474575176152757999e-04  2.067597344524935155e-02  -2.797060014921599631e-03  3.437007241881694476e-07  3.470326190386746744e-06  -5.090813226330179311e-05  4.417343330858405567e-03
5.250644560347837199e-04  2.152172146809393574e-02  -2.760269452363539811e-05  4.028120839762157026e-05  -1.436472764089737552e-04  8.122083577998122014e-03  8.229809141177628871e-04  5.096406073536828563e-02  -1.142689774233605215e-05  -4.399667882395728787e-05  7.672360233573663046e-05  1.395523724753472156e-03  -5.932525038538179717e-03  2.057385836905889498e-02  1.596438729564530036e-05  -2.781051321522629431e-05  2.830779051994894484e-05  2.558633440542727993e-03
3.351298150563501396e-05  2.825666648283348654e-05  2.220073106703960783e-02  -5.901902394117589578e-04  -9.404706185851801487e-03  1.943659528900773092e-04  -3.528875647919661772e-05  -1.155650739516668513e-05  5.188195767729290170e-02  1.792375444379170501e-05  -1.537896497454161382e-03  -1.333447558419442118e-04  -2.062223533991578160e-05  5.063196905376256447e-05  1.522262913355752756e-02  -3.561763233281561511e-03  -3.342173472881922354e-03  3.552137589799083566e-05
-8.704230725787654235e-05  2.432430080322588064e-05  -3.475944057406271919e-04  4.255694104440304465e-03  2.088761901063273109e-04  4.095264604742535172e-05  8.116877577030544972e-05  -4.404846108030167462e-05  1.795661189292775402e-05  4.200572064528811100e-02  -1.479592478299780776e-05  5.623058265731482018e-05  -1.258982513480637203e-05  1.261572227264317719e-05  3.465692635339647464e-03  4.793980542154538155e-04  -9.819526345198272173e-04  -1.533262030759018676e-05
7.346361363828079788e-05  -9.051416790716639580e-05  9.069249121283729301e-03  -8.622186610132632134e-04  -1.879877198985248484e-03  1.874941489938857758e-05  -6.261818261079512660e-05  7.688826238399921174e-05  -1.538774465346775784e-03  -1.489422714456858256e-05  3.952654619007210657e-02  -1.951646410596143859e-04  2.577049087862584909e-05  3.374810476689007683e-06  3.574604775339636567e-03  -1.360096725215267704e-03  5.555756530763163257e-04  7.599246743503372732e-05
2.764943668031215874e-05  -7.713532462320329963e-03  2.066647745751683946e-04  -1.470163138504976468e-05  -7.321774441044586827e-06  -1.532565717964624874e-03  3.471921381734404278e-04  1.395840762280607314e-03  -1.338195205535760480e-04  5.737818026345876732e-05  -1.954913588154471920e-04  3.915965567490599375e-02  -2.715357138710293959e-03  -4.139103471568766554e-03  -2.187923618638091693e-05  -1.930765921605412296e-07  -1.379892777378743485e-05  9.714485709212240068e-04
2.176659395715617451e-02  5.207913595923354495e-04  3.022899704838780732e-05  3.060552135325032803e-05  -2.034629870220349974e-04  -8.605969576516251177e-03  2.067552581870347669e-02  -5.932435273950722142e-03  -2.055282782208409459e-05  -1.253999834660180583e-05  2.586366960433564917e-05  -2.715669022186943671e-03  5.089812798354099305e-02  8.475713622849745691e-04  5.180776434180859615e-06  -3.231711085912781540e-05  1.805405720385854212e-04  -1.627059537996171411e-03
-6.778584408436327986e-04  3.419357862495829570e-02  6.839185865233069123e-05  2.469143288941703902e-05  1.339674770731138695e-04  -1.016134050029620988e-03  -2.797268449483380961e-03  2.057401694877408066e-02  5.031661661808805528e-05  1.186876232920905855e-05  3.248159019590578242e-06  -4.139039049778903828e-03  8.472518467137106837e-04  4.608738112311940027e-02  -1.729316304664226954e-04  2.506910722258423206e-04  -6.923581230164199849e-06  -3.093124812175569683e-04
7.459770525014429888e-06  1.246765124707253306e-04  2.245212367903080472e-02  9.850798906873986516e-03  4.431941166844212388e-04  -4.006656300510837339e-05  1.531405916551948408e-07  1.593924917259210638e-05  1.522233362810252073e-02  3.465587539815731619e-03  3.574387002722642908e-03  -2.189825088684410896e-05  5.134917989410672585e-06  -1.730945229159599021e-04  5.162779046769210012e-02  1.536223122508173500e-03  2.867267000137379210e-06  1.574971432052913684e-05
4.061763749791249894e-05  -2.255242943031627364e-04  -9.066523634735706647e-03  -2.120789881601365789e-03  -6.722745962618983028e-04  -2.402783777879544629e-05  3.877017501474238671e-06  -2.775724439671783467e-05  -3.561499786756416180e-03  4.793020822480715528e-04  -1.360256465131059545e-03  1.274262632364966799e-06  -3.241202731836289778e-05  2.514633241736623616e-04  1.536764006086429463e-03  3.963408727473624604e-02  -3.713660052955532160e-05  -1.356059168875135184e-05
-1.252392463353480326e-04  3.164125463551072662e-05  2.618429511085431380e-04  1.851712806548983349e-04  4.028199091783975054e-03  2.146294068905472779e-04  -5.078611232937405820e-05  2.852911075459747331e-05  -3.342268031408940788e-03  -9.816426525410182000e-04  5.554702361462922648e-04  -1.240740421928361135e-05  1.803975078087211264e-04  -6.699609198472767944e-06  2.659454742452652770e-06  -3.715844757881093353e-05  4.225923045736876271e-02  2.518590570807758720e-04
8.109585183319958923e-03  -3.764992805581492103e-05  -7.257417575256049503e-05  -2.158198514010838050e-05  -1.243526164390211844e-04  -2.203351386309327503e-03  4.417305093975559815e-03  2.558228686655724966e-03  3.507214308799356048e-05  -1.436260560963333993e-05  7.551261453390018539e-05  9.714474092757794570e-04  -1.627588141333851214e-03  -3.095269848763795243e-04  1.586922137291156210e-05  -1.247299131320358097e-05  2.511619397182815049e-04  3.893988940031126167e-02
