4.713273822224336995e-02  -3.212513045795292862e-04  -9.799994826140289339e-05  6.805501326971372559e-06  9.246487621455603135e-05  6.094195460883877671e-04  3.273060836462742679e-02  5.816057598663019459e-04  1.064817246604300911e-04  -7.815909347805215056e-06  3.333207018918423636e-05  -2.845130257464294210e-04  2.016963095372182463e-02  -5.577378782233679329e-04  -2.909534608827431355e-06  -1.031373117669303012e-05  1.229407508951920662e-04  7.377421577973847060e-03
-3.212473785737867760e-04  4.731559726240851943e-02  -2.017896297287627018e-05  -4.385670787087492120e-05  -5.319893288114985283e-05  -9.311357307605981192e-04  -1.739917735929419514e-04  2.000884724821388669e-02  1.242194904471225058e-06  -5.277482521595989632e-05  1.226718125331133073e-04  -7.071280439233685114e-03  3.699780934302620357e-04  3.250442098110616768e-02  -2.922259541499356038e-05  2.047352508802036803e-04  -1.226581066572974725e-05  -1.127804218018336523e-05
-9.803449516071740459e-05  -2.026756879505930514e-05  5.158911768376442386e-02  -9.841727270642002499e-04  7.541574869080536810e-04  6.200757086726896110e-05  1.155867337495151411e-04  1.469198277457438626e-05  2.051535423341129330e-02  -1.059953683784933224e-04  8.161790524805350583e-03  -1.314084962057645331e-04  5.634722009471927929e-06  -3.300355266971735261e-05  2.058799195218517439e-02  -8.259698161041542294e-03  1.526238248258014155e-04  1.665340649512798841e-05
6.530508507478923474e-06  -4.394353508509278697e-05  -9.844029162013037335e-04  4.051869587995182709e-02  -5.091589203013401326e-05  1.476407311320110968e-04  -4.469321751633151230e-05  -5.436899213347975356e-05  -2.153599850761360685e-04  3.485652667783530403e-03  -3.330585114036310398e-04  8.827321361721550993e-05  9.164518335750495464e-05  1.458338374645418308e-04  8.177004793196831003e-03  -1.709633968487395215e-03  1.382642765898729157e-04  6.689303620625076409e-05
9.199178772467071015e-05  -5.309234962926823100e-05  7.543676074572739721e-04  -5.111903074711739994e-05  4.058432777732672719e-02  4.588624392968367667e-05  -2.753842773132267894e-04  1.233987522226328833e-04  -8.100665784853315968e-03  6.161504907642487529e-05  -1.576660549462355950e-03  1.338700805534432398e-05  2.139831383419563268e-04  -3.945867978206940780e-05  2.708086323784818683e-04  -4.138811540724940245e-04  3.542521375596806993e-03  2.140503412928814874e-04
6.097327474379167717e-04  -9.310461567697651819e-04  6.251595108678549323e-05  1.477292329020310838e-04  4.585159414477459706e-05  3.895670100004307995e-02  1.068580026550352375e-03  7.549271261341927025e-03  -1.077529020808413481e-04  -6.288385575895751240e-05  2.035160776353382429e-05  -1.575868836838155429e-03  -7.554909858442492715e-03  -8.665727571960152222e-04  -4.750800377315184830e-05  7.051820645532334169e-05  -1.645608582434353415e-04  -1.908349346212690183e-03
3.273105783843936051e-02  -1.736093485448665229e-04  1.151324013644159001e-04  -4.542726571399094133e-05  -2.756778989961073171e-04  1.068460716880288881e-03  4.699750892755847481e-02  3.990629565184003968e-04  -6.677886340886633818e-05  1.319408064300939211e-06  -9.736024623508374458e-06  4.722094688171979719e-04  1.912958524751840958e-02  -2.911583810168752104e-03  -3.214900074057148354e-05  1.122726662528340699e-04  8.170730282848813833e-05  3.631734260994886037e-03
5.815545294010563814e-04  2.000866162166819312e-02  1.476511228488361246e-05  -5.394115750661390929e-05  1.229812445399321478e-04  7.549478947986660617e-03  3.989936595914396738e-04  5.148617485143953260e-02  -1.087837635213620595e-05  5.327291591285542071e-05  -6.791376362444399048e-05  9.091189714651705606e-04  -5.514628958433052258e-03  1.924028435861762851e-02  -9.905156261609575829e-06  -3.657825598224816952e-05  -5.764671783056606909e-05  2.455804095472685980e-03
1.066477508318371039e-04  1.192147170152427810e-06  2.051539147267062921e-02  -2.152374397550297941e-04  -8.100784784410564043e-03  -1.085942373226802225e-04  -6.686171912793727515e-05  -1.110081841912625925e-05  5.228870761703828529e-02  3.999633814247918084e-05  -1.013123973389709219e-03  8.757279569076365162e-05  -2.325190888666187359e-05  2.313629726396675493e-05  1.393462568534396297e-02  -3.032572362547828002e-03  -2.910767535767126712e-03  -3.395210306985995503e-05
-7.527681141359202991e-06  -5.260751962965861707e-05  -1.056141143652737706e-04  3.485687553732472969e-03  6.161038194168299415e-05  -6.297763525990117785e-05  1.070173220601203009e-06  5.319087622858242561e-05  3.990484073539327358e-05  4.249696547379246125e-02  2.972421191317866070e-05  -7.722205648125841839e-05  9.759088157563672902e-06  -3.585769193511122372e-05  2.948928160229933020e-03  3.700400372719298741e-04  -8.662971947344403007e-04  -8.014570057340404338e-06
3.327875994057780747e-05  1.230447167782404633e-04  8.161674746864003641e-03  -3.331451811866316393e-04  -1.576526513014009064e-03  2.057571447366858818e-05  -9.589840638597180563e-06  -6.684963590642270320e-05  -1.013373845198376269e-03  2.962496891649823877e-05  4.059207826780480977e-02  1.431879931766689138e-04  -4.476655660669437436e-05  -3.655756000387670144e-05  3.060564203699729386e-03  -1.141907096957896738e-03  4.075419231435241678e-04  -1.098168059354337261e-04
-2.846328637788656489e-04  -7.071189510101202023e-03  -1.318384417760641971e-04  8.835548017652015843e-05  1.315434450053918947e-05  -1.575637659648284521e-03  4.715703594629823154e-04  9.092145194288967988e-04  8.749773443333139049e-05  -7.713931089417429071e-05  1.437125405368313549e-04  4.049782415015704823e-02  -2.488791779566762452e-03  -3.594337379286857963e-03  3.156024366601023685e-05  -2.893194601213087969e-05  4.410723971823850288e-06  4.913361488292721348e-04
2.016974386635558836e-02  3.696149511091964893e-04  5.872964602312957134e-06  9.181954792863833003e-05  2.140079423693180501e-04  -7.554737399266857160e-03  1.912931876231604988e-02  -5.514620022239064348e-03  -2.308382304115015184e-05  9.742460466847390241e-06  -4.487609634580267580e-05  -2.488860941121833099e-03  5.139871441913515526e-02  6.888763769223908099e-04  2.604000398855891828e-05  -7.192598969764545168e-05  -1.831549067892977722e-04  -1.147142687850523151e-03
-5.575563880144806389e-04  3.250457920703555409e-02  -3.302425217841842059e-05  1.458602181397691225e-04  -3.896102600831314011e-05  -8.669529302977110885e-04  -2.911098256263889433e-03  1.924027915403578315e-02  2.318028981960456916e-05  -3.577983073745024295e-05  -3.669971440975225121e-05  -3.594553320907903447e-03  6.885248068767070876e-04  4.709523864229143986e-02  5.301288973568959745e-05  -1.331706176077355433e-04  3.605296471636439668e-05  -3.021034979539715315e-04
-3.045871496784080053e-06  -2.956153363104756379e-05  2.058770793273866084e-02  8.177039491416543404e-03  2.706142164775671220e-04  -4.747066607599928549e-05  -3.188455329107243796e-05  -9.852829647344751304e-06  1.393476895129528229e-02  2.948762444879052171e-03  3.060607562905845111e-03  3.162828667745182676e-05  2.590156908626294803e-05  5.265043779267441251e-05  5.211664598773988605e-02  1.247097388083546381e-03  -6.252435867276225317e-05  3.457990299063788605e-05
-9.276812565468141986e-06  2.046092185648533553e-04  -8.259571399703447697e-03  -1.709490366904654803e-03  -4.137211367091090178e-04  7.072102126705651862e-05  1.113176728346210718e-04  -3.617311629250116945e-05  -3.032572919660278792e-03  3.700870497497204116e-04  -1.141754805464068956e-03  -2.840991296285563615e-05  -7.136653067638677988e-05  -1.320706036249679903e-04  1.247342110399609402e-03  4.026060057053874874e-02  6.519134943235245820e-05  -7.719431065887467588e-05
1.233187487199682679e-04  -1.248218900109087893e-05  1.528370545647785180e-04  1.381506683289728356e-04  3.542120682811345823e-03  -1.640073059112095077e-04  8.142396130959781147e-05  -5.722965065786054769e-05  -2.910684887646457827e-03  -8.663748947538327076e-04  4.077000672211022634e-04  5.327167630339140241e-06  -1.830325091454467965e-04  3.599611156456088574e-05  -6.249003172479278897e-05  6.519951139217950874e-05  4.250244291859624907e-02  -2.214123827109627882e-04
7.377438318924306286e-03  -1.107242650983207730e-05  1.654328284361342654e-05  6.710604244205234544e-05  2.143474102139797681e-04  -1.908281843710609793e-03  3.631660320471991055e-03  2.455857348708093309e-03  -3.362095099690147362e-05  -8.186950315393432407e-06  -1.089916518707374028e-04  4.913410497477056944e-04  -1.147401798722773834e-03  -3.020171982458351857e-04  3.465146266091673004e-05  -7.787460860973912345e-05  -2.220969973767814205e-04  4.011256115612806677e-02
