4.744520061087397628e-02  2.694639089260491226e-04  -7.416069463546173519e-05  1.343451239165550993e-05  -1.448919601198004523e-05  1.263360850369079236e-03  3.247141941264762577e-02  2.038908117347626328e-04  1.111000871316770669e-04  -4.459194368827569313e-06  1.770844071634020481e-04  2.046305387396612780e-04  2.019054097575203460e-02  -4.704072588501973505e-04  -2.485412484711366145e-05  1.422197094212739990e-05  4.302378776919611909e-05  7.312882450948546449e-03
2.690611360803650391e-04  4.717757659103558043e-02  -1.255809589111693818e-04  -2.326495663324938418e-04  -3.810087956263863565e-05  -1.409437895380988900e-03  -4.497478462306477996e-04  2.024715648713716273e-02  -4.782538000743145694e-05  2.610759893157965785e-05  -1.241011238939747776e-05  -7.438189635210448909e-03  1.471580654810491205e-04  3.255316393578163575e-02  1.203478879615899093e-04  -8.409503507783641499e-05  -1.831442007963876283e-05  -3.198830360779613921e-04
-7.398409865343828491e-05  -1.256123737599187289e-04  5.115680094274895756e-02  -1.161244208866972190e-03  1.365255357922600093e-03  4.735842737417158432e-05  9.799948353776602851e-05  -5.265443246739941028e-05  2.080915406457109137e-02  -4.570713271008300935e-05  8.461026901502941705e-03  1.185762555797948099e-05  -5.255302777335553834e-05  1.473435727216716577e-04  2.069483907217372839e-02  -8.322242319680678291e-03  4.828971239768405479e-05  -5.998855256518312599e-05
1.354521119886455265e-05  -2.320827959872929158e-04  -1.161512822012529186e-03  4.021339841992278841e-02  -7.104070010719048026e-05  -4.113914508334494895e-05  -2.423197655271815847e-06  1.172355030129782261e-05  -2.388121632428836778e-04  3.398346208174197504e-03  -3.731290481772116621e-04  -2.797598569974815138e-05  1.594263553951668152e-05  2.196577665011196026e-04  8.469610466941333501e-03  -1.864901524208695087e-03  -2.158473821238962278e-05  -1.720594001339282431e-05
-1.440587443486751909e-05  -3.814263104849593744e-05  1.365852214432728166e-03  -7.116921942624412456e-05  3.986258314879857767e-02  3.576365922950391484e-05  -1.042776270728333339e-04  8.051376355334401234e-05  -8.685731818494793130e-03  2.603159145324037371e-06  -2.101102044047125413e-03  -3.284187380600589771e-05  9.682688826104208319e-05  -4.718417859565507752e-05  2.607216717890059338e-04  -4.105044287636445553e-04  3.417347608641114337e-03  9.762811171983151390e-05
1.263658594016438654e-03  -1.409370854906835929e-03  4.750546614020106429e-05  -4.111022192275941625e-05  3.539075064346362500e-05  3.782037680314932759e-02  8.206316241552445755e-04  7.889094780100186846e-03  -6.635419867469965257e-05  7.489680869913640658e-05  -1.378447456851436412e-05  -2.059511160781503543e-03  -7.753930983740822333e-03  -8.401205512392186320e-04  -9.556519600207750769e-06  -1.348798693423819806e-05  -7.094636244890600667e-05  -1.845931962849887802e-03
3.247134835172058726e-02  -4.501940993242960275e-04  9.754507414398637627e-05  -2.768862171987467589e-06  -1.040956869679665603e-04  8.204411984535243257e-04  4.732002979376899454e-02  9.361907753594448820e-04  -1.251356072778230400e-04  1.251975694769371550e-05  -1.712167199413263308e-04  -8.414464811938121526e-05  1.932208733743057127e-02  -3.342901194288660800e-03  -3.115470550984697157e-06  6.032208748600720425e-06  5.447216639206744675e-06  3.531649471842084487e-03
2.037485681671205985e-04  2.024800318655644443e-02  -5.229337926023278619e-05  1.137540039405763796e-05  8.023719158100252465e-05  7.889074673914111407e-03  9.370729677724442706e-04  5.121207430067528654e-02  3.925463751516600409e-05  -9.130402574769507841e-05  -1.258974266244308282e-05  1.360947305985828410e-03  -5.648253584605645791e-03  1.942501179989158597e-02  4.233378692909621596e-05  -1.775224577115673769e-05  5.533319510833276148e-06  2.321669440053147297e-03
1.111845186072670595e-04  -4.773416339956684058e-05  2.080907152516997885e-02  -2.387537601841405123e-04  -8.685503857869500063e-03  -6.692158390740108698e-05  -1.255918069511122517e-04  3.948279189596130015e-05  5.200503229215153872e-02  -1.408484397087751455e-04  -1.342582685360780648e-03  1.481430404135569997e-05  3.267478611773986597e-05  3.103698053913305292e-06  1.415720965813898127e-02  -3.188164605664758205e-03  -2.998884589364349696e-03  -1.162346226286358765e-05
-4.384459475314605581e-06  2.569357446836886683e-05  -4.619607903087209337e-05  3.397982737663652730e-03  3.042420947148893300e-06  7.449718645166293520e-05  1.248207391037853808e-05  -9.175466697127160429e-05  -1.407647837568338296e-04  4.258293122437743772e-02  -2.075259185940531615e-04  1.040329389255751296e-04  -3.089877712005145694e-05  3.667137915890882071e-05  2.963015877583640573e-03  3.799280955029164190e-04  -9.431450530620849419e-04  -2.747142884391529937e-05
1.767724590828922331e-04  -1.192505020090982705e-05  8.461185894227602963e-03  -3.731874790122631535e-04  -2.100846954941862094e-03  -1.390162633818958848e-05  -1.712886641035479146e-04  -1.257854540246658311e-05  -1.343072997909701329e-03  -2.073136201654594173e-04  4.012106471545275749e-02  4.219286521078311701e-05  -1.545121477983876581e-05  5.888738572182053931e-05  3.185339273771715940e-03  -1.160715462338612154e-03  3.588376366256585282e-04  -2.924351644334520920e-05
2.043185462853503343e-04  -7.438315097865758063e-03  1.160882759413502348e-05  -2.793393585218928004e-05  -3.173949647382727523e-05  -2.059324198718842994e-03  -8.400873564942482605e-05  1.361371738322529092e-03  1.520160188134165392e-05  1.031274687581353662e-04  4.165100094137110437e-05  3.980352981157427722e-02  -2.233060294055091294e-03  -3.748696588675987876e-03  -5.494332569816435348e-05  7.799069532913635420e-05  9.798969556615604707e-06  9.065109790395076876e-04
2.019072284466621667e-02  1.470969861120572069e-04  -5.230642545637283376e-05  1.567556767412264587e-05  9.654881433271784638e-05  -7.754056236648152953e-03  1.932224468548632973e-02  -5.648180738234575941e-03  3.240457817627296841e-05  -3.060762601545667682e-05  -1.538046322560397119e-05  -2.233074205666737803e-03  5.133790705628331341e-02  9.986350290675258343e-04  2.889119295237217727e-05  -2.600897587558742007e-05  -8.612045551377765307e-06  -1.114545947189424973e-03
-4.703643723160396231e-04  3.255276694575314628e-02  1.466967316051602760e-04  2.195217449012546937e-04  -4.687360567749177946e-05  -8.397992776556979268e-04  -3.343299261513662819e-03  1.942519956667051670e-02  3.237529592844267499e-06  3.678362162484493839e-05  5.866267611271143960e-05  -3.748732866822837313e-03  9.981910916260429596e-04  4.711300745667621609e-02  -1.311475987937734051e-04  6.754097047151838020e-05  1.521387139219055205e-06  1.597868648564043246e-04
-2.508168889508796689e-05  1.204430650243663831e-04  2.069500204787223796e-02  8.469414763227243320e-03  2.603544855293910194e-04  -9.886049131194802659e-06  -3.396809604417892949e-06  4.278635947111657635e-05  1.415723438024035774e-02  2.962951248622656009e-03  3.185588576866710264e-03  -5.567309224343474700e-05  2.927403000826795973e-05  -1.316280255710657260e-04  5.212760560188638842e-02  1.205894640906719079e-03  1.818604065369224497e-04  3.865936018623517082e-05
1.372210248593277036e-05  -8.399956162576848124e-05  -8.322417853117391323e-03  -1.864831981666131367e-03  -4.105332844538002305e-04  -1.240988159801514995e-05  5.261929524116402996e-06  -1.782586474379754376e-05  -3.188155086964184360e-03  3.800902179986964885e-04  -1.160907292366905076e-03  7.863723181666968721e-05  -2.614951280402850559e-05  6.786774271493192052e-05  1.206249873417193988e-03  4.030397474604828500e-02  -2.627371079310179933e-04  -5.253202319034508882e-05
4.275108550740231751e-05  -1.811519483874502723e-05  4.876739438868833579e-05  -2.132439427441160942e-05  3.417389472452842750e-03  -7.050620295745180796e-05  5.462798215929358207e-06  5.225764439850086791e-06  -2.998679774032377444e-03  -9.431036587133609156e-04  3.589764307527594706e-04  1.102707588499301995e-05  -8.733488773196882793e-06  1.695681545260864119e-06  1.819201091492044788e-04  -2.629489380819967836e-04  4.253978863794761339e-02  -3.663201798533693152e-05
7.312065114721098477e-03  -3.194093844558844905e-04  -5.968704433596296722e-05  -1.718969725188681323e-05  9.736589167541229942e-05  -1.845685508595237877e-03  3.531640511466275101e-03  2.322116180777272429e-03  -1.207835065309745017e-05  -2.720592310730478270e-05  -2.896743126109608112e-05  9.063853696386535647e-04  -1.114783167206575241e-03  1.590324382040721272e-04  3.816410114948473923e-05  -5.179869533795285322e-05  -3.730912442668461124e-05  4.015990301287638425e-02
