4.580256031235133835e-02  3.189311034220938917e-06  3.141804922768527897e-05  9.411532509450565298e-05  -1.925740453318676979e-04  1.412770788959398505e-03  3.474577578043693687e-02  3.514474527363548734e-04  1.446387684422743341e-05  -3.814095125196870570e-05  5.019178957834113274e-05  4.103698414453162569e-04  2.196484252870170920e-02  -5.949246389481894267e-04  -1.240601501322834106e-05  -9.300975719025330441e-05  1.544664092145241993e-05  7.937700800822754255e-03
2.556258084088017291e-06  4.575595045442219094e-02  -1.021065396580388249e-04  -2.476653173283708230e-04  -1.442868320008967502e-05  -1.371126730020068773e-03  -6.693420153808850043e-04  2.211107841582654610e-02  -1.136125595901075931e-07  1.012762969059782889e-04  6.476703080174167594e-05  -8.150205386767110302e-03  3.730034706502989052e-04  3.476364584621011167e-02  5.196667551289237136e-05  -6.631654192897982049e-05  -6.226424394689828443e-05  -3.369586275718477824e-04
3.142054660128956083e-05  -1.020625017619676951e-04  5.062521827500209015e-02  -1.373672680379896998e-03  1.498708217883277681e-03  7.715876573799666586e-07  -3.555041480115972582e-05  -7.380894597075204368e-06  2.280297160714644597e-02  -4.208798070280922958e-05  9.795910443857181599e-03  -1.734075057183987324e-04  -4.501549110884027607e-05  1.019446369929441894e-04  2.278377753716336745e-02  -9.697990153898895446e-03  2.024786994518428331e-06  1.155480329954029447e-04
9.395480850620655292e-05  -2.475107815040942876e-04  -1.373815110061491407e-03  3.914893933441246365e-02  2.779406521413090112e-05  -3.302227019669744267e-04  8.186324084072390899e-05  9.354211128312421531e-05  -3.873329834964135926e-04  4.433654115228657759e-03  -4.987994378443370326e-04  -2.713926205126003066e-04  -1.837610703465619949e-04  1.494119714817862783e-05  9.420823610740166817e-03  -1.877138333983993006e-03  -1.303149087243068484e-04  -5.493095657284001969e-05
-1.925398490509286928e-04  -1.446183664032852353e-05  1.499142490090244395e-03  2.805949997889389182e-05  3.899374716277626690e-02  -6.439864258034711604e-05  8.488580698274657461e-05  1.071913711856141031e-04  -9.370947405069683656e-03  -6.153175112517637066e-05  -1.915544192165168254e-03  6.966729107304707610e-05  8.729678017498762794e-05  -9.607100402292750797e-05  3.332775899719302376e-04  -4.162185825182646275e-04  4.481550403157287879e-03  1.022240829031581229e-04
1.412655650521030563e-03  -1.371361052411985103e-03  5.607178321534824541e-07  -3.303529917036426649e-04  -6.446705858307138202e-05  3.653558856235322033e-02  1.231608112597483342e-03  8.810242848351296577e-03  -1.287280734065098116e-04  2.006407131785550065e-04  4.848718422620490053e-05  -2.182890098587651762e-03  -8.598997894536861836e-03  -1.249317290543296025e-03  2.145844083459137546e-04  -1.044463223420972645e-04  -9.005246181942776283e-05  -1.823935110939942398e-03
3.474570352502980713e-02  -6.697978617867373198e-04  -3.559516799446829898e-05  8.246376305309539997e-05  8.419741762827420109e-05  1.231269390857102006e-03  4.560331710382303089e-02  1.183600174344745168e-03  2.446435820548499310e-05  2.492976019656578305e-05  -7.277650658057148632e-05  4.157410808167635218e-05  2.123691689942520250e-02  -3.063171576430355654e-03  -4.656622749763940052e-05  4.234443425226589380e-05  8.971471025793258873e-06  4.505969292639929076e-03
3.511296210432076834e-04  2.211217734076624530e-02  -7.253627285523955180e-06  9.349956969192176363e-05  1.073807238606564113e-04  8.810280466276137687e-03  1.184087694387540857e-03  5.044143850181322108e-02  -2.590251643162413598e-05  -2.088601077193707252e-04  -9.347268294705780877e-05  2.041272176805520970e-03  -6.158845111056782291e-03  2.122760177732134837e-02  7.185650192827383045e-05  -5.293635547901824698e-05  -1.656419879073307377e-05  2.520929149706723025e-03
1.456127467683855740e-05  2.399978978871682003e-07  2.280289514402599263e-02  -3.872585024195507038e-04  -9.370813292675372191e-03  -1.295410667767351004e-04  2.446721143261093278e-05  -2.574219911122362480e-05  5.136913185789810515e-02  -2.773301407626678548e-04  -2.348788439511449461e-03  1.327895304274388886e-04  -3.147139534660890888e-05  3.393636995759402103e-05  1.566738605767900930e-02  -3.895048870255490413e-03  -3.607616510090383248e-03  -7.905868942808631707e-05
-3.797079634196395999e-05  1.011448579277649825e-04  -4.206451866598809065e-05  4.433808718485469057e-03  -6.165665205803372794e-05  2.007165386493813181e-04  2.533591863017860282e-05  -2.090413290060564818e-04  -2.774372471116056532e-04  4.228339912209428536e-02  -3.912367968901293435e-04  3.195887810460449415e-04  -4.916157172323633193e-05  5.492860933872818340e-05  3.507350912700170006e-03  4.760479639358382721e-04  -1.156473942153251775e-03  -7.857038337910728424e-05
5.098113598969996821e-05  6.456266356409986324e-05  9.796069588581528265e-03  -4.988959935003570286e-04  -1.914943549728672853e-03  4.799143231556953453e-05  -7.178330605947238964e-05  -9.259263508215306914e-05  -2.349178561277996246e-03  -3.913725239359640783e-04  3.824352376498664496e-02  1.826386812314128823e-04  -2.050019404077713602e-05  9.205882781881145687e-05  3.786112126831350441e-03  -1.607000448561247963e-03  4.819497783505896724e-04  -1.108790317850524344e-04
4.099164458030480924e-04  -8.150573140563189059e-03  -1.733888990357775061e-04  -2.712278544436576701e-04  6.974855684852297776e-05  -2.182694719816283182e-03  4.258678540377888738e-05  2.042063843792728609e-03  1.322306581569019973e-04  3.197469121085968059e-04  1.830547788858169131e-04  3.815427613408813728e-02  -2.511662443290972081e-03  -4.521576371834530421e-03  -1.128003601572113773e-04  9.175615853225020072e-05  4.382350110610109612e-05  1.421935410241744911e-03
2.196520015924324776e-02  3.729180719648709889e-04  -4.503057700325446242e-05  -1.837836462510237764e-04  8.766454825311729569e-05  -8.599095259619852702e-03  2.123647230710997910e-02  -6.159070930389984669e-03  -3.189209274199865672e-05  -4.923895229793828543e-05  -2.173376775870074475e-05  -2.510946727002610034e-03  5.054065293576298634e-02  1.099247768513661374e-03  -8.074059880920686339e-06  8.493394289662549131e-05  -6.633047478159958448e-05  -1.969897242524025135e-03
-5.947414217476634617e-04  3.476316640062408758e-02  1.018223234656268306e-04  1.472205220856099532e-05  -9.676898486497010070e-05  -1.248750827309739238e-03  -3.063214628976231209e-03  2.122818108683465627e-02  3.385425118158366865e-05  5.515736768685928582e-05  9.365045511817613692e-05  -4.521974842131136312e-03  1.098679991886642240e-03  4.564051131099045727e-02  -1.051409584529689953e-04  1.159055143031999447e-04  3.940079022952646380e-05  -9.071269567251648183e-05
-1.199563703359635773e-05  5.130539336633824563e-05  2.278369621997192868e-02  9.420872731553989535e-03  3.331563962692911775e-04  2.145618623694595280e-04  -4.651487666781225306e-05  7.184484900524499846e-05  1.566735348614031048e-02  3.507074657126713502e-03  3.786168518027801123e-03  -1.126286662592394631e-04  -8.161193936974903498e-06  -1.056618552320863253e-04  5.146432995033427271e-02  2.254317249863702684e-03  4.214520354952206978e-04  -1.026845367909055026e-04
-9.251330063602604295e-05  -6.611481256994195346e-05  -9.697681478022008791e-03  -1.877368498040594795e-03  -4.164732199234679410e-04  -1.039131756420360778e-04  4.345009995837347986e-05  -5.214407166578363277e-05  -3.894995405677886303e-03  4.766968678655066505e-04  -1.607212919014120237e-03  9.214096016076455775e-05  8.567304961500882905e-05  1.149307583408112747e-04  2.254704274353942078e-03  3.837168511411927219e-02  -5.920010981095697161e-04  1.858959121186672385e-04
1.533206711394919248e-05  -6.248209839638675764e-05  1.822428792263616935e-06  -1.303809775267837298e-04  4.481572052595902099e-03  -9.059184260819473894e-05  9.833996405458452958e-06  -1.664004578701559398e-05  -3.607940328009292923e-03  -1.156390197893543545e-03  4.816232448435375682e-04  4.440747982971169320e-05  -6.619653224673662135e-05  3.895610028136014494e-05  4.215494192582367556e-04  -5.917212098224377669e-04  4.211686198363230604e-02  -9.127919249152780835e-05
7.937136028542082777e-03  -3.363049960897100069e-04  1.155337823823908005e-04  -5.498447769709353196e-05  1.025796539600517415e-04  -1.823799621768044249e-03  4.505856885059233291e-03  2.521184134943719925e-03  -7.959709495415866188e-05  -7.871411433358535667e-05  -1.112960538163184395e-04  1.421731457355058636e-03  -1.970308236943264096e-03  -9.153039001831190331e-05  -1.040372676268880786e-04  1.864349053483747712e-04  -9.161991473745324192e-05  3.825869673472122312e-02
