4.607198110940505242e-02  -1.918227653200511417e-04  -1.354031159705448139e-05  -4.195917955506965423e-05  -7.642647119608405291e-05  1.018576647142285709e-03  3.437921730476247578e-02  4.959278053367313947e-04  9.086788419842553241e-05  1.103556962469885024e-06  1.995024961205204271e-04  1.729197385172399860e-04  2.162773083013001113e-02  -5.608897827966450667e-04  -6.106391552700774445e-06  2.736004089079683405e-05  2.101581527041838275e-06  7.814723592756041282e-03
-1.917874001406937306e-04  4.600053325588789738e-02  -7.708735507468192949e-06  -1.132202646802523284e-04  6.161234295016348561e-06  -9.756159591065967579e-04  -6.308377411775161489e-04  2.173537130563817088e-02  -4.294149721498720659e-06  1.103809987165326075e-04  -2.950497020779721515e-07  -7.964107113584801070e-03  4.035014629990118086e-04  3.441652239714175499e-02  1.948936204089374730e-05  -4.387106292129390819e-05  -2.315762086313946649e-05  -4.023748490382334842e-04
-1.329613581434287148e-05  -7.725680869481070192e-06  5.105550872538537621e-02  -1.277290980148057054e-03  1.304194723124382478e-03  3.107293026907952523e-05  2.285228313355524053e-05  5.289618039311947876e-06  2.238020040512446462e-02  -1.089913335022375861e-04  9.463567156246108919e-03  3.529614748109448450e-05  1.917498232949858727e-05  4.509711109263786130e-05  2.227802058054958664e-02  -9.187276676180218885e-03  -1.821351605284517750e-05  -2.910178383586583083e-05
-4.242927630375396836e-05  -1.130326595240886196e-04  -1.277768267635445362e-03  3.944079494837724603e-02  1.801877062772938663e-04  -7.199823866548910262e-05  -6.389025168095081961e-05  1.356209307797619191e-04  -3.718499004429766885e-04  4.180414806178439462e-03  -5.210921163897228557e-04  -1.155760312135094986e-04  1.317511161336132168e-04  4.399163731010385974e-05  9.136856466552670253e-03  -1.663668938152785366e-03  -1.769973376803033697e-04  6.313157469988632878e-05
-7.653167980655783736e-05  6.161776595266286763e-06  1.304812443027073389e-03  1.802407653299623773e-04  3.939574235868406604e-02  4.906809696526873247e-05  -4.200452610565114648e-06  -3.363155007210844494e-05  -9.111305852861269552e-03  1.697177339882951263e-06  -1.780394120251949704e-03  -1.123505118874579152e-06  2.521805990008954221e-05  -6.435846200873751068e-06  2.249313950110806400e-04  -3.142088857880263267e-04  4.467210406943545806e-03  5.020021359455743327e-05
1.018952865348764268e-03  -9.751650685306437845e-04  3.108108386519114130e-05  -7.194942683651468567e-05  4.918764440776318903e-05  3.766012431046059789e-02  1.225134605586485591e-03  8.320945842989431462e-03  3.170312549101366264e-05  1.818626948139115667e-04  2.488972113743917369e-05  -1.958037264061359296e-03  -8.265291681141382144e-03  -1.137156259577102495e-03  -6.947231174292357783e-05  -5.430432953562772211e-06  -6.520257351951318843e-06  -1.745602156520882154e-03
3.437903800335578158e-02  -6.306367833460369736e-04  2.295599546985510991e-05  -6.412440503893689081e-05  -4.386152218130631674e-06  1.224890584018997839e-03  4.591473661767371539e-02  8.694375428876860087e-04  -8.469893824720420793e-05  -1.108849617432384240e-05  -1.230179679403345513e-04  2.928971387534066843e-04  2.078831307334313636e-02  -2.916217350783925806e-03  -7.072787548383827480e-06  4.793778647629977428e-05  -5.910684228724910247e-06  4.167454363059228638e-03
4.959561350044212500e-04  2.173588327163035461e-02  5.332860173976128029e-06  1.354096726614272277e-04  -3.369796218176895837e-05  8.320498477216975095e-03  8.699269875381966492e-04  5.056915565430425419e-02  6.021999801889302139e-06  -2.194396551964653713e-04  2.200206391376099269e-05  2.145784272695468609e-03  -5.963785619492046296e-03  2.090495971057099167e-02  2.662237178464225382e-05  -7.695250522501217053e-06  -4.528969838639533834e-06  2.685797389644480927e-03
9.137294871572744330e-05  -4.041037927573938491e-06  2.237979908639636459e-02  -3.720429560649532257e-04  -9.111405495369843607e-03  3.155855046389129814e-05  -8.466052497438348277e-05  5.842585004766819772e-06  5.145645043508145083e-02  -1.984619859859724567e-04  -2.238484931577620386e-03  -4.149334058922527202e-06  -4.617224186357922969e-06  1.411744661772946027e-05  1.533491947899485834e-02  -3.645047040046941675e-03  -3.504318902340301627e-03  -4.134718049447031087e-06
7.171622228408560235e-07  1.100609891001308330e-04  -1.089428434500095848e-04  4.180254906549306544e-03  1.571722896640755614e-06  1.819143352981464324e-04  -1.122906751946308922e-05  -2.196612567475541623e-04  -1.984841885482733950e-04  4.236291593581073545e-02  -2.930120735515880440e-04  3.031960922084339649e-04  -3.963496498636112300e-05  7.343391814219042235e-05  3.393883855370938025e-03  4.937668062108970619e-04  -1.078165855032206565e-03  -2.964620744304921602e-05
2.003140763903287077e-04  -1.026174848543707742e-07  9.463126033387808667e-03  -5.213898611511700448e-04  -1.780260592035237980e-03  2.513570827108184180e-05  -1.230915808562648111e-04  2.204978564932595620e-05  -2.238580518101292334e-03  -2.928851074324387033e-04  3.846573791614067012e-02  -4.723374781705494353e-05  -1.233814992588790168e-05  2.273698792213161386e-05  3.690444922441350924e-03  -1.454473617675710239e-03  4.319801679861505917e-04  -2.556271052824948437e-05
1.729873122746023784e-04  -7.963960109068994250e-03  3.510109514148877796e-05  -1.159589668454558728e-04  -1.434445316611322987e-06  -1.957684139109785657e-03  2.930102960384913164e-04  2.146318411197956251e-03  -4.290132568940567613e-06  3.021818151620574828e-04  -4.766898718897539334e-05  3.817100174133827156e-02  -2.537313267494427458e-03  -4.598249963397242623e-03  -5.824513464328237908e-05  1.624513609753054806e-05  -2.941649270145910034e-06  1.116865598465229719e-03
2.162693864706468141e-02  4.036789095500476171e-04  1.937016887718512342e-05  1.316521304583372813e-04  2.524022189724833004e-05  -8.265768290246494968e-03  2.078870876630371789e-02  -5.963774308736094661e-03  -4.578673484315973620e-06  -3.976450569597216533e-05  -1.217613930076165375e-05  -2.537151107886506662e-03  5.088729757774076295e-02  9.313530944890965587e-04  1.921588912031011023e-05  -6.090390737412276772e-05  1.710249946392976902e-05  -1.535634149969197781e-03
-5.609502214707063044e-04  3.441667735056506278e-02  4.475354079686726555e-05  4.393983234440140411e-05  -6.524808390882233865e-06  -1.136816879961303171e-03  -2.916386308865620992e-03  2.090538386508816737e-02  1.421901027880408748e-05  7.305876216793235429e-05  2.218737293543712250e-05  -4.598351521089736986e-03  9.318168216180985593e-04  4.582007907344624181e-02  -2.365348054158431998e-05  -1.558551180000988798e-05  1.274179025191807786e-05  -1.700044071663301868e-04
-5.964323264740961038e-06  1.954163340280598579e-05  2.227798249572860573e-02  9.136725983378392660e-03  2.250494240533370475e-04  -6.957491021864803426e-05  -7.136368358484105346e-06  2.660888446832314930e-05  1.533427632239492064e-02  3.393951377423693513e-03  3.689463527146007865e-03  -5.809807796741531179e-05  1.959838949210631348e-05  -2.366631506425265162e-05  5.179586844244154359e-02  1.710631758406059959e-03  3.534580159682855212e-04  4.979418834630390349e-05
2.626034704656488939e-05  -4.374308243714100750e-05  -9.187181280678960102e-03  -1.663566869406414919e-03  -3.143255987017041630e-04  -5.701218481956652731e-06  4.793363167048769567e-05  -7.170408942345229059e-06  -3.644934203477976503e-03  4.937268860776642537e-04  -1.454495393658968580e-03  1.630852892485133937e-05  -6.099893481562004198e-05  -1.488515645776337842e-05  1.711153077685985445e-03  3.928538217226350271e-02  -4.945744092964935194e-04  -9.067916499467672492e-05
2.567019869497853906e-06  -2.302777622321862072e-05  -1.822936654820175531e-05  -1.769838447117275094e-04  4.466978021877804177e-03  -6.590756417397312077e-06  -5.943519146260197224e-06  -4.456380542642860896e-06  -3.504589862836877262e-03  -1.078325280082358334e-03  4.323010078833552168e-04  -3.136814711295234900e-06  1.697607669819391627e-05  1.391572546166619178e-05  3.534239639054556235e-04  -4.944278652566683717e-04  4.205128557371076020e-02  1.327398495787454696e-05
7.814331931261721265e-03  -4.027943037135660082e-04  -2.918295268694777274e-05  6.366380143139443700e-05  5.090341937746919088e-05  -1.745986307519220527e-03  4.167396604890799203e-03  2.684923531449239301e-03  -4.213931501284262808e-06  -3.064473755274142882e-05  -2.456404812065505447e-05  1.117611055701801153e-03  -1.535550495529550662e-03  -1.696012271607837997e-04  4.907396662195776524e-05  -9.152916477119810710e-05  1.344913795808930814e-05  3.888766143561180055e-02
