4.687362334466511210e-02  -2.485217805689474515e-04  -2.764091209275753289e-04  -3.066862033193669892e-06  2.273258082902304656e-04  7.274822211836957063e-04  3.322631432496247345e-02  4.831911869697025266e-04  2.803432209826877785e-04  -5.775008688637179628e-06  3.749851600135041714e-04  6.255421088143424738e-05  2.050544568242426702e-02  -4.683515823361868017e-04  -6.330979395657951748e-05  1.303877294796174557e-04  1.923554321466011411e-05  7.188821330575918822e-03
-2.484233971075851537e-04  4.667507754708329071e-02  -1.296191630386817647e-05  7.758181162990435880e-05  9.684001822377956257e-06  -6.975355425593743764e-04  -5.395022230319215708e-04  2.060249341094070111e-02  -1.700881258416099345e-05  -2.856087359999479451e-06  -2.431166280344262506e-05  -7.449948605823780538e-03  4.086084301648208392e-04  3.335672691160671693e-02  2.072994974653710038e-06  2.566147334957482161e-05  -3.674239365403285471e-05  -1.791379623489747089e-04
-2.762524399647001399e-04  -1.278072127186147916e-05  5.148964180378573507e-02  -9.300846993710214575e-04  1.129173092056711672e-03  2.475957104499665673e-05  2.977323088466161298e-04  -2.806184354316843639e-05  2.112371446681965068e-02  -6.937264161637950535e-05  8.445686397108407781e-03  -6.787135694012597629e-05  -4.969571896190636478e-05  -2.353905103165793326e-05  2.105067377948749777e-02  -8.466039805199852830e-03  4.397009183874362847e-05  -6.223509878431870003e-05
-2.654346211731901862e-06  7.776009174792611117e-05  -9.297536335991052163e-04  4.045941996682378416e-02  2.091097817760970308e-04  7.278473145905338794e-05  7.559729113846971134e-05  -3.357648537216427291e-05  -2.203887564223964448e-04  3.688289644341719280e-03  -3.518428918204619853e-04  -8.204593308388461728e-05  -7.683179210708089210e-05  3.692058355224715218e-05  8.368789068076925783e-03  -1.546213520430712472e-03  -6.554113701069224892e-05  -3.208125707425629834e-05
2.264595324899863575e-04  9.279952177322582904e-06  1.129436245085757833e-03  2.090476169969576953e-04  4.003733509013043812e-02  -9.306548611456230420e-05  -3.452713524706236192e-04  1.722817402915954258e-04  -8.518057543200714329e-03  3.455022391609911548e-06  -1.617917152967111600e-03  -2.480466924952780361e-05  1.074897204493132719e-04  -1.372635721684815565e-04  1.953469346637094620e-04  -3.286792444835199786e-04  3.857317432149210377e-03  2.858060219034632562e-05
7.271160079872924500e-04  -6.980165297719341999e-04  2.496007223289203937e-05  7.218405155385882333e-05  -9.296074099458753878e-05  3.879483238919125693e-02  1.094131040807903637e-03  7.685108705778468177e-03  -1.269406427279946338e-04  2.456642879406325305e-05  -4.582179372885782743e-05  -1.763223458309725851e-03  -7.710796143821110199e-03  -1.040602493426550550e-03  1.211239257501689048e-04  -8.795818539436908723e-05  7.256191272996120675e-06  -1.586249229150599616e-03
3.322595557485016199e-02  -5.392499242657409824e-04  2.979985599363669689e-04  7.573584382611533831e-05  -3.454462200870181215e-04  1.094075404971884278e-03  4.660150347577177166e-02  6.736461188738049723e-04  -2.966250922364442990e-04  1.885698384232060418e-05  -2.865196484976313533e-04  2.989770447673566179e-04  1.969522773958379963e-02  -2.876472044676699116e-03  -8.238273189498662919e-07  -4.269885670729739853e-05  -4.768146166595850006e-05  3.650023071800225557e-03
4.829083391816754137e-04  2.060279880063602825e-02  -2.788711270201268253e-05  -3.390538065819570756e-05  1.721130859832293225e-04  7.684861066167602076e-03  6.738526452458767609e-04  5.125059716037314028e-02  -2.264465567172253523e-05  -1.432118538185406578e-04  -1.077482877636628731e-04  1.331987064240581792e-03  -5.643136935477862694e-03  1.972750929588043198e-02  1.415278177022133732e-05  -2.661619395148092073e-05  1.737195179952922368e-05  2.606083775937130011e-03
2.801925512209329019e-04  -1.706047842529691337e-05  2.112357692334962747e-02  -2.206129851592914329e-04  -8.518096052662016415e-03  -1.267628745408312359e-04  -2.965528706000197584e-04  -2.256392773096979563e-05  5.198392454042752298e-02  -7.732504247902032414e-05  -1.313911023874909717e-03  7.059301474715104388e-05  6.993576260196806530e-06  7.825567111739988209e-05  1.439688505720706016e-02  -3.261702277191582192e-03  -3.157588659124770623e-03  1.912988208998835207e-05
-5.764158658750661320e-06  -3.038420153672707788e-06  -6.963512319473027558e-05  3.688032041319952176e-03  3.638014829015707430e-06  2.446624528385949672e-05  1.923299520912640040e-05  -1.435163547037367595e-04  -7.745382379966331060e-05  4.249644914594406797e-02  -1.259982063695255490e-04  1.721143776973619785e-04  -2.493942386128838643e-05  5.776699813432259885e-05  3.043347043194133232e-03  4.432302404395390165e-04  -9.349028029903713949e-04  -7.241347344069207914e-06
3.746650281439853976e-04  -2.359429294274031485e-05  8.445666205320303405e-03  -3.522048380467722819e-04  -1.617996930868676863e-03  -4.589684398963563483e-05  -2.848381336808220401e-04  -1.074944400702871478e-04  -1.314151372063914998e-03  -1.255726030080740394e-04  4.010312269613317687e-02  1.101727710085508423e-04  -4.139944639715377380e-05  1.998222137897517155e-04  3.242304627354142699e-03  -1.215032594246972381e-03  3.842914935090580388e-04  1.938412319246048089e-05
6.293169916128030087e-05  -7.450519643017328685e-03  -6.818249167511565242e-05  -8.068499251550903127e-05  -2.511319176390138392e-05  -1.762760140823046301e-03  2.988394497872093932e-04  1.332067509277448485e-03  7.049649976697476323e-05  1.725722739153731449e-04  1.108383400318422945e-04  3.963615416879284065e-02  -2.507373311633666595e-03  -3.957582525369038491e-03  -3.559764944920776916e-05  1.260419107508930993e-04  2.861508969571744309e-05  6.893859977199057578e-04
2.050496392907772900e-02  4.082693343611232652e-04  -4.966212497352925323e-05  -7.709539213901111566e-05  1.074116227798632212e-04  -7.711084139899128734e-03  1.969524241187296451e-02  -5.643167567487192803e-03  6.880658781266444713e-06  -2.443812321084923691e-05  -4.063418152460131037e-05  -2.507293137011383857e-03  5.137917135108043681e-02  6.757822430186400308e-04  -1.600605353060230961e-05  1.142737954676078655e-05  1.941417955211091888e-05  -9.162432587356928804e-04
-4.685827490137451723e-04  3.335669394632408136e-02  -2.347605552918452903e-05  3.701573249427938774e-05  -1.376688667232956159e-04  -1.040218625449967297e-03  -2.876434388251887866e-03  1.972785750135080604e-02  7.838901404068755567e-05  5.767745623424397079e-05  2.003273492773983804e-04  -3.958008466127759493e-03  6.759274968079848284e-04  4.649052937238545152e-02  5.307890499701053577e-06  -1.086101598582741115e-05  2.274979524287018380e-05  -2.175221323129236607e-04
-6.322163044083317456e-05  2.003981002501337742e-06  2.105079446819363778e-02  8.368913584601291381e-03  1.952690315500580070e-04  1.209966608937128486e-04  -6.589053679838728578e-07  1.427236926799422900e-05  1.439710498501156274e-02  3.043346768849972562e-03  3.242337809822666908e-03  -3.597154200826908899e-05  -1.618867895950045345e-05  5.230178464510893149e-06  5.219663899167248378e-02  1.180424215727489705e-03  1.433959322424187776e-04  -1.644627614253667123e-05
1.303211203474221062e-04  2.577595845242205942e-05  -8.465989981978807449e-03  -1.546385336599343397e-03  -3.288128144532875222e-04  -8.867551491674243737e-05  -4.232381673536525312e-05  -2.669357711907271546e-05  -3.261981838308598489e-03  4.431421064907415655e-04  -1.215009680386053888e-03  1.263780537652282334e-04  1.063057752007113139e-05  -1.090333868242333076e-05  1.180769684921331155e-03  4.022942864720138734e-02  -2.223046716656046362e-04  2.236863811049430130e-06
1.929720065464217519e-05  -3.699719530392567914e-05  4.436797390615001825e-05  -6.566463601082615841e-05  3.857041134189864370e-03  7.369671922862967687e-06  -4.797076856477370253e-05  1.714032744699578280e-05  -3.157863095017267394e-03  -9.349622709420327095e-04  3.842740755693999544e-04  2.896765756582779999e-05  1.948271087477950673e-05  2.279468112932367765e-05  1.433456120868634165e-04  -2.222833847030867009e-04  4.228529078918376316e-02  -1.020504725407007696e-06
7.188388560923020254e-03  -1.793987137532299873e-04  -6.250343204431526233e-05  -3.180300768246001509e-05  2.852410024841308975e-05  -1.586409840506794152e-03  3.650010898196830254e-03  2.605899516006740437e-03  1.882025213637769035e-05  -6.017180601651209943e-06  1.882255766193927107e-05  6.896939949727256408e-04  -9.164665113624117284e-04  -2.177426460848895442e-04  -1.627124035211227084e-05  2.943499933642640015e-06  -1.427845444553623283e-06  4.027215909239251213e-02
