4.611410309392137419e-02  -1.149503419009283476e-04  9.735024467891904406e-06  9.419458161446135830e-05  1.102391335254622928e-05  1.123381706319957285e-03  3.448405863790948711e-02  5.371390424085168650e-04  -1.397977080809595481e-05  4.767809076300011240e-06  -3.748445063370662195e-05  8.261990605053539641e-05  2.189389521265331859e-02  -6.878901987170571615e-04  -2.519651812206922415e-06  -6.911658683631776020e-05  1.653268238585522298e-05  8.192245684652542034e-03
-1.156326591119667538e-04  4.568872930348712863e-02  1.670918819471037438e-04  7.130316837878136814e-05  -5.040813989928278726e-05  -1.862852150539121227e-03  -5.143555438241315374e-04  2.191980391231627967e-02  5.697405605923342077e-05  4.866859092092561757e-05  7.755383642570390693e-05  -7.859707404392181698e-03  4.919854929588934455e-04  3.434937380524492184e-02  -2.074114556271686269e-04  2.971788288149394158e-04  4.145127209496210117e-05  -2.159309334280638750e-04
9.675763006342347449e-06  1.670703157224236125e-04  5.042101041655194793e-02  -1.488189607713518185e-03  2.186656095579171677e-03  -9.877458281112020582e-06  -1.298640999297068251e-05  5.038927371846393037e-06  2.255185700536036647e-02  -1.663103723785423608e-04  9.137890272060052513e-03  -1.057704639571034475e-04  -8.132319942187160155e-05  -1.341139051235717636e-04  2.238928328508866736e-02  -9.119558114411605021e-03  1.196920678937227808e-04  -2.280309200726965353e-05
9.461843958450748780e-05  7.100037769670872515e-05  -1.488214564458981582e-03  3.922222032806711028e-02  -9.734884601408813447e-05  -1.857021975292588104e-04  1.022583828929470262e-04  2.843694370692519667e-05  -4.354889050218868477e-04  4.187795768476048654e-03  -5.400450119907327989e-04  -2.005051013928553939e-04  -2.178084346080368409e-04  -2.355768358168371915e-04  9.455350116959509305e-03  -1.744145107863403652e-03  -2.564587086296840423e-05  -9.252689898401300595e-05
1.111645395093643667e-05  -5.001954903230636359e-05  2.187244992208437454e-03  -9.749809685054384111e-05  3.798082171723110578e-02  -1.650008689211260500e-04  3.861349688141155607e-05  3.367510364977716850e-05  -9.790525554993087520e-03  5.195939260110147862e-05  -1.966007666460885695e-03  5.426842825645834090e-05  3.262115678982894135e-05  2.722707030925592713e-05  4.670385985501651844e-04  -6.100620985070751923e-04  4.335038154959484739e-03  6.395243772742269532e-05
1.123437679268377790e-03  -1.862694188669457686e-03  -9.509233768704296078e-06  -1.855064767206783094e-04  -1.654842764491527710e-04  3.613673583996419164e-02  1.242625505248982649e-03  8.997052754758870161e-03  -3.064159901517006068e-05  6.907361554868588296e-05  4.226489115767630584e-05  -2.164082539634042644e-03  -8.200691970337055034e-03  -1.497846639485783497e-03  1.466447201697245557e-04  -6.914297528638857862e-05  -8.946943358648718262e-05  -1.770181127514340244e-03
3.448428857262023084e-02  -5.146820951821855141e-04  -1.303147649131749340e-05  1.021570691982765487e-04  3.859261866868626015e-05  1.242704638327886716e-03  4.568119494510588380e-02  8.863502050015304497e-04  4.091407729181559537e-05  -1.350258056554758882e-05  -2.138914597237642336e-05  3.586024824879165021e-04  2.093566390951265982e-02  -2.942141717015651393e-03  -4.046600885409041599e-05  7.986864168368328217e-05  5.894466089485445780e-05  4.358243844758553399e-03
5.369135357507333556e-04  2.192008703780491327e-02  5.093925401787502386e-06  2.879529576262812820e-05  3.363359229333816948e-05  8.996783823166218733e-03  8.867937718924257147e-04  5.090319184037871147e-02  1.224891409044597875e-05  -9.441624991886611484e-06  1.229759867129950635e-05  1.258128641696173913e-03  -6.026354317372433281e-03  2.093346147195794191e-02  -3.408214596766362549e-05  -4.889267484651398289e-05  -2.293888194643165331e-05  2.531359485616243351e-03
-1.408861319816352385e-05  5.707441692643584253e-05  2.255214660132083201e-02  -4.352829627493141331e-04  -9.790815092518343268e-03  -3.120357727060623466e-05  4.066763617282930242e-05  1.235664080902946288e-05  5.181849354966488325e-02  -9.240686137761480734e-05  -1.373055806260009906e-03  -1.472616977122935478e-05  -2.691539838544554548e-05  -8.209568538189395868e-05  1.550387832995247898e-02  -3.807567184689489379e-03  -3.538225156937694921e-03  -2.486054796018019667e-05
4.779889873322926835e-06  4.859129476503423588e-05  -1.654669027290675142e-04  4.188021612567524588e-03  5.187362253158925594e-05  6.927822032035848405e-05  -1.361373656837650051e-05  -9.418040618571266162e-06  -9.230477066247283219e-05  4.217080499297169022e-02  -1.250484126286014526e-04  3.111299887375813740e-05  1.578230787923074868e-05  -6.380461934810927158e-05  3.472334285648298515e-03  4.145628357034937040e-04  -1.114390289250809761e-03  -4.705509589370792105e-05
-3.786078749431127005e-05  7.752035618963088034e-05  9.138804436298256575e-03  -5.392318683942630073e-04  -1.965829614027014231e-03  4.164429309724106750e-05  -2.135039789386856669e-05  1.237180958581835941e-05  -1.372883584545851699e-03  -1.251092700077304865e-04  3.976138092717238642e-02  -2.334971880684632320e-06  1.648160170926266666e-05  -1.694854802008064539e-04  3.727749466868345019e-03  -1.678225291118877471e-03  4.616865342140694627e-04  -6.073025654351786395e-05
8.287314630189868711e-05  -7.860417985452144984e-03  -1.057898174140530027e-04  -2.007204502952237321e-04  5.510017884414452211e-05  -2.164762857947079028e-03  3.583349457968474988e-04  1.258399413554108816e-03  -1.409707151826332763e-05  3.093430100576721254e-05  -1.969607462698818617e-06  3.937281172625951842e-02  -2.717213472787794164e-03  -4.210458024191738279e-03  6.390149326465584300e-05  9.227635913191116579e-06  2.951903008197242172e-05  1.146256114654691785e-03
2.189344547384597384e-02  4.918760586264481292e-04  -8.167939552698209936e-05  -2.177054219270618417e-04  3.256667064173542276e-05  -8.201217352150525983e-03  2.093567968118934669e-02  -6.026097034978873321e-03  -2.725509137222180636e-05  1.551168887993472210e-05  1.597733621663925617e-05  -2.717065969262512978e-03  5.067960601711328505e-02  1.036111446952096577e-03  -2.308521807425094514e-05  7.002448389997922883e-05  -1.869272991478977046e-04  -1.843940606226386440e-03
-6.877231951152499136e-04  3.434936209815005886e-02  -1.339769600175240872e-04  -2.364608930171192055e-04  2.705469363369180359e-05  -1.497636828400947338e-03  -2.942469041260853749e-03  2.093384235123196130e-02  -8.205029883870092536e-05  -6.406260900819486434e-05  -1.680571434730054696e-04  -4.210667068171610253e-03  1.036718752540696916e-03  4.570455259561631567e-02  1.910209209817163704e-04  -1.721729342083811495e-04  -4.342146057623095899e-05  -1.607547701238684168e-04
-2.812953391546487041e-06  -2.072805768910456294e-04  2.238908621958453360e-02  9.455507667146791084e-03  4.668610778405558881e-04  1.463869702450896516e-04  -4.049564856175592707e-05  -3.403547308025631327e-05  1.550372311802041859e-02  3.472069290053997684e-03  3.727199176401803371e-03  6.399204785802194118e-05  -2.319820011971650706e-05  1.909485866432403896e-04  5.163121410707852826e-02  1.830287686268188864e-03  2.873204377128849062e-04  -6.561766050244877450e-05
-6.859235237629991570e-05  2.975142298836584666e-04  -9.118787277304503738e-03  -1.744105440181948534e-03  -6.103273918255264783e-04  -6.840106222367149853e-05  7.997411946728018848e-05  -4.900043093698750206e-05  -3.807648847848242417e-03  4.147695028090050973e-04  -1.677324365852846067e-03  9.097926202543005434e-06  6.970689180280655549e-05  -1.725432486513664421e-04  1.830702238278592194e-03  3.908732334866436148e-02  -3.964035152881420498e-04  1.813307066402730162e-04
1.658289358754405583e-05  4.106615059871306843e-05  1.203131204612691452e-04  -2.589239055890837370e-05  4.334633235110330572e-03  -9.020913794086135964e-05  5.855397590166497356e-05  -2.275989616805130399e-05  -3.538146316908685318e-03  -1.114357991534934518e-03  4.618267408437319891e-04  2.943806291942130922e-05  -1.869909132851918542e-04  -4.292290289634549184e-05  2.870061320857675855e-04  -3.958310189705118191e-04  4.210998823588753964e-02  -2.481869879484430099e-04
8.191826678147688320e-03  -2.157758521119773599e-04  -2.300120389683984741e-05  -9.289825684017558288e-05  6.339163453736217850e-05  -1.769895084080220496e-03  4.357863010527906686e-03  2.530946884622142963e-03  -2.454475296641718394e-05  -4.695827234174713576e-05  -6.079746123539789829e-05  1.146176702305515228e-03  -1.843800281702064059e-03  -1.606788713898854961e-04  -6.557339004166772315e-05  1.818388913376254288e-04  -2.477709255646623151e-04  3.851816550406657325e-02
