4.726814979874495448e-02  -2.769915016616717691e-05  3.239345955387094985e-05  -7.610040815911062878e-05  2.483324073959368981e-05  6.183410187403930343e-04  3.273451207561168391e-02  3.605303772344164125e-04  -4.243036395610442948e-05  -1.108433616404941274e-05  -8.002222104047147658e-05  7.858964629275263483e-05  2.000628989357304197e-02  -4.702095743649953676e-04  -1.744429631221313315e-05  1.410973612271231319e-04  7.510474296038379339e-06  7.071700944161355210e-03
-2.789719851580770534e-05  4.696110060526144381e-02  2.277061500707881309e-05  2.901937698933220187e-05  -1.163136200185182530e-05  -7.317037421213264115e-04  -3.785366234494991211e-04  2.007346106793857915e-02  -9.803175815450923547e-06  -3.540276241922018900e-05  -2.336145369578788731e-05  -7.254489282029739222e-03  1.878926690340343051e-04  3.298884544923078727e-02  -2.851076444963422942e-05  6.123165163913624339e-05  2.506946070972087835e-05  -2.964792884028767130e-04
3.234518301330609148e-05  2.292387398771167771e-05  5.170507984218199876e-02  -8.157764019342948108e-04  6.895182432488501743e-04  7.414255704731776049e-05  -5.265728616618070497e-05  3.995057254697200009e-05  2.068936585960528748e-02  -4.373157025132492571e-05  8.451530906232167933e-03  -5.995142922603593190e-06  1.452082298019776302e-06  -4.511993880183194075e-05  2.060694674769659313e-02  -8.134974463650017362e-03  4.768937093331738391e-05  -1.431679261642884976e-04
-7.573875067835014123e-05  2.865167547379424238e-05  -8.155485807222769392e-04  4.064809246860458247e-02  -2.859694396640412978e-05  1.623260249987778050e-04  -7.384049513056310712e-05  4.350423142894991295e-05  -1.845974350636107831e-04  3.513230619070803300e-03  -2.598829373818391589e-04  2.530889340991510154e-05  1.104882384543359378e-04  -3.107138226381806704e-05  8.170400591062552606e-03  -1.498120656473379483e-03  1.033691295180959848e-05  -2.502489630308026456e-05
2.448373573393860888e-05  -1.133431142789353940e-05  6.893525302535527186e-04  -2.835869672423674701e-05  4.076110728121448701e-02  -1.066454473791980758e-05  1.196617357481562491e-05  3.427656667114541574e-06  -8.111053452866997387e-03  -8.833319209162039413e-06  -1.686390255239804620e-03  -1.131205831156929227e-05  -1.680579737859352754e-06  2.111723784112738567e-05  1.952142454233742551e-04  -2.615922564555366557e-04  3.644050123296817441e-03  3.041980215410354606e-06
6.187331856316310519e-04  -7.315264696680206504e-04  7.404989182005486587e-05  1.620841025971670650e-04  -1.039021366294249765e-05  3.953349862894418865e-02  8.974120558497213247e-04  7.439650944101617973e-03  5.224413259894812631e-06  -4.133454016639803496e-05  -3.611574881110171998e-07  -1.729803603446647712e-03  -7.377780226663272801e-03  -6.982987110797617787e-04  -8.735456168962375833e-05  -3.169118209973800402e-05  -1.435277867624266412e-05  -1.530765912401582359e-03
3.273358894749108655e-02  -3.785688428059772685e-04  -5.265854490165864862e-05  -7.431734293055897698e-05  1.201505323600457116e-05  8.969895695185935809e-04  4.697590616822004683e-02  7.456039456297847189e-04  2.170534993422366712e-05  -5.034345718666382264e-06  5.844640900519878460e-05  2.150699051614839846e-04  1.934342756597995719e-02  -3.168932551235953757e-03  3.842142456604257086e-05  -3.909485552934123612e-07  -1.606403516860265668e-05  3.460699819792243011e-03
3.603924908753202241e-04  2.007309092655703772e-02  3.964876206646537600e-05  4.315591068413385305e-05  3.270974450328494163e-06  7.439372696930716782e-03  7.459553265594090401e-04  5.125071740307771823e-02  -3.908572721892056649e-07  7.023533900473294389e-05  -1.207821496150149877e-05  1.345377417281460285e-03  -5.569500697477354316e-03  1.945840041496877185e-02  -3.142718345305795696e-05  -1.688670454000847074e-05  1.455409453598331663e-05  2.517620846275946817e-03
-4.216902308806974098e-05  -1.023789218968998477e-05  2.068953795944478841e-02  -1.842001092347110710e-04  -8.111010715226919451e-03  5.319732620496466582e-06  2.160630244135276041e-05  -4.654296283381030806e-07  5.202449736678779052e-02  -8.419785494052048510e-05  -1.427574947729235181e-03  1.396668969926030894e-05  1.004509877665830001e-05  1.771918008219249254e-05  1.405717344093851580e-02  -3.079965543456325994e-03  -2.994865049153638825e-03  -7.944561346428992855e-06
-1.088870954418951465e-05  -3.548644678689857375e-05  -4.402054742903077839e-05  3.512735221523923673e-03  -8.870110624067223496e-06  -4.083152597989962501e-05  -4.667175234015397917e-06  7.057712781502168103e-05  -8.437399360324311236e-05  4.261821096125265051e-02  -1.383400823252098615e-04  -9.498553220104369158e-05  1.774260903136993614e-05  -2.264127566884431461e-05  2.933055786413248708e-03  4.106855356780244964e-04  -8.952880593594423264e-04  7.571558966543582626e-06
-7.969688690737327145e-05  -2.386281674651365858e-05  8.451596857963650233e-03  -2.592921188516579501e-04  -1.686541727419165436e-03  -9.946878173024044644e-08  5.847620195526648219e-05  -1.189899864021916730e-05  -1.428083635492979116e-03  -1.380111766063588812e-04  3.996122058103194347e-02  3.116099284177285242e-05  -1.702435436789356487e-05  3.791897649480525505e-05  3.080521376020418055e-03  -1.108370570737299016e-03  3.778952597019819785e-04  -3.801822281403230799e-05
7.851750931447304979e-05  -7.254475167295068236e-03  -5.458386867516602873e-06  2.520700869696369947e-05  -1.032145550653663047e-05  -1.729516924529839140e-03  2.152598838499379880e-04  1.345658291807775653e-03  1.366745245998834137e-05  -9.412156409563224074e-05  3.084542712666908979e-05  3.974597673425295241e-02  -2.387961778698544958e-03  -3.809697396125001634e-03  -8.570345588500156558e-06  9.673269045730613813e-05  2.690730969133152401e-05  7.127103563084178544e-04
2.000636849991573735e-02  1.874317059601979078e-04  1.426311878994644851e-06  1.103315604965792146e-04  -1.849325683492209907e-06  -7.378209803376683043e-03  1.934347637724155577e-02  -5.569760398842282106e-03  1.002583704532227086e-05  1.755618558236825535e-05  -1.699951909677522939e-05  -2.387448838792197072e-03  5.152655224230342362e-02  8.704696353256426980e-04  -3.087307962630039311e-05  -6.560491334248008774e-05  -1.806863489477806228e-06  -8.317784934951775880e-04
-4.700330641533115869e-04  3.298847866450466126e-02  -4.485499053694676469e-05  -3.069614375355958524e-05  2.133166401032533089e-05  -6.981381358178318647e-04  -3.169015817808278849e-03  1.945814222605640395e-02  1.733227572886549667e-05  -2.183693985309945917e-05  3.852923327033302552e-05  -3.809438807539753009e-03  8.695707418162785000e-04  4.666820809195570963e-02  3.793460274461617405e-05  -5.541877755834802093e-05  -3.401843285964628458e-05  -6.175626100067606468e-05
-1.729823481005069545e-05  -2.860381135627089612e-05  2.060685182124909892e-02  8.170468760469050754e-03  1.950878139713576936e-04  -8.832600859594388367e-05  3.850053708610722436e-05  -3.139796071185780912e-05  1.405722338297682623e-02  2.933168747387875433e-03  3.080518831063496638e-03  -8.764516923595615976e-06  -3.085190008821434303e-05  3.798285327842459167e-05  5.228072999866030524e-02  9.444055354381978434e-04  1.276213776635433319e-04  8.597886853168892039e-05
1.412303215715847644e-04  6.086071757492514243e-05  -8.134808445661929552e-03  -1.498190014421012283e-03  -2.612771123450261033e-04  -3.232801755348349397e-05  -1.953931977662881101e-07  -1.698747992482911736e-05  -3.079879239708785583e-03  4.105441272406597317e-04  -1.108177631425601595e-03  9.593987084629181105e-05  -6.556699084114250755e-05  -5.574768831106076991e-05  9.445353239273249950e-04  4.067618951384148474e-02  -2.124140281392719891e-04  -1.558452614997237536e-04
7.426586797449748699e-06  2.433887716081162630e-05  4.767429356973778529e-05  1.039053251565346070e-05  3.644075687513671953e-03  -1.484162980690216403e-05  -1.566575703733591199e-05  1.450883951866425795e-05  -2.994829781675221146e-03  -8.953080724078727078e-04  3.780591112451579762e-04  2.656583202133620754e-05  -1.557247008031050902e-06  -3.505056847033503252e-05  1.276564310590353076e-04  -2.125992088719405517e-04  4.243129401648373239e-02  -1.938750519802578696e-05
7.071267111671317163e-03  -2.961171493660752648e-04  -1.431796072476277575e-04  -2.510289182417081502e-05  4.116813336461837310e-06  -1.530769066691234966e-03  3.461056426664618248e-03  2.517953436641716565e-03  -7.759093918251276694e-06  7.449027268121320087e-06  -3.818009247049087651e-05  7.125535248074736216e-04  -8.323022255428099477e-04  -6.232048481547145977e-05  8.630342297777207400e-05  -1.563067136183928028e-04  -1.919934647356299532e-05  4.050931419061316180e-02
