4.639754176323847290e-02  -9.491104547054418628e-05  4.283479497677709918e-05  7.210322003075489807e-05  5.498720173385832430e-05  8.459181319065595421e-04  3.375070724828537622e-02  5.956276310790309869e-04  -5.791054821285192430e-05  -2.279798239709146651e-05  -1.022259956159314321e-04  -1.320883801114557522e-04  2.120262036053281729e-02  -8.752261454313698535e-04  1.724980034676722019e-05  -5.503186713234913566e-05  -6.946092357777578353e-05  7.916817353529137860e-03
-9.485337159021958080e-05  4.645501507985552725e-02  -1.016160186727828541e-04  3.612496295517773643e-05  7.672775127970593586e-06  -1.518671101140191791e-03  -2.646472135809711215e-04  2.091510676568482038e-02  1.811775689594523076e-06  -6.955927745699332348e-05  -8.940845083420148175e-05  -7.336486757065374502e-03  2.420677449149626927e-04  3.357832189710228954e-02  1.447596961868400029e-04  -2.753862694040724239e-04  3.746288319523958686e-05  -3.751320825461667056e-04
4.294750967398740227e-05  -1.019793608283240955e-04  5.103485662908047865e-02  -1.652238821323685812e-03  1.357556278860803586e-03  -1.033298679164189364e-04  -1.952276046839662979e-06  -7.323134650615265950e-05  2.158880415103912875e-02  -6.138600900201716091e-05  8.587819917504416201e-03  1.110077193238086642e-04  -1.110460970057498585e-05  1.187188629684534079e-04  2.157940590649744250e-02  -8.618655363033014480e-03  1.608161888473006850e-04  1.074228475958732511e-04
7.220134387140411160e-05  3.653540565232518846e-05  -1.652548575093042843e-03  3.946072678344551832e-02  1.032603627119905938e-04  -7.258982387708738762e-06  6.729829413713078116e-05  -1.480802966804973132e-04  -2.126681506042286908e-04  3.914743350195451672e-03  -3.318469295765518628e-04  9.831347396418822836e-05  -1.413812527693503391e-04  9.028899688654245831e-05  9.073634347025393357e-03  -1.764872000966976294e-03  8.277976514503404386e-05  4.561018821779420997e-07
5.491840032938720574e-05  7.753378220320509157e-06  1.357701374195736466e-03  1.036448794359811905e-04  3.936550194085951249e-02  -7.437017122302888998e-06  8.953205213001933199e-06  -2.992772573655703169e-05  -9.077693161480026793e-03  -1.012207539908234678e-04  -1.749218939888473774e-03  -7.043541157327855637e-06  -1.084452384250551534e-04  3.669003629277329043e-06  4.413563262024535112e-04  -6.182636524599898712e-04  3.845078186989024996e-03  -1.764543430005184653e-04
8.455250585798752914e-04  -1.518219975049894029e-03  -1.020618765053106036e-04  -7.100118477456760830e-06  -7.877936596751367114e-06  3.756675989418705591e-02  1.285301636455546881e-03  8.087790946601763203e-03  5.721578122146086029e-05  -9.543651125072976553e-05  -5.533728784147893257e-05  -1.589384790901738525e-03  -7.978580123921708706e-03  -8.982433713043456265e-04  6.377091903990856877e-05  -2.959994792605261994e-05  1.686001256178908505e-04  -2.032899470340060206e-03
3.375095456368094188e-02  -2.642678244794564369e-04  -2.093512369138953030e-06  6.717108247897740810e-05  9.485102794822212986e-06  1.284312277141725061e-03  4.631586030453763853e-02  6.267579295166304711e-04  6.147474454859150990e-05  6.613873402376865644e-05  1.353386299126078441e-04  3.102324053820164958e-04  2.002880346368825226e-02  -2.916751913342992795e-03  -4.455152166490331244e-05  -8.278390852888611244e-05  -5.203606687505480467e-05  3.963049744179282172e-03
5.956702774701609637e-04  2.091517811875459251e-02  -7.318367938576720135e-05  -1.479581853574385539e-04  -2.969794569626913502e-05  8.087730552732682113e-03  6.266615546460380104e-04  5.125819736951261335e-02  -4.290409272128628434e-05  1.621082920034801187e-05  -3.521834703480345536e-05  1.089431631967988220e-03  -5.792149751663156106e-03  2.018900390088158164e-02  7.752913083216694118e-05  1.848263553235705023e-05  1.335601293462583052e-05  2.514068354979429477e-03
-5.788523672689981390e-05  1.845033584245895546e-06  2.158888744703929205e-02  -2.124346339503746506e-04  -9.077715646934252786e-03  5.741886349333343422e-05  6.152464494121988455e-05  -4.293786195293419793e-05  5.209300470671492100e-02  -1.510438459379700473e-04  -1.127795232578706740e-03  -3.042235584636450159e-05  -1.602838062958245846e-05  5.096415802530691262e-05  1.481789342321613266e-02  -3.445277177313523734e-03  -3.176911201345848992e-03  3.135656231727337499e-05
-2.372206164851839015e-05  -6.869209282302331449e-05  -6.166273138666906301e-05  3.914648341085541494e-03  -1.011235772529899159e-04  -9.542034327215933242e-05  6.605424237664597677e-05  1.614000662630436154e-05  -1.508405985569985746e-04  4.223633310701366272e-02  -2.158722428921462926e-04  -7.017678460849128294e-05  -2.201469431921239747e-05  5.713531112647258836e-05  3.309700391892942632e-03  3.400689943771583162e-04  -9.954332323178565704e-04  4.811517100703229492e-05
-1.026716521777495830e-04  -8.879019312801243822e-05  8.587396462340211867e-03  -3.318789145726058223e-04  -1.749216000848371772e-03  -5.533324769812742415e-05  1.356733137210529066e-04  -3.507721847078747093e-05  -1.128571749913127994e-03  -2.159427625934057411e-04  4.028554281255875696e-02  -5.688654517593968139e-05  -7.230150811414483090e-06  1.461231168378922360e-04  3.488521706865249997e-03  -1.441015274300642447e-03  4.551483812248776750e-04  1.479299276445476699e-04
-1.319771403976540878e-04  -7.336129942385586494e-03  1.105291313144894048e-04  9.809955260591157516e-05  -6.397057064220807322e-06  -1.589021292602488169e-03  3.103114154780141527e-04  1.089742650725848954e-03  -3.115362345590967890e-05  -7.014532360366881815e-05  -5.655772820258862289e-05  3.987350429916743794e-02  -2.546607251753599081e-03  -3.961765865969665672e-03  -3.475664895530290412e-05  -1.931837424268168527e-05  -3.105121647761935013e-05  9.189963789309755137e-04
2.120308873342191536e-02  2.417228071645177473e-04  -1.100272131658473686e-05  -1.412110461063873445e-04  -1.085023240139321659e-04  -7.978717195246207844e-03  2.002823826805758337e-02  -5.791941667326335787e-03  -1.597427049142416730e-05  -2.168550873258820092e-05  -7.054565472978838346e-06  -2.546739629286737423e-03  5.104254416921620574e-02  1.065429069370319283e-03  4.378504281302506566e-05  6.528179433758096880e-05  1.676365060971318462e-04  -1.491129906676388591e-03
-8.748418155212681459e-04  3.357893457875815724e-02  1.190160398867319655e-04  9.055291086490557860e-05  3.400132271741260263e-06  -8.979965548403926780e-04  -2.916939972827450444e-03  2.018934360452069934e-02  5.102723326371053021e-05  5.695066162392313069e-05  1.463056066195294594e-04  -3.962260046836214161e-03  1.065274600935169199e-03  4.625968747630428840e-02  -2.014137666238580951e-04  2.527923380754771199e-04  -1.661422944958143951e-05  -6.438782044198848185e-05
1.715166980933929567e-05  1.448316648681675434e-04  2.157923191344129910e-02  9.073431392123470704e-03  4.410567778136011250e-04  6.349622758870581904e-05  -4.449647163729058511e-05  7.745094200098245213e-05  1.481785331256299694e-02  3.309653337496785367e-03  3.488343213896589329e-03  -3.431520470987018209e-05  4.372404665533786077e-05  -2.013619751513572856e-04  5.187899569578319908e-02  1.389497177894703480e-03  1.062027749280024068e-04  -5.919601643125417805e-05
-5.698977250646631307e-05  -2.754217737784625595e-04  -8.618415727310833885e-03  -1.765153113129791984e-03  -6.185236056839902132e-04  -2.919150444205935728e-05  -8.255170006264857382e-05  1.885815399301929584e-05  -3.445072584095785605e-03  3.398315550462951322e-04  -1.440594577348245069e-03  -1.927672193474511855e-05  6.529965541482682140e-05  2.519855240811581169e-04  1.389983068877572933e-03  3.992256824078996985e-02  -1.521275366119456901e-04  1.136601562701775362e-04
-6.968191780418963547e-05  3.848046793898208200e-05  1.605693223530220155e-04  8.275260677711349544e-05  3.845181425478409482e-03  1.690687096097098882e-04  -5.196889644641882708e-05  1.365866066639685317e-05  -3.177101442089397525e-03  -9.953564059683075570e-04  4.552086934030242040e-04  -3.116567656432533322e-05  1.677705318125301314e-04  -1.666678799890864370e-05  1.059253163392350530e-04  -1.517267891961550179e-04  4.242153225073726913e-02  2.308639541898206238e-04
7.916341132721703769e-03  -3.749893024437529819e-04  1.070870329765670064e-04  1.067608643808126040e-06  -1.769584301147655359e-04  -2.032887422748053726e-03  3.962531262994322540e-03  2.514340337382041466e-03  3.102440601241384760e-05  4.905842952529281220e-05  1.477728298196411775e-04  9.188899188241399186e-04  -1.491890593102123026e-03  -6.583548547359434463e-05  -6.007711168233894207e-05  1.127910336204698637e-04  2.302421792996307208e-04  3.929212708506168994e-02
