4.562374325320728286e-02  -5.334824524108529743e-04  -1.883149310097403841e-04  3.826712758352943935e-05  8.107376679242393682e-05  1.031738043668698791e-03  3.472188604753174285e-02  7.510407670385509668e-04  1.572221857655217736e-04  1.087997434873923925e-05  1.200990286870034867e-04  -8.467403320887244352e-07  2.207412820840353590e-02  -6.878443538287387247e-04  -4.632363718555508895e-05  6.481879071482896928e-05  -6.699272062995683891e-06  8.065459662074121738e-03
-5.338115073990070628e-04  4.574887600640974161e-02  -2.257532237716302725e-04  -5.606226656679094526e-05  -5.514954404193684326e-05  -1.251803641781261281e-03  -5.815492318720245088e-04  2.203900463402404600e-02  -4.698458820409632701e-05  -4.999882388920619865e-05  -7.423059262673686756e-05  -7.899311080257397089e-03  8.195308839627590651e-04  3.457240539514765121e-02  2.565413968525820962e-04  -2.597845017853202092e-04  3.660723798499288152e-05  2.033419309095761533e-04
-1.881756719614442307e-04  -2.256907102176280782e-04  5.078579345993475269e-02  -1.532691820983880793e-03  1.512377492002321558e-03  -7.356177816724507908e-06  1.298039397998278070e-04  -6.447881196495328288e-05  2.252314802873466720e-02  -1.297027151045814658e-04  9.163850098210832990e-03  7.603242117769617374e-05  -8.353909755035031262e-05  2.011333458696185766e-04  2.262982212217231476e-02  -9.406770492977820086e-03  2.167047488999517815e-04  -8.222669162732502708e-05
3.801489108057179623e-05  -5.597979887230375862e-05  -1.532825222243158585e-03  3.901969794466801644e-02  2.309667415335394443e-04  1.865091308622920442e-04  5.453623133768390732e-05  -1.446644441662685396e-04  -3.523284507921004851e-04  4.500719768699848813e-03  -5.683056779580778753e-04  7.824483309107486322e-05  -1.998745138376170725e-04  3.814427973813646158e-04  9.402389265658428127e-03  -1.766768510085435203e-03  1.417929632916838740e-04  -9.529580940222590871e-05
8.113243622790042265e-05  -5.509183957979225666e-05  1.512825522829287653e-03  2.311204090072453861e-04  3.893682718668366183e-02  8.688237888495948440e-05  -3.359657440101809106e-04  1.583964141669234329e-04  -9.295396295958213706e-03  -5.537188345892242138e-05  -1.514422328915889611e-03  -6.744857862286818815e-05  1.103318884568526415e-04  -4.026230594476210717e-05  4.854066240868696062e-04  -6.685152045726051179e-04  4.435130322302051169e-03  1.356082248557606623e-05
1.031493369838774920e-03  -1.251316559297354454e-03  -7.319228770563906381e-06  1.867596250357379480e-04  8.675785012888158028e-05  3.685087020681819536e-02  1.416525061320300692e-03  8.642160917255522698e-03  -1.619324245199288881e-04  -8.791799183847676547e-05  -7.146521363519581812e-05  -1.828888717752010038e-03  -8.364995101351482831e-03  -1.488296005981634305e-03  1.792058710488186478e-04  -9.149329508666834338e-05  1.416997137461457025e-05  -1.826998878958429077e-03
3.472209190014673846e-02  -5.813045899265398449e-04  1.299406159953652232e-04  5.458438812959597915e-05  -3.357746555499640856e-04  1.415671353768629698e-03  4.547459353601067400e-02  6.507916398179973676e-04  -1.275193259559512324e-04  -1.405445368865195067e-05  -9.125784558674540994e-05  4.813457448538023824e-04  2.100427704131225398e-02  -2.553423041347571611e-03  9.881084806972381923e-05  -9.301225258115158791e-05  -2.192882938011145796e-05  4.674988923717081704e-03
7.513909519206581848e-04  2.203918058829642743e-02  -6.418940961444435120e-05  -1.446506061530448506e-04  1.580496866901062844e-04  8.641844610679867006e-03  6.506579917603817331e-04  5.092147502834851180e-02  -1.253185654355042641e-05  -2.506712733232907710e-05  -1.001513125019959538e-05  1.298151780169621823e-03  -5.960463652742296024e-03  2.093985081681827565e-02  -4.297925437209434800e-05  -3.359921131332723759e-06  1.014083651007727402e-05  2.658363704550783559e-03
1.580787052682290173e-04  -4.695823963088653136e-05  2.252334892007953199e-02  -3.523784923493171657e-04  -9.295198253330508656e-03  -1.606786047891509790e-04  -1.274352939403666102e-04  -1.272813544308117803e-05  5.185071324855209524e-02  -6.511960061798519495e-05  -1.502370297476920318e-03  -9.226950814000872452e-07  -1.559400566204258173e-05  6.618647718632961424e-05  1.536914317891468346e-02  -3.547523942646221406e-03  -3.418233215538459165e-03  7.425052178971499424e-05
1.121756823418074046e-05  -5.049133218750126277e-05  -1.294324192405008392e-04  4.500840885871511439e-03  -5.571757852843022837e-05  -8.629116717558440173e-05  -1.450814841628976693e-05  -2.557278840318258107e-05  -6.519806429600522805e-05  4.195972026338469496e-02  -9.599311226596282990e-05  4.493643028022319266e-05  2.878518629676696501e-06  -7.445484566153319988e-06  3.523703146873273084e-03  5.904915858086376640e-04  -1.009723353952460571e-03  2.656077700435097307e-05
1.197979402782070667e-04  -7.474348057026993820e-05  9.163226484638273966e-03  -5.684942186380749930e-04  -1.514229149508147581e-03  -7.181607043965906119e-05  -9.141016758766875249e-05  -9.794875712760120598e-06  -1.502858922285466893e-03  -9.592797917789034571e-05  3.943884776154662347e-02  8.912926646132629399e-06  -2.928254322275941405e-06  3.004219316035104759e-05  3.533354864655607365e-03  -1.225836299598328247e-03  6.522293444376608398e-04  6.539053245943940960e-05
-1.142462951206769251e-06  -7.899768956299933059e-03  7.530241737702026599e-05  7.784284262885219599e-05  -6.699354953358153627e-05  -1.827883997316723328e-03  4.815329109889838577e-04  1.298489762866996246e-03  -6.067343489412125591e-07  4.447851037952937350e-05  8.928441152688081417e-06  3.930261191962215045e-02  -2.810180401352546913e-03  -4.339968546619280693e-03  -4.376451841297934996e-06  4.895780041205743998e-05  -3.816737201880043490e-06  9.368355780041720971e-04
2.207364191556785565e-02  8.192282444042298974e-04  -8.370002725747791971e-05  -1.998392118311099130e-04  1.103509575953298395e-04  -8.365237758827130665e-03  2.100435456070772269e-02  -5.960595456870147572e-03  -1.538319462693577843e-05  2.539922046656424017e-06  -2.938511283689728621e-06  -2.809687714374675682e-03  5.061540322337190062e-02  6.930214988644308209e-04  -2.876065710712699748e-05  4.110126094268959390e-05  1.478003534771819198e-04  -1.906986312970211867e-03
-6.880914489784399797e-04  3.457210861199806751e-02  2.013393372363503949e-04  3.821292972762067299e-04  -3.979647596912733491e-05  -1.487521800356484108e-03  -2.552982415579641961e-03  2.094012580931488982e-02  6.608157931774044614e-05  -7.271955758424719922e-06  3.042966320733594539e-05  -4.340125651591928216e-03  6.932746101973157613e-04  4.565030724589018429e-02  -2.189807855998050919e-04  2.066836660317007788e-04  -1.914696780972830628e-05  -5.520410909318058902e-04
-4.632364937569173185e-05  2.563814738428786414e-04  2.262957496684712966e-02  9.402261729783980074e-03  4.857537868040308457e-04  1.781522158454731117e-04  9.880240860621199671e-05  -4.290777285054159435e-05  1.536934046551983145e-02  3.523294927242143475e-03  3.533230183233720349e-03  -4.560490821332284516e-06  -2.907304369562043633e-05  -2.190808967012313304e-04  5.158447541412936738e-02  1.909858641913010115e-03  -1.308587423223520247e-04  -3.412492920774768676e-05
6.478486456564411483e-05  -2.589097464471717979e-04  -9.406807376598125617e-03  -1.766748226309012171e-03  -6.684576012113916657e-04  -9.059484995537360041e-05  -9.291850698345718970e-05  -4.154908578902027630e-06  -3.548018431078266838e-03  5.908824354225355232e-04  -1.226257796394336023e-03  4.943794291252675242e-05  4.085206662699357601e-05  2.049697755412268826e-04  1.910208225164633294e-03  3.895086864477613486e-02  1.458583189963292279e-04  8.097532347049372047e-05
-5.877412437993978716e-06  3.582048097231967652e-05  2.164197411648511205e-04  1.419043900658978916e-04  4.435013672815014442e-03  1.340735914597103019e-05  -2.251393038944557971e-05  9.745418935803151219e-06  -3.418515571242440945e-03  -1.009760866578446109e-03  6.519582938199562205e-04  -3.183178297479090957e-06  1.486207959007037650e-04  -1.873792792709155661e-05  -1.308023284282177668e-04  1.456331575861404730e-04  4.215637966622553384e-02  2.249393340037557061e-04
8.065048253267911860e-03  2.030755960025075631e-04  -8.212950283296073398e-05  -9.517958538303275572e-05  1.338148015292115565e-05  -1.827014013057807074e-03  4.674547644731375309e-03  2.657573418779567761e-03  7.488084943890597513e-05  2.607701391812435824e-05  6.541342166125558633e-05  9.374276832569698910e-04  -1.907288817659175432e-03  -5.512317006620115999e-04  -3.372800928547980791e-05  8.149675116737937672e-05  2.239401076048472879e-04  3.839453835049908004e-02
