4.560614945895689887e-02  -3.909443853469381181e-04  -1.411671133788990550e-04  3.060783053372076316e-05  9.314870457022399197e-05  1.246939916861710329e-03  3.486522070652824101e-02  8.271755945668353080e-04  1.065567144828083809e-04  -3.628437864329504272e-05  3.961802051246530131e-05  -2.033489043568403962e-04  2.249938647870744837e-02  -8.307628895766990592e-04  -4.163640944146215372e-06  5.915108067902032551e-06  1.420170022912181922e-04  8.600902662095738158e-03
-3.913095447593295008e-04  4.562796606538082472e-02  -5.834547566823040829e-05  4.955202303470093288e-05  -1.217578527319041382e-04  -1.870113682281300321e-03  -3.830115755628580036e-04  2.231580992851494097e-02  -2.738834023699636554e-05  -1.375715489676556909e-04  1.539963635484732749e-04  -8.049226787714721179e-03  6.480209968792894227e-04  3.464004165997254525e-02  5.500260009877882156e-05  1.113367363031239464e-04  1.285021232471615581e-05  -4.749029088762528783e-05
-1.407678382170488875e-04  -5.797750947669407933e-05  5.024990515256908680e-02  -1.789657030579844266e-03  1.670710187879823625e-03  1.341201956024739119e-04  1.845597057590080581e-04  2.372077412830383847e-05  2.292659449654493517e-02  -2.465251659686960232e-04  9.636222320850453688e-03  -2.031212108644914042e-04  -4.103687394386504181e-05  1.924337111266222951e-05  2.307140905504879644e-02  -9.959032814721782700e-03  2.739664704595722857e-04  -9.345071695560401093e-05
3.108581689940987687e-05  4.949743414237233130e-05  -1.790506841331755000e-03  3.865446968641923775e-02  -2.687858444178000696e-04  3.429697089731579478e-04  -1.361015427293606563e-04  -1.141205953983462113e-04  -4.639096981552295711e-04  4.414090759532219091e-03  -6.295800733504084562e-04  2.270529134113547659e-04  1.318143144072431963e-04  2.136175657335318641e-04  9.858117609349990179e-03  -2.248859518299628664e-03  2.532180377776804933e-04  6.054345508874937887e-05
9.201456149005347125e-05  -1.221311341733587435e-04  1.670592973762810660e-03  -2.689306091318942457e-04  3.837021250523343918e-02  4.532595566220891105e-05  -4.046110561652763475e-04  1.917068977235106384e-04  -9.729954232015126589e-03  1.336890667700249883e-04  -1.981547789507739302e-03  3.696816738756948558e-05  3.492308187025110742e-04  -5.229449064436572344e-05  6.251427170026065648e-04  -8.592372553721918174e-04  4.475899150828870424e-03  4.158080935000100218e-04
1.247016445349649833e-03  -1.870411075345251514e-03  1.344761654018962721e-04  3.432812118668656536e-04  4.529759330764870798e-05  3.558945607881601469e-02  1.547379588590916876e-03  9.119103038168711178e-03  -1.681922139046685598e-04  -1.831945265356088636e-04  2.973453604517453016e-05  -2.062110003308483507e-03  -8.736443700464230008e-03  -1.539625856916466799e-03  -6.927234391200008472e-05  1.351787205377665902e-04  -1.897256201452398108e-04  -2.345963929202290153e-03
3.486527605876360569e-02  -3.827741578853828867e-04  1.846046644361772440e-04  -1.369009752496144305e-04  -4.046954667431841958e-04  1.547474497894416523e-03  4.549929853282455583e-02  6.639583909529800333e-04  -7.513451824184891922e-05  5.607789211408931255e-06  -4.938156668400932905e-05  5.768921798280934616e-04  2.123482404678019714e-02  -2.704102446978379551e-03  -6.404162602758132876e-05  2.107491067901360443e-04  1.545403907610190227e-04  4.746874713791153673e-03
8.269496634439627448e-04  2.231573205056392936e-02  2.349179480835644494e-05  -1.140823189802284035e-04  1.917043717736627241e-04  9.120204707049474335e-03  6.638088030873034702e-04  5.056802142702294944e-02  7.361251680437502036e-06  1.809635868869586769e-04  -7.057009891008067070e-05  1.602611095329471410e-03  -6.179356792900234617e-03  2.131396412728317480e-02  -1.559682604830605921e-05  -1.165341186603841234e-04  -1.192313567761043441e-04  2.567357500020669980e-03
1.070682038199331386e-04  -2.742851970958037287e-05  2.292675643875731126e-02  -4.640667917064994160e-04  -9.729860554939507439e-03  -1.680094451367574750e-04  -7.545772678999417417e-05  7.279321688184787674e-06  5.163438520660491859e-02  4.112193458480840251e-05  -1.907193246898482297e-03  1.155033930471519222e-04  -2.757000736894273151e-05  4.505760626502120349e-05  1.564642620507028514e-02  -3.763336857000222028e-03  -3.454190160941112645e-03  -4.624159124384956735e-05
-3.655176090812306593e-05  -1.375355775812810242e-04  -2.461031651451114108e-04  4.414226303750420910e-03  1.334980960479089263e-04  -1.831509317743207116e-04  6.050729241726627238e-06  1.807590207652903205e-04  4.112920231621044825e-05  4.208479558511544344e-02  3.186129341972493754e-05  -2.428606837760107092e-04  4.168024085969267178e-05  -8.769189403092951312e-05  3.579466678700928689e-03  5.029547458660584870e-04  -1.066264950669870227e-03  -3.874745291063520280e-06
3.892378874772759270e-05  1.541107003708715411e-04  9.636389890326118798e-03  -6.297941413311347646e-04  -1.981093835032139965e-03  3.025892224059623865e-05  -4.904505949895289951e-05  -7.086971621728017391e-05  -1.907437683951417528e-03  3.178034592361194348e-05  3.886365497255291762e-02  1.946670219698491287e-04  -8.723803855404757578e-05  -1.524403055260324326e-05  3.775979774792392191e-03  -1.657750478416057357e-03  6.242504061277791066e-04  -2.445557449746982282e-04
-2.038316916721378527e-04  -8.049276174941926570e-03  -2.033158493990876604e-04  2.269174965322057961e-04  3.745177612481569916e-05  -2.061950322666938201e-03  5.767993969690765523e-04  1.603581281067918262e-03  1.151591944200459666e-04  -2.431521637961016878e-04  1.949626001698076452e-04  3.877357936925155540e-02  -2.728828682286934398e-03  -4.476579382016980177e-03  5.411935248994001566e-05  3.677326217082076701e-05  1.562983418755722854e-05  1.182364316911235953e-03
2.249925227687529436e-02  6.481929910718213072e-04  -4.098182201578843805e-05  1.326842051428814609e-04  3.492187052508234960e-04  -8.736385738440490337e-03  2.123475630432388947e-02  -6.179270303629930822e-03  -2.745952916771320077e-05  4.110851073200899201e-05  -8.709533208766675159e-05  -2.728769407696822295e-03  5.022235993873464671e-02  1.010885601612244826e-03  6.295132972696758638e-05  -1.918557645398894851e-04  -3.001613908431977193e-04  -2.395555150193043499e-03
-8.305707549728717472e-04  3.464019477530437541e-02  1.915970152672994033e-05  2.131004090368517285e-04  -5.195836903281628134e-05  -1.539976487897133694e-03  -2.703848984107826928e-03  2.131426344351898539e-02  4.493442842593948713e-05  -8.710708036403792527e-05  -1.487470203551101322e-05  -4.476616802255591054e-03  1.011248044198290608e-03  4.557606516200275737e-02  -1.371692589091362034e-05  5.795403914255279674e-06  6.656750182155964969e-05  -3.702944563248891327e-04
-4.296375157745029478e-06  5.454122108857896814e-05  2.307114412305998757e-02  9.857753652303277714e-03  6.245865854179018717e-04  -6.926601452740520912e-05  -6.378284444118830052e-05  -1.549893231257768098e-05  1.564680699763390526e-02  3.579300857270695940e-03  3.776137122493760951e-03  5.411211078248384659e-05  6.271797128536445013e-05  -1.391196597802036097e-05  5.124376471344541106e-02  2.494878707338670995e-03  -1.188246830290250758e-04  1.018996143839814150e-04
6.067527803126401973e-06  1.118910851429749220e-04  -9.958613997132973253e-03  -2.248070631241703022e-03  -8.584682539589262975e-04  1.355222031541680294e-04  2.106595767244643584e-04  -1.168919295571917616e-04  -3.764205221220165952e-03  5.028856075265962034e-04  -1.658112659487784909e-03  3.688419487323381618e-05  -1.915668032329208249e-04  5.756148220940140336e-06  2.494892371040834198e-03  3.799944677568709017e-02  1.538485679787944440e-04  -2.481492064422636461e-04
1.423131919920793572e-04  1.336506736868322985e-05  2.734603931139242263e-04  2.529180820977295274e-04  4.476038624733866093e-03  -1.889481096845061414e-04  1.545450653833716414e-04  -1.197165077711831227e-04  -3.454141793048598127e-03  -1.066013391931481830e-03  6.241964715235902858e-04  1.400219754177557453e-05  -3.010231095980075706e-04  6.711231224441531831e-05  -1.189558179959336723e-04  1.537839426650039183e-04  4.225610193127373598e-02  -3.240686248813193790e-04
8.600669535254089337e-03  -4.697220275644601543e-05  -9.376745973910706607e-05  6.113473778488978270e-05  4.163157452000804636e-04  -2.345696302635132645e-03  4.746297694217108294e-03  2.567316890431812961e-03  -4.667182832093777424e-05  -4.017333557520123255e-06  -2.445937545809597088e-04  1.182375856866544565e-03  -2.395404341346684708e-03  -3.708296144125266440e-04  1.020483150767159208e-04  -2.485809977714176612e-04  -3.235717506443351924e-04  3.761914936595752573e-02
