4.621667357721079283e-02  1.588789112677835823e-05  1.360065857732903593e-05  4.944922678182145132e-05  -1.606037731725272976e-04  1.348899143069326326e-03  3.442378004918272144e-02  2.554741943932060141e-04  5.286787295099535126e-05  -2.115841608810021634e-05  1.454473330888493815e-04  4.077564508602258934e-04  2.169561353183553989e-02  -4.728440891211708260e-04  6.683744951583907247e-05  -1.617632530401017735e-04  -1.793463294925429134e-06  7.893356070900645408e-03
1.581100421511548494e-05  4.562178749010951245e-02  -1.118751667166945627e-04  -2.679051259479073538e-04  -5.402054812229532864e-05  -1.739258342796542707e-03  -7.378747709259381215e-04  2.205227782620598070e-02  -1.387803252739577179e-05  1.276454550067303339e-04  1.217947151606078236e-04  -8.292852487894804281e-03  5.276970711528683597e-04  3.449104375545999912e-02  1.548764347190651337e-04  -2.384059243741598903e-04  -6.800550744389541259e-05  -2.797468891180529213e-06
1.385431970647191655e-05  -1.119662137293734786e-04  5.048562558974946379e-02  -1.501090104916158073e-03  1.932801136466635785e-03  5.420419148024492698e-05  1.941641179748551383e-05  -5.604410217191952592e-05  2.267813101601938441e-02  -1.533604444872256807e-04  9.550227304791249205e-03  -6.985451060736899394e-05  1.554665125392552647e-05  2.026370252425848284e-04  2.240097504664710290e-02  -9.016660589696245953e-03  2.164267485680738512e-04  1.770483987499109010e-04
4.961288875912495534e-05  -2.677935448992636793e-04  -1.501403151200304559e-03  3.914368601538322640e-02  -2.791704020342939026e-04  -3.860811104506319089e-04  -2.014317932673487083e-06  1.210128053245274006e-04  -4.197067786259124937e-04  4.046040863345272756e-03  -6.032030773780571592e-04  -1.457913865521252026e-04  8.768822851216245774e-05  8.658945350464886689e-05  9.541399613098834609e-03  -1.686163874095663326e-03  1.186892163861627601e-04  1.485659442134370091e-04
-1.607437960890708336e-04  -5.339451738032980591e-05  1.932931011197700031e-03  -2.790817569885872449e-04  3.811654899633540317e-02  -6.702420855168075408e-05  1.160582635624857119e-04  1.073854166934092589e-04  -9.815438828033686003e-03  9.610987034744909729e-07  -2.241004654087979959e-03  -9.159439768419086675e-07  5.300251216063362424e-05  -9.883838260632087081e-05  5.237440650804383582e-04  -6.630766341380600615e-04  4.450561868222056329e-03  3.382835185419352206e-05
1.348734006528104750e-03  -1.739619831163259720e-03  5.430394858320830489e-05  -3.856479553050045110e-04  -6.732983391688252038e-05  3.636730639314340180e-02  9.223752648142999550e-04  9.088645748302393371e-03  -1.263028191686403753e-04  2.338643904064150098e-04  1.126543651997380813e-05  -2.580138281618357590e-03  -8.071099337718540614e-03  -1.339136478183432840e-03  -5.037852003233466987e-05  1.214644634047774022e-04  -1.881574059127083336e-05  -1.454378678399082447e-03
3.442376523072600975e-02  -7.376264777405447306e-04  1.996488982942932152e-05  -1.721700113644636176e-06  1.145972082225487823e-04  9.221614943476564609e-04  4.599156161915626123e-02  1.118341382123029309e-03  -5.168995361974900940e-05  3.103266335857908303e-05  -1.641695135942390030e-04  4.521640281954448696e-05  2.089978448579212986e-02  -3.029653477660133008e-03  -7.241657736324479319e-06  -8.485181682679442659e-05  -3.570169168536665950e-05  4.351491337942990298e-03
2.555655444450157334e-04  2.205163141424183390e-02  -5.630808030182343554e-05  1.204645207800478468e-04  1.077020607831904450e-04  9.089199378844489696e-03  1.118109516783290800e-03  5.056293224934176045e-02  2.483418888667895185e-05  -2.369722861675306786e-04  -4.489005373900600111e-05  2.009133267776817833e-03  -6.061437685916722107e-03  2.098576202763146464e-02  2.573507425769026451e-05  3.212582187716438327e-05  3.090378998824512048e-05  2.480426256785221977e-03
5.272527126555063843e-05  -1.395794288705893914e-05  2.267796037020941916e-02  -4.196182611016798479e-04  -9.814860110970794957e-03  -1.259682946998355092e-04  -5.176296458340635698e-05  2.489646742597152168e-05  5.147251802689874201e-02  -2.405289176022607747e-04  -2.046102055201524071e-03  8.501410830543022637e-05  1.938049354617159731e-05  -6.043852247010250743e-06  1.548068042692587673e-02  -3.738762562404062632e-03  -3.533132164251574173e-03  1.005174858194835226e-05
-2.110328474619202615e-05  1.277469368921638183e-04  -1.533424702889966528e-04  4.046089288898034077e-03  1.099620663397726986e-06  2.344935882922162713e-04  3.210097394575235630e-05  -2.375061191264959796e-04  -2.404549553309880626e-04  4.232266621357941988e-02  -3.345464413895187579e-04  3.343299906917032781e-04  -5.981815238708938602e-05  1.268929014949320936e-04  3.486285645637353034e-03  4.472501559252556737e-04  -1.112681265834942514e-03  -5.890074521939110799e-05
1.456940621523682448e-04  1.213835724146584651e-04  9.550354000023540679e-03  -6.031836380716549487e-04  -2.240767926838437875e-03  1.070023795529509208e-05  -1.640809785866149408e-04  -4.467255619816512270e-05  -2.046618718291667947e-03  -3.347330393617065298e-04  3.878425672734009400e-02  1.371750355421020987e-04  -3.672402978838129134e-06  5.078629834932530311e-06  3.797561532162255313e-03  -1.645850998238570714e-03  3.783216484314774969e-04  -6.510831655715542158e-05
4.075327709312355170e-04  -8.292295457321147839e-03  -6.957564051158022708e-05  -1.450030425027371635e-04  -1.174932246088107144e-06  -2.580413606462543530e-03  4.558734083831405680e-05  2.009032048279520578e-03  8.510177417357710303e-05  3.336409048700438138e-04  1.366443715252445984e-04  3.827891987066155827e-02  -2.522306610442853151e-03  -4.488379924132881137e-03  -4.122910153007420511e-05  -7.938944991042500476e-05  -4.768159993299110936e-05  1.303635819892398585e-03
2.169513125533363215e-02  5.275919561803242607e-04  1.525971392111498195e-05  8.746830208956779431e-05  5.345567959748602927e-05  -8.071124975858573469e-03  2.089985088605126468e-02  -6.061346372959850945e-03  1.933065226781252569e-05  -5.967001969347833029e-05  -3.983702101921790774e-06  -2.522319304900394726e-03  5.085276409228901145e-02  9.771028599058555978e-04  4.410137862992019245e-05  3.026875763375011516e-05  1.085445743329788902e-04  -1.656463433231762476e-03
-4.724545981681518652e-04  3.449070008190192188e-02  2.031549315790194782e-04  8.692952503780878280e-05  -9.927344023958634557e-05  -1.339197448752703053e-03  -3.029803273364100203e-03  2.098555500262612450e-02  -5.940259369119216502e-06  1.264116684121030303e-04  4.850369180831294842e-06  -4.488776216585227928e-03  9.774258150288506978e-04  4.562444716761649560e-02  -2.157487023734069214e-04  1.973890390707100633e-04  4.503620966752464169e-05  -2.381580827761808536e-04
6.677959810026513443e-05  1.551119421459797889e-04  2.240116885911996175e-02  9.541418819311189500e-03  5.232968177245014190e-04  -5.030953733676073463e-05  -7.262979451108712296e-06  2.592085657108706269e-05  1.548068589778378058e-02  3.486161763495429413e-03  3.797401734506719063e-03  -4.211540700548907756e-05  4.420673981422966323e-05  -2.160997810142253309e-04  5.179596533339778097e-02  1.509387940355952666e-03  1.347206480017218726e-04  -5.556037826915244800e-05
-1.617448452100937154e-04  -2.379656340389010828e-04  -9.016269711217082122e-03  -1.685893194320264247e-03  -6.631943344164413501e-04  1.210939680592979531e-04  -8.517486754647440514e-05  3.182977111466105309e-05  -3.739110070505090398e-03  4.474265888485359126e-04  -1.645838841464593479e-03  -7.929639355721898055e-05  3.019986830114786103e-05  1.975282543380107861e-04  1.510022685797381527e-03  3.954934121069986208e-02  -1.972465882778626364e-04  1.050808517093236908e-04
-1.349857545091773088e-06  -6.779294828227894470e-05  2.161248536896877271e-04  1.185644230381528464e-04  4.450798014377421730e-03  -1.959152809505977714e-05  -3.618443714609230564e-05  3.094840929726925670e-05  -3.533121983715331160e-03  -1.112678323685892517e-03  3.785837922591620735e-04  -4.698929184851226277e-05  1.088153692076388482e-04  4.497565148120976773e-05  1.345763770644780775e-04  -1.971428166949930230e-04  4.202140931242037691e-02  1.863477380445308009e-04
7.892517009469024458e-03  -3.187447786173469899e-06  1.769676431164847507e-04  1.488291290273430982e-04  3.437292542730828021e-05  -1.454039255227363618e-03  4.351202688045674449e-03  2.480707233671622380e-03  1.010228115023436920e-05  -5.827182043098679741e-05  -6.457160939290931909e-05  1.303814498252093808e-03  -1.656444456629205990e-03  -2.389912202865340524e-04  -5.466021725556937825e-05  1.048025574350002626e-04  1.853134331405107554e-04  3.876944437237954399e-02
