4.521986896259428540e-02  -4.020070367117137083e-04  -3.300748948736734379e-05  -2.434418001190249181e-05  2.940966384939535885e-05  1.888539098445002860e-03  3.486655294510586367e-02  8.687741243730425725e-04  -5.115119419486476374e-05  -1.117298910837208900e-04  -6.933226532423147740e-05  -2.555911360987949939e-04  2.252344100016432510e-02  -6.463033080385468003e-04  3.554029161043123876e-05  1.063487158609072468e-04  -6.255316920935297283e-05  8.345241081483011081e-03
-4.019741955429374574e-04  4.586626249646477693e-02  -2.119959119555568389e-04  -9.567129722310662679e-05  -4.691649706415835028e-05  -1.360985413030783723e-03  -5.705086250067828262e-04  2.247768099948973045e-02  2.999036426060659459e-05  -1.343880965562553565e-04  5.160526314732079913e-05  -8.245728166652123436e-03  6.754217815154561332e-04  3.490202141041646305e-02  2.334758345685449920e-04  -2.821342577205446320e-04  -1.045056154030278228e-05  -1.555617872908198479e-05
-3.285959227265595963e-05  -2.122295420018733452e-04  5.001777104848827843e-02  -2.468291128250311908e-03  1.451820661073041944e-03  1.025701651360758771e-04  -2.731201459094707111e-05  1.427369964600650522e-05  2.295509765010992839e-02  -3.424855956309592257e-04  9.732929182327577922e-03  -1.011069725600147043e-04  -5.863474856525871207e-06  2.157957401536733395e-04  2.324572427457709603e-02  -9.585854714164251597e-03  1.944859762403836902e-04  -7.035443195296165093e-05
-2.440962746920675021e-05  -9.576611782942879485e-05  -2.468743015365363735e-03  3.720063002384896983e-02  -2.065553760942217144e-04  2.190005880587435837e-04  -7.462662903807880052e-05  -7.580567948261064963e-05  -6.316150706639420132e-04  4.645223029813312816e-03  -8.505476269154763460e-04  1.161250057903813210e-04  5.744169799039108593e-05  2.078388440835041129e-04  1.034148188992127342e-02  -2.229539825964456119e-03  1.220734730214683436e-04  1.430301882403881253e-05
2.951433581950823086e-05  -4.688688813316714587e-05  1.451983785084069809e-03  -2.066689863881885974e-04  3.922557359965519325e-02  -1.334636755565913864e-04  -2.110516774193099397e-06  9.333672631187007877e-05  -9.472935540736845961e-03  2.534041583763967293e-04  -1.730137195979912718e-03  6.841911567637608087e-05  4.006543076171786404e-05  -1.169286616402687666e-04  4.137281561472001302e-04  -5.409445500999531279e-04  4.384435383432824448e-03  -3.027210432283540873e-05
1.888701609804679200e-03  -1.361302542763969618e-03  1.022533338484348301e-04  2.187766107116661954e-04  -1.334990940750722260e-04  3.525925966820086382e-02  1.754748591516967987e-03  8.796567243153485122e-03  4.012597013584332190e-05  -1.190299890609809177e-04  5.586300817181013575e-05  -1.892580346415835297e-03  -9.200389012768421526e-03  -1.445378369865677999e-03  -3.131835276787395435e-05  -4.839940051507924729e-05  1.397528683088542206e-04  -2.358732213839077191e-03
3.486706695101206288e-02  -5.703841332477319189e-04  -2.743151052400627770e-05  -7.380917587837493115e-05  -1.235444567201475734e-06  1.754843168747347764e-03  4.528697181733878224e-02  7.838651161025981477e-04  5.362623707031437456e-06  8.314647658191639363e-05  6.050108022000063424e-05  5.938280447726509937e-04  2.136140006568219146e-02  -2.690896044581767010e-03  6.634522365384268154e-05  -1.859537019001257898e-04  -1.924908996611191436e-04  4.632011586132181967e-03
8.685363630991471511e-04  2.247792221401287427e-02  1.434408120497880716e-05  -7.576821440664463004e-05  9.358983578712680505e-05  8.796862535461951599e-03  7.842450892288948183e-04  5.049646074710477384e-02  1.349523557355938665e-05  2.078205940389296451e-04  -1.428443777178339965e-04  1.783743973380821869e-03  -6.157100660801548449e-03  2.128064808748337741e-02  -4.352285334216912454e-05  -2.054184898564243353e-05  8.482211204013198234e-05  2.709254072994381288e-03
-5.105079914978165578e-05  3.021317933237235043e-05  2.295509171280001384e-02  -6.316306217083529802e-04  -9.472605119606852461e-03  4.044920605222175841e-05  5.402578461922325981e-06  1.364339888169164493e-05  5.145062728586322770e-02  1.543344463224292408e-04  -2.243848891591808305e-03  7.697927051155590043e-05  3.556328341985038526e-05  2.832596042455323189e-05  1.577498599697730805e-02  -3.891448786289125432e-03  -3.579017867534799082e-03  5.292450841462662545e-06
-1.120083093013342351e-04  -1.348214457543751724e-04  -3.422136209838129396e-04  4.645650349501967598e-03  2.531157774141597856e-04  -1.188746440755377636e-04  8.150199006092945762e-05  2.078869795550732666e-04  1.543416846039180211e-04  4.203931064345426544e-02  2.045350994637276925e-04  -2.608735867231775914e-04  2.803830672126404711e-05  -1.882366749860731026e-05  3.587790381610140612e-03  4.966620921717252585e-04  -1.101587876866447083e-03  -3.106200832491988391e-05
-6.987912474714508141e-05  5.166836687821242164e-05  9.732904127717450019e-03  -8.500536388464260918e-04  -1.729901348448264651e-03  5.511022307001426203e-05  6.139524805891020899e-05  -1.428825634391799341e-04  -2.244328300330350294e-03  2.047367814475910838e-04  3.825523747018027415e-02  1.406522909652005091e-04  -1.125965798756864129e-04  2.301503914118476055e-04  3.794772859583842549e-03  -1.749859693096203787e-03  5.834073563370058887e-04  -1.092202242730865806e-04
-2.562770706079988445e-04  -8.245625963749891874e-03  -1.014842351824578651e-04  1.167250936626574686e-04  6.930936199731069095e-05  -1.892479399809310521e-03  5.931247829162689198e-04  1.784896655183698319e-03  7.729608649017737890e-05  -2.607627447178127483e-04  1.389838961326712364e-04  3.848101328609689065e-02  -2.727099185287235397e-03  -4.517471119347802808e-03  -5.333183799145038196e-05  2.053518641126275820e-04  6.111980212941991498e-05  1.172421271492606705e-03
2.252279886715703033e-02  6.755693667437083147e-04  -6.016110908060302031e-06  5.746108671276498378e-05  4.018596130200808398e-05  -9.200158668067715678e-03  2.136190598749166183e-02  -6.157050410427623161e-03  3.564079102409838692e-05  2.776044055592870137e-05  -1.125566923130549314e-04  -2.727329254720064610e-03  5.056361714228494592e-02  8.160353469633653762e-04  -6.910827003160665660e-05  2.905175776340650681e-05  2.883295722261102292e-04  -1.791402806675638061e-03
-6.462408724697424681e-04  3.490159494238150029e-02  2.158874016002197964e-04  2.078020342312258050e-04  -1.169030192531567017e-04  -1.444987997604121064e-03  -2.691071851156918125e-03  2.128091248904977542e-02  2.776281747135249099e-05  -1.910165160316835997e-05  2.308230195644526874e-04  -4.517440655028108314e-03  8.160802584127057908e-04  4.555444665244035712e-02  -2.085072522644742035e-04  2.278105307114919808e-04  -5.498952840920298820e-05  -4.673344402013545566e-04
3.548146169799652679e-05  2.333874471069217647e-04  2.324552022844101132e-02  1.034109270612375113e-02  4.133366709283504623e-04  -3.141170506025279743e-05  6.618637792548510241e-05  -4.353384154168267770e-05  1.577505617977130459e-02  3.587803995399126058e-03  3.795371214006654486e-03  -5.356208544717501761e-05  -6.917857211850625063e-05  -2.086342087177171496e-04  5.146837505914572675e-02  1.835660243475356222e-03  5.253648589099309648e-05  2.857895423930768811e-05
1.059289148771163454e-04  -2.823784396206946781e-04  -9.585924698755550824e-03  -2.229787375543833446e-03  -5.412104147238765281e-04  -4.891435793675099161e-05  -1.858945944750190220e-04  -2.036308410846572440e-05  -3.891069200466974656e-03  4.968683646486646982e-04  -1.749146655649851285e-03  2.062327093818551102e-04  2.911109134115815426e-05  2.271266737011124685e-04  1.836375472458590162e-03  3.899718152268726729e-02  -8.163151328847944698e-05  -4.251095937645417238e-05
-6.287399745790822701e-05  -1.064354776826635829e-05  1.940784236898866223e-04  1.221040333051388069e-04  4.384178286523907758e-03  1.391148114410674385e-04  -1.925758308844413330e-04  8.490166063209856511e-05  -3.578910126969116895e-03  -1.101589928414285161e-03  5.839603832097403201e-04  6.109728804228963352e-05  2.883613956686121855e-04  -5.558780291544445306e-05  5.242459468585522502e-05  -8.122147318095295735e-05  4.209495764033310133e-02  3.141947052727734040e-04
8.345360961364664543e-03  -1.587413358329443769e-05  -7.052763413283903715e-05  1.329995672243095603e-05  -3.096260980984908036e-05  -2.358536467501013648e-03  4.631558494672409834e-03  2.709222107385553854e-03  5.372383348353362410e-06  -3.112509820209681543e-05  -1.083473983930100806e-04  1.172870032122535220e-03  -1.790916351250149445e-03  -4.669840266611884343e-04  2.888692667914378071e-05  -4.158807999965202643e-05  3.138911514100910694e-04  3.847540952097835282e-02
