4.620490205899795838e-02  -1.861160317865331274e-04  5.733408191901695657e-05  -1.090735416437055756e-05  -2.044554593272932485e-04  1.439883390757374032e-03  3.375266839174891759e-02  3.728497213116255217e-04  -4.906025691693960113e-05  1.149248752116684815e-05  -1.361371339479641989e-04  1.726348557170979980e-04  2.115269747642575804e-02  -3.709289419125418562e-04  1.126640885373868988e-05  -9.234239347447003828e-05  1.279033427125524135e-04  7.838503678520269621e-03
-1.854622916348695543e-04  4.677273038204026595e-02  -1.725505663091510147e-04  -2.393417188102163300e-04  -3.219791503146450913e-05  -8.552988488513998651e-04  -6.604670817429602507e-04  2.099092627238351508e-02  2.096241216070186621e-05  -6.997117081857201319e-05  6.073923306757964929e-05  -7.538461017008963455e-03  6.616302321330791089e-04  3.355950583101682816e-02  1.195431037681909432e-04  -2.395759242250889803e-05  2.791733670908682469e-05  2.127494454501290184e-04
5.706352594142732393e-05  -1.723398320812841145e-04  5.098628091836606563e-02  -1.302076839441960706e-03  1.183656148756311250e-03  1.444922759373074561e-05  -8.935507190010299192e-05  5.301126259322268356e-05  2.154962435748597818e-02  -2.015148897992412552e-04  8.603673463886544678e-03  -9.750271845903030860e-05  4.122196450739039526e-05  1.543735715324484235e-04  2.181681156286738657e-02  -9.254825502733621603e-03  1.626655118209345541e-04  9.621305213353660503e-05
-1.094493512110459147e-05  -2.388169880864568235e-04  -1.302164381831611003e-03  3.938786151337698299e-02  -2.222476020648368300e-04  3.237452759501186021e-05  8.357119301662400542e-06  -9.348989879374160715e-05  -4.271429502984925501e-04  4.047807210253746325e-03  -5.932835622487352047e-04  1.208578648188336909e-04  -2.662658779966405737e-06  2.859706357677003954e-04  9.048626398765529863e-03  -2.209903015325963196e-03  9.385727428594770690e-05  3.776534598444375364e-05
-2.043931144810192887e-04  -3.243370062599677318e-05  1.183951972514583548e-03  -2.222570835683289163e-04  3.987379205107909746e-02  2.100661194402456079e-04  -8.329477544163232548e-05  -4.139572991711316691e-05  -8.871900785982027998e-03  1.592006404624734140e-04  -1.628131327127481029e-03  6.986997458055994880e-05  1.522760224154386089e-04  5.209171464040363009e-05  3.180139643050511940e-04  -4.688701874021164776e-04  3.809752712323872647e-03  2.436009935578477964e-04
1.439249462419005081e-03  -8.553204263299166990e-04  1.477236821398791910e-05  3.236792926016116028e-05  2.102064360968104912e-04  3.763205790865317008e-02  1.016980068384270913e-03  7.806961472472479825e-03  3.065871194162166042e-05  1.060811127438357648e-06  1.399166766558451454e-04  -1.601492033938313898e-03  -8.381864512730922978e-03  -1.154388757848607769e-03  1.492492075297884729e-05  1.057902719236578548e-05  -2.113484419814954393e-04  -2.249025789416149619e-03
3.375272595298645789e-02  -6.605796620262224762e-04  -8.982555703433077227e-05  7.856398771750552250e-06  -8.309003501476927447e-05  1.016774799632360997e-03  4.607566165986368839e-02  9.122845759185640004e-04  8.761250101803188595e-05  -4.103150943385886081e-05  1.060784625600798894e-04  2.177797666537205725e-04  2.032159708994685926e-02  -2.897859863453116757e-03  2.658842503822671834e-05  2.029255568527283226e-05  7.464368265362484136e-05  4.347655773330713451e-03
3.726878248000011569e-04  2.099162992615276682e-02  5.298520797453422961e-05  -9.326061347472396740e-05  -4.133487007277207760e-05  7.807120362867051369e-03  9.125573056756133318e-04  5.125018430266419650e-02  -1.711473537323612304e-07  6.941262750701503745e-05  -3.759130424679167926e-06  1.055054067907830115e-03  -5.816691716005179327e-03  2.002148045969644186e-02  1.384010573247787894e-05  -1.009108532520780160e-05  -4.424583581009615608e-05  2.444689183518204429e-03
-4.941104072968661667e-05  2.050054191119472753e-05  2.154980719634939923e-02  -4.267474153547997609e-04  -8.871884604451263368e-03  3.051605707310908383e-05  8.808095485005068169e-05  -7.559783644341002215e-08  5.208435141740456326e-02  -4.176830625088783281e-05  -1.186597700494888613e-03  2.906997155272651335e-05  -2.105451158350118680e-05  -3.356906396292189002e-06  1.471679341301658679e-02  -3.330576404312478919e-03  -3.147432839667207646e-03  -7.011817079347027696e-05
1.098479018502699465e-05  -6.992559430914291958e-05  -2.018374969312618586e-04  4.047730431644420979e-03  1.591088827097519539e-04  9.902174192010771943e-07  -4.052269893073334007e-05  6.936381026339592218e-05  -4.182737574740124265e-05  4.217547466029827191e-02  -1.075221833102897226e-04  -1.087289339899621596e-04  1.762519485649296916e-05  -2.423466413026355211e-05  3.254602586430131554e-03  4.747090289019902554e-04  -9.382178207880175012e-04  -2.634657595785938969e-07
-1.364844689661693950e-04  6.103969265948964345e-05  8.602835621407721803e-03  -5.935136612636130338e-04  -1.628205877197158417e-03  1.396831288025184123e-04  1.069403652435216821e-04  -3.864484676934325530e-06  -1.186937714950666266e-03  -1.075387839766273496e-04  4.016307183824260885e-02  2.664569864473737549e-05  -1.489940593795568002e-05  -9.643093841998437595e-06  3.346994210471393623e-03  -1.224138177565911676e-03  5.095642856891317504e-04  -8.382259841683394671e-05
1.720149051852852985e-04  -7.538707802441428803e-03  -9.828008087429257467e-05  1.211087852130996801e-04  6.999174527296737783e-05  -1.601425829892162657e-03  2.178503760223094907e-04  1.055642711998305448e-03  2.896412466839059011e-05  -1.091364376146938922e-04  2.653993805664466130e-05  3.992784251535464596e-02  -2.674119709111074522e-03  -3.815377458688541147e-03  3.537378123615081182e-06  6.808565033986418169e-06  2.142323636579478353e-05  8.014472328628021195e-04
2.115285307343752960e-02  6.617775782450569834e-04  4.124276388587792873e-05  -2.319559002262571670e-06  1.525491079435683693e-04  -8.381510061099467501e-03  2.032120598167039272e-02  -5.816545999122410895e-03  -2.101699626823692795e-05  1.741240382236290029e-05  -1.505838917151994472e-05  -2.674385830297708235e-03  5.075835471434160528e-02  6.103720726322483907e-04  -1.635262730708240698e-05  2.913937662284362635e-05  -1.752840505198235380e-04  -1.796295237865647371e-03
-3.713292493190740074e-04  3.355941406850489889e-02  1.544128034431965064e-04  2.856312497918655265e-04  5.209135053128054925e-05  -1.154032112062280610e-03  -2.897863645884241578e-03  2.002178444286225115e-02  -2.822697958896775481e-06  -2.371832764831579581e-05  -8.789135690094255208e-06  -3.815308382240872962e-03  6.103636817533056617e-04  4.660938532177674731e-02  -1.222547485207887529e-04  3.106771892240230138e-05  -1.953424618089138985e-05  -4.983238916925218556e-04
1.084132525079757615e-05  1.197987486758325318e-04  2.181671463486986595e-02  9.048460853491783681e-03  3.181727521811385847e-04  1.411715565440616372e-05  2.647199450618162097e-05  1.385517787942317156e-05  1.471650125905401771e-02  3.254392003165458829e-03  3.346938180326050789e-03  2.549721698241812298e-06  -1.620931946350840860e-05  -1.221974427117677130e-04  5.165036657891423216e-02  1.919326469148008698e-03  -4.939356514517674964e-05  -4.575997181897050478e-05
-9.229926126631113532e-05  -2.392055760647386061e-05  -9.255669364981641487e-03  -2.209502926978299583e-03  -4.690166925646553067e-04  1.065484793177834318e-05  2.133005075439127078e-05  -1.016344230272689011e-05  -3.330247965219599714e-03  4.746786119229386689e-04  -1.223884672361088416e-03  7.055409506726538911e-06  2.913151696517803205e-05  3.046493100261704563e-05  1.919389342948043089e-03  3.908664655625771617e-02  4.186823542903198877e-05  5.919385135966027435e-05
1.273969302442942990e-04  2.817966274221581500e-05  1.623077674122241974e-04  9.396977626182093037e-05  3.809866620339806727e-03  -2.118944624409625180e-04  7.535135037929334575e-05  -4.443134834002924100e-05  -3.147432676296793661e-03  -9.380349179573292066e-04  5.093525418026654747e-04  2.070386189432804161e-05  -1.756587785806585809e-04  -2.008730249322422104e-05  -4.947327759032096758e-05  4.153952612321210481e-05  4.250641866417237402e-02  -2.385887963263033467e-04
7.838312206347146024e-03  2.131260900815440092e-04  9.660161175618761024e-05  3.791014258027860574e-05  2.436951902815883547e-04  -2.248611769039246099e-03  4.347884186467594614e-03  2.444641139570673163e-03  -6.998623611264351947e-05  -1.026398983500209638e-06  -8.399780519787718050e-05  8.014966182011683824e-04  -1.796804461936529979e-03  -4.983033191547391657e-04  -4.514162394877600158e-05  5.979839945603717592e-05  -2.371753220474138611e-04  3.893477134306336240e-02
