4.621147874606247596e-02  -4.320018755032151180e-04  -1.349684794399692920e-04  -1.114469922026515452e-04  1.730406905056689024e-04  7.944684740939906252e-04  3.381248575479092050e-02  5.146823459266542137e-04  9.265745698908305398e-05  3.568778064363531800e-05  1.184429541461746966e-04  1.763910373419062859e-04  2.115111591203746103e-02  -4.794330312479126526e-04  -7.708470586382759577e-06  1.182882484548309038e-04  -6.011185792871590402e-05  7.779552009744103436e-03
-4.319622286162839260e-04  4.650521920537696585e-02  -1.101158498454355458e-04  1.476054273009887856e-05  2.113482980989505092e-05  -7.394279843539105232e-04  -6.380448261279809572e-04  2.106819254174139081e-02  -6.522911176900208889e-05  3.180586958417800276e-06  -7.860061377340652920e-05  -7.377042041316702117e-03  7.455586425446923725e-04  3.365753013930813248e-02  1.718582469889025767e-04  -2.790244995078259476e-04  -3.474584058725992754e-05  1.701951165078223710e-04
-1.356771925739997514e-04  -1.100497204037305149e-04  5.130650210569475539e-02  -1.260235274783429909e-03  1.203074216922018699e-03  4.759492448949700590e-05  1.064139874749076963e-04  -1.401556805577988183e-05  2.153835858972423523e-02  -7.945090368389997519e-05  8.637554197580398635e-03  8.036538705099033222e-05  -1.996047354913587025e-05  9.829268731187904169e-05  2.162159033750288631e-02  -8.829414293518142789e-03  8.383165557801001391e-05  -8.524834928728302393e-05
-1.112934488900626465e-04  1.492303616062896599e-05  -1.260325796044449833e-03  3.978648381361954423e-02  3.216613049512138532e-04  1.478743140458770727e-04  2.199617892294200141e-06  3.167260851051709875e-05  -2.308521799930214147e-04  4.014170090039926100e-03  -4.181078698570984877e-04  2.171906354986672047e-05  6.395007568696462613e-05  7.894705091871300027e-05  8.852889183375850166e-03  -1.747171606403603817e-03  2.514752934127459095e-05  -1.427367107707554245e-06
1.734939880175013235e-04  2.125755546978968513e-05  1.203382325587426830e-03  3.216813089224262534e-04  3.997981748653306466e-02  -4.212941344542268273e-05  -1.232894039640318809e-04  3.727750275622187642e-05  -8.741281980636965779e-03  -5.554907818496568984e-05  -1.526548320205963058e-03  -6.142473966668097259e-05  2.842944309152490526e-06  -7.688357177749519903e-05  2.507685482754168837e-04  -3.751079775588992381e-04  3.887919211782350868e-03  -1.222785014442196675e-04
7.942097864273992610e-04  -7.391152288988537969e-04  4.775426707117214759e-05  1.485835232197905021e-04  -4.211514337632586626e-05  3.829495596772193589e-02  1.157224051296013110e-03  7.977834035575209065e-03  -6.331641273871027630e-05  -4.027294219033672630e-05  -8.087888300993605149e-05  -1.650411059600204178e-03  -7.887971819281787075e-03  -1.311853614626723626e-03  -6.273759532200452174e-05  2.387520101542700508e-05  1.089992491803222816e-04  -1.881179707039479666e-03
3.381272560985134484e-02  -6.380815022285077831e-04  1.058487716838098501e-04  2.275894151291357473e-06  -1.229507545351458508e-04  1.156361525893531911e-03  4.604476844393734503e-02  6.921555507528218912e-04  -1.479647074925198862e-04  -4.548450193086452044e-05  -1.199581482048688475e-04  2.915199283861568086e-04  2.024878954247941176e-02  -2.676204415244613603e-03  5.532019820378010857e-05  -1.012010220073534682e-04  -7.462222851672774856e-05  4.357060177373261317e-03
5.147517034104416881e-04  2.106885587364952864e-02  -1.418249192258557958e-05  3.164133492069357961e-05  3.722650246544197421e-05  7.978045465507996314e-03  6.923852022752577471e-04  5.128749092467252413e-02  5.153669765778845742e-06  -1.025095981593676868e-05  3.000035542098886482e-05  9.877347072506372731e-04  -5.828883186572791052e-03  2.001885970638910342e-02  -1.577267387823302479e-05  -1.689182405959678291e-05  1.929638400865836063e-05  2.433089084709462360e-03
9.301548122775488646e-05  -6.504039133593381942e-05  2.153830700197929132e-02  -2.305868138086947130e-04  -8.741353166687452353e-03  -6.212717770007279271e-05  -1.487356352407070059e-04  5.180444701415882839e-06  5.209612885350176081e-02  -1.395161238758426997e-04  -1.231041246783079642e-03  2.506263861134875730e-06  4.529413381918470031e-05  1.494734475812751908e-05  1.472944353310757723e-02  -3.360660545258277888e-03  -3.137864541374429418e-03  9.584876060985570584e-05
3.567556867991548150e-05  2.896126908154430081e-06  -7.951572491572491438e-05  4.014257542134964767e-03  -5.579783369398887941e-05  -4.086667561222833767e-05  -4.492716921216530825e-05  -1.021409895936029933e-05  -1.396624990373900304e-04  4.218290873106565753e-02  -2.267216878677614893e-04  4.082232158650123322e-05  2.229808857717658136e-05  -4.796953371021010152e-06  3.282403524729039443e-03  4.441919228871922076e-04  -9.374877004575895862e-04  3.638716933065571431e-05
1.190447195090085872e-04  -7.794820039786005592e-05  8.636991312496828874e-03  -4.180872066998920491e-04  -1.525987569066866679e-03  -8.030594481523922680e-05  -1.201899413719785352e-04  3.013002249878396163e-05  -1.231232982980592396e-03  -2.267363659988492076e-04  4.007032316697548696e-02  -9.732436154118739461e-06  3.608391978507861344e-05  -1.992558099213252671e-05  3.394038678169645270e-03  -1.234548333609830975e-03  5.163393903519995212e-04  9.134088870176619243e-05
1.764607684325518574e-04  -7.376724373885339657e-03  7.991168179893950476e-05  2.165103200421962754e-05  -6.147126080765919604e-05  -1.650151874620045100e-03  2.917390654294820971e-04  9.882990436894335731e-04  2.049610544680087792e-06  4.049106912443610376e-05  -9.657536698034866629e-06  3.998305074685575000e-02  -2.707188869945561030e-03  -3.888867651782254315e-03  -2.650716129901948555e-05  5.533284626311900015e-05  1.255191275213111873e-06  7.724679704580884442e-04
2.115149917534389981e-02  7.459191539922514031e-04  -1.972064759028248270e-05  6.383339865655302404e-05  2.776616156047102625e-06  -7.887960305438640810e-03  2.024854223503463543e-02  -5.828886829207503145e-03  4.498277895601886613e-05  2.245744425513716559e-05  3.577857529630059009e-05  -2.707494600094656218e-03  5.087774293896091260e-02  5.477688059734099916e-04  -2.760583091058470571e-05  -2.034316924012342934e-05  1.854541784646807675e-04  -1.730714159256928342e-03
-4.793787255964047683e-04  3.365714675132073369e-02  9.845452885014393727e-05  7.921178643117361196e-05  -7.702509676606793883e-05  -1.311239299955630280e-03  -2.676345500532079872e-03  2.001930452169667710e-02  1.426528337035527871e-05  -4.755761177636410103e-06  -2.113540149951216498e-05  -3.888745719861887856e-03  5.478185787626080891e-04  4.637742349346875292e-02  -1.435167708727347585e-04  2.201328511029163331e-04  2.265225769419509371e-05  -4.726783386559083597e-04
-7.517430360308914853e-06  1.718158928378020305e-04  2.162192834100342548e-02  8.853056839322036992e-03  2.507222038174515663e-04  -6.359944050497193474e-05  5.509070981474699445e-05  -1.585204103185387897e-05  1.472941941572022094e-02  3.282341045157860775e-03  3.394067648511815173e-03  -2.647494947850125515e-05  -2.723155613121197813e-05  -1.432414725011909576e-04  5.180806800635352760e-02  1.608259100510102749e-03  1.964901300166416900e-05  4.233582071783058368e-05
1.178055813179150030e-04  -2.798169242792987194e-04  -8.830742095792806778e-03  -1.747421999242910074e-03  -3.752688675463789728e-04  2.426942351888491402e-05  -9.944253685322614099e-05  -1.651472248733677054e-05  -3.360460639356339582e-03  4.443277725514191076e-04  -1.234300511880479217e-03  5.496640119003136620e-05  -2.126129930314905975e-05  2.192694537503833403e-04  1.608459169767050478e-03  3.957392868848769174e-02  -7.242238737054505662e-05  -5.428939225151244792e-05
-5.967029644303699094e-05  -3.483832644064267271e-05  8.349105859914429922e-05  2.524577244768404292e-05  3.888344722816334739e-03  1.098737053792975846e-04  -7.447559477408846802e-05  1.921736175483180836e-05  -3.138243060138335913e-03  -9.374941998678098902e-04  5.158593241398844436e-04  2.195300752304742283e-06  1.858549362700283574e-04  2.288801200988007815e-05  1.981986249842070081e-05  -7.287168492111091686e-05  4.247030710846794871e-02  2.505052433202066358e-04
7.779092915376839903e-03  1.700750405672755050e-04  -8.436805695170149547e-05  -1.684927893102867937e-06  -1.225554151396198864e-04  -1.880907448801958076e-03  4.357022366635517410e-03  2.432977685678232305e-03  9.444318324194429977e-05  3.611237603699242693e-05  9.108223257930814112e-05  7.723041005555798377e-04  -1.731106746864731569e-03  -4.730148898204800025e-04  4.152339060663551908e-05  -5.403299835762328401e-05  2.493081804860362784e-04  3.899978301118044860e-02
