4.222868092234412229e-02  -7.013597794830752317e-04  2.960468768079095583e-06  5.338883900127384728e-06  -1.740706213581754618e-05  2.222082237894300837e-03  3.697755890507188614e-02  9.452091110941322890e-04  6.838576099815497764e-06  -8.125452414886970900e-07  2.525511493176242864e-05  1.837927253843003742e-04  2.248969686071744523e-02  -1.034440717319501509e-03  1.830762607437823810e-06  -2.828136961516812711e-06  -2.045508645053175946e-06  7.536225759158059027e-03
-7.014032362774655490e-04  4.221115516167135706e-02  -5.606085182260297487e-07  1.772534774677815363e-06  -2.094235052744707862e-06  -2.216752774581664219e-03  -1.046379813250612311e-03  2.249071440898513935e-02  1.341679911395366686e-06  -2.989487087946964397e-06  2.331935580442085940e-06  -7.534214273472646453e-03  9.546157644052558023e-04  3.699453355248003006e-02  4.643456436600098953e-07  6.764434456283793764e-07  2.469717130029253481e-06  -1.692043696400806713e-04
2.859506539252632241e-06  -5.257812287176134017e-07  4.889165408334440743e-02  -3.064476053421037564e-03  3.059985933471525647e-03  -5.436857136025848833e-06  -9.498504212325830089e-07  -1.204227093724579267e-06  2.326385352415046362e-02  -3.082867974232140042e-04  9.740472957901591400e-03  4.592190042983304384e-06  -1.349741253358614063e-06  -1.052737149661628523e-08  2.326212089947497091e-02  -9.732409385450915135e-03  3.063162078338085392e-04  -2.671280032402214163e-06
5.297478978803070533e-06  1.853912807361027809e-06  -3.064128733060950214e-03  3.230760080513524202e-02  -1.704237662454895891e-04  -5.017425432871877644e-06  2.412391278299784754e-06  -5.862437484200540135e-06  -8.454662025716051191e-04  4.305157601482858740e-03  -9.051797475185609275e-04  4.450774149610873332e-06  -5.293846448484586668e-06  3.679025970994765474e-06  1.012536914974882830e-02  -8.271469182374874144e-04  2.857787281053070580e-05  -1.321638621383833399e-06
-1.742536066734944747e-05  -2.066620717989508038e-06  3.060005681769381158e-03  -1.704536879084439017e-04  3.234609933794330844e-02  2.006223314157991327e-05  2.128834485443441041e-05  9.616631955620399486e-06  -1.013567980627995933e-02  3.404529300993572864e-05  -8.737182049796588966e-04  -3.554347115872682887e-05  -7.216761382734118348e-06  -7.823432228172223548e-07  8.408142848946291046e-04  -9.055223692462858586e-04  4.311143848062924493e-03  -1.026797176760189183e-05
2.221852262889872920e-03  -2.216606185022334998e-03  -5.267437514796106876e-06  -4.983832456599495651e-06  1.986924257590765957e-05  2.797461244243244077e-02  1.991374418853100389e-03  8.646170450507926000e-03  -5.387270399285426336e-06  -6.643953814858542223e-06  -2.200384157363492664e-05  -9.007757321703382817e-04  -8.644375227733078204e-03  -1.994415067010062680e-03  -4.176675388289344173e-06  1.327791257063827832e-05  1.512967400001985306e-06  -8.915693856880863282e-04
3.697746156915488608e-02  -1.046419755505793381e-03  -1.027789521413497268e-06  2.357125658636123818e-06  2.121215238226617440e-05  1.991541621390112426e-03  4.227780298204454612e-02  1.018083877002982094e-03  -7.034794839129089926e-06  1.198838991566843077e-06  -2.871461522833568009e-05  4.632288896143255011e-04  2.188740483231400510e-02  -1.878165972716924368e-03  -2.009048002234742911e-06  -8.913788648476063228e-07  2.988616437903628171e-06  5.698231175954877187e-03
9.451266199537486194e-04  2.249064504279647825e-02  -1.048059477332134150e-06  -5.973111299203040622e-06  9.541897543753872187e-06  8.645751359095385502e-03  1.018143927416080129e-03  4.941069922747048926e-02  -4.239768406068127285e-06  4.281502497280168491e-06  -1.413291172599380925e-05  3.423934603311305867e-03  -6.463841888684485060e-03  2.188761322921038352e-02  -2.277080395502495423e-06  2.905948844021139971e-06  1.118898385318215626e-06  2.674365486312010789e-03
6.858522487631270365e-06  1.312971980538138209e-06  2.326376082855275557e-02  -8.456206377929514255e-04  -1.013544714676303631e-02  -5.386709426005561321e-06  -7.099993769327045719e-06  -4.237345229515980840e-06  5.064966811692533932e-02  -1.375852305994918043e-04  -3.392801604792328608e-03  1.163190376447373797e-05  1.225664877917164457e-06  9.706330750027544330e-07  1.581183800713271276e-02  -3.895961751845618184e-03  -3.618637791504167832e-03  2.577391477529694155e-06
-7.038746847301282259e-07  -3.006227414021657186e-06  -3.083022344330567247e-04  4.305000893043344802e-03  3.406980985918493755e-05  -6.634626614464686674e-06  1.038885571921657167e-06  4.250921856224051133e-06  -1.376113313770329857e-04  3.927808597269129287e-02  -1.874034678704079653e-04  -5.225538507171910646e-06  9.046402128239385485e-07  -2.323105220072850471e-06  3.616417327846475904e-03  6.745253730610476948e-04  -1.080222733020374257e-03  7.196816843381112173e-07
2.515974858889279594e-05  2.346555195096820422e-06  9.740502565206020716e-03  -9.053022582858305219e-04  -8.738040425161625177e-04  -2.202248479613069630e-05  -2.872169241827310040e-05  -1.420509538348027407e-05  -3.392431871767863198e-03  -1.872893495082696179e-04  3.273727477500355809e-02  4.613921820255561303e-05  6.871572105628401377e-06  4.155909167742581289e-06  3.900318461804977779e-03  -1.882966087953722020e-03  6.685016806256038934e-04  9.709553517564533073e-06
1.837897791943384309e-04  -7.534323201728220822e-03  4.340463146716284227e-06  4.427904373438645407e-06  -3.542779448956383731e-05  -9.008105803582939098e-04  4.633884669363909359e-04  3.423738754318034205e-03  1.158897522298033098e-05  -5.396029556769960304e-06  4.602232179903117568e-05  3.181909555617377233e-02  -2.674471867354361390e-03  -5.705895965019559812e-03  4.317622077837744704e-06  -2.569154326807723441e-06  -5.204614614594593383e-06  1.350088375542716221e-03
2.248957319543649219e-02  9.547258232795904605e-04  -1.386669902089398058e-06  -5.168071770793908307e-06  -7.149222338493680892e-06  -8.643921144408095447e-03  2.188736251733261820e-02  -6.463745980533163252e-03  1.211032201687719340e-06  8.674527017378530534e-07  6.967453786913386610e-06  -2.674900370860809531e-03  4.941340999866464939e-02  1.009388061191753656e-03  2.588487316261422761e-06  -2.052459114501604400e-06  -3.561094067035460356e-07  -3.418159548908253961e-03
-1.034496120808971100e-03  3.699449736705621994e-02  2.178454092187029847e-08  3.818487404761494897e-06  -7.951993188661289754e-07  -1.994454888607625955e-03  -1.878162795572623249e-03  2.188763468701358447e-02  1.154657532559400925e-06  -2.493119496800256716e-06  4.189778933134445961e-06  -5.705950710933285763e-03  1.009245796882410947e-03  4.226335103699002671e-02  1.002967993826545986e-06  -2.550723048379149899e-06  -2.505954203406099586e-06  -4.750497090925964467e-04
1.657251968414656336e-06  5.309748148714850830e-07  2.326211186556443461e-02  1.012501939139885850e-02  8.407805134350118019e-04  -4.229114005346875839e-06  -2.104905434924652903e-06  -2.129543315084190208e-06  1.581179897455768299e-02  3.616514017199267111e-03  3.900348917267827762e-03  4.534294935847735019e-06  2.410667505843663690e-06  1.151535055729306917e-06  5.064648236556004018e-02  3.405770616911147405e-03  1.379712212486122562e-04  7.329133439477439139e-06
-2.748326447640061634e-06  8.210864038665271762e-07  -9.732646496780079926e-03  -8.270325536217710454e-04  -9.056044002993398571e-04  1.324261374212407269e-05  -8.818457493263801217e-07  3.050990499393101256e-06  -3.896183619621563805e-03  6.743393854862958069e-04  -1.882962426425662970e-03  -2.701010120137697834e-06  -2.001608964299330368e-06  -2.282857265900994108e-06  3.405514788100373700e-03  3.268321914191827521e-02  -1.851796945520992348e-04  -1.302154567194436290e-05
-2.052613410801492846e-06  2.359475116318848580e-06  3.063572737416498390e-04  2.860423461911689222e-05  4.310950662567065474e-03  1.702015059216640601e-06  2.952034381217219437e-06  1.065072346361237775e-06  -3.618540532898821376e-03  -1.080200878677108631e-03  6.688480176816067116e-04  -5.083337927661971641e-06  -4.674698544212175099e-07  -2.367400096458741941e-06  1.378683311681838067e-04  -1.850939066762667781e-04  3.927667062186997182e-02  1.143758499436955790e-06
7.536536535064863006e-03  -1.691856781440665368e-04  -2.834625465831970034e-06  -1.491275187401558317e-06  -1.033344592149051599e-05  -8.915206083704261143e-04  5.698421375249921803e-03  2.674033353159893829e-03  2.507689479587108387e-06  6.433597812568585704e-07  9.735886290226091158e-06  1.350036962580299094e-03  -3.417946963289007854e-03  -4.749781600390704612e-04  7.259000607470395150e-06  -1.309021775769203395e-05  1.291206880247636214e-06  3.182883648817248778e-02
