4.288762737756749571e-02  -5.861684057299645749e-04  1.871610225505362234e-06  8.198045368688552809e-07  6.369597308375980928e-06  1.802644107255709036e-03  3.654059924939254134e-02  7.848019434834673609e-04  -6.617727120097254935e-06  -8.233637910468272335e-07  -1.748219696481675712e-05  1.662808366620251838e-04  2.179607172728356690e-02  -9.504550507660744019e-04  -2.499919215644749958e-07  -2.263492749439960633e-07  2.568872358106014727e-07  7.215023798274280108e-03
-5.861752183535189455e-04  4.291707271660829409e-02  3.188305378841056556e-06  9.760905608147056376e-07  8.296339836593427221e-07  -1.779239807266246422e-03  -9.526162040763706991e-04  2.182261792926840777e-02  -4.017045488397355840e-07  1.347964878034529425e-06  -6.167138847182694623e-07  -7.252544648161139869e-03  7.793695139055174500e-04  3.649123211646874282e-02  -4.117905626193059847e-06  7.388814851305493518e-06  -7.620951721616183708e-07  -2.093472886660482858e-04
1.834767046145203777e-06  3.199612712151864312e-06  4.974093236781599453e-02  -2.399544235398296758e-03  2.425651178539935029e-03  4.145779303055364366e-07  -1.082719338327668215e-06  -8.787310561828028922e-07  2.256336331645366136e-02  -2.316122864333321760e-04  9.275080323997531712e-03  1.149290637205976996e-06  -3.219438986920916040e-07  -2.003585540835300089e-06  2.254302091683932363e-02  -9.253634262323921431e-03  2.379071783897099973e-04  -2.799514039570352328e-07
8.697811114308588766e-07  9.871529025398487070e-07  -2.399522301252596506e-03  3.396067723656210485e-02  -8.299594864781721583e-05  -3.332228800633447146e-06  3.487646890869943832e-08  7.683568374849819955e-07  -6.212141272298359659e-04  4.097826024968389061e-03  -7.022453377378505947e-04  7.617248368960872066e-07  -2.784333256190305014e-07  -2.433514362909358775e-06  9.539475668143665779e-03  -8.628852527822064925e-04  4.513180534335829074e-05  -1.736328483199231348e-06
6.385443462724217611e-06  7.408375591945442456e-07  2.425421873505825051e-03  -8.299060133665044016e-05  3.390499721605381295e-02  -2.570826594621575361e-06  -5.251274355779105411e-06  2.716453402640440243e-06  -9.562502491517381117e-03  3.810537881339606537e-05  -8.792112668775844530e-04  -6.652565953762693139e-06  5.097666276683686432e-07  -9.387409356360956482e-07  6.319246602431403959e-04  -7.125426270952178037e-04  4.093088795513685242e-03  4.048693066658201275e-06
1.802760929715968964e-03  -1.779263130191450614e-03  4.318795379000247988e-07  -3.232617704379806219e-06  -2.547270074561110010e-06  3.021999975074799935e-02  1.652831587482627871e-03  8.317685978231051727e-03  -2.071210435273881928e-07  4.360181796419591132e-06  -6.132365467045225340e-07  -9.614005694464199808e-04  -8.283867691873367939e-03  -1.701355040631977482e-03  -1.569093829443525400e-06  1.557019218346453122e-06  2.787937799343620116e-06  -9.217871829691205157e-04
3.654055724596758786e-02  -9.525512621608136143e-04  -1.046583273774172926e-06  6.761917785337863855e-08  -5.307506422559853423e-06  1.652923744771889279e-03  4.285829487742364580e-02  8.957251550283193853e-04  6.613002499195914382e-06  1.289543900974931644e-06  1.801714820080334149e-05  4.482388475045506423e-04  2.119627887319799897e-02  -1.971415527496146822e-03  -4.201622467763330853e-07  7.830417196758174044e-07  -1.780190015713515788e-06  5.197772056272784852e-03
7.848179941200477197e-04  2.182271080531723514e-02  -8.652598862821611441e-07  8.953367949457141776e-07  2.715104878493884338e-06  8.317322459794201234e-03  8.958912654176442482e-04  5.005676232497953404e-02  2.262648078040136621e-07  -9.132945165098151726e-07  -1.479003326642394383e-06  2.618901437018108635e-03  -6.168036980415947217e-03  2.119540794781320583e-02  -7.097841442866896742e-07  1.058393940843492709e-06  8.431854129143342165e-07  2.693251450426192677e-03
-6.629330641831161112e-06  -4.258858948941140481e-07  2.256336948688468513e-02  -6.212243456424391226e-04  -9.562242176539339014e-03  -2.047352075539657379e-07  6.420132953992151028e-06  1.697257676869672476e-07  5.115910455040122845e-02  -1.089241286358394098e-04  -2.642135713184188672e-03  4.275063840097481382e-07  -5.898318530382163068e-07  -1.663306465697330751e-06  1.532315317794722027e-02  -3.640069372283269433e-03  -3.436659731206306769e-03  -2.695713678436515191e-06
-8.176002951699340002e-07  1.359707074218638174e-06  -2.315822391025766929e-04  4.097874153988327779e-03  3.814523793757206504e-05  4.284123551264487494e-06  1.219058658827135999e-06  -9.503998579781835561e-07  -1.088941980703533364e-04  3.952229276750868214e-02  -1.589599918054704548e-04  -1.377091904529502930e-06  -1.097010857155309565e-06  7.883828160786210361e-07  3.436989915934106875e-03  5.998202657788389734e-04  -1.037617997415362552e-03  -8.242108251863365230e-07
-1.745028060360111268e-05  -5.882581429850860147e-07  9.275280201718402728e-03  -7.022482534963426669e-04  -8.791102568122255694e-04  -6.173531310112555141e-07  1.796682390222570735e-05  -1.522713341496839726e-06  -2.642045815254440329e-03  -1.589557303768118312e-04  3.424253812569080097e-02  3.602871530307399386e-06  -1.734533072923607672e-06  -2.821976804059990230e-06  3.640411759502492663e-03  -1.625403756213351361e-03  6.007629832593897263e-04  -5.896038779484201433e-06
1.662301402064804987e-04  -7.252765376464904816e-03  1.159961888882233239e-06  7.642096895874455347e-07  -6.583887903438899048e-06  -9.616320940723969242e-04  4.482664229280410115e-04  2.618575279796728911e-03  4.100787764522341565e-07  -1.311306566784137301e-06  3.689958047698381840e-06  3.351487137696423924e-02  -2.692070405325162723e-03  -5.200730149490052044e-03  2.285727514657963390e-06  -2.682388363576591597e-06  -2.534936693801119084e-07  1.122733928756940820e-03
2.179600724085826655e-02  7.793981363790607620e-04  -3.478043405186592886e-07  -2.191851177969059224e-07  4.385156881953920917e-07  -8.283586564663551061e-03  2.119619667165149879e-02  -6.168051839085712286e-03  -5.741797441588158667e-07  -1.090507725884114086e-06  -1.649633547618324189e-06  -2.692380354865628496e-03  5.007664273055727894e-02  9.061675283940912170e-04  2.759159414567898253e-07  2.913082860735403092e-07  2.277543619855384795e-07  -2.589002799442027738e-03
-9.503448110465275659e-04  3.649119190133851692e-02  -1.936758970846503825e-06  -2.447606072127350639e-06  -9.727355870023111757e-07  -1.701419671427354926e-03  -1.971372302646782950e-03  2.119550699088546333e-02  -1.551616717778461047e-06  8.213246647304263448e-07  -2.898326380041630224e-06  -5.200849188661296231e-03  9.062515078411551494e-04  4.289997596668396196e-02  3.963698922719986433e-06  -7.922540865750430815e-06  3.236620616524962002e-07  -4.016082380538112768e-04
-2.774560196228553637e-07  -4.144800705448364205e-06  2.254294344316630158e-02  9.539224614206641070e-03  6.320401794830496790e-04  -1.574466777394831065e-06  -4.275395099189208928e-07  -7.345842941777528448e-07  1.532308397580981092e-02  3.436886943921868727e-03  3.640179428732336422e-03  2.260991920963781988e-06  2.874455678165226182e-07  3.997704220644137559e-06  5.117663835676328904e-02  2.616666151207104260e-03  1.044263302626662065e-04  6.176979344686833960e-07
-3.165750267527731646e-07  7.430187181111087109e-06  -9.253772774665916870e-03  -8.628381818725311360e-04  -7.124697200283956018e-04  1.481286595621363976e-06  8.035128478692200530e-07  1.039545567321712193e-06  -3.640142228487477927e-03  5.998560379056027672e-04  -1.625393758822189913e-03  -2.738955657307339054e-06  2.162846031208514283e-07  -7.926903918286317777e-06  2.616336154058102135e-03  3.428778385654796673e-02  -1.525008839870160675e-04  -3.347123904653281358e-07
1.878565883676953351e-07  -6.881240788250412388e-07  2.378416778025119541e-04  4.512976958369579582e-05  4.093062673331075534e-03  2.857546487912561034e-06  -1.725310161754128611e-06  9.204024998457810017e-07  -3.436659216946180099e-03  -1.037621691516576496e-03  6.008004696753018728e-04  -2.364760551933041355e-07  1.786736195456152903e-07  3.565023670911701856e-07  1.044111745325039959e-04  -1.524930304635712460e-04  3.952425922987071183e-02  -2.082684397075222482e-06
7.215106200330852378e-03  -2.094656407689880415e-04  -4.086882209574347357e-07  -1.743197448585169270e-06  4.052198254930490840e-06  -9.217677972707846419e-04  5.197739312863711332e-03  2.693037564745550793e-03  -2.665150678975071225e-06  -8.643520934640144981e-07  -5.896592412355685662e-06  1.122805756245344715e-03  -2.588882370462132574e-03  -4.015603783982144253e-04  6.510361245072275291e-07  -2.629421165322333611e-07  -2.091968449208596100e-06  3.356377819804907958e-02
