4.449238725850036130e-02  -3.657269485233070731e-04  -1.674254761335798283e-06  -1.623083359542985238e-06  5.858637406813296965e-06  1.172013390512423141e-03  3.502884396023154406e-02  5.416221577165811814e-04  -1.148277363698143295e-07  3.563833094372975590e-08  -3.932065101558741413e-06  1.303428932154544609e-04  2.060187355634843231e-02  -7.636073261203621832e-04  -3.353830325323945815e-07  6.338393662077440878e-07  4.380132600846099983e-08  6.874239797758957722e-03
-3.657348669620138896e-04  4.452963572525382718e-02  -1.150057323450526971e-06  -2.838557625151191717e-06  1.035593434320326884e-06  -1.184076298492054476e-03  -7.545930145529077242e-04  2.060402796157592004e-02  -2.120822584444941071e-07  3.368932575151079763e-08  -7.127590645000654126e-07  -6.884831257009406923e-03  5.430679793772026512e-04  3.499027395314748684e-02  8.294924565730354841e-08  8.253322126969281440e-07  -1.238011954640374220e-07  -1.182301736866218591e-04
-1.702315657890275602e-06  -1.113203481887749838e-06  5.091622818990092225e-02  -1.491707241987550977e-03  1.499432248650663622e-03  1.073413528906475510e-06  7.972225622658812770e-07  3.113662922570091298e-07  2.123791510055386689e-02  -1.378537656105537784e-04  8.457416228578755468e-03  4.983818746316819822e-07  1.383354021958050099e-07  4.607008693697925273e-07  2.123575774934292545e-02  -8.456212260296115668e-03  1.368664844183297769e-04  -1.326150059856211504e-06
-1.544157741006263480e-06  -2.805440000669616927e-06  -1.491719824395146840e-03  3.628365220774164984e-02  7.746125739357280324e-07  5.844601798325364706e-06  -1.553066310935591491e-06  1.180327922416054763e-06  -3.529459152097069187e-04  3.668251905169555172e-03  -4.540184135613309488e-04  -1.239740609770730070e-09  5.266696570679759991e-07  1.878860430637542802e-06  8.613661191439657416e-03  -1.050322113216706210e-03  3.710446891493615260e-05  -3.843442764110972359e-06
5.907530068660274036e-06  1.106517100651736055e-06  1.499457710657727590e-03  6.796583476023413532e-07  3.627095418591411852e-02  2.109667130686766567e-06  -5.061428466840594724e-06  -7.537994914542607454e-07  -8.616022673513645119e-03  3.954845545839110989e-05  -1.049674663047569763e-03  -1.024874656088345424e-06  -5.828652428545059776e-07  1.404017478641987558e-06  3.523173021451619664e-04  -4.540740178955611755e-04  3.667907381177165117e-03  9.044716051010794036e-07
1.171918643708720099e-03  -1.184143916944544080e-03  1.176288187609207372e-06  5.913290557433935126e-06  2.306714622067535391e-06  3.374070207101077107e-02  1.186845761125807737e-03  7.701341436526567066e-03  1.023073986623837723e-06  8.470711281139886017e-07  -7.142958611508201500e-07  -1.144405706103232990e-03  -7.700277884158393364e-03  -1.181077916406502760e-03  -5.709465374045863975e-07  -3.223098279398564901e-06  6.670608089260969730e-07  -1.150874699120256559e-03
3.502883249259325371e-02  -7.545067858902911604e-04  6.891127728215485364e-07  -1.602783050885438118e-06  -5.001703358377876233e-06  1.186950453091480985e-03  4.434246429358204566e-02  7.545354694292393753e-04  -1.902020926138857134e-07  -1.780422158564940003e-07  3.690221647981366561e-06  3.408636008807478337e-04  1.995950001343407484e-02  -2.302704686561666061e-03  4.258453106885754221e-07  6.908052903162021015e-07  -6.881378921620075940e-07  4.336813532314372395e-03
5.415357376964783373e-04  2.060408821611598579e-02  3.055959300938699281e-07  1.175802944197455787e-06  -7.742982887279304553e-07  7.701287347735183766e-03  7.544739306856934136e-04  5.095403230837209502e-02  3.135757228860087703e-07  -2.547337000466758897e-07  9.600163994314650341e-07  1.529346400165010073e-03  -5.750408808979419299e-03  1.995930273808220815e-02  8.268107923289343571e-08  -6.212178433534875059e-07  9.838261475212572881e-08  2.599878980800439474e-03
-6.524001991876771423e-08  -2.064837565956207567e-07  2.123789938269186536e-02  -3.530039289177872085e-04  -8.616003648680993152e-03  1.100999126034410427e-06  -2.382816049660825101e-07  3.301471914463024569e-07  5.185380087388758580e-02  -6.955913797747074654e-05  -1.600677097815111916e-03  -7.532319617097124377e-07  5.241538747204179751e-08  2.294275711447082869e-07  1.443441230553582644e-02  -3.239910531674692045e-03  -3.113852048666671240e-03  -2.521972855353102576e-07
5.593718941188960035e-08  6.509358564516619293e-08  -1.378496607667250554e-04  3.668228173004838260e-03  3.955505985456803509e-05  8.677657973091275273e-07  -2.827031158195157922e-07  -2.480067483313160548e-07  -6.954573769772414078e-05  3.985678398177866510e-02  -1.163030971706771589e-04  4.611664586786603820e-07  -1.200211723638508393e-07  3.496802141411626205e-07  3.113327836002108186e-03  4.709947563993733361e-04  -9.417967520406628776e-04  -3.340892488213218124e-07
-3.848510212799045848e-06  -7.826494998015919783e-07  8.457339940904329625e-03  -4.540620802330315128e-04  -1.049600610740511692e-03  -8.456319924565075687e-07  3.707944334362879284e-06  9.354512467432579072e-07  -1.600669466597782423e-03  -1.163132792216337659e-04  3.649029283158963105e-02  -8.614393360077645292e-07  -4.276874155682510382e-09  -7.502241838928266028e-07  3.239619248278771246e-03  -1.283422763021394974e-03  4.707654278042655875e-04  -1.091107334196319101e-06
1.304262133354011578e-04  -6.884826782631524832e-03  5.094195985055448275e-07  -6.309298615344452825e-08  -1.062388928750841823e-06  -1.144383119938291405e-03  3.409515710979475604e-04  1.529216541526022717e-03  -7.208768378919183825e-07  3.625273107959324956e-07  -8.280790648675671768e-07  3.605966839637281263e-02  -2.599569200827951416e-03  -4.326282382855500645e-03  4.863727009545687503e-08  -8.370234790508954378e-08  -3.031695177421459716e-08  7.538597730436779601e-04
2.060177548792513011e-02  5.429262675629269999e-04  1.149154838583237099e-07  5.061349396750240767e-07  -5.553800560594261164e-07  -7.700384683531797357e-03  1.995961213402129564e-02  -5.750425545901260808e-03  2.793269320218590503e-08  -1.054664155212749378e-07  -5.637411917145879871e-08  -2.599507039126889262e-03  5.095692013988926267e-02  7.533098612506163635e-04  -1.239604886417532515e-08  -1.002079185901677973e-07  4.625075556011961416e-07  -1.523751465609385087e-03
-7.636318183805938364e-04  3.499029208030193100e-02  4.973384824217594405e-07  1.913517567683959478e-06  1.348843500474808915e-06  -1.180920337330139316e-03  -2.302729032400983259e-03  1.995931691845676675e-02  2.058583617640461668e-07  4.105467654459875146e-07  -7.336340832711614251e-07  -4.326287024486308655e-03  7.532591615363058626e-04  4.437689771901227181e-02  -3.480906741176757449e-07  -5.042651566876022944e-07  1.975287485469543804e-07  -3.551915764813979724e-04
-3.479821451528051890e-07  2.041656757881582966e-07  2.123569909664642374e-02  8.613576912228901317e-03  3.523391852479656919e-04  -5.230383530500603997e-07  4.814056912743748897e-07  8.542268341382566054e-08  1.443438727491630838e-02  3.113349430585089350e-03  3.239643527388679986e-03  8.291458975932197385e-08  -2.269980320239343212e-08  -4.409905569180238758e-07  5.185631374314998709e-02  1.597359421179612255e-03  7.092353870151376109e-05  -1.227226581709639489e-07
6.443579022254737057e-07  7.138823733134901390e-07  -8.456210766042951757e-03  -1.050306122490524867e-03  -4.539626610954423068e-04  -3.159333166236164013e-06  8.240603661745271016e-07  -5.241860112860174761e-07  -3.239986699934731523e-03  4.709454799283663198e-04  -1.283449216874864946e-03  -1.395500169692578766e-07  -1.632364391706644575e-07  -3.894863278081697979e-07  1.597091459684987910e-03  3.649666532459144158e-02  -1.178894332541696374e-04  2.549238920355931108e-06
9.453204151306194358e-08  -9.955837114619630479e-08  1.368719074719774434e-04  3.710092236205431556e-05  3.667870919029537526e-03  6.973679756820853146e-07  -8.869297149211676364e-07  9.670666787242400730e-08  -3.113825628105137532e-03  -9.418040462372316785e-04  4.708676950381720659e-04  3.842887404416268229e-08  4.559911494265904434e-07  2.360766582299647671e-07  7.092921422057474876e-05  -1.178556163243848408e-04  3.985649012178667239e-02  6.829528039793967356e-07
6.874132317133053137e-03  -1.182659242635920193e-04  -1.335508827588934496e-06  -3.889957883757852054e-06  9.035046026663660889e-07  -1.150865429271002473e-03  4.336861770305827819e-03  2.600003817227965024e-03  -2.639633304697484834e-07  -3.089673967145421418e-07  -1.159776002147708864e-06  7.538605534561621619e-04  -1.523652113075835276e-03  -3.551919935820292955e-04  -8.719585320787605141e-08  2.506728821528074550e-06  6.980788529222182182e-07  3.607227184191946073e-02
