4.255204895326353959e-02  -6.455593629805696232e-04  6.236820189411613559e-06  -8.338608137255563670e-06  -1.339070215812543283e-05  1.954367524317078293e-03  3.677880548940558325e-02  8.542339231031390989e-04  -9.223394948419005556e-06  -1.468413905722457412e-06  -1.027484507403770154e-05  2.170229957160139641e-04  2.213863737614497201e-02  -1.000705241438603439e-03  1.441038656008490116e-06  3.762969619972229737e-06  -1.514260546380751557e-06  7.372579789229414225e-03
-6.455608927100053027e-04  4.257996870845688620e-02  -9.946591191629939783e-06  -2.770064318626581262e-05  -3.772411774808095073e-06  -1.980589990523790641e-03  -9.859398311918938715e-04  2.214288771120258292e-02  -3.697362674257589788e-06  -1.972212356405947607e-07  -1.976293067636270800e-06  -7.384880323520901825e-03  8.529266574593603358e-04  3.674460024824159621e-02  5.798886393689588745e-06  1.797608091680020891e-06  -5.814378537012286573e-07  -2.084383205214398191e-04
6.173790618379210438e-06  -1.001863376977464645e-05  4.934990545493391639e-02  -2.701731981815232164e-03  2.704899887620818618e-03  1.164099292283198495e-05  -1.120858406009690048e-05  -4.298466389986255154e-07  2.290377948815222955e-02  -2.726696536234274239e-04  9.507463867261324239e-03  2.734301133526062094e-06  -8.228539146439639946e-07  1.256454734015863988e-05  2.289444398215801507e-02  -9.487654796908417607e-03  2.701990186668441589e-04  -6.937730985140054925e-06
-8.340656574359484862e-06  -2.779195600875898189e-05  -2.701602484845011358e-03  3.320053088697935001e-02  -1.341698789108984428e-04  2.971914739095368450e-05  -1.038645868516542675e-05  4.338909101283536610e-06  -7.256572283974217384e-04  4.196612686645982866e-03  -7.984221937558647801e-04  1.120112335131672161e-05  -1.813917908128097072e-06  2.064364829420489819e-05  9.815527494703308806e-03  -8.403012163919184934e-04  4.432600202539872434e-05  -3.570837560981500420e-05
-1.341650375900748690e-05  -3.814460844270329205e-06  2.704731741599134681e-03  -1.341335735153676410e-04  3.321901639255839950e-02  -5.342606337563422501e-06  1.216315715086966277e-05  2.679370113036822246e-06  -9.827218335249340853e-03  4.772592057276755286e-05  -8.798238497597471149e-04  2.519096883618619469e-06  -1.465399251852035433e-06  -4.221416846488297823e-06  7.209210994132901184e-04  -7.942918913706542919e-04  4.202576792914526106e-03  -9.700190621277030243e-06
1.954404452461263632e-03  -1.980528219711326018e-03  1.169387172256167314e-05  2.983125522924907116e-05  -5.313206272036678325e-06  2.920785181907589734e-02  1.852411641782035923e-03  8.480045809433661014e-03  3.331334268115043575e-06  1.209158593662343933e-05  7.147869728183912115e-06  -9.468698850602817133e-04  -8.470404575645008177e-03  -1.842779359144946756e-03  2.421086789820553250e-06  -2.921324514288527283e-05  -2.705600459657045633e-06  -9.427934718488233980e-04
3.677877131444329262e-02  -9.859766034125685627e-04  -1.124477044063647223e-05  -1.041192545242134023e-05  1.214329360292385771e-05  1.852466351816030180e-03  4.256937294001129218e-02  9.552378229705533064e-04  7.366127442180051990e-06  6.523573182094565952e-07  1.025856054159843580e-05  4.133494539362080967e-04  2.152042393297269943e-02  -1.916740762612355537e-03  -1.582617712669441457e-06  6.729399327154423523e-06  2.756319918669256714e-08  5.438939091106313739e-03
8.540933748575806278e-04  2.214288422775746376e-02  -4.711530740851519715e-07  4.565256918333590309e-06  2.687997652623105270e-06  8.479902956450638407e-03  9.552854198878025322e-04  4.976312138659016310e-02  9.109444122147740909e-07  1.629879133670312929e-06  1.578760806947433611e-07  2.983201969550019692e-03  -6.305487891139298882e-03  2.152394097705015441e-02  1.019146570334098662e-06  -5.773018724008933853e-06  8.579311479883105107e-08  2.682311877708470731e-03
-9.034843303986944519e-06  -3.735518724515443488e-06  2.290377906598446353e-02  -7.257822976577965341e-04  -9.826889537567504510e-03  3.337233477762771585e-06  7.266600864352850821e-06  9.803043465071919459e-07  5.092121624095372057e-02  -1.151761298600512161e-04  -3.000600387560130224e-03  -4.986328683757235791e-07  -7.221792223350297564e-07  1.355508534736786761e-06  1.555582134298108023e-02  -3.760000017160049744e-03  -3.522172668147549070e-03  -5.163781695610738490e-06
-1.431240053296435145e-06  -5.882630959269107138e-08  -2.726123168484620028e-04  4.196502374604897841e-03  4.775279386132790432e-05  1.216766891217214534e-05  6.438295816968268254e-07  1.673472705783986731e-06  -1.151380371519851366e-04  3.941650884873351690e-02  -1.644613215299226374e-04  -7.697472505542013094e-06  -2.176654373055225523e-06  2.335688003756577168e-06  3.519975026748210691e-03  6.380306196676523026e-04  -1.057917806272116578e-03  -5.149154140802252701e-06
-1.016436758644695259e-05  -1.817784779942920399e-06  9.507546836413520441e-03  -7.983557926957450318e-04  -8.797850569416030241e-04  7.143822600736971957e-06  1.028287628484696539e-05  1.546934807328813759e-07  -3.000410840738142095e-03  -1.644266289359625421e-04  3.352102426666956486e-02  -4.052892952226468272e-06  -2.392103016090430370e-06  1.967886851437839893e-06  3.761610463314702009e-03  -1.746149702256315607e-03  6.338364691909300665e-04  -5.323684138984177969e-06
2.169329670839795503e-04  -7.385002406038617545e-03  2.704469891168633935e-06  1.120888345482588663e-05  2.444930355318977977e-06  -9.469596434848662333e-04  4.133419877805112608e-04  2.983127491161735329e-03  -3.826800879043104608e-07  -7.725912509339243859e-06  -4.020475231313538905e-06  3.274431137518983570e-02  -2.679442178809048926e-03  -5.432359787644462125e-03  -1.214813290257749089e-06  1.450208692882843257e-06  8.399882659838301438e-07  1.252790618674454485e-03
2.213857429100109589e-02  8.529698068985268073e-04  -8.059767623604855508e-07  -1.814552513609347419e-06  -1.499331542392957485e-06  -8.470166710741956068e-03  2.152036601940182647e-02  -6.305478848561476939e-03  -8.324545846018160339e-07  -2.134122966796419037e-06  -2.460375115419716499e-06  -2.679733622900875960e-03  4.976973655833968890e-02  9.574997268020118057e-04  4.378531589990076920e-07  1.960977077764809036e-06  2.676078995708831712e-06  -2.975422585797226835e-03
-1.000701785673842499e-03  3.674454697191616159e-02  1.272162240611290828e-05  2.069482787740271827e-05  -4.141869187838366350e-06  -1.842756559361694415e-03  -1.916774534487377746e-03  2.152382991911011567e-02  1.450683382613713702e-06  2.396098059459922448e-06  2.016567493882457158e-06  -5.432336829389759411e-03  9.574678499564165954e-04  4.259551063535080978e-02  -6.036293924888955681e-06  1.240395326059929065e-06  -1.285179506561439516e-07  -4.250889634422217876e-04
1.489795744746407689e-06  5.691009430739326700e-06  2.289447331351956993e-02  9.815259850935008010e-03  7.209465037563092147e-04  2.559559649480450298e-06  -1.601397220818211493e-06  9.674911881057913029e-07  1.555578363691152190e-02  3.520049454128996481e-03  3.761682543885569528e-03  -1.201443102998762932e-06  3.682548154810474030e-07  -5.974502357803419337e-06  5.093266802084406297e-02  2.985395359632507430e-03  1.178026696793708981e-04  -1.489267111318166853e-06
3.732454024200141530e-06  1.657626718695089378e-06  -9.487868497714406144e-03  -8.404402141535641550e-04  -7.942843552010536018e-04  -2.901856248958094016e-05  6.718051394076980652e-06  -5.721392326472011951e-06  -3.760226995872546080e-03  6.378300206200800083e-04  -1.746155394063091939e-03  1.430460877354561180e-06  1.851095800454137731e-06  1.388179565780353869e-06  2.985215509814412305e-03  3.352685255655941249e-02  -1.685985329859378289e-04  2.691325499058005058e-05
-1.631934145008303547e-06  -6.019089957626356714e-07  2.701458616157646395e-04  4.430193218726968525e-05  4.202518761580046995e-03  -2.658329499073964178e-06  2.801427045272840523e-08  4.744608516448362481e-08  -3.522137289943475316e-03  -1.057918450508640949e-03  6.337677710910893415e-04  7.975321788085486750e-07  2.458640656335199467e-06  -7.767913778355386060e-08  1.177842942928591208e-04  -1.687163121756607171e-04  3.941225284299212234e-02  6.038458713414693274e-06
7.372549236922831990e-03  -2.084663637481721870e-04  -6.846036170433630782e-06  -3.573116283395966160e-05  -9.749313052499688771e-06  -9.428430490644268500e-04  5.438735881575806376e-03  2.682098381248969841e-03  -5.039222806858584680e-06  -5.056240731601172763e-06  -5.321910707767526846e-06  1.252686379477416104e-03  -2.975396772177394452e-03  -4.251317185369210766e-04  -1.428126042151640027e-06  2.708194106918344326e-05  6.066531762374194678e-06  3.275185537702832161e-02
