4.307989370598872686e-02  -5.457523102043717808e-04  -3.786845824922352914e-06  -1.898865419897850015e-06  1.243575069507308368e-05  1.717730453039253025e-03  3.636846651773929101e-02  7.484558776719873628e-04  -2.281217321296467790e-06  -4.885238181463751969e-07  -1.272313226913067966e-05  1.776637020298738729e-04  2.165985899522743924e-02  -9.370585392113546562e-04  -1.921380763383049930e-07  -1.183270979363173990e-07  1.601360448570170830e-06  7.185187341664570765e-03
-5.457647790963177483e-04  4.308522205094073021e-02  -2.933362179058047452e-06  1.512616024911803894e-06  3.235526079879354910e-06  -1.727255510815858168e-03  -9.280230637291284621e-04  2.165095802117912929e-02  -7.739020409601186252e-07  9.333088501975813883e-07  -3.917096879128824769e-06  -7.182835506747228642e-03  7.472685796204288442e-04  3.637308963509635479e-02  5.174303814976544519e-06  -1.275712480253793642e-05  -2.984714840017064886e-07  -1.586709120153655692e-04
-3.808542913815146142e-06  -2.943041669518741493e-06  4.991076684442329048e-02  -2.293407354309985775e-03  2.268329693071062698e-03  2.840015196809851146e-06  1.170072968309536346e-06  6.009690851342543286e-07  2.238734328127882714e-02  -2.201498225426579505e-04  9.164210051490555634e-03  7.532877366486366920e-07  7.044401525368968585e-07  1.634560843156698059e-06  2.239732606302543075e-02  -9.166176448587529807e-03  2.163905538229417508e-04  -1.662220105159179436e-06
-1.984156645254930824e-06  1.536639645398003375e-06  -2.293273964980667174e-03  3.424437966244163467e-02  -6.475990479405840971e-05  9.670420871995216057e-06  -2.473813023837738298e-06  2.045703662706747460e-06  -5.867835224574290002e-04  4.042324568037981153e-03  -6.712309549762634142e-04  -2.361437899229354397e-06  1.733428919556553984e-06  -2.190302034413850119e-06  9.438819619324257879e-03  -8.979834453386477790e-04  4.104259389318049472e-05  -2.416311924697153968e-06
1.246294615813598402e-05  3.252082702207931655e-06  2.268272465167593243e-03  -6.471141743836962155e-05  3.429199412597724872e-02  9.737574263653663877e-06  -1.288460613873045610e-05  -8.034141576599958011e-07  -9.415648499448849018e-03  4.085841041352383183e-05  -8.769049828928403246e-04  -2.829720813804852183e-06  -7.084745159021896785e-07  2.806912420234606444e-06  5.791278358215773414e-04  -6.605226120442904414e-04  4.046557699531670542e-03  1.571654556054566634e-07
1.717699671830388679e-03  -1.727314660956038141e-03  2.825523538124415093e-06  9.560647628804349232e-06  9.589831565585290566e-06  3.073133624983434564e-02  1.600810170305866885e-03  8.214333930636594575e-03  -9.245739376705161657e-07  1.668536598282944558e-06  -6.816368723137652823e-06  -9.624637383507246265e-04  -8.241988584473161281e-03  -1.567631022832842273e-03  -1.930054133177391898e-06  -2.940156110353724832e-06  -1.961084305141905846e-06  -9.865095673065378979e-04
3.636847240514618634e-02  -9.279829843159905249e-04  1.168083184337182505e-06  -2.418500137995130072e-06  -1.275557086426749097e-05  1.601023968737739361e-03  4.304083032281515175e-02  8.809411068804391719e-04  1.826940982840882894e-06  2.079996146547700860e-07  1.183946333052937067e-05  4.152952903655014326e-04  2.104465977747275660e-02  -2.009003870167859734e-03  2.277410568626674155e-06  -1.773906070707070565e-06  -1.371552272722180720e-06  5.094510073432628912e-03
7.484607395570711278e-04  2.165092914247854911e-02  5.859172765880475019e-07  2.048386101766334456e-06  -8.776507563134332827e-07  8.214031709953925620e-03  8.809724416307129508e-04  5.019437630905015241e-02  5.123487902148112712e-07  -8.693956987076305426e-07  1.703381728643505824e-06  2.451961142593750073e-03  -6.110095328331267839e-03  2.104595488107932622e-02  3.635024072023626716e-07  -1.139518188843562409e-06  -4.814103473683260391e-07  2.687218871118059096e-03
-2.290906635980443165e-06  -7.690118659242794049e-07  2.238737644843729127e-02  -5.867822291118908028e-04  -9.415426469926685416e-03  -9.453714909813088513e-07  1.857098502534458565e-06  5.193377426273441049e-07  5.126730407715816840e-02  -1.020469863807826406e-04  -2.490028015265542769e-03  2.650364466196550738e-07  5.349849465557419018e-07  -5.283632825509586107e-07  1.521409087901989116e-02  -3.588693142706628637e-03  -3.395509038312379858e-03  -3.071342456766830985e-07
-5.760413797397718298e-07  9.769340641894124741e-07  -2.201554870547432253e-04  4.042391117142121737e-03  4.089782060788112422e-05  1.708873683404675491e-06  2.927650365943552763e-07  -8.462893926839688424e-07  -1.020683520492637501e-04  3.957301017920489966e-02  -1.514541142827567643e-04  1.296955955533342374e-06  -1.162469509730969791e-07  -1.077996396308793637e-07  3.397094617734119741e-03  5.829435963372966469e-04  -1.026906295633242885e-03  -5.188501039430205939e-07
-1.267906376655745730e-05  -3.957013296778860698e-06  9.164434797237070579e-03  -6.713056166333375690e-04  -8.770316986217172386e-04  -6.771553549859505137e-06  1.195579271833727666e-05  1.631432231089665728e-06  -2.489840491957840893e-03  -1.513978791839999628e-04  3.454847094308457350e-02  2.661379532804734579e-06  6.282064915191217325e-07  -2.707877886262636521e-06  3.587670316968261802e-03  -1.577217718822888264e-03  5.847531085888176558e-04  -3.185244416042546238e-06
1.775901276461488174e-04  -7.183083487388951076e-03  7.204888282896936839e-07  -2.299992607839148736e-06  -2.797052822482110866e-06  -9.627227896654542852e-04  4.152826233598134196e-04  2.451656840926258289e-03  3.418137674343208235e-07  1.328244489964503889e-06  2.642741063497171180e-06  3.388866744916452928e-02  -2.684892021312685912e-03  -5.094930687464605326e-03  -1.608371607014311417e-06  4.426543214917835739e-06  1.456575854555888433e-07  1.068829152593917843e-03
2.165973456512560943e-02  7.473436846032800208e-04  6.797190375695527377e-07  1.795652111351103465e-06  -7.710534349082436527e-07  -8.241739825425847127e-03  2.104442331849606940e-02  -6.110048981056868424e-03  4.623627732578239313e-07  -9.682423707834224283e-08  6.704140597144236257e-07  -2.685132196713344629e-03  5.019586581345009818e-02  8.779516142149939402e-04  -4.332923778802961204e-07  9.555793248739237227e-08  1.000638288099894807e-06  -2.439997413337447775e-03
-9.370598091531279249e-04  3.637303699003413548e-02  1.742942490224115225e-06  -2.251088706093103996e-06  2.755026500680541716e-06  -1.567797867375563632e-03  -2.009024835449614316e-03  2.104631191096631090e-02  -5.667246317802481041e-07  -9.416923849117472994e-08  -2.690794960675538066e-06  -5.094933070837459436e-03  8.781031500688248580e-04  4.303826011904830079e-02  -5.682767092042569854e-06  1.256765930614606019e-05  9.194360062132312242e-07  -4.385478065574557665e-04
-2.339748713914108653e-07  5.080248334740274050e-06  2.239729810434966384e-02  9.438617552000296007e-03  5.791979566877714742e-04  -1.938684278316717160e-06  2.265021994718934324e-06  3.869559065191094794e-07  1.521395360712820763e-02  3.397066903793339449e-03  3.587544316471585719e-03  -1.617888789218224160e-06  -3.886632007674709325e-07  -5.536093571968318642e-06  5.126725748323485155e-02  2.477291939814747681e-03  1.048716654057614756e-04  2.636753423265655922e-07
-1.135068664244418858e-07  -1.276173114507195454e-05  -9.166174822029282340e-03  -8.979849990694219186e-04  -6.605911107160089297e-04  -2.848771562045783944e-06  -1.805746169389107884e-06  -1.218329258886267606e-06  -3.588698880368002431e-03  5.830652243307029008e-04  -1.577134062778954128e-03  4.450130575586425917e-06  8.042765758608410298e-08  1.264098601691256266e-05  2.477188317877135164e-03  3.458738019431429472e-02  -1.578759008251494486e-04  4.210282229314655235e-07
1.535876413167223651e-06  -2.330629075586405236e-07  2.163722806772089811e-04  4.104841833385399830e-05  4.046651201006418175e-03  -1.890908409530222172e-06  -1.349652653553622700e-06  -4.845755912780654147e-07  -3.395484869830776246e-03  -1.026905634571169098e-03  5.847625928677235114e-04  1.283271278030429718e-07  8.841085484829303497e-07  9.027642005698718099e-07  1.048599223727880860e-04  -1.578653839061503665e-04  3.957216269781996948e-02  3.865992809849966629e-06
7.185250001915942028e-03  -1.587976969384317070e-04  -1.706565798351209418e-06  -2.412563153557012308e-06  7.183458477770508138e-08  -9.865101047110496311e-04  5.094461315724509685e-03  2.687161076202631855e-03  -2.545912529822174939e-07  -5.299390452586023047e-07  -3.231991603999880323e-06  1.068759131134528655e-03  -2.439706542770458172e-03  -4.384859400920476246e-04  2.138576218960055963e-07  4.096005187759614183e-07  3.861578951899452421e-06  3.391852367437174498e-02
