4.453539978285965539e-02  -3.698933605665364168e-04  1.858170354322285325e-06  -1.068813239954449110e-06  -3.980974654769118033e-06  1.168907564849487558e-03  3.498535341727530140e-02  5.472937716429525715e-04  -1.857941568829117826e-06  -4.511505259962363833e-07  -9.002197260007203575e-07  1.146442074663092913e-04  2.060688869224613223e-02  -7.566820536622263045e-04  9.113021659300719607e-08  1.235161405471032393e-06  -1.014352530242181059e-06  6.891342324204147857e-03
-3.698788199173368499e-04  4.452157136257257897e-02  3.952502155519908973e-06  2.720631140759408801e-06  -7.597008237703558465e-07  -1.169917050123336823e-03  -7.555647087674100155e-04  2.060413468633305947e-02  1.911889535916288700e-07  -1.494216611393417512e-07  7.713513236192059296e-07  -6.883944807161290411e-03  5.423448688202516877e-04  3.499954918978504664e-02  -4.594218242057821741e-06  9.023793387474502508e-06  -1.806625002928950404e-07  -1.266425177757356149e-04
1.859157171370990784e-06  3.969461003683051560e-06  5.091414194241691837e-02  -1.499052434925289209e-03  1.495575032966004782e-03  2.217028538395298085e-06  -1.444883120458504751e-06  3.792014416266475676e-07  2.123582235257625087e-02  -1.374348890511286410e-04  8.454336984225697266e-03  -1.681454134543944415e-06  -1.923847211884633275e-07  -3.050041958482023549e-06  2.123917806152378351e-02  -8.460267505466729718e-03  1.381548197649834671e-04  -4.751194480642476524e-07
-1.038886140456320611e-06  2.866377131193730772e-06  -1.499056531013650715e-03  3.627737487528143873e-02  2.684461142028894575e-06  1.461286452218490321e-06  -1.124598447847178243e-07  4.272453053851417847e-07  -3.531413127161042720e-04  3.669147508248741044e-03  -4.567062488465331973e-04  -3.755599971640447634e-07  1.426883940068077972e-06  -2.593196077053577021e-06  8.620037311934648783e-03  -1.062759928004323052e-03  3.863293084872230647e-05  2.539163145165302087e-06
-3.679506241538127410e-06  -7.849308290496656887e-07  1.495628094651563211e-03  2.626425952148329949e-06  3.627944385803917593e-02  -4.137478026900165102e-06  4.909779762371154643e-06  8.150273196357503480e-07  -8.616960347977906803e-03  3.653196878538209568e-05  -1.055670003900998971e-03  -1.534815232294734104e-06  -3.691751516336344978e-07  -1.318472385018071497e-06  3.537816484797095531e-04  -4.561796550000246750e-04  3.668364665129584135e-03  5.106158573569597565e-07
1.168887035612366752e-03  -1.169937831059992541e-03  2.268194918086259013e-06  1.370042611486852197e-06  -4.119550856106413538e-06  3.376739218374750356e-02  1.190014496024750009e-03  7.703147682585724521e-03  -5.649916660655969186e-07  2.712212583091467764e-07  -1.484216489370895301e-06  -1.157235100050655425e-03  -7.704253749921215720e-03  -1.189135202069752225e-03  -1.129797223888096208e-06  1.842209728648303397e-06  2.885696974031088220e-06  -1.161754633679685849e-03
3.498545529341379884e-02  -7.555943686656197908e-04  -1.442489994824022106e-06  -3.975310244924734745e-08  4.817821871023796638e-06  1.189960551748385801e-03  4.438342012079245225e-02  7.483129730653100779e-04  1.590655787839164747e-06  3.028294179708287931e-07  6.120125349584026055e-07  3.572075640535218367e-04  1.995731795839834899e-02  -2.303930470490180710e-03  -1.302296819345042269e-06  1.924846265905433101e-06  -1.150042877027302414e-07  4.327215393360068184e-03
5.472118888256373610e-04  2.060413373067884746e-02  3.729639051162157294e-07  3.098999879311726952e-07  8.620479146336987230e-07  7.702991776391845957e-03  7.483210391518471628e-04  5.095711200772103794e-02  -2.640532763978187752e-07  2.098186829495737158e-07  -1.632248836833217133e-06  1.523930977973596149e-03  -5.750141715962549943e-03  1.995823941347312294e-02  -6.071018470850019862e-07  9.752788056269656233e-07  5.900615959643282631e-07  2.598669509372643523e-03
-1.860979183907125732e-06  1.451281636768305008e-07  2.123579519372312610e-02  -3.531956240749026992e-04  -8.616942249074926313e-03  -6.005186353136551936e-07  1.604531851037655352e-06  -2.693646128440907509e-07  5.185749804844848321e-02  -6.953196169141792886e-05  -1.592287298007213914e-03  1.713449786504197154e-06  1.288118212637036852e-07  -6.838660508951950422e-07  1.443466452677593173e-02  -3.240178603879058112e-03  -3.113762232196771746e-03  -5.970143251664112056e-07
-4.559345978776881085e-07  -1.231289138475339332e-07  -1.374281564648785286e-04  3.669152001555921368e-03  3.657244557093191815e-05  2.764990097228996594e-07  2.892327169078238223e-07  2.184899727974030608e-07  -6.953583648205952615e-05  3.985609441228012140e-02  -1.144046604758452507e-04  -6.186460673011511538e-07  8.943631188590443814e-08  1.048841543925248128e-07  3.114131907160524234e-03  4.697632964858802752e-04  -9.418753292026700108e-04  3.114020982882110960e-07
-7.512983126155823877e-07  7.895388279578430095e-07  8.454241910140528407e-03  -4.567003621722541973e-04  -1.055545885526903722e-03  -1.456538957184172617e-06  7.332059765791974236e-07  -1.625117529819213069e-06  -1.592230095362616275e-03  -1.144473756512107777e-04  3.651112391129279766e-02  4.983620517834751621e-06  1.672881144132486067e-07  -3.667519426228233018e-07  3.239968824253366703e-03  -1.283357599109918520e-03  4.703162972425979139e-04  -5.430933778879121824e-07
1.146167229647232727e-04  -6.883964929802465285e-03  -1.666517167189990089e-06  -3.303476872021238895e-07  -1.533061008682150567e-06  -1.157263002981278807e-03  3.572169548538226273e-04  1.523842694265544438e-03  1.652656088798025765e-06  -6.205381766981460726e-07  4.965848070653137842e-06  3.607865128088319495e-02  -2.598899385260396502e-03  -4.330498273389100754e-03  1.518891163483492548e-06  -2.307020470236649602e-06  -4.334897500216405195e-07  7.523368782215609455e-04
2.060688947878187849e-02  5.421273940519537142e-04  -2.034003060430490796e-07  1.449733384240389478e-06  -5.039001866784398192e-07  -7.704294655109442808e-03  1.995726473657223263e-02  -5.750158669403726899e-03  1.458849880257963836e-07  1.003452009156509544e-07  8.364226858840322401e-08  -2.598768692802953025e-03  5.095414362820423204e-02  7.532041307502666729e-04  1.103457364282356344e-06  -3.266090426292752536e-06  2.978030797689783635e-08  -1.529902122841608932e-03
-7.566261331144781424e-04  3.499961672702643634e-02  -3.117509498741238691e-06  -2.753108680391414445e-06  -1.237776411279475888e-06  -1.189070514676269889e-03  -2.303908152240817953e-03  1.995826675377522508e-02  -7.347542361956082288e-07  1.006801271253161784e-08  -3.152683627833172536e-07  -4.330662797304904270e-03  7.531015197419253316e-04  4.436989087199554038e-02  4.860732142126093372e-06  -9.209527200073801208e-06  -1.144440679214665701e-07  -3.454742051494153789e-04
1.145530173670846925e-07  -4.566692150319762927e-06  2.123916336879519418e-02  8.620037108618482796e-03  3.538226462050283452e-04  -1.125994173997236701e-06  -1.313842251066280411e-06  -5.731070741132622828e-07  1.443470129130939444e-02  3.114152187114975229e-03  3.239972408615669763e-03  1.470623305111142893e-06  1.125081837199557263e-06  4.996795337953258167e-06  5.185380094177331062e-02  1.598554879189670146e-03  6.907009184858369855e-05  2.987008518084701741e-06
1.211987110347321453e-06  8.904440190553053355e-06  -8.460336361834514332e-03  -1.062720350064044229e-03  -4.562143238112159388e-04  1.738343958949977465e-06  1.973935289061220434e-06  8.365365017285142028e-07  -3.240373255679033018e-03  4.697583354750561793e-04  -1.283470493039240174e-03  -2.288528104851102593e-06  -3.197401314494846792e-06  -9.236169319135770022e-06  1.598437374429577265e-03  3.650229863198049124e-02  -1.146531120410484512e-04  -8.244190889937975562e-06
-9.663976736495166172e-07  -1.868328533885349780e-07  1.381400610263918956e-04  3.862482529635922855e-05  3.668344361670666538e-03  2.985859956305975911e-06  -1.265564993374164170e-07  5.964442216047943603e-07  -3.113730030290555971e-03  -9.418737282796069490e-04  4.703457936712033540e-04  -4.327588332649869723e-07  1.282449848403440135e-08  -1.001058050893450259e-07  6.905506138624453933e-05  -1.146212813720152995e-04  3.985685083228521913e-02  -2.004182352553220669e-06
6.891422126266598218e-03  -1.265915401242071413e-04  -5.058707409522466688e-07  2.542205541536481098e-06  5.149665261428015585e-07  -1.161746547734036905e-03  4.327076414127651455e-03  2.598772472131062605e-03  -6.181528352906248129e-07  2.658397318048672572e-07  -5.921463837025753165e-07  7.524064559079288736e-04  -1.529773460433357353e-03  -3.454603336215534139e-04  2.951201701947404591e-06  -8.206403753085668342e-06  -1.982134046457867565e-06  3.606737583450697615e-02
