4.341978363823829901e-02  -4.952912564226422598e-04  3.087154867910199297e-06  3.522767242032293488e-06  9.612654636418834574e-08  1.567668153046497060e-03  3.608076402452878306e-02  6.947208195335006489e-04  -3.475531492099012546e-06  -4.305000464825657394e-07  -9.199271208834603494e-06  1.358828275970729959e-04  2.136551023289375364e-02  -8.960683953210941922e-04  3.764730317164374262e-07  -2.521999046577382429e-06  1.068007272803855545e-06  7.084590116100442612e-03
-4.953394549330194466e-04  4.344641436837839293e-02  5.539632487516787589e-06  1.341240249079391132e-05  -3.243267573769368855e-06  -1.571976246036705218e-03  -8.835783678526653098e-04  2.137168937069275007e-02  1.248626365899193475e-06  1.523454314024587863e-06  2.179811572285604178e-06  -7.097861536148942531e-03  6.861235765295492159e-04  3.604858906164631199e-02  -1.495191178806123236e-06  -5.288453024594377540e-06  5.581549032642435776e-07  -1.549714151599741925e-04
3.134110392743174628e-06  5.489340468192456846e-06  5.021361993132173601e-02  -2.044981368418901258e-03  2.048894417714525185e-03  9.254857212912826134e-07  -1.036876515227357634e-06  -4.817534967133805303e-07  2.208552851844617498e-02  -1.918139415412903153e-04  8.975179259710565349e-03  -1.893814268147150229e-06  -3.891037737252083659e-07  -3.319245801539134712e-06  2.208095298789641836e-02  -8.968509418869495889e-03  1.927396739284599795e-04  1.141786844978119920e-06
3.667792269573753088e-06  1.337198085275038949e-05  -2.044740653919520715e-03  3.486297982648070559e-02  -3.762901591998948344e-05  -6.544115251452958177e-07  3.411805763396259310e-06  1.230959396695135838e-06  -5.106218341109978846e-04  3.944306263566533903e-03  -6.015514958944102528e-04  -2.560321463272395532e-06  -5.209064229902563124e-06  -1.396529167592648836e-05  9.199337612209895765e-03  -9.213278802534046689e-04  4.138927107643948641e-05  -1.336016480501875895e-05
2.420958757116354148e-07  -3.348821142189156704e-06  2.048896826617280838e-03  -3.764474255883730919e-05  3.486104977727098181e-02  -7.473240756774104163e-06  -1.595451318881382065e-06  2.823682422605123025e-06  -9.205345449418407197e-03  3.799369170162355050e-05  -9.341190981921139100e-04  -1.621875649610505304e-06  2.644283413778204854e-06  -1.138233474683538487e-06  5.112490382715583100e-04  -5.997185304250410819e-04  3.944616978215047774e-03  4.277757774334777355e-06
1.567645479605350332e-03  -1.572033110164943164e-03  8.176765816916011167e-07  -6.869811792476695386e-07  -7.418692489437624630e-06  3.162467115246306998e-02  1.454315719425983058e-03  8.092994422647529010e-03  -7.921550629071695882e-07  1.858746021786159717e-06  2.071069923491331852e-06  -1.028960254102796951e-03  -8.088487622430546448e-03  -1.457957114903019134e-03  3.325381451079949440e-06  -8.322367016167155101e-06  -5.736790107516717492e-07  -1.035338327792871636e-03
3.608071937776009819e-02  -8.835287930926344954e-04  -9.500508876744453805e-07  3.293689390084945717e-06  -1.639141391909550135e-06  1.454426449474961573e-03  4.334447742504868306e-02  8.332391779985946463e-04  4.185288587393015427e-06  1.001717313767175415e-06  9.552368139562833016e-06  4.283643342370050777e-04  2.075214585396873215e-02  -2.074806658795179653e-03  2.539972733329639190e-09  -1.962736026665864771e-06  3.838691425451865825e-07  4.890119617828479412e-03
6.946455102654878772e-04  2.137157961304327405e-02  -4.782290352171952436e-07  1.332778394185752365e-06  2.798865587353738536e-06  8.092791915850433906e-03  8.333704430203637192e-04  5.042363051507910837e-02  -5.236027106039703186e-07  2.707894156360918858e-07  -2.970418396115481716e-06  2.163583940158456467e-03  -6.005045960157436719e-03  2.075323408532487798e-02  7.575674417515827317e-10  -1.431345177770208796e-06  3.034623180048578232e-07  2.670581640994056441e-03
-3.635132266050315115e-06  1.275748855428270659e-06  2.208565147514620144e-02  -5.106963264692721254e-04  -9.205302445948413889e-03  -7.428004426836776897e-07  4.201360019436402430e-06  -5.021587060670932241e-07  5.144454163188495049e-02  -9.393009048931980336e-05  -2.216155136411299392e-03  1.747347312785783866e-06  -8.500741441025461880e-07  -2.024089263975550651e-06  1.500469861475082524e-02  -3.489826601786912095e-03  -3.319863502140713279e-03  -2.784415600195057521e-06
-3.926082806591581021e-07  1.605834059609764547e-06  -1.917655958787367794e-04  3.944325662239103227e-03  3.804510737783283429e-05  1.871089714554160429e-06  1.020076442854655685e-06  2.790466936048911840e-07  -9.388116440219630178e-05  3.966012416669937451e-02  -1.429261491817026425e-04  -1.400007199476749217e-06  -7.786504295212956496e-07  -1.169875312378556420e-06  3.319808943091570597e-03  5.526350521416217463e-04  -1.005804982638049171e-03  -1.976396933477532222e-06
-9.200423576806078066e-06  2.116488674315813034e-06  8.975362701964400419e-03  -6.016342790903916188e-04  -9.342520757495919280e-04  2.161039200111749523e-06  9.470776662913266968e-06  -2.912387225139515631e-06  -2.216083658309405454e-03  -1.429567250569260025e-04  3.514091539269219300e-02  5.545022862841121065e-06  -1.058331450459232511e-06  -1.209066735239304517e-06  3.489944936740731023e-03  -1.488566852511925180e-03  5.514561107319304340e-04  -3.203536129818157586e-06
1.358662276527760281e-04  -7.097827805449311543e-03  -1.773986117440780079e-06  -2.508794143997810795e-06  -1.641821659804892002e-06  -1.028984090378599068e-03  4.283039747869172502e-04  2.163493426716858736e-03  1.909547462751693143e-06  -1.314189281167578510e-06  5.589048347386474368e-06  3.455379731674759758e-02  -2.671149192131160640e-03  -4.887272807819477774e-03  6.680492213348232663e-07  1.468853772882456340e-06  -3.316812993836296557e-07  9.719489402622782329e-04
2.136547819075689317e-02  6.860894097660960242e-04  -4.000603521532007349e-07  -5.333164973887322836e-06  2.509894527189473271e-06  -8.088419880939530862e-03  2.075216159338870783e-02  -6.005123481564622612e-03  -8.724722723402067727e-07  -8.152866119658700602e-07  -1.112598696648482791e-06  -2.671157961159604556e-03  5.043011646496380757e-02  8.423582056258905292e-04  -2.740075470015615464e-06  9.075207178206457021e-06  -1.779063564884653077e-06  -2.150376219547132060e-03
-8.960235958794659106e-04  3.604858408532314595e-02  -3.332445888956410813e-06  -1.399540640388341165e-05  -1.058162887880871315e-06  -1.458007101344288960e-03  -2.074637629733105774e-03  2.075342082820122100e-02  -1.976321116871882329e-06  -1.164838187429395075e-06  -1.318490551809770998e-06  -4.887276495218560030e-03  8.426043198038945733e-04  4.337147038640034452e-02  1.616560488305064145e-06  5.590311622038765829e-06  -9.865644427653929283e-07  -4.108586220678973585e-04
3.651370332425035043e-07  -1.438371819001982920e-06  2.208094130013741122e-02  9.199098664162037170e-03  5.112202978681039357e-04  3.379064457327613390e-06  5.389957851054801448e-08  -8.973751384485560890e-10  1.500464051546930924e-02  3.319811137798130748e-03  3.489885868865423482e-03  6.135935637513929598e-07  -2.746391869177496728e-06  1.603585559007636861e-06  5.144873314597753211e-02  2.210720362795310506e-03  9.426545655006554082e-05  -7.786596433033889995e-06
-2.529796654472255008e-06  -5.230509858333492241e-06  -8.968761959821384272e-03  -9.212928703023347439e-04  -5.997547195469953149e-04  -8.289697905563875695e-06  -1.958167620066669129e-06  -1.501053372444872253e-06  -3.489867615470066201e-03  5.526118207014533556e-04  -1.488688674129318070e-03  1.484102107829973732e-06  8.888954068392646964e-06  5.634550586644617823e-06  2.210563730226392833e-03  3.514366214089324758e-02  -1.454316061693572328e-04  2.539010436356749350e-05
1.093415280408702646e-06  5.242220049706103776e-07  1.927097499765261142e-04  4.145384294060754430e-05  3.944584485673011467e-03  -6.394312643284645356e-07  3.425380231286975744e-07  3.011031844868499994e-07  -3.319845023457473031e-03  -1.005804217139799313e-03  5.514410809105926327e-04  -3.252700700056585402e-07  -1.778795980844626575e-06  -1.060703800256159369e-06  9.421449731918078046e-05  -1.452762311456258699e-04  3.966059547135600272e-02  -3.972230728012456819e-06
7.084497190902103517e-03  -1.549257804400515175e-04  1.203715988580115700e-06  -1.341456961209608292e-05  4.199734563657050990e-06  -1.035427537310267898e-03  4.890251039979883960e-03  2.670568341201321871e-03  -2.726669607377612424e-06  -1.924986861081192214e-06  -3.200987837732577369e-06  9.719964518166278756e-04  -2.150346643580293253e-03  -4.107175061991583868e-04  -7.759478889578830092e-06  2.542447933571790654e-05  -4.004894514355637563e-06  3.458724191954464650e-02
