4.488171997072856051e-02  -3.278174284804612855e-04  3.454581141343738270e-06  -4.689450302466154402e-08  -5.049554996249304369e-06  1.068058469368725512e-03  3.461945126075038209e-02  5.018865480742970998e-04  -4.237052129212481543e-06  -3.293709225665705976e-07  -6.362644920922671477e-06  1.186206986699206504e-04  2.037191313746188753e-02  -7.150585789658519013e-04  8.544336912695317640e-07  -1.084367252854951169e-06  -2.760043218710660124e-07  6.827878381883326075e-03
-3.278115170364666558e-04  4.487283639193703072e-02  -1.283375391421297305e-06  -6.005033996259704718e-06  6.579853832470562290e-07  -1.075589929697078279e-03  -7.132258126810366722e-04  2.037098630889788708e-02  -4.337788327400419480e-07  -3.172214736933595455e-07  -8.962753999895513379e-07  -6.825529491494709833e-03  4.998043375726127268e-04  3.462727008309392923e-02  -5.057600442475165777e-07  4.942499214796532434e-06  4.637254236068797879e-07  -1.191234957126817364e-04
3.425060044105213714e-06  -1.318639071406501196e-06  5.109496361900187772e-02  -1.352195687970700637e-03  1.355337987398370176e-03  -1.228963401298086263e-06  -4.111305645424369401e-06  8.910882813522819344e-08  2.097811372147427231e-02  -1.245927883196031472e-04  8.302260935086056004e-03  8.471704786754440521e-07  9.176247941357101962e-07  1.442829011407620705e-06  2.097814729845442691e-02  -8.304598707443955688e-03  1.246280847931754380e-04  1.791805375588283076e-06
-5.112160649653695351e-08  -5.991917648172152493e-06  -1.352078549645083184e-03  3.665120229890790615e-02  5.890389731185999631e-06  -2.038883818586162082e-06  -1.378182564576227468e-06  -1.631965020558145699e-07  -3.145455507190673592e-04  3.581309320239667218e-03  -4.186110685198150870e-04  1.963157685934757004e-06  8.730249250369946304e-07  5.425339872694259722e-06  8.441833299202955096e-03  -1.086287838003903265e-03  3.830604593470967180e-05  1.488062727862437079e-06
-5.104682216993161680e-06  6.253483205789250149e-07  1.355195312576543435e-03  5.948653133150751995e-06  3.664731131411058662e-02  1.563422313019022751e-06  4.857494795230179872e-06  -1.174090919040305320e-06  -8.444793613579843969e-03  3.771315611755827601e-05  -1.091194858853903119e-03  2.472350050122823698e-06  -8.674572225076314986e-07  4.234204132109799376e-08  3.146474543031808338e-04  -4.179188956565876118e-04  3.581215573489254789e-03  -2.194404697268425695e-06
1.067982230447593823e-03  -1.075664214139804460e-03  -1.258803028272487212e-06  -2.056975401564109523e-06  1.578091052805893321e-06  3.431842040787730364e-02  1.114995557103596463e-03  7.580693016157782037e-03  1.251938165205482239e-06  8.088716598470961561e-07  2.441062330782483270e-06  -1.178905167348600312e-03  -7.580622313170667752e-03  -1.109909506803458644e-03  -8.872298015198507522e-07  1.924716042808080372e-06  -2.144819483640356209e-07  -1.185283098840694826e-03
3.461939229606134788e-02  -7.132817711431651284e-04  -4.051347185752864936e-06  -1.479000903878073253e-06  4.865825089662699012e-06  1.114899993975249906e-03  4.471040290705978471e-02  7.317529188142813962e-04  4.271083160354463352e-06  3.335354063695943750e-07  6.617109484681856254e-06  3.225127535136012376e-04  1.971844274185198531e-02  -2.386041734650776614e-03  -5.520513091460751269e-07  1.340800617889342405e-06  1.519158967433289981e-07  4.165645194604924127e-03
5.017379417437473673e-04  2.037087702951215218e-02  9.388120169124473508e-08  -2.223521264888956235e-07  -1.207882833859642932e-06  7.580762015024417044e-03  7.318502545350981121e-04  5.108992342469886178e-02  3.561832812394157625e-07  -1.521814386920664749e-07  1.678600243652651423e-06  1.376089826585838666e-03  -5.680252306445058783e-03  1.972060894745148590e-02  5.704797613529433563e-09  4.629248438368516748e-07  -1.395627260344545234e-07  2.569236188108172617e-03
-4.311751473291123950e-06  -5.076527883680483870e-07  2.097812840095675951e-02  -3.145730761887583849e-04  -8.444662041968814190e-03  1.221805882325397922e-06  4.124842361002994808e-06  3.616630560131128032e-07  5.195802280987744937e-02  -6.294274743761891307e-05  -1.443123636546716961e-03  -1.694093669392734469e-06  -4.194468709900546610e-07  -4.261545342932282186e-08  1.425988256448277279e-02  -3.167670788398036560e-03  -3.050982958948201054e-03  -8.096016362312167563e-07
-3.285228882572138633e-07  -3.443426708113915172e-07  -1.245577622842694457e-04  3.581312064592400996e-03  3.770077002445735252e-05  8.379376378241239905e-07  3.769170449956783227e-07  -1.439868123364128832e-07  -6.296156935752679192e-05  3.990703004016333405e-02  -1.074183527593766213e-04  -4.049407544878686971e-07  -1.929849365958514248e-07  9.115243410569500183e-07  3.050669401439140820e-03  4.484787263576574365e-04  -9.208748642582152526e-04  3.512933562806551444e-08
-6.306697593431822648e-06  -9.892459622718889575e-07  8.302359142714490006e-03  -4.185610346416234113e-04  -1.091292950565557690e-03  2.408314762512990112e-06  6.585068257031658075e-06  1.664829586916383022e-06  -1.443012988988676571e-03  -1.074163524764729522e-04  3.685106583508437200e-02  -5.610507567036260560e-06  -7.492827133248016041e-07  -5.987227643836700037e-07  3.167496792546094838e-03  -1.230207126576821812e-03  4.476432090630619027e-04  -1.261855026404432246e-06
1.186657654304710435e-04  -6.825500367480153915e-03  7.756694763420495480e-07  1.971317281411533905e-06  2.497258343465593239e-06  -1.178931189881395145e-03  3.223872466751851493e-04  1.376098337978298855e-03  -1.613568759638045528e-06  -4.217316148195249535e-07  -5.601300828389347259e-06  3.644300246517584441e-02  -2.569360992458128400e-03  -4.168571043653234928e-03  1.812042168798283178e-07  -1.673971728093867472e-06  1.344554362439599035e-07  6.948926084981992164e-04
2.037176608509760900e-02  4.997075993560799083e-04  9.233890620363782096e-07  8.350201082728063797e-07  -8.466782837768898053e-07  -7.580611153110989285e-03  1.971845989875097363e-02  -5.680236294187430458e-03  -4.357177298682329716e-07  -1.912664990570717801e-07  -7.651921517050980771e-07  -2.569239078116296055e-03  5.109117271462727122e-02  7.339740659686081565e-04  -2.964097259899760572e-07  4.622531271623148731e-07  3.932401472733755923e-07  -1.373242264846262104e-03
-7.147959247058697672e-04  3.462730404233792247e-02  1.297392682278506326e-06  5.146376852345975549e-06  -1.982294135970912034e-08  -1.109853233330476089e-03  -2.386014382365926785e-03  1.972055725706230514e-02  -1.305697561840300298e-07  7.479597634144302678e-07  -6.771681133324042154e-07  -4.168736709080218296e-03  7.341083250697751604e-04  4.470180286970237143e-02  3.744997015013783352e-07  -5.111069138209765734e-06  -3.221451565185903241e-07  -3.215330673429762334e-04
7.598132431965208391e-07  -5.060014443624858986e-07  2.097815250715125840e-02  8.441861377835096700e-03  3.146902221545197801e-04  -8.490268794833799259e-07  -4.954082478619675220e-07  6.895588610606861448e-09  1.425988927532488744e-02  3.050703305840184437e-03  3.167366372241365354e-03  2.006686206161173991e-07  -2.920614882179027004e-07  4.853411650292875086e-07  5.195606519409318863e-02  1.448980608166249668e-03  6.349344622953908819e-05  -4.806752191419035437e-07
-1.065569532172338622e-06  5.005080035841730782e-06  -8.304486527623373623e-03  -1.086262774417419679e-03  -4.179797546284133775e-04  1.890520616175477462e-06  1.270984347018275856e-06  4.787738230728958567e-07  -3.167509027241389476e-03  4.484233252331861798e-04  -1.230078786725963573e-03  -1.613640958727629277e-06  4.273452923021799501e-07  -5.086578686457848951e-06  1.449078222276110840e-03  3.683420634236175134e-02  -1.090131274292828321e-04  5.428483639846943413e-07
-2.065925868963292948e-07  4.940091795148151912e-07  1.246497205638465243e-04  3.835260648949618547e-05  3.581093922989848650e-03  -2.230521339371661836e-07  2.702771771337505115e-07  -1.356376119153475094e-07  -3.050993406493361648e-03  -9.208697797655773527e-04  4.477262929575718999e-04  1.235356522097016773e-07  3.921256211305421785e-07  -4.227413616194510755e-07  6.354768289993245080e-05  -1.090303416518169361e-04  3.990705753764844238e-02  1.157067151428988583e-06
6.827789793275736673e-03  -1.192045701593798929e-04  1.768442862010565390e-06  1.481496457893992332e-06  -2.191519372305912802e-06  -1.185222279021971858e-03  4.165589563752968710e-03  2.569239991408139249e-03  -9.177392641242987379e-07  3.499329006398177935e-08  -1.295432113664250267e-06  6.949335911978368968e-04  -1.373191252466247512e-03  -3.218788837964423858e-04  -4.913260099857895118e-07  5.928363872301423753e-07  1.181070095695727718e-06  3.645381735739599421e-02
