4.258854324129212471e-02  -6.422742993540223348e-04  2.368759840582433082e-06  -1.971262767837202934e-06  -1.203284406553522348e-05  1.993753999872519434e-03  3.673062219668521422e-02  8.603663583047272464e-04  1.212117942630252523e-06  -9.302209199876223900e-07  1.075050193103860622e-05  1.906074729779132367e-04  2.214789248350122405e-02  -9.894838721067125697e-04  1.230171830981274307e-06  7.864003312391057912e-07  -1.986869842940027913e-06  7.392559742228559799e-03
-6.422277702666190314e-04  4.252379723375220022e-02  2.419645295400562063e-06  -1.177945219356631199e-05  -1.070600919325532735e-05  -1.977717527017126050e-03  -1.001210072944623639e-03  2.212335284214961631e-02  -1.642679990147558122e-07  -1.937799179021826756e-06  7.620457284354068011e-06  -7.352992047525157455e-03  8.571700800895119344e-04  3.681703183848041017e-02  -4.056993577826335028e-06  1.767888575253049783e-05  -1.284536727341531809e-06  -1.857961737100595554e-04
2.465272821081752141e-06  2.477671694596934222e-06  4.934623949638004825e-02  -2.735299894044169924e-03  2.689283836073377842e-03  1.208201968161457771e-05  -2.600344254264585699e-06  2.148737486146102114e-08  2.288448564088886930e-02  -2.697063020390689765e-04  9.481015983496989333e-03  -7.478695721057964273e-06  -1.282684986246430237e-06  2.941758106354696116e-06  2.291291150000875423e-02  -9.508817483326430231e-03  2.668801685192205434e-04  5.454373818889436823e-07
-1.874118026040796007e-06  -1.171755664350210822e-05  -2.735108433066302420e-03  3.314490992780903811e-02  -1.214902269750517676e-04  2.251710398193884358e-06  -2.839752467154485631e-06  -6.016122620804755398e-07  -7.290980178797063600e-04  4.195955695386423268e-03  -8.015860755782866498e-04  4.033594835509153005e-06  1.945457831952546860e-06  1.153613624467692517e-05  9.840507200420657574e-03  -8.630663339195329816e-04  3.894993860486277361e-05  1.555985716260044273e-06
-1.200316009530922240e-05  -1.062768731709602596e-05  2.689113481912847221e-03  -1.214761963747477893e-04  3.322665643900339638e-02  -4.024186425686117585e-05  9.390072291008521641e-06  8.016310715063425642e-07  -9.803252751972505244e-03  3.823013681722474340e-05  -8.327107532251348939e-04  2.777366129749339526e-05  5.603382454018541221e-06  -9.401377252602499153e-06  7.207961889359349329e-04  -7.937543803924546537e-04  4.202683961702795117e-03  -2.350672446436241023e-06
1.993711993469100396e-03  -1.977644770353038494e-03  1.218945599280730833e-05  2.339018494406690091e-06  -4.030754819229850650e-05  2.918733816029228309e-02  1.840666922837029583e-03  8.446953058833398323e-03  2.303990972314007983e-06  -9.730807294940145226e-07  2.723919992266298322e-05  -9.049036323934342560e-04  -8.487670766802535641e-03  -1.812428902774414078e-03  3.368326703211177587e-06  -1.894057191068373170e-06  -3.124668891885653667e-06  -9.422362157944500676e-04
3.673061775201242468e-02  -1.001208337427554173e-03  -2.474459416488098014e-06  -2.872460043748462907e-06  9.569545523071222438e-06  1.840734484132154191e-03  4.260356789771892194e-02  9.521241759097210820e-04  -1.501790919830515330e-06  4.264718388795118732e-07  -7.947175965362154724e-06  4.440770515274302418e-04  2.152770393824153874e-02  -1.916702010607439135e-03  -1.558962512426881932e-06  3.033367313578573005e-06  -4.004237472806616290e-09  5.434017432917035741e-03
8.603306885477595778e-04  2.212334854200941059e-02  4.576148015660335832e-08  -6.288762902409566196e-07  7.583913816287712811e-07  8.446565829850538609e-03  9.522394310947307830e-04  4.977240035069835367e-02  -1.189176498204856150e-07  -4.393314885588172303e-08  -5.462251000524418757e-07  2.977186471734196132e-03  -6.303297755811446655e-03  2.152802439878580970e-02  -5.836954025328707191e-07  1.740814077408882340e-06  2.594949914334460315e-07  2.686979793832384739e-03
1.299882828044514975e-06  -1.452985272033389289e-07  2.288449778359442563e-02  -7.291257909056616648e-04  -9.802922563323001465e-03  2.341197371598762104e-06  -1.750372891372078520e-06  -7.795814837421571158e-08  5.093689541894686618e-02  -1.196121071505447229e-04  -2.981037060714571141e-03  -1.470970761274154393e-06  2.031968513656607668e-07  1.383119248763484249e-06  1.555722752136273757e-02  -3.759823240236666742e-03  -3.521205120491453094e-03  1.335650431486030947e-06
-8.738760071869734258e-07  -1.899651253652003703e-06  -2.696759060188768753e-04  4.195924989802095502e-03  3.818407669857092139e-05  -9.902243480891708428e-07  3.797561551202124336e-07  7.400921150872508531e-08  -1.195874019360193850e-04  3.941238544002009098e-02  -1.675009297261410780e-04  9.829954728686526562e-07  2.505358868593598948e-07  1.079571416263929404e-06  3.523622483876169727e-03  6.353216242065358498e-04  -1.059030535380168668e-03  -1.850123394024242430e-07
1.055435846241319411e-05  7.614750782963152589e-06  9.481138074731533527e-03  -8.015216533717505008e-04  -8.327378942388959917e-04  2.716597230101836603e-05  -7.920353475247382232e-06  -7.991457006466231238e-07  -2.980931023637548548e-03  -1.675741334296356182e-04  3.353227440614030275e-02  -1.975020013270588451e-05  -4.566991899989562342e-06  6.308125074713698008e-06  3.761070073418043818e-03  -1.745384848932833534e-03  6.370910090710719129e-04  1.342650370592307734e-06
1.905516066721552873e-04  -7.353160834330201359e-03  -7.389696172623246671e-06  4.000520977651797182e-06  2.764415451367639479e-05  -9.047937888488328086e-04  4.441679425876686482e-04  2.976980082390396753e-03  -1.232707073757537989e-06  9.213409644419517418e-07  -1.981851456874960846e-05  3.273295485813034617e-02  -2.689950749103716537e-03  -5.450684015247183635e-03  -8.319410620808237892e-07  -5.124038403016667127e-06  2.527198862276133190e-06  1.233885055243928676e-03
2.214779048246789950e-02  8.573257799052322282e-04  -1.343923444070295985e-06  1.948542367024615320e-06  5.588661057943116169e-06  -8.487399716113851883e-03  2.152771281058762573e-02  -6.303170473351676732e-03  2.723064137379130205e-07  2.671701878311755570e-07  -4.528402062969492511e-06  -2.690332164648855020e-03  4.975546356731403580e-02  9.495578502259646812e-04  -6.414038124683654623e-07  -6.101532875978857826e-07  2.705512300295097296e-06  -2.993692811727535937e-03
-9.894636514488290135e-04  3.681697596854319188e-02  2.920815792200631354e-06  1.142521466861746812e-05  -9.309236966150203721e-06  -1.812552330391669578e-03  -1.916792323071711806e-03  2.152813723764955903e-02  1.399335858813170839e-06  1.109735681908915996e-06  6.398051920223399716e-06  -5.450768678830607977e-03  9.495801755044632831e-04  4.253199777457733477e-02  6.138452839067689255e-06  -1.872797902331316239e-05  -5.121079137264983036e-07  -4.476245557365959925e-04
1.202329761810037910e-06  -3.940404520782079799e-06  2.291274496920128398e-02  9.840118025611742023e-03  7.209349073530646511e-04  3.343906145404338829e-06  -1.511453058702939329e-06  -6.569550557899794911e-07  1.555713577417632346e-02  3.523558533480575239e-03  3.760870219923672080e-03  -8.862342710636210652e-07  -7.225811918818010374e-07  5.972698052747004849e-06  5.091424163229756744e-02  3.007517028807718713e-03  1.188058408093922290e-04  -2.264938473704632439e-07
7.871198737434436096e-07  1.776174946533273560e-05  -9.508999136880951636e-03  -8.630239015566355332e-04  -7.937777828314827562e-04  -1.878436006892234908e-06  3.070085277808574162e-06  1.830271959262210804e-06  -3.759862866158519574e-03  6.352370813711160930e-04  -1.745403196823701623e-03  -5.069203077643391550e-06  -5.407436288816695424e-07  -1.869023068633990579e-05  3.007222477797707582e-03  3.349584086960905732e-02  -1.666176644492286640e-04  5.767080973407532940e-08
-2.149563799188001718e-06  -1.248103018796002708e-06  2.668635140406220760e-04  3.899233104884938702e-05  4.202659706950946650e-03  -3.189299567340893831e-06  1.433889768747353252e-07  1.779001521852802453e-07  -3.521186329467268939e-03  -1.059038283326359329e-03  6.372387737552953364e-04  2.601813014281017372e-06  2.575151560474495967e-06  -6.288843830221696263e-07  1.188246724637264398e-04  -1.667673786681941699e-04  3.941142911006832034e-02  3.560321138765176371e-06
7.392753740407436054e-03  -1.857200200496695566e-04  4.335589953059310222e-07  1.450582208998003837e-06  -2.320825316177722983e-06  -9.421080103768649351e-04  5.434008318747913201e-03  2.686805398434931325e-03  1.223512065636939397e-06  -1.992205672799907098e-07  1.337609801430066147e-06  1.233814352638883984e-03  -2.993519641798778660e-03  -4.475676271119904894e-04  -3.366300117499156478e-07  1.412932509044332470e-07  3.661638507397203654e-06  3.272452705092163822e-02
