4.360255338946535802e-02  -4.718133412003585117e-04  1.012279033134465099e-06  2.029010398362468053e-06  -1.062340517884535852e-06  1.488385555812268227e-03  3.590777660520137055e-02  6.584369275571918438e-04  7.065647735927574133e-07  -3.551217567657242795e-07  1.396836425251312566e-06  1.573249645872122691e-04  2.123332894056321682e-02  -8.691202386736270047e-04  -1.589033876005745279e-07  -1.218544456797428285e-07  3.151400688277027919e-07  7.048623820235978485e-03
-4.718855386735011084e-04  4.358800748694498239e-02  1.234169267663227626e-06  3.274653036851809431e-06  -1.843421518272008670e-06  -1.479854649083798927e-03  -8.716916909190578194e-04  2.123190810661670577e-02  1.896741673641271078e-07  -1.782393420063216537e-07  4.175666267636377256e-07  -7.042445189427995467e-03  6.539082468794965835e-04  3.592344722884640434e-02  9.786821300857640150e-07  -2.989682561425903935e-06  3.083460370553424351e-07  -1.718838044527679705e-04
9.429111010247962949e-07  1.304545131852437108e-06  5.035098937829615012e-02  -1.935835101268688647e-03  1.938072322003948347e-03  -1.162324115028949038e-06  4.252334605568489964e-07  -6.841883862494919226e-07  2.193425928828457092e-02  -1.826246991596514979e-04  8.878032762977909262e-03  5.993036678762399012e-07  -6.934272615231905462e-07  -6.033922286073687740e-07  2.193442793265254140e-02  -8.881822791374744536e-03  1.844769253288880439e-04  -3.760858980531386888e-08
2.202691291264829044e-06  3.225044369947835319e-06  -1.935787261956668391e-03  3.514441232673556903e-02  -3.740810008552025311e-05  -5.098873942204823713e-06  1.675957393164287810e-06  -7.669273298738488967e-07  -4.782448054466572436e-04  3.897520816145577140e-03  -5.718833375433855217e-04  -1.840144827037038685e-06  -1.141056863045648595e-06  -2.242277583041786470e-06  9.095360727999027631e-03  -9.545333787972312429e-04  4.624032405568911361e-05  2.917650317482282047e-06
-9.940450603077284570e-07  -1.668873021420334688e-06  1.938115718426639380e-03  -3.744487164487108406e-05  3.513820235652114626e-02  2.438591940123113933e-06  9.444637179761112509e-07  3.130546713953519678e-06  -9.098558234498186140e-03  4.231539931209480737e-05  -9.582886737363256920e-04  -8.343276613893682432e-06  1.737957142157467013e-07  -2.754289237563131075e-07  4.801728336755540561e-04  -5.721993320201957485e-04  3.896811266810986524e-03  4.098879123864616103e-07
1.488486243951036908e-03  -1.479956357509127057e-03  -1.150549531229813838e-06  -5.150155979751911915e-06  2.302280646093295445e-06  3.202003933698224086e-02  1.412597989763382392e-03  8.017780344260308154e-03  -2.730665473329324685e-06  -1.992386100498044100e-06  -6.074500941264812097e-06  -1.040199118669446346e-03  -8.021909879734790902e-03  -1.417002390534681088e-03  7.610496817509531627e-07  2.349438805126378539e-06  -5.854886194968961590e-07  -1.052271561184441170e-03
3.590778946443562436e-02  -8.717099632140833890e-04  3.484810347276343357e-07  1.568431150511014354e-06  1.019625998026036754e-06  1.412648139013455333e-03  4.351411110608081195e-02  8.247976860289842147e-04  -3.501495184627727919e-07  4.087456889491244843e-07  -1.823183491454658602e-06  3.949016487608345157e-04  2.061077463882555680e-02  -2.105577566431602980e-03  -3.082664904869096036e-07  -6.989964019554038976e-07  5.303668666403628546e-07  4.787297062229184733e-03
6.584168969707734735e-04  2.123185438345670181e-02  -7.271496163441080676e-07  -7.739222367458107058e-07  3.057503238417762203e-06  8.017665547629863540e-03  8.248938474676323568e-04  5.052862392498609634e-02  -1.184902858269588002e-06  -1.315977349206283837e-07  -4.239615228469250115e-06  2.039303033601007082e-03  -5.956984346472466406e-03  2.061025318251279506e-02  -9.622602059004198369e-08  4.305519732530264870e-07  1.596398213874010051e-07  2.658074963315030896e-03
6.653174508848091268e-07  2.635208239554270000e-07  2.193419117834286697e-02  -4.781963458741114834e-04  -9.098626425415236307e-03  -2.789506036234378268e-06  -2.990827869436285284e-07  -1.201255589897453204e-06  5.153039848086943958e-02  -8.828361684922536666e-05  -2.084710932026606969e-03  3.598209557505114928e-06  1.305600483335278136e-07  -2.843964007644966766e-07  1.490347913056187627e-02  -3.444175340265618907e-03  -3.282769246760340511e-03  4.365083385076215931e-07
-2.880030825456325200e-07  -1.682837647783206196e-07  -1.825277216231928508e-04  3.897549890476679959e-03  4.230512783522731688e-05  -1.946546861384475420e-06  4.809159978464173980e-07  -1.455493265694100835e-07  -8.832215824835235518e-05  3.969874910657066741e-02  -1.385798247915163376e-04  1.257604675959714961e-06  2.366360370074380650e-07  -4.324883146298975356e-07  3.282938333798383033e-03  5.369294689584706978e-04  -9.942148067946564652e-04  3.015616784436212314e-07
1.328358532155571987e-06  5.926255383324687372e-07  8.878162022190046881e-03  -5.719257206173832941e-04  -9.582725577052307684e-04  -6.091087370640044074e-06  -1.774980767244933929e-06  -4.120695781252944408e-06  -2.084631083921789640e-03  -1.387001328625995134e-04  3.542613188080458858e-02  1.297606524473171351e-05  7.080259451034202105e-07  3.699446026864725123e-07  3.444287847041016624e-03  -1.448013859312390289e-03  5.366418875029731585e-04  6.386568164663018749e-07
1.573492971215917488e-04  -7.042518782333953911e-03  5.104369034244116275e-07  -1.762375391778737997e-06  -8.215740282744582801e-06  -1.040256121942599934e-03  3.948793333645287426e-04  2.039103337895368812e-03  3.525869501977712975e-06  1.320095299110065859e-06  1.292509119447588445e-05  3.482689087692846658e-02  -2.660397628295934919e-03  -4.792189407716652624e-03  8.606481591788558635e-08  8.209179118702756512e-07  -1.076191416173818313e-06  9.436731930728387658e-04
2.123342249246789812e-02  6.539949922824329518e-04  -7.032950943463141807e-07  -1.250865155186857034e-06  2.890440890218634648e-07  -8.021758788620266672e-03  2.061052826979668448e-02  -5.957001332101454806e-03  1.117242652797089372e-07  2.273703792593224741e-07  9.030426409321002142e-07  -2.660509414460468253e-03  5.052783828173040837e-02  8.290947521167160760e-04  3.026296533709418426e-07  -1.058521287734665624e-07  -4.013245076141768009e-07  -2.037128795143902139e-03
-8.691772976373155673e-04  3.592339848996104618e-02  -5.877401104002012790e-07  -2.217035293300201742e-06  -5.119262896207919198e-07  -1.417096064309850481e-03  -2.105580133923028608e-03  2.061045027264733764e-02  -2.342565230977100362e-07  -3.883316757161197950e-07  1.817878661728010508e-07  -4.792158068312980627e-03  8.291615316142716182e-04  4.350120694876945943e-02  -5.822272988281644797e-07  2.029644305777107103e-06  -3.817125453434302120e-07  -3.786835971285393157e-04
-1.813868382381652594e-07  9.718613162635683085e-07  2.193442887345223996e-02  9.095197970169633175e-03  4.801434311084082905e-04  7.680386564527718623e-07  -2.138804497537566676e-07  -6.248169930461539818e-08  1.490344204807541283e-02  3.282903995569975628e-03  3.444210895926773808e-03  -5.795213626181029253e-09  3.496321438072094083e-07  -6.470048693208938696e-07  5.152703473449340293e-02  2.093281958067377390e-03  8.741571537123267205e-05  6.028799128506607441e-07
-2.226573828047952151e-07  -2.818444347576219597e-06  -8.881844214680967298e-03  -9.546530071435944953e-04  -5.721078517032791681e-04  2.403509498650457232e-06  -8.745791763955793309e-07  3.597427895737892998e-07  -3.444054293459653058e-03  5.369012053060748767e-04  -1.447952119429971518e-03  8.096936775998347366e-07  -2.881776459073854848e-07  2.167676366007633506e-06  2.093269336732319144e-03  3.540519155913636473e-02  -1.389226222910195047e-04  -3.454284148619281244e-06
3.480116523226493696e-07  3.367986410532176426e-07  1.845970366522069260e-04  4.624971345540263007e-05  3.896874688389337978e-03  -4.429373242492985270e-07  4.949588583192769658e-07  1.545344587901915238e-07  -3.282686382066564088e-03  -9.942161953034910678e-04  5.367054736516664506e-04  -1.167422582429535705e-06  -4.085225795665141039e-07  -3.638302216077935243e-07  8.750498929168166345e-05  -1.390190778205558449e-04  3.969924128795117996e-02  -8.082916161839702681e-08
7.048634611908142882e-03  -1.719904956993854948e-04  -6.519995066702087544e-08  2.952188799610842473e-06  3.819719556075899378e-07  -1.052370209380294958e-03  4.787308760944064372e-03  2.657846052255241967e-03  3.900570043581831528e-07  2.774566823039192650e-07  6.314364147737408374e-07  9.437027352807066940e-04  -2.037129009318875469e-03  -3.787213628684596672e-04  5.758125004129946124e-07  -3.300067945784951407e-06  -1.425763799380647865e-07  3.484261337136882603e-02
