4.561065018240888225e-02  -2.712545235099668916e-04  -3.848555853114325451e-06  1.234675368525815671e-05  -7.359429032887778269e-06  9.746446955754487895e-04  3.386267514315644683e-02  4.723736909809028652e-04  1.065336656946049338e-05  1.008108773215481676e-06  3.440570713794097640e-05  8.207477898522371168e-05  2.014118120032152084e-02  -6.319790323901585500e-04  1.493392816915167806e-06  -6.916990933767046829e-06  -4.303220965582058458e-06  6.840158245724261947e-03
-2.712799500735857514e-04  4.559898177867971469e-02  -2.944302645321346938e-05  -4.391050724804644112e-05  3.152796769116961003e-06  -9.938496604330396278e-04  -6.133488880091193590e-04  2.014889501859600321e-02  -4.237135727467312478e-06  -3.145895858033658796e-06  -1.030129029209988286e-05  -6.869403259146940506e-03  4.619355863088824270e-04  3.386151596640179368e-02  3.382942510976670158e-05  -5.507167833460361803e-05  1.825573623092147306e-06  -9.538670341306641222e-05
-4.260280048164300825e-06  -2.969592383261569193e-05  5.126313345386084019e-02  -1.216801360418112883e-03  1.257984368224351586e-03  -1.740328958354755672e-05  2.938706302298291243e-06  -3.484946465312562962e-06  2.072389863861841958e-02  -1.124053110798353314e-04  8.173415083528376771e-03  1.067863833307940654e-05  -5.737148596735168887e-07  2.620497329382114025e-05  2.070766859628328516e-02  -8.164003088827441468e-03  1.185151634417439573e-04  2.417437458989676753e-06
1.236107263126984314e-05  -4.421665006807190063e-05  -1.217040398465253593e-03  3.869298172211670106e-02  1.612832177715911252e-05  -2.762612772653525332e-05  1.468379342404546766e-06  -1.281455295640840722e-05  -2.633982595721952010e-04  3.494623888500556202e-03  -3.779704362908599814e-04  1.593236523901169236e-05  -1.047827127707096527e-05  4.576459028653406640e-05  8.300560244035862928e-03  -1.293823740676712389e-03  4.124510293579294841e-05  -1.635945734255605921e-06
-7.314343999629968522e-06  3.168656217166936788e-06  1.257868227276438215e-03  1.613753665239242406e-05  3.861504842204478011e-02  1.109022962118914406e-05  6.721825524609131470e-06  -3.548094129558089414e-06  -8.332806194101004260e-03  3.433956810717873610e-05  -1.326626734978402378e-03  4.772584124157284127e-06  -2.387099714501522281e-06  1.709520235100491701e-06  2.738359654511227440e-04  -3.915895500888958423e-04  3.490795023572766231e-03  -2.913515385395698582e-06
9.745587531688745331e-04  -9.938227451275756345e-04  -1.734442891527667005e-05  -2.757863137361790703e-05  1.115720586286774287e-05  3.656747340153580078e-02  1.051046410343742851e-03  7.480152975274583643e-03  -3.781621397842038777e-07  -3.368997655465249280e-06  1.257161075699352697e-06  -1.373410709746598771e-03  -7.475876832107454344e-03  -1.038324551603599360e-03  7.846261205374067895e-06  1.703215574900062516e-06  8.596846475900637991e-08  -1.310779717195708835e-03
3.386258521950499117e-02  -6.133417863835616702e-04  2.662253089794613772e-06  1.594166811012535359e-06  6.875438969136666723e-06  1.051060630009085194e-03  4.540137494739038271e-02  7.270517666340800458e-04  -6.067875678962817304e-06  2.445372691855723036e-07  -2.968040279007539588e-05  3.038306658402959814e-04  1.946103503126503723e-02  -2.582704409107836486e-03  3.570564406093565814e-06  -1.330163597855241764e-05  8.748927530468476472e-07  3.931842942043238184e-03
4.723004620700295246e-04  2.014898758818985461e-02  -3.478763732315731308e-06  -1.275748486553732963e-05  -3.667819333584176170e-06  7.479887201807940318e-03  7.271889707722075519e-04  5.121125473047371396e-02  3.078810948496707396e-07  -7.504752923022750385e-07  5.689713332364943724e-06  1.236139224953859824e-03  -5.629576039515761174e-03  1.947309223635407954e-02  3.019521423073369096e-06  -2.556944959175314394e-06  -1.160136552196728640e-06  2.512582482070879059e-03
1.089967031830158960e-05  -4.304959492707156772e-06  2.072390120743007602e-02  -2.634606294476340180e-04  -8.332825897927765429e-03  -3.312574058375237050e-07  -6.461763831529624602e-06  2.885903533315023073e-07  5.206397960881958137e-02  -5.868017150516362777e-05  -1.277460357425132904e-03  -6.965137588836222270e-06  -1.172478752029609943e-06  8.385280818988759854e-06  1.407930205095011579e-02  -3.107988728724613969e-03  -2.990993081598269758e-03  5.878252018119690328e-06
9.329045811446141372e-07  -3.330559716363372809e-06  -1.126961062684302871e-04  3.494430870546238587e-03  3.432400548792932351e-05  -3.300320616681820666e-06  1.754282328538506580e-07  -1.007909527190044397e-06  -5.872649987038916741e-05  4.152314997557913362e-02  -1.050443114241948148e-04  -1.321256226638373139e-06  -8.932358578750808844e-07  2.565882419496646477e-06  2.989657305753739332e-03  4.113459753996769074e-04  -9.048882258654234378e-04  1.224487046663143265e-06
3.449353242917846049e-05  -1.029009546594216483e-05  8.173138414447058200e-03  -3.779846073673759485e-04  -1.326566315758811836e-03  1.370611984218459233e-06  -2.988206009599591120e-05  5.945746582774563650e-06  -1.277448860420168529e-03  -1.050357883076327394e-04  3.890474414325850727e-02  -1.796652183241843962e-05  -5.574477944588761787e-07  1.509112417799983277e-05  3.107794399817494311e-03  -1.193734031856118118e-03  4.101735668379766263e-04  7.950765458356632236e-06
8.201990891770383923e-05  -6.869592061326768202e-03  1.021528178302295029e-05  1.582868243228193023e-05  4.674191814782236857e-06  -1.373529598480786049e-03  3.038439005340425026e-04  1.235950455028355039e-03  -6.979800328797849123e-06  -1.496991207341303241e-06  -1.787392435768691686e-05  3.848239279544457547e-02  -2.503486016520924898e-03  -3.950813783573388534e-03  -9.785480511712744218e-06  1.600497864531164757e-05  8.411647924037558982e-07  6.496967602709963945e-04
2.014108806139779800e-02  4.619189032371446560e-04  -5.371689597988021179e-07  -1.042606810110054558e-05  -2.341759632682226873e-06  -7.475643006213029788e-03  1.946112560724263391e-02  -5.629543204457871514e-03  -1.175322943887526522e-06  -9.476644984983036742e-07  -5.762630012811069751e-07  -2.503392007137898896e-03  5.123280144906602884e-02  7.344541193622884439e-04  -1.612190180059686762e-06  1.043045959538269498e-05  8.334040356927936897e-06  -1.194514291461460037e-03
-6.319238552486954865e-04  3.386143492434894736e-02  2.618488071816564528e-05  4.555007880306489266e-05  1.776708067903536406e-06  -1.038299176069991826e-03  -2.582687163904996957e-03  1.947322941171153801e-02  8.372764099040947279e-06  2.470999539605544549e-06  1.509978070228918501e-05  -3.950852780924384543e-03  7.344103927774129270e-04  4.538721171274021082e-02  -3.473029887673480438e-05  6.203353356913407350e-05  -3.120658106309504044e-07  -2.946947166330200914e-04
1.673487132869635238e-06  3.414886922267684673e-05  2.070761501895209203e-02  8.300663000205600953e-03  2.739174261618424551e-04  7.437034113192999509e-06  3.654807972849910156e-06  3.019047536904700096e-06  1.407930809103962073e-02  2.989658038345326119e-03  3.107696777095084965e-03  -9.838657957683478704e-06  -1.583257466827284186e-06  -3.485019602873110978e-05  5.206957385248311976e-02  1.282653271198558103e-03  5.576784995291892897e-05  -6.984483568269328000e-06
-6.972180223873617787e-06  -5.520542073061806686e-05  -8.164064685187676085e-03  -1.293747489702406920e-03  -3.916101656269683844e-04  1.989986057719602913e-06  -1.333292117769103226e-05  -2.885408355234340839e-06  -3.108061415995356722e-03  4.111994121821797225e-04  -1.193734522237067074e-03  1.604401422173174060e-05  1.052325671640797068e-05  6.209768614266683855e-05  1.282822499283753533e-03  3.887220946383160292e-02  -1.012119026385113567e-04  2.140350634714869365e-05
-4.231761695458387487e-06  1.892779279916644038e-06  1.183134193197020521e-04  4.109996084419769769e-05  3.490702316219655103e-03  -1.397038388794198470e-07  9.243325382639863554e-07  -9.650476414162665018e-07  -2.990989845540827780e-03  -9.049403238968514165e-04  4.101915470331926323e-04  9.138286679238588948e-07  8.347041936373986599e-06  -3.179694175071716550e-07  5.577031680051284824e-05  -1.011367134198474648e-04  4.152482062199983753e-02  1.931678510600293776e-05
6.840356008641663467e-03  -9.523249217477147742e-05  3.060367960754794221e-06  -1.784191760433943842e-06  -2.979064085047987848e-06  -1.310930593207800888e-03  3.931816099826776489e-03  2.512610654451470204e-03  5.967650615557889521e-06  1.234542147760556914e-06  7.953547083939197722e-06  6.496317820764617662e-04  -1.194155164392200503e-03  -2.947986962855276400e-04  -7.386462370856996599e-06  2.157929280591135775e-05  1.915531730044368674e-05  3.853807278291315752e-02
