4.537120175298988561e-02  -2.998940607590326103e-04  -1.405786482757502621e-05  -1.498643644117008649e-05  1.108807984720498709e-05  1.030799765374558431e-03  3.415671024149875140e-02  4.937598467687459147e-04  1.542907778637738018e-05  -5.248903293040898805e-06  2.972513653439788354e-05  9.982843642584471615e-05  2.036645044188392997e-02  -6.447665998234315514e-04  -1.547981000971519629e-06  1.395347740748941585e-05  5.776204753141759908e-06  6.950457212914079759e-03
-2.998185280100407277e-04  4.530814124442982677e-02  -1.844879127254920597e-06  -3.643970592932203608e-06  -4.047338947022284717e-06  -1.036577073627583095e-03  -6.777182776372419780e-04  2.036970299034345649e-02  -1.739893658552506071e-07  7.549877130810894462e-06  4.726637243814020986e-06  -6.916211601015783382e-03  5.090368268706802531e-04  3.419117442572619514e-02  -1.720597109881821950e-06  -8.315268449879112663e-06  -5.832176393684692368e-06  -8.846149223583620351e-05
-1.442563342172207992e-05  -1.984056731034319280e-06  5.117342516334687230e-02  -1.270668465483242634e-03  1.308809438040770944e-03  3.111806639224219754e-05  1.718046638229264385e-06  2.838122733572979427e-06  2.095570812426179874e-02  -1.263752817724419087e-04  8.320308554251962252e-03  -2.853972388502759594e-07  3.229562500222533857e-07  -6.602123232629140139e-07  2.094447986957872349e-02  -8.311531453436108580e-03  1.204122212727803704e-04  -1.799734064289350486e-05
-1.498444258390255177e-05  -3.544398580020040202e-06  -1.270686773332061403e-03  3.851398905526182137e-02  1.348782017600682050e-05  6.143562375484453895e-05  -1.690855069337800535e-05  1.550435634795492408e-05  -2.918304543695811066e-04  3.594960344221912601e-03  -4.105901955773113557e-04  -1.136861389049819267e-05  9.375211403099457344e-06  -9.123670595124735500e-06  8.438003284935140930e-03  -1.297189264525747902e-03  3.062441516390413342e-05  -2.447504895837012906e-05
1.155836436288602553e-05  -4.002438855800310630e-06  1.308900411650362663e-03  1.347226685686451635e-05  3.846090874628994849e-02  2.504962746116563182e-07  -1.653076666242669175e-05  1.293763249815984989e-05  -8.454123908437130228e-03  4.359231307698104604e-05  -1.307874228330352774e-03  -1.980765811905914271e-05  9.805681463183717398e-06  -2.620349816481653430e-06  2.862436240922179988e-04  -4.043388076946419804e-04  3.597582192228845899e-03  1.560217311505417652e-05
1.030688349970227801e-03  -1.036466143623698648e-03  3.098369111960945629e-05  6.132043314164688729e-05  2.462335100642231258e-07  3.628536518711307501e-02  1.079798654617923973e-03  7.611101570018778163e-03  -5.977535357940378712e-06  8.077377840550182658e-06  -1.443452018948517867e-05  -1.356766831971113882e-03  -7.574063693007180090e-03  -1.121878653638433507e-03  -7.497807589182755748e-06  -1.660785742594871151e-05  -7.183205780790304930e-06  -1.361717261764479802e-03
3.415664558891365332e-02  -6.777152688379650854e-04  1.523741224241024447e-06  -1.687261285942912319e-05  -1.624125414574643914e-05  1.079649390487485679e-03  4.515085539240248219e-02  7.503284463553462147e-04  -1.723376668449081909e-05  3.045413812955878178e-06  -3.642694037066320124e-05  3.279536067082493094e-04  1.968849656438206169e-02  -2.517193523412749809e-03  4.037348512548688548e-06  -1.832662616902800922e-07  3.806382056846123037e-06  4.079744292941047887e-03
4.937125693755861676e-04  2.036945621343244639e-02  2.866953065697275121e-06  1.545625054605668228e-05  1.291477561693769094e-05  7.610891038364797287e-03  7.503800934675274818e-04  5.112236706981854173e-02  -1.530664483184816269e-06  -1.394142456634954975e-05  -1.176458063041053169e-05  1.314206075298379349e-03  -5.690817584311500150e-03  1.967859300464690903e-02  -1.766426724433286043e-06  1.433251581697332067e-06  3.803609163720534915e-07  2.530277585223079245e-03
1.608810845793392396e-05  8.541331335976559344e-08  2.095567513495462039e-02  -2.919089347614830187e-04  -8.454363619795542475e-03  -5.829613646402885932e-06  -1.762664084643358100e-05  -1.470052523863027846e-06  5.199561182263649772e-02  -5.644040927189723778e-05  -1.389717731052672774e-03  1.047458161184232762e-05  1.839499974611021655e-06  2.322531410563796576e-06  1.423967907437626544e-02  -3.173604174586754784e-03  -3.051930245717170143e-03  2.277824153732145079e-06
-5.406593431934469227e-06  7.587257611365060026e-06  -1.263119792254664372e-04  3.595052572938477967e-03  4.347404694901959351e-05  7.977810370003580632e-06  3.070714748175913302e-06  -1.397198216894607981e-05  -5.644479131935263160e-05  4.147915472318284419e-02  -9.949060459702893341e-05  2.842407447148393929e-05  -2.396981155783355149e-07  2.266353279516333971e-06  3.048170003255224868e-03  4.278395805325347582e-04  -9.249816545006309511e-04  -6.028214918421656871e-07
3.013032915792475072e-05  4.856613073008043107e-06  8.320235474852678489e-03  -4.106032086298381763e-04  -1.307890845534591482e-03  -1.443176236988695087e-05  -3.672423568487775833e-05  -1.181213421698909518e-05  -1.389974397921132226e-03  -9.951638990388694188e-05  3.864398929972327063e-02  3.842582938993888814e-05  5.501646434094492099e-06  3.876927018690981166e-06  3.171696758524073304e-03  -1.241256495953166599e-03  4.270315963261936366e-04  1.001340179650827639e-05
9.974780834918076989e-05  -6.916228189755032826e-03  -7.461587338921550961e-07  -1.137508815377698614e-05  -1.971483678129784561e-05  -1.357053407724099700e-03  3.280194247824859107e-04  1.313768987402981307e-03  1.093256892973434241e-05  2.809711337061253177e-05  3.838947113407130526e-05  3.825319736134816240e-02  -2.541055936012127144e-03  -4.069403355052665303e-03  -1.588491105773088179e-06  -4.782968438355669828e-06  -2.124515193715669255e-06  7.057003364938695209e-04
2.036634770013699691e-02  5.090857871412513176e-04  3.796167103642961493e-07  9.289252399379712121e-06  9.835769241939296476e-06  -7.574002842459321740e-03  1.968860784673704192e-02  -5.690785928233071424e-03  1.822757289796263179e-06  -2.584457786286414091e-07  5.510870618721433180e-06  -2.541006977252361666e-03  5.110438982722102091e-02  7.431793730792812889e-04  3.123823149692546913e-06  -1.355386462961695790e-05  -1.037606844169385110e-05  -1.360709444836933875e-03
-6.447491065695298016e-04  3.419100782723692028e-02  -6.789055141097151869e-07  -9.134055470111298401e-06  -2.702974683201042804e-06  -1.121703038705669465e-03  -2.517309199769867008e-03  1.967838344451313878e-02  2.334873669369578227e-06  2.475080622211610891e-06  3.988006318641285281e-06  -4.069327955444501481e-03  7.432376808808136438e-04  4.514142129016940341e-02  2.876071096565442406e-06  7.713390381591387674e-06  4.879316170455237033e-06  -3.261049359508067869e-04
-1.710866658950755698e-06  -2.222000796322775451e-06  2.094443059047860350e-02  8.438254891019361659e-03  2.862779472417269883e-04  -7.647488735034694841e-06  4.008757235413228028e-06  -1.815398223667986305e-06  1.423967095902627100e-02  3.048167820560158513e-03  3.171652456227347632e-03  -1.293668982137101523e-06  3.137420152875755902e-06  3.218948928974449398e-06  5.200227622109865333e-02  1.385209064603572368e-03  6.425369101218651356e-05  1.461444075912286842e-05
1.397102880767545175e-05  -7.939997838657843261e-06  -8.311310682653352822e-03  -1.296935530646278149e-03  -4.043437777742109091e-04  -1.681157125462445071e-05  -5.514161989455117731e-08  1.428514683235112383e-06  -3.173707727127129778e-03  4.279096454018505328e-04  -1.241290895592332428e-03  -5.039399691025193537e-06  -1.362644119911902564e-05  7.456153447527024829e-06  1.385477584974427597e-03  3.865490529519391427e-02  -1.105727596507836269e-04  -2.470651146655473415e-05
5.619056408749130726e-06  -6.127682758579589211e-06  1.204410886621179791e-04  3.047736881441345070e-05  3.597651258585294557e-03  -6.932397642901705986e-06  3.726349573789085675e-06  4.058431117483804977e-07  -3.051950927916358223e-03  -9.249829178132563598e-04  4.269669885907297633e-04  -2.000972217595664802e-06  -1.040810431441759541e-05  5.073939447540148970e-06  6.427009363875494589e-05  -1.105182893753026927e-04  4.146843314918402523e-02  -1.968035934320378773e-05
6.950425103721506737e-03  -8.839949201132640702e-05  -1.737487000878847155e-05  -2.430873165407573970e-05  1.546721837488932431e-05  -1.361894332387484285e-03  4.079894008951391420e-03  2.530517165459452052e-03  2.064445162617928548e-06  -4.420501465201355810e-07  9.938018481617073656e-06  7.057565430061288683e-04  -1.360362054439216749e-03  -3.262154016699694002e-04  1.462528390144714394e-05  -2.480427830265875881e-05  -1.927282697580575075e-05  3.817986805644712350e-02
