4.344404239308952143e-02  -5.307247802172222056e-04  -8.627418654542689654e-06  -1.309427310989794292e-05  -2.349741465168818421e-05  1.954222723006939725e-03  3.606687054841634793e-02  8.202361520829573507e-04  7.366515717702423728e-07  -7.687772898347395372e-06  7.760356052706281364e-08  1.699164220758713417e-04  2.235149787792832174e-02  -8.857923535421515469e-04  5.561018139408931878e-06  -3.083427218053962183e-06  1.242716404657969031e-05  7.738865140368538995e-03
-5.306427706646428934e-04  4.350459310138397873e-02  7.397335547215018232e-06  3.222464593860609205e-05  -5.542464594817071674e-06  -1.783672604421137741e-03  -9.381814194055728339e-04  2.229642802061672369e-02  5.761737179103081064e-06  -8.601684675560211231e-06  -1.507829091356029078e-06  -7.672664019188637705e-03  8.499133493549538123e-04  3.610920221882388259e-02  6.558518672563443929e-08  -1.113486203845322239e-05  1.307986912626266824e-05  -1.037085786088214902e-04
-8.712596678264471046e-06  7.177692403817082267e-06  4.957582627884325743e-02  -2.603751136567335200e-03  2.380729686786221475e-03  4.752096533994885913e-05  -5.106363862763559888e-06  1.559651657902245546e-05  2.300035775195738430e-02  -2.748325580223912349e-04  9.571168639831756711e-03  -3.507315030062145073e-05  3.970941262392165593e-06  -1.069392388704542230e-05  2.309693209320144713e-02  -9.648805445812789344e-03  2.639152712089270440e-04  -9.892612936719841920e-06
-1.311644270085014134e-05  3.224305509204822902e-05  -2.603408077881491818e-03  3.529670099908418374e-02  -9.488581168107853431e-05  6.403735690589741126e-05  -8.707055033548485038e-06  2.177267785100683232e-06  -6.532672328791839459e-04  4.393029499091078913e-03  -7.743547827743123757e-04  -8.026894631748215196e-07  4.705380757231271604e-06  -2.349945833358994617e-05  9.967156896221275597e-03  -1.403566748574955900e-03  7.005648406610825042e-05  -1.512586283222493908e-05
-2.349834298286482766e-05  -5.513876694481045473e-06  2.380552975963613933e-03  -9.485019787729495480e-05  3.573296706347396656e-02  -1.891807879753512771e-05  -8.210051994873329608e-07  -4.158514396760855177e-06  -9.833761834261456683e-03  6.439585764807073578e-05  -1.286691088467000399e-03  3.136649208402192456e-05  1.855236437453841667e-05  -4.839315292849544373e-07  6.247215414451172139e-04  -7.597221424694929103e-04  4.387379650803165977e-03  2.679657209121779832e-05
1.954351217636506478e-03  -1.783839335179435159e-03  4.733441556146498417e-05  6.406568867381315716e-05  -1.895494027263117757e-05  3.211476906828770322e-02  1.717124957466426884e-03  8.530749705490281443e-03  -4.994099950340006009e-06  -3.327050356958392579e-06  -6.514961730933481311e-06  -1.291964696912784906e-03  -8.703039355520039710e-03  -1.692062446778838571e-03  -1.630338925739103269e-05  1.251546432912361382e-05  -1.280041593377721326e-05  -1.487358500946267797e-03
3.606662021357671249e-02  -9.380904546194635332e-04  -4.970209358241000920e-06  -8.756646457126748750e-06  -8.376275093774543789e-07  1.717239860099676989e-03  4.343263443202450419e-02  1.025054924050013225e-03  4.692123699809604290e-06  1.081028777710014184e-05  1.191626268097290446e-05  4.122348449463441038e-04  2.162625891109494491e-02  -2.201885144186501060e-03  -3.854189672326626174e-06  5.144932114168603489e-06  1.295020744396299442e-05  5.281877671627096746e-03
8.202910374767602040e-04  2.229639987798874914e-02  1.558347616365502751e-05  2.267444795299830244e-06  -4.117751062771978547e-06  8.530687316418684996e-03  1.025059821204070930e-03  4.990596682059389444e-02  -1.989146080142034650e-05  1.455393559313271264e-05  -3.858089280753761017e-05  2.719660995069988259e-03  -6.338912866368919680e-03  2.156979055382970273e-02  -7.072597645394480061e-07  -3.793178121571928183e-06  -3.885075250126283381e-06  2.636194914764920620e-03
6.528096921660959891e-07  5.684634598433706385e-06  2.300031710695749423e-02  -6.534621042901444989e-04  -9.833769254764233164e-03  -5.050516423005660018e-06  4.832569103997463831e-06  -1.987225177412359572e-05  5.107803705020733803e-02  -1.333468590615650279e-04  -2.756288846515276246e-03  3.545712010107233969e-05  -4.790381015419671124e-06  5.843214034075393660e-06  1.569482707061106014e-02  -3.834107195045120473e-03  -3.583894515932454540e-03  5.715521737937561636e-07
-7.926006577975060750e-06  -8.804955011578274415e-06  -2.747691787285330158e-04  4.392903063345451366e-03  6.441192611960758804e-05  -3.262465864231711734e-06  1.098421022725174639e-05  1.453826881484208877e-05  -1.333945241862915447e-04  4.090738563339313405e-02  -2.162847566774682873e-04  -4.081357648594244206e-05  -2.424320017146946559e-06  4.952582288691757981e-07  3.603169400293145235e-03  5.852008310792971993e-04  -1.085531838903587695e-03  6.122132528519182546e-06
1.478660534621601440e-07  -1.462964713355199047e-06  9.571142905016384247e-03  -7.743956292331203488e-04  -1.286707420457428638e-03  -6.595686421299947062e-06  1.197129625313915302e-05  -3.857880008281420526e-05  -2.756058520945882384e-03  -2.162054006500343834e-04  3.583729546454235415e-02  6.217550767407020219e-05  -4.925177045495904262e-06  2.216513200273916544e-05  3.844898197227279019e-03  -1.766781670259095658e-03  5.999476733457147779e-04  1.697525943125054624e-05
1.700186724244940402e-04  -7.672608082132617580e-03  -3.518444650930245326e-05  -8.009725193378284871e-07  3.132779400990529008e-05  -1.291755675195096998e-03  4.121786615655394616e-04  2.719720719069070470e-03  3.540848195239698111e-05  -4.073065400114910558e-05  6.226712205073077413e-05  3.508946511303365906e-02  -2.670320356562267457e-03  -5.208239595681930789e-03  8.778379056102725547e-06  1.121798102972926075e-06  5.264057913767722111e-08  1.280569499694134876e-03
2.235123998807084927e-02  8.494955751486135470e-04  3.974923833636672528e-06  4.940777082986292646e-06  1.844117766087897075e-05  -8.702694479077779585e-03  2.162651827336145582e-02  -6.338927882439942575e-03  -4.778103695563071505e-06  -2.415958951487634005e-06  -4.729878394519193501e-06  -2.670244092477088056e-03  4.983527263451621725e-02  9.753015142366420163e-04  5.717916172573307191e-06  -8.760433141081250637e-06  -2.515261867179208256e-05  -2.790648600537516157e-03
-8.857714737427711815e-04  3.610913843813081531e-02  -1.085760685845362693e-05  -2.337518325606819682e-05  -4.928289455281095158e-07  -1.692037414748707785e-03  -2.201887453773807620e-03  2.156952350773924318e-02  5.693272452422811530e-06  3.822822125471317039e-07  2.213489818775381943e-05  -5.208292157612077686e-03  9.750618640518754531e-04  4.344167866251546356e-02  9.872395114852417937e-07  8.860455525036827767e-06  -1.007557094776070113e-05  -4.748810752741426818e-04
5.547921036962347520e-06  -2.710249302681228175e-07  2.309698241399005952e-02  9.966826862318183683e-03  6.248909312041897287e-04  -1.659876300721966483e-05  -3.872636012660777781e-06  -7.507422667337606859e-07  1.569483783432175372e-02  3.603293583308588531e-03  3.844780208293842143e-03  8.906392814135410450e-06  5.676202983529143481e-06  1.179109112415495161e-06  5.103043330177864378e-02  2.786657158854582376e-03  1.157054989512437156e-04  1.307786864456122873e-05
-3.080688878130446984e-06  -1.117462551664772052e-05  -9.649164493159658948e-03  -1.403671548490089717e-03  -7.597057758092779899e-04  1.260314458590817680e-05  5.110261944816645672e-06  -3.876309331862016664e-06  -3.834329576838408239e-03  5.848520309506917338e-04  -1.766814494446108637e-03  1.136015723171476924e-06  -8.577472644147879154e-06  8.911748205595720817e-06  2.786377392074016520e-03  3.584556144871460515e-02  -1.863278145320833496e-04  -2.024530882271268926e-05
1.254203413437529477e-05  1.301912916730418396e-05  2.638579863317772035e-04  7.004645966246153608e-05  4.387131727293578504e-03  -1.290790518480294729e-05  1.279653411505476363e-05  -3.922046612966340069e-06  -3.583785950018466161e-03  -1.085514535240641619e-03  6.003153105647964557e-04  4.846667197077667625e-08  -2.513693967869283312e-05  -1.006170480034738282e-05  1.157752126657169816e-04  -1.865283948158112160e-04  4.094213002124709455e-02  -4.850471442947674794e-05
7.738922580534325982e-03  -1.038072367690518648e-04  -9.763941786486564928e-06  -1.509605708914740900e-05  2.684748789943607825e-05  -1.487314329743641460e-03  5.281890123443290334e-03  2.635999038520888283e-03  5.099895697056893543e-07  6.148708036239333423e-06  1.696737619810809137e-05  1.280674713620901179e-03  -2.790248500685120047e-03  -4.747442088112794993e-04  1.296874681403856521e-05  -2.019451229142525729e-05  -4.860045870173746412e-05  3.506726023993324975e-02
