4.363086136600247134e-02  -4.919156126593831821e-04  8.256992812926732466e-06  -6.444037841748337509e-06  -1.437928035829334595e-05  1.770194517088393262e-03  3.593804460751471447e-02  7.981406146817575592e-04  -2.560495770573973235e-05  -4.188641430106658128e-06  -5.485375929866721318e-05  1.285313724289885613e-04  2.203406585829278605e-02  -9.034513611832535466e-04  4.833140876867659880e-06  -8.696275442832470469e-06  1.163969488007918379e-05  7.539029015909307768e-03
-4.918843629276970593e-04  4.365311311978588987e-02  7.206521730974070316e-06  1.295211388345334824e-06  -3.555705620815562452e-06  -1.817527446750927256e-03  -8.599488580654391506e-04  2.207825311832275691e-02  -2.034465151375405709e-07  5.998176179214636141e-06  1.189068779889549882e-06  -7.649980760286845434e-03  7.568566768328088530e-04  3.588524151840966070e-02  1.838649623301591824e-07  -4.049590946240366064e-06  -2.131368492037240322e-06  -1.910526961757267803e-04
8.323750172026629784e-06  7.189091565509401506e-06  4.975196020492934912e-02  -2.395749386503762558e-03  2.375733518321336470e-03  1.835920269213959732e-05  -1.697869334426221785e-05  1.938445923234198023e-06  2.280042711374906730e-02  -2.393792746473336432e-04  9.515405647864244240e-03  -3.136232032127540588e-06  1.721157986333969833e-06  -2.177488091451710398e-06  2.273338360610688627e-02  -9.365016488877837830e-03  2.502504474027877619e-04  2.802333875869481863e-06
-6.429391591082571633e-06  1.092184089948462694e-06  -2.395567108741909063e-03  3.583647142399028207e-02  -9.418989223578505380e-05  -8.975835656854726821e-06  -7.997309400042361676e-06  2.028997264077601727e-05  -5.938687989725557588e-04  4.216760297693327407e-03  -7.206460323239176563e-04  -1.571510877146345265e-05  8.055130386707718974e-06  -2.294680099687438878e-05  9.755233171349258006e-03  -1.382108658185216780e-03  8.579037456713694068e-05  -1.477598107934917762e-06
-1.428763226425145480e-05  -3.638772560750215163e-06  2.375608791665098033e-03  -9.431472012843509231e-05  3.589631955790403839e-02  1.211756071314760897e-05  3.068798448228288547e-06  8.336974388453789243e-06  -9.794411071797962803e-03  4.096038746681347021e-05  -1.501356688463610038e-03  -7.900934361388521783e-06  9.652736317797685076e-06  -8.118077535018867417e-06  5.957704885684348643e-04  -7.162987759857938289e-04  4.249482667935487040e-03  4.250381680561798447e-06
1.770203958726408950e-03  -1.817853669707969553e-03  1.825458603064361040e-05  -9.007842038187487984e-06  1.208417202945134440e-05  3.254041550766838958e-02  1.661350027125351684e-03  8.542211043415353852e-03  2.317641947972008279e-06  1.855184665170945014e-05  1.513274162186258116e-05  -1.548865662758152142e-03  -8.481633760159361379e-03  -1.644425880554841639e-03  -1.342200820933261206e-05  2.185382543571915122e-05  -2.530423745891631691e-05  -1.357054936380498213e-03
3.593789438117595686e-02  -8.598545882533996159e-04  -1.667838704607332094e-05  -7.944309836537098515e-06  3.004086702433508077e-06  1.661341047660912316e-03  4.355604728485377997e-02  9.622344124346613641e-04  2.475726092556579825e-05  4.842709279652525929e-06  4.785099921829281516e-05  4.234908756167944568e-04  2.132199402258462897e-02  -2.232035159356613244e-03  2.035582842528933383e-06  -2.397843041961195098e-06  5.831399962527979618e-06  5.069933766786633746e-03
7.980752892048741109e-04  2.207801920353526237e-02  1.923165899321668525e-06  2.038155922179390959e-05  8.336462725660850794e-06  8.542116248799714109e-03  9.624197683062792226e-04  5.002426449762072125e-02  -3.381867574774294074e-07  -4.400692203849901687e-06  -2.838888436305378694e-06  2.573663364404574563e-03  -6.259503861536859677e-03  2.134721253597355456e-02  -6.408205252455726280e-07  2.749418540864050908e-06  -3.916044100084011013e-06  2.634288500700333879e-03
-2.549967059721689713e-05  -2.091400842544317755e-07  2.280050047727786092e-02  -5.939864808447388239e-04  -9.794238663796906580e-03  2.350952002096067699e-06  2.497860733245201991e-05  -3.792858291007534714e-07  5.115208475386353454e-02  -1.130891534672666735e-04  -2.626826826222665012e-03  5.255343718028645683e-06  -2.318177632200576405e-06  -6.516237333785284433e-06  1.549463418621207199e-02  -3.748974847578179052e-03  -3.511207781552405822e-03  -1.373173004374443353e-05
-4.185262455835613509e-06  5.872540639955933251e-06  -2.396035312189097517e-04  4.216098247839150832e-03  4.104704203214829195e-05  1.866192823227352549e-05  4.908217742915327581e-06  -4.347730476178827199e-06  -1.132444781923049016e-04  4.107852614027700244e-02  -1.758403472334701099e-04  -3.699112582593806502e-06  -3.685723298990341338e-06  1.603420978378457545e-06  3.510697707365229448e-03  5.590281036900551738e-04  -1.063606520040715278e-03  -2.851449658439521859e-06
-5.469522355883808524e-05  1.184598572683750156e-06  9.515555540431841833e-03  -7.205888815405057197e-04  -1.501466874469801821e-03  1.509252076075947330e-05  4.779479323492319138e-05  -2.757028786109577319e-06  -2.626514079640992518e-03  -1.757218064254089469e-04  3.617179248406583031e-02  1.509557954057872493e-05  -2.879581288454795092e-06  -1.153263583654384968e-05  3.746402261971434368e-03  -1.678725558134693896e-03  5.678679377049548112e-04  -2.779642993269495761e-05
1.285849028385271659e-04  -7.649916035660116014e-03  -3.153639380405225527e-06  -1.579369318936727501e-05  -7.906790332123285139e-06  -1.549212475277552238e-03  4.233808820887414071e-04  2.573472166871616177e-03  5.214167939708629291e-06  -3.651137851707503595e-06  1.509918842159463706e-05  3.554882986126774863e-02  -2.606072433738946745e-03  -5.115518988958412880e-03  -1.100451727877948593e-06  -1.264163899705518856e-06  8.191023257100501297e-07  1.231256358340428094e-03
2.203415291122788611e-02  7.568945158658592874e-04  1.747960134348546699e-06  8.032654196338772151e-06  9.527936974890477637e-06  -8.481384459404163814e-03  2.132213432618314253e-02  -6.259462105802049772e-03  -2.323396274148973928e-06  -3.681130480907669312e-06  -3.000466512983608937e-06  -2.606548477817442061e-03  5.008157619885347800e-02  1.001438719828749886e-03  -1.115544841406788294e-06  3.109429058258534773e-06  -1.054498312409602053e-05  -2.483025591463595364e-03
-9.036434831146712959e-04  3.588486618335584577e-02  -2.185891962888518045e-06  -2.315567662126022193e-05  -8.157944521915851298e-06  -1.644892419445566183e-03  -2.231752140678798946e-03  2.134677790669358560e-02  -6.726560218267143609e-06  1.413837453779629386e-06  -1.158501115129903772e-05  -5.115585941847605733e-03  1.001486817970134117e-03  4.358363173160886145e-02  -9.622406088793784366e-08  3.657696103383798346e-06  3.954309108719955126e-06  -3.514875931987459200e-04
5.124181364129972707e-06  5.016435631420450875e-08  2.273337837907241088e-02  9.755724452311549666e-03  5.963493018253463243e-04  -1.351257790617197323e-05  1.766334609140950946e-06  -7.043196897149952609e-07  1.549459495156463133e-02  3.510611316114939200e-03  3.745860953316739513e-03  -9.558435120930578942e-07  -1.081727566996747500e-06  1.509672796328829118e-07  5.126025587158319907e-02  2.413042377517980210e-03  1.196785127313539445e-04  3.216996140089577805e-06
-8.774129613249364109e-06  -3.891606529460702497e-06  -9.364780216318606756e-03  -1.381874792635074062e-03  -7.162356968732279221e-04  2.173907715917244637e-05  -2.287464260129658369e-06  2.692069928342020252e-06  -3.748887108443624532e-03  5.588843522399900487e-04  -1.678598737725657368e-03  -1.222418531167243825e-06  3.097408163914709027e-06  3.462499888109200235e-06  2.413045456431169716e-03  3.658598507020536378e-02  -2.080937719042909892e-04  -4.993026017801605856e-06
1.138129004026384151e-05  -2.350036082919005092e-06  2.503530876912888345e-04  8.598977411910278346e-05  4.249189555026707324e-03  -2.544907334117103688e-05  6.013765080846750339e-06  -3.918714099314732736e-06  -3.511072172318616905e-03  -1.063560948329762661e-03  5.682471724047986851e-04  7.628719745128067845e-07  -1.051734453964718312e-05  4.066222617348355337e-06  1.196630469794865539e-04  -2.081601110929017905e-04  4.103553682312532924e-02  -7.228469068283097405e-06
7.538862772540654185e-03  -1.911966951356731752e-04  2.934955721039597580e-06  -1.042685662444051373e-06  4.396639979395782753e-06  -1.357482666553355179e-03  5.070182501022862422e-03  2.633839897073607470e-03  -1.347164904609267572e-05  -2.645726002768776438e-06  -2.772117190511412061e-05  1.231370497712262107e-03  -2.482936993794792376e-03  -3.517278714944954135e-04  2.994465049646263308e-06  -5.033593830316461072e-06  -7.513711735731298237e-06  3.564317209866168373e-02
