4.346459749646330861e-02  -5.074042273947367574e-04  -2.229741263722464516e-05  2.887268864390579598e-05  5.665392331691209110e-05  1.902317012270381266e-03  3.609691473388395438e-02  8.241514760850422294e-04  4.392771289442970825e-05  2.014575416321471793e-05  6.672942727437595957e-05  1.788094538621814143e-04  2.233271449562100261e-02  -9.084448043844986845e-04  -8.870235024265797456e-06  -1.306139146553783782e-05  1.604424898189442250e-06  7.711844865617821163e-03
-5.071870192929348519e-04  4.351593569930954641e-02  2.457165198162205075e-05  3.904287944433304801e-05  -2.643149057874290340e-05  -1.844020088475776652e-03  -9.094937205371263168e-04  2.230049110091199618e-02  1.032169096194986225e-05  1.199396646899658908e-05  2.993609322678611622e-05  -7.663679419870637888e-03  8.075436441838843796e-04  3.608161356168335110e-02  -1.706935300189166277e-05  6.142411004832180593e-06  2.853507782370835618e-06  -2.037813409327354861e-04
-2.229129599307963603e-05  2.432548556828545818e-05  4.954152056275835242e-02  -2.577316556752537804e-03  2.535529651873624866e-03  -2.866984367587247661e-05  3.750330155411140353e-05  -6.888245420712762534e-06  2.302772789942012649e-02  -2.342730742252569203e-04  9.556613967665373438e-03  9.357160897472605306e-06  -2.872437612388150602e-06  -2.650767763322066308e-05  2.305370459573214542e-02  -9.616504521300509381e-03  2.603588686234347663e-04  3.231352111681417381e-06
2.887582478783929442e-05  3.890739041735315581e-05  -2.576875761592138051e-03  3.542609804672434970e-02  -6.096451082475439799e-05  -8.184005072892282814e-05  2.836088308214977327e-05  -5.587483402185126682e-06  -6.135244191889362240e-04  4.376420162153193440e-03  -7.127354633404350695e-04  -1.003397569609050454e-05  -2.196595279902592665e-05  -4.294342565773107302e-05  9.926255412563752406e-03  -1.363823157453609297e-03  5.566301648157580078e-05  -1.327177708304547944e-05
5.674802509519005848e-05  -2.649628116937755021e-05  2.535292253927244003e-03  -6.098189759350230977e-05  3.539769991504530117e-02  -4.293280965147551790e-05  -4.064062793171999827e-05  1.095719773824391239e-05  -9.905851000468752013e-03  1.191516118692993660e-05  -1.274866973762071127e-03  -2.691664769139461510e-05  1.726383180160241348e-05  2.163169643924157997e-05  6.483551183753205951e-04  -7.550612859180360053e-04  4.362121954764628523e-03  5.139093419324722881e-05
1.902142308883421123e-03  -1.843735575543919373e-03  -2.873370321601409345e-05  -8.170496208575382625e-05  -4.285643244772736481e-05  3.204156007938162298e-02  1.731641519291782878e-03  8.585198938485862422e-03  -3.670001644726869514e-06  -1.502066116673390236e-05  2.472945882143935150e-05  -1.318821645724464536e-03  -8.645391221069016058e-03  -1.721079788384206367e-03  1.965934408915914237e-05  1.735617796408353783e-05  6.541748326298811783e-06  -1.415974774782923331e-03
3.609690824639021078e-02  -9.094211019600871755e-04  3.752691212809963962e-05  2.839756641940617270e-05  -4.052594494370095988e-05  1.731556728482002783e-03  4.341382563157257513e-02  1.011373326955238364e-03  -3.850085494542059808e-05  -1.206315108460672883e-05  -8.090500397012559148e-05  3.984495770809570693e-04  2.160041272643191401e-02  -2.207681280770702661e-03  7.240813923153866911e-06  -1.527613772801139324e-05  4.551069924817332680e-06  5.246342094854772667e-03
8.243187797031129374e-04  2.230073951754208209e-02  -6.911226960118210612e-06  -5.529783645289780820e-06  1.140403332939115694e-05  8.584945184680708302e-03  1.011229593195534784e-03  4.993075829692991685e-02  -7.978359592302215940e-06  -2.067313740758429705e-05  -1.759468679560649500e-05  2.659486753199814552e-03  -6.335753143721038066e-03  2.157108926436538190e-02  5.744056585284113848e-07  1.653428049825087931e-06  4.732401417454420950e-07  2.645496765147638176e-03
4.385441185410488110e-05  1.052425324611026611e-05  2.302774919680695281e-02  -6.135101322561890185e-04  -9.905411823002504071e-03  -3.428131594806878389e-06  -3.834794054950902158e-05  -7.810408648994512218e-06  5.108281448477340614e-02  -1.678110019605889142e-04  -2.715104869258530909e-03  8.169452688315068930e-06  -2.117351103383739775e-07  1.831032118188078119e-06  1.570619892282370741e-02  -3.840289038049384159e-03  -3.588095928854558286e-03  9.674179552255505793e-06
2.020861018305856061e-05  1.213449114614598814e-05  -2.342068487163549944e-04  4.376506703240212216e-03  1.222575812760892791e-05  -1.506701640937661926e-05  -1.212898454419088066e-05  -2.070511910714515280e-05  -1.679161648360589696e-04  4.093721641283475099e-02  -2.669712451773170498e-04  3.978028518097141648e-05  -2.755588530706497087e-06  5.757221797360238764e-06  3.597171427273679681e-03  5.931726516035701379e-04  -1.089151826960240094e-03  7.961932611062793710e-06
6.665236681727476826e-05  3.000552486865190632e-05  9.556904051639151035e-03  -7.127323928513325116e-04  -1.275191377517289736e-03  2.475652802394288294e-05  -8.071864975614238586e-05  -1.679885445732356793e-05  -2.714559560295820659e-03  -2.665517970555704875e-04  3.590180934843110322e-02  3.687239646465274249e-05  6.270013544142537968e-06  -3.751631338382202621e-06  3.842581843094546295e-03  -1.746919621739755155e-03  6.053698766014827242e-04  9.338862348278744000e-06
1.787964809845769831e-04  -7.663650662612700101e-03  9.189340682834026150e-06  -9.997607152960395925e-06  -2.694365683376866933e-05  -1.318811447440930472e-03  3.984534137628595882e-04  2.658887369611953426e-03  7.942281645737518764e-06  3.977863861636782668e-05  3.704209652809744766e-05  3.519663940405508284e-02  -2.659680721542603214e-03  -5.203439379873249851e-03  3.488260697962935182e-06  -1.242099018085965344e-05  -7.617533529389103526e-06  1.314109272392339307e-03
2.233317421820786922e-02  8.077750896245275772e-04  -2.812883527394339426e-06  -2.235352167890361519e-05  1.710822575142401016e-05  -8.645399391038434064e-03  2.160022782784568052e-02  -6.335789255492204307e-03  -8.855397792837334515e-08  -2.799335047307847988e-06  6.381248124654573158e-06  -2.660013800646717462e-03  4.985755446978431399e-02  1.011171592143612300e-03  -2.254699802518724702e-05  5.353249457016698737e-05  -1.124261313689781082e-05  -2.774874160898762720e-03
-9.084340430889436104e-04  3.608162054982944067e-02  -2.676852121157612173e-05  -4.300419574454301469e-05  2.162465949680898196e-05  -1.720878038600389282e-03  -2.207786848663264006e-03  2.157103415126037510e-02  1.763298327996611858e-06  5.951324215840503541e-06  -3.759145980658137047e-06  -5.203520742132659686e-03  1.011389435681911680e-03  4.346040759452766966e-02  1.538497912446878293e-05  1.236723112638070063e-06  2.723541576822309003e-07  -3.869899433340542806e-04
-8.759764250337157324e-06  -1.695031596368175113e-05  2.305388915186068477e-02  9.926157970828675819e-03  6.482801789605421253e-04  1.932236480810598086e-05  7.133794797186491105e-06  4.495919337487208128e-07  1.570616770129757908e-02  3.597299787469777303e-03  3.842383765864332019e-03  3.610710477965228137e-06  -2.241548601922966805e-05  1.505809496680304275e-05  5.104484743483365949e-02  2.779237284577161255e-03  1.381706392392367257e-04  -5.935128371264611737e-05
-1.301713313985685376e-05  6.155527050115902327e-06  -9.616837669501082653e-03  -1.364231893935445236e-03  -7.550166882137294500e-04  1.730187551799163790e-05  -1.529549578194930982e-05  1.848349160499419494e-06  -3.840473376249563687e-03  5.928536829590564522e-04  -1.746954244826060898e-03  -1.249051620805346771e-05  5.317824885607460705e-05  1.176425271787519517e-06  2.778889539616088891e-03  3.582427308875924671e-02  -2.202975833419837349e-04  1.236341478048276108e-04
1.405431951535807515e-06  2.576156121208165089e-06  2.602601041154905398e-04  5.591586082267943034e-05  4.362119350330904283e-03  6.408618092535778749e-06  4.670368615326739965e-06  4.524070666742772527e-07  -3.587906699183684121e-03  -1.089144199868537092e-03  6.058822702764899608e-04  -7.811243755083714245e-06  -1.119579961419341839e-05  3.931170877333017642e-07  1.382793337553742444e-04  -2.206863072896018258e-04  4.095001538436081334e-02  -1.738675880102954035e-05
7.711841988237520124e-03  -2.041540050170732477e-04  3.613222854188962550e-06  -1.345290960001854036e-05  5.140066807872809034e-05  -1.415856278480030544e-03  5.246257121322599366e-03  2.645322149902238056e-03  9.863960970238712099e-06  8.086872514599143308e-06  9.287416414558848456e-06  1.314102310941070786e-03  -2.774630671890039417e-03  -3.867391001360471169e-04  -5.944603323669844769e-05  1.239429987199770940e-04  -1.765673901623958321e-05  3.503415693879941006e-02
