4.431903890389710110e-02  -4.073378077155936482e-04  1.676863288084710378e-05  -7.792828032762345953e-06  -4.143448103836836903e-05  1.423202646454926196e-03  3.527380832460966231e-02  6.524378010608615931e-04  -1.507128746607983209e-05  1.207740671334436916e-06  -1.499266358600068809e-05  1.523425460089839021e-04  2.136753292604717802e-02  -7.942781074829171391e-04  1.836662809622761290e-06  7.430496321397508691e-07  7.398256423995151868e-06  7.339060952420973366e-03
-4.073303484655327062e-04  4.433509301974013217e-02  -1.452680017220225344e-05  -3.957657081109833454e-05  -2.073403776219213799e-05  -1.482607921453765873e-03  -7.984581220824305816e-04  2.137921547452029808e-02  -2.413726002053671347e-06  5.423000854105938757e-06  -1.929699210831682825e-06  -7.339057624159069440e-03  6.724937648908984765e-04  3.523279649951275433e-02  1.735181956138163382e-05  -1.776982236514643783e-05  8.998097396574091571e-06  -1.049483806096955741e-04
1.699809550126551479e-05  -1.456860589289576819e-05  5.037162493756123377e-02  -1.911077529325386215e-03  1.921306310697211027e-03  2.750876161425876246e-05  -2.286098517412964089e-05  3.563215429851188486e-06  2.203376157588561243e-02  -1.790450202942247334e-04  8.985778852160414970e-03  -1.393691329825441152e-05  -1.944137639399103292e-06  2.357788271261351866e-05  2.202373787751175926e-02  -8.966194983208095048e-03  1.802070225940758524e-04  -2.789649633166936947e-06
-7.735125608344351500e-06  -3.964442951870585541e-05  -1.911014659024692832e-03  3.700908307387092838e-02  -8.229326913662229453e-07  3.449894168381256533e-06  -1.252544357301980104e-05  1.312397878428467015e-05  -4.551134769965179045e-04  3.966153366533583038e-03  -5.865417124888679199e-04  4.916274250229857876e-06  1.423155846817926853e-05  1.741814708228078427e-05  9.208962035753456843e-03  -1.343768828487505122e-03  3.266956292999342675e-05  -1.185821452302895210e-06
-4.157780685870479361e-05  -2.067265234077088701e-05  1.921115114286213454e-03  -8.286145222062462214e-07  3.700948926671807082e-02  -1.948164177641443023e-05  1.971225929411805106e-05  1.789484722607280774e-05  -9.212847811433137399e-03  3.805206830323828326e-05  -1.362317185638148125e-03  -8.021673707871787714e-07  1.875400318880090486e-05  -1.499307503682711427e-05  4.449909219502188934e-04  -5.863431330670320230e-04  3.974397084456455891e-03  4.107454922738194948e-06
1.423282308666467058e-03  -1.482600329618743258e-03  2.764573004299489164e-05  3.573379437241518960e-06  -1.944591682696826144e-05  3.421971521193463428e-02  1.402312721455474098e-03  8.183649091942170328e-03  -1.803624287293414084e-05  2.187551622864672323e-05  -2.057768641907374471e-05  -1.470005654692063072e-03  -8.123216411474218357e-03  -1.422978244686209535e-03  -4.873449034723572386e-06  -6.988165590157814279e-06  -2.320973965825007162e-05  -1.433680310055914647e-03
3.527374207908767767e-02  -7.985353033738834799e-04  -2.279783451014790011e-05  -1.245124516692493885e-05  1.970760707930738312e-05  1.402422153824697945e-03  4.419798886626107731e-02  8.675274509195011639e-04  1.807301032330422446e-05  -3.326747900333874513e-06  2.292945944347654663e-05  3.420104584494018814e-04  2.064415830919789224e-02  -2.319003335413435344e-03  -1.115138877271954348e-06  1.107517081270875637e-05  8.446935013655234434e-06  4.683607398213454620e-03
6.522557570017181684e-04  2.137926648874175981e-02  3.492192143885669697e-06  1.265991876487169304e-05  1.808197801527805575e-05  8.183283810302069763e-03  8.677358727086330195e-04  5.052821463734212537e-02  -1.672066275175809527e-05  -2.819924074132558720e-06  -4.240547646218678721e-05  1.980252660165820935e-03  -6.010223680605840217e-03  2.065103808026736570e-02  1.182949405082241500e-06  -7.037717200165379058e-06  -1.577002620692022398e-06  2.596446366098567344e-03
-1.489695658001717898e-05  -2.489252365077004118e-06  2.203379735541809853e-02  -4.552078739622368976e-04  -9.212766062092682395e-03  -1.818639435341442041e-05  1.784528667014212216e-05  -1.668436667942580412e-05  5.154624500181449742e-02  -9.703499685600508364e-05  -2.046985518694383749e-03  4.614211178654070358e-05  -9.689638190414401329e-07  1.552525501968612276e-06  1.497542194219894478e-02  -3.498079692545684287e-03  -3.320056619788046889e-03  -6.420585810598388937e-06
1.040200342490338883e-06  5.133061307789445258e-06  -1.791111387294264925e-04  3.965912653199207653e-03  3.818159052525419702e-05  2.187317161363621694e-05  -3.280458864189620650e-06  -2.808666709859469234e-06  -9.711452827351884786e-05  4.125542209700682611e-02  -1.578754617553660962e-04  -3.366290131171399818e-06  -1.765530077044324198e-06  6.222301703720601053e-06  3.316272494294165377e-03  5.061647787426009227e-04  -1.012492666619060986e-03  1.766223655582061526e-07
-1.484079958996481325e-05  -1.868339861792577661e-06  8.985985242455685890e-03  -5.864436243929359782e-04  -1.362413405474636541e-03  -2.062767799475619744e-05  2.296954231216947543e-05  -4.214044827353764723e-05  -2.046681650167499981e-03  -1.578175490836875993e-04  3.730185484810611546e-02  9.557830774593172333e-05  -2.526344170752568221e-06  1.735346880995023607e-05  3.500970073751194338e-03  -1.471333270112776563e-03  5.069340997137713198e-04  9.894456313144604683e-08
1.524141564542600509e-04  -7.338914560646242306e-03  -1.403475327795884690e-05  4.984878798378743027e-06  -8.071476928130949478e-07  -1.470008442040849315e-03  3.420285997499850528e-04  1.979650775850907291e-03  4.607731239608374592e-05  -3.321926481320288715e-06  9.567839796143396292e-05  3.681796792036045457e-02  -2.591833401571511271e-03  -4.668891619920084550e-03  -6.259976806757747340e-06  1.014455472873444568e-05  7.448979958315702409e-08  9.893757941534222968e-04
2.136750474246813108e-02  6.723519866170963579e-04  -1.935421915262278366e-06  1.433232708200326930e-05  1.858407859292341576e-05  -8.123054747905989956e-03  2.064429408613157810e-02  -6.010256060235474006e-03  -9.688193462062347605e-07  -1.802366632824865007e-06  -2.342984472711737489e-06  -2.591776958150901564e-03  5.052899814368533304e-02  8.580427133596390957e-04  1.035941927538713134e-05  -2.713970730963812805e-05  -9.075156248323245194e-06  -2.005348752626338969e-03
-7.942753226686081894e-04  3.523273457329564179e-02  2.346492642504768291e-05  1.739454193261081338e-05  -1.498369315650787455e-05  -1.423124933391444217e-03  -2.319047640028572537e-03  2.065118272822959525e-02  1.580003717364630899e-06  6.038311935776378595e-06  1.742741085069412780e-05  -4.668939279876715108e-03  8.578724593255258315e-04  4.422096733425817661e-02  -1.695980307212738099e-05  2.310127516218728715e-05  -1.080007266264745789e-05  -3.860454285557257995e-04
1.980290444674215755e-06  1.691905526115136622e-05  2.202371242789104983e-02  9.208681905973402013e-03  4.452676592649567580e-04  -4.991171788256049913e-06  -1.312428700297721337e-06  1.189406226923026760e-06  1.497533769763930225e-02  3.316236101246258523e-03  3.500643517447695700e-03  -6.168360486296282929e-06  1.035194783017936347e-05  -1.666023667214826571e-05  5.156234084438413717e-02  2.021060427861977489e-03  9.836188922353584455e-05  2.683323532812927274e-05
7.546843252021820505e-07  -1.765666844463474548e-05  -8.966293453629044230e-03  -1.343873498635759405e-03  -5.863542295855461890e-04  -6.924207555677607836e-06  1.106154495148962739e-05  -7.341544406771740475e-06  -3.498091767029779149e-03  5.060255595734534451e-04  -1.471243633535463139e-03  1.013655298508634706e-05  -2.713791258451736491e-05  2.307844976491177133e-05  2.020722351599972197e-03  3.734740600624629481e-02  -1.571625779976574373e-04  -5.032037701304898703e-05
7.116390553257682769e-06  9.358193869588191671e-06  1.803475139605156938e-04  3.290623067947722868e-05  3.973892637857771512e-03  -2.314112097891809721e-05  8.732108094103136994e-06  -1.485545764638345202e-06  -3.320009006513876312e-03  -1.012483559394118052e-03  5.073025012417789340e-04  -5.968418954142194215e-07  -8.959818172935482268e-06  -1.115662047695011960e-05  9.837656677490772212e-05  -1.571731685800014202e-04  4.124452195418633338e-02  -8.594582054176232156e-06
7.338854212084467733e-03  -1.051799041698412562e-04  -2.980013528234095978e-06  -1.237914231594388107e-06  4.005541074105839034e-06  -1.433599517733359684e-03  4.683606731596475121e-03  2.596758164843190105e-03  -6.548009244805261410e-06  -4.567444587226752995e-09  2.022147051654246907e-07  9.893180053806033963e-04  -2.005086716855129618e-03  -3.860392407076324505e-04  2.679217372969157931e-05  -5.041873965072360099e-05  -9.095812752929078996e-06  3.673467028159305148e-02
