4.322621436810984707e-02  -5.741273984182036078e-04  -3.749995617209415358e-05  -5.479397916469679497e-05  8.562136563376031458e-05  1.977221466570186059e-03  3.631401966021067379e-02  9.257790109942737973e-04  6.905268798916764914e-09  2.119889907084452978e-05  -1.726361734282837429e-05  1.172612366306412842e-04  2.263913301332696679e-02  -9.785733284715151213e-04  -1.289613610787816382e-05  2.589827398991271639e-05  -3.284375759251848413e-06  7.838153144396318300e-03
-5.741807624270241651e-04  4.320519826750240933e-02  6.031678592022743309e-06  2.081068415698118877e-05  2.196742594037879442e-05  -2.079750121353788565e-03  -9.358553439938556212e-04  2.262576967396518271e-02  1.637219253024632855e-05  4.049678282466296199e-05  1.398411918994606689e-05  -7.791643845562472477e-03  8.959150098254583215e-04  3.628555118310102662e-02  -1.192693008064700946e-05  -3.977769293666198771e-06  7.406191761660325282e-06  -1.749710820417480449e-04
-3.739459980398898936e-05  5.983571390090946309e-06  4.927435283887548340e-02  -2.692275001029798259e-03  2.791974849857409725e-03  2.096016898287030857e-05  1.686314714090330374e-05  1.140266365089958728e-05  2.335431152122223117e-02  -2.889833947050112232e-04  9.752071257466474533e-03  -1.221629298457344067e-05  4.670178495557665536e-06  -2.633626874972666595e-05  2.335760519695938980e-02  -9.825086754928453320e-03  2.919902587950590060e-04  -1.589886841796425430e-05
-5.477142734822209132e-05  2.085526000131454833e-05  -2.692279342852076270e-03  3.500510045246770646e-02  -9.895709343563254380e-05  5.785252290425094000e-05  6.027607679002342163e-06  5.961606131245860931e-05  -7.078981260534850236e-04  4.536755350054866125e-03  -8.373291495623593969e-04  -7.717239918499449328e-05  2.113409783485923043e-05  -6.800285400612454277e-05  1.011563403683786617e-02  -1.362207749738866304e-03  5.031292422442334078e-05  -2.867136440227225659e-05
8.555708230439791032e-05  2.197766314351940601e-05  2.792040121761348373e-03  -9.893206676447454458e-05  3.477670958849914812e-02  -1.160328383639116718e-05  -5.289043214488978851e-05  -2.235325421852116378e-05  -1.017162519568107736e-02  3.230479309876006767e-05  -1.322370363521541657e-03  2.790529068964163326e-05  -9.583019340360621571e-06  2.398694684403739644e-05  7.256879576903775553e-04  -8.184006808043018744e-04  4.490903902333844878e-03  1.582090292099359592e-05
1.977333610669003167e-03  -2.079771178793269476e-03  2.104376048406987029e-05  5.783967528357832928e-05  -1.181516836440204841e-05  3.121488693696810104e-02  1.838416724239729872e-03  8.808915408861632546e-03  4.195611788907412267e-05  6.832319936864647276e-05  5.022988191080554252e-05  -1.358698218299758242e-03  -8.732007399384901850e-03  -1.871247784823231505e-03  -2.929713031341378787e-05  1.149295356209009446e-06  4.833309760765616263e-05  -1.384158247457198745e-03
3.631414335026656587e-02  -9.357786657305851991e-04  1.686592905746793277e-05  5.854309451865362407e-06  -5.268578274413267471e-05  1.838872304018011146e-03  4.318285277106890391e-02  1.011427525675770564e-03  -8.330415051890927431e-06  -2.062583489064417458e-05  5.996597727820767530e-06  5.120718347326754611e-04  2.189343433773578360e-02  -2.148382455322056430e-03  1.100329894600829621e-05  -8.044430493309248319e-07  -8.567220720626291601e-06  5.444217504638250785e-03
9.256669298510192181e-04  2.262596736840649311e-02  1.144452658108150833e-05  5.965503006205911501e-05  -2.240765845237786165e-05  8.808522996791036050e-03  1.011528027991894646e-03  4.967596032616029833e-02  -2.442975865909431917e-06  -5.418866275014957062e-05  -3.954201961397280473e-06  2.942428989521817754e-03  -6.452786342199309973e-03  2.188905228866042454e-02  8.576307896077654501e-06  -9.063066166013834563e-06  7.606769776193488804e-06  2.651699819010004764e-03
5.855254365451172552e-07  1.646145294927252455e-05  2.335435096937747007e-02  -7.080930189984684054e-04  -1.017180686823452793e-02  4.238621542525223239e-05  -8.780656405402274364e-06  -2.445081735186639496e-06  5.092895930432890517e-02  -1.219140274888083067e-04  -2.904079721292784997e-03  -4.839252733909915766e-06  5.454194613986391952e-07  1.717215647084381799e-06  1.592614063413920131e-02  -3.955493398460986458e-03  -3.686385410743307778e-03  -2.828208761360219922e-07
2.138563707871203950e-05  4.045115726870593452e-05  -2.888224752994512120e-04  4.536732277401723905e-03  3.207763963504080669e-05  6.853019404845676964e-05  -2.075695021920459616e-05  -5.417354451919835143e-05  -1.218516800757229866e-04  4.080625110775771419e-02  -1.614630909805696583e-04  7.851111267703024380e-05  -9.338311469025355099e-06  2.280654627090165346e-05  3.683547742513298799e-03  6.217010829697035930e-04  -1.116751579662649723e-03  -1.623079783256499582e-06
-1.703671088688383460e-05  1.406572743293195843e-05  9.752039689359639357e-03  -8.372919063554962876e-04  -1.322402982709511721e-03  5.021300296770398564e-05  5.893581985912396757e-06  -4.136499035971535894e-06  -2.903961434271923586e-03  -1.615975615108003992e-04  3.556081000048042645e-02  -1.394606695100409397e-05  -3.915251182254903305e-06  4.030741640698230931e-06  3.942108173215390539e-03  -1.867259999700098113e-03  6.140666558386991295e-04  -1.572489802570422100e-06
1.172271338929071588e-04  -7.791749931758215446e-03  -1.251611536759079262e-05  -7.728766499258696375e-05  2.797724708146708233e-05  -1.358737262926476867e-03  5.120988371224030828e-04  2.942188917551502754e-03  -4.466104728337999710e-06  7.855132648846304235e-05  -1.385388889892445917e-05  3.460912483419120028e-02  -2.671887405906715317e-03  -5.390457837992541218e-03  -4.081942809507086869e-06  -1.482727927551713288e-05  -1.285153162861249341e-05  1.417108952843198480e-03
2.263928049156255576e-02  8.957049693007262600e-04  4.770226311361426337e-06  2.105451769471536908e-05  -9.996089334168957189e-06  -8.731489841157017567e-03  2.189348716158143540e-02  -6.452799324550250772e-03  5.011904308842670082e-07  -9.381472254841976400e-06  -3.761359113809516076e-06  -2.672294014732766194e-03  4.961706009538372625e-02  1.056569274230844237e-03  9.573873876217510898e-06  -2.680897688972700395e-05  9.063862578638527252e-07  -3.074240462707769454e-03
-9.785111014504925889e-04  3.628543661739034448e-02  -2.638188055054678830e-05  -6.777436151043751689e-05  2.404879754852908138e-05  -1.871669606219037709e-03  -2.148439250409537975e-03  2.188898041145152795e-02  1.665015313636036095e-06  2.268076352107313779e-05  4.071564053180129235e-06  -5.390246496999192248e-03  1.056406817453989450e-03  4.321238298776236553e-02  -2.669684730109700845e-06  1.493669344007915056e-05  -3.967426056459349340e-06  -4.452073637749833163e-04
-1.297530434182113032e-05  -1.220165368873680445e-05  2.335763338579575216e-02  1.011547552650482809e-02  7.256639937829725611e-04  -2.940017868730103258e-05  1.091718170803065877e-05  8.576129046953204769e-06  1.592609333822530421e-02  3.683564460996043271e-03  3.942224286830923845e-03  -3.890994052935281622e-06  9.632412437948424907e-06  -2.496554129121929858e-06  5.086510629253117310e-02  3.057356924506442111e-03  1.454627480880709117e-04  1.799347064245285154e-05
2.604947104166900916e-05  -3.741889105383056132e-06  -9.825064815842349947e-03  -1.362139113912195923e-03  -8.183905812893134532e-04  1.068477075716250187e-06  -8.138746228082901952e-07  -9.211118993975311392e-06  -3.955529520203437781e-03  6.216862453091183795e-04  -1.867231654381107690e-03  -1.499245510394635636e-05  -2.666405405292429081e-05  1.502924409638210917e-05  3.057111016617430899e-03  3.527732467879121647e-02  -2.206570492603965143e-04  -3.063160691289539982e-05
-3.738899504784899907e-06  7.253691419573414204e-06  2.918912664806384599e-04  5.014333200454864725e-05  4.490850259380506013e-03  4.899528649291158924e-05  -8.345776576678507635e-06  7.605956388091279958e-06  -3.686344151471815812e-03  -1.116840154478741234e-03  6.141275098158235739e-04  -1.270146522432884902e-05  7.074128600672574383e-07  -3.835794912673327608e-06  1.455194971102252309e-04  -2.206153070866003580e-04  4.083521280324540342e-02  -2.387401336617124976e-05
7.838656645815676380e-03  -1.745651027448399321e-04  -1.565109261876099141e-05  -2.829282882701208805e-05  1.591035730177309731e-05  -1.384545881558245286e-03  5.444410272006551185e-03  2.650960113611816518e-03  -6.064114539468385930e-09  -1.605239166141488263e-06  -1.799324286723056206e-06  1.416795470811110140e-03  -3.073842147693817053e-03  -4.454165885113183648e-04  1.756396858467399456e-05  -3.055560228384277498e-05  -2.302396680212657614e-05  3.437886780155450378e-02
