4.548576744656400439e-02  -2.754236277896771859e-04  -7.506340490036183287e-06  4.622031489500399270e-06  1.586482113473517455e-05  9.949494003863455695e-04  3.402072725974573247e-02  4.741116530607937442e-04  8.282158465295752227e-06  -9.860855481065095834e-07  1.002592341487076557e-05  1.198928977667974231e-04  2.024810680632149404e-02  -6.394572500902401431e-04  1.011846182629801625e-06  -6.123763308521715564e-06  -4.280208738478696698e-06  6.887777379667510413e-03
-2.752695959800489185e-04  4.543360800198556482e-02  -5.819538313098287479e-06  -1.554933749174937014e-05  -6.119177991469374940e-06  -1.054168175475250074e-03  -6.355536017701188343e-04  2.026447100539436469e-02  3.992689707193090845e-07  2.491037765918777951e-06  -6.477684143851753687e-07  -6.898086752253218372e-03  4.778806264465199549e-04  3.403855537869669712e-02  9.400816619151879035e-06  -1.084102105218446236e-05  8.347206274434211101e-06  -1.145841519689430984e-04
-7.324361107505420504e-06  -5.649258809011337785e-06  5.121449504542328196e-02  -1.230579412140169956e-03  1.288198884089046493e-03  -3.952837428317181134e-06  3.714105223178784236e-06  6.811263307395745756e-07  2.084504229554945756e-02  -1.197449761344483883e-04  8.254769539290326280e-03  6.867541569366529174e-06  2.110218058220757329e-06  2.407491036320891146e-06  2.082022550344803102e-02  -8.235072155449290124e-03  1.240686560200172993e-04  -2.577842146187212396e-06
4.635146713385103779e-06  -1.578268396592618549e-05  -1.230867175022477920e-03  3.863801830716027258e-02  -1.322973146064983174e-05  6.299007684206525782e-06  -1.135013378929998480e-05  5.625945675233929731e-06  -2.752821670739966846e-04  3.544370043394124044e-03  -3.884542981752111298e-04  -2.821407754122573465e-06  -1.366266060651807595e-06  9.876027878404256306e-06  8.361806918620181064e-03  -1.294148857012112708e-03  4.414318415806671973e-05  -1.608343117114454927e-05
1.578149809282329726e-05  -6.248503600439349119e-06  1.287703649267852007e-03  -1.312038525180026207e-05  3.851081712034611776e-02  1.109142115769999883e-05  -9.857299692182092381e-06  -7.589336595095836900e-06  -8.388684710535611669e-03  4.066908039411540294e-05  -1.305516774293548603e-03  1.381854744728360884e-06  -9.179039897796478534e-06  2.007269063238950387e-05  2.842081428745057243e-04  -3.920563392817221849e-04  3.549626194952038190e-03  -6.472193385726537943e-06
9.950007670697473550e-04  -1.053839466520141736e-03  -3.376719504491643147e-06  6.261025952113443945e-06  1.100409419396578678e-05  3.638102946445050806e-02  1.073261228163881068e-03  7.584950634515217303e-03  4.827692900998630283e-06  3.972849018670476593e-06  2.208274959270587325e-07  -1.423359329768099021e-03  -7.524200216906997557e-03  -1.092785126971867245e-03  2.737420916637843653e-06  -1.346964858902168715e-05  2.756326471631434021e-06  -1.359364572420802440e-03
3.402063120838116211e-02  -6.357167611020249744e-04  3.771346302644111207e-06  -1.120880806832332453e-05  -9.828714834110478338e-06  1.073295866309778189e-03  4.527661428949310285e-02  7.477212546410824364e-04  -9.886966122188145590e-06  7.295859839779805851e-07  -1.404192235204815377e-05  2.814942588360779224e-04  1.956754512833422041e-02  -2.562106842900156983e-03  1.036817532685013157e-06  7.685101586366631379e-06  5.742560916632017207e-08  3.992061019276248006e-03
4.736912299427327574e-04  2.026409749683728487e-02  7.978293367047575822e-07  5.596815169496200163e-06  -7.849840165804097385e-06  7.585180725353765294e-03  7.480410045311399652e-04  5.116553004429497120e-02  3.088279873192237813e-06  -4.336946613888263477e-06  1.062524734846034182e-05  1.254096099601515520e-03  -5.668935732388669622e-03  1.958436972635214240e-02  1.841361141771411145e-06  -4.942355935916227312e-06  5.421555801182368918e-07  2.511480195925268593e-03
8.265137289366176497e-06  4.827331703664101411e-07  2.084505371856920641e-02  -2.752800642626347443e-04  -8.388390636251068233e-03  4.926041589768962685e-06  -9.807708138109111194e-06  3.109989397877666582e-06  5.201961913033850693e-02  -5.836600071551863747e-05  -1.361363809767256053e-03  -9.896202162925681877e-06  1.012274435840651340e-06  3.786601531600621779e-07  1.415861904657789161e-02  -3.140272044725710924e-03  -3.020742628976701757e-03  3.537942900812301016e-06
-1.015723285544871464e-06  2.494018770670340048e-06  -1.199822531573883401e-04  3.544388811991504296e-03  4.055297446125109183e-05  3.957243718017728795e-06  6.757155808587034985e-07  -4.241432342977353587e-06  -5.839217952144665094e-05  4.150026784747391784e-02  -1.034910011107011466e-04  8.478085469475068485e-06  -7.988187253399917552e-07  1.294631450667552607e-06  3.017642762708338394e-03  4.206918098031540054e-04  -9.136710225087049837e-04  -1.075556092367222335e-06
1.000534864902940594e-05  -6.422917646623642627e-07  8.254901528775707500e-03  -3.885411919057707398e-04  -1.305517717363353144e-03  2.416837953623635863e-07  -1.403278113853796133e-05  1.043945242299788544e-05  -1.361134480063818297e-03  -1.034796361426639123e-04  3.871090093976867902e-02  -1.974407354256153577e-05  4.126055827825157619e-06  -7.728909055880734847e-06  3.139285119020443146e-03  -1.221288320053154396e-03  4.194617135826598543e-04  5.221757686194298933e-06
1.198079677766892312e-04  -6.897527464528885495e-03  7.056732718805653713e-06  -2.801978450040278101e-06  1.347247763479110775e-06  -1.423596337172902725e-03  2.816366044751283568e-04  1.254024273575287058e-03  -9.651310601626115796e-06  8.525299441578548402e-06  -1.978304084507490141e-05  3.845268366438816393e-02  -2.508777326062390425e-03  -4.013439871337678815e-03  -3.458110968768809406e-06  4.588287817525161204e-06  -1.752554835352935464e-06  6.966467158320974662e-04
2.024809387784098913e-02  4.780456719166076068e-04  2.125480455695650538e-06  -1.419709962704657369e-06  -9.116792141116770139e-06  -7.524168931094036422e-03  1.956757634750423344e-02  -5.668945192415196510e-03  1.008446114302548038e-06  -9.212426828352487045e-07  4.602682989768922125e-06  -2.508458298486854893e-03  5.118589072506780913e-02  7.535721970601706862e-04  -2.245414396997047828e-06  6.303394052519552745e-06  6.793275791037779991e-06  -1.232379221964204205e-03
-6.394990074462894320e-04  3.403845112438498577e-02  2.680981139075361493e-06  9.847929976631668552e-06  2.003456402559177687e-05  -1.092377365906542106e-03  -2.562383645282305562e-03  1.958403080311841432e-02  3.112454623617828468e-07  1.369652881503725896e-06  -7.652313487350108251e-06  -4.012857648620893856e-03  7.535679134485297236e-04  4.523934649520847118e-02  -1.264934899938554709e-05  1.819407620100751188e-05  -7.412833735645223611e-06  -2.797281164069440637e-04
1.218832750587986011e-06  9.417540053275872241e-06  2.082009884076974418e-02  8.361789829112243819e-03  2.844562832766489254e-04  2.756383186994274570e-06  1.016976391497436168e-06  1.848574453109955619e-06  1.415860122205904979e-02  3.017696683317150092e-03  3.138996458154594358e-03  -3.739960315508580092e-06  -2.234920208436149140e-06  -1.248677148021910997e-05  5.203928211718401864e-02  1.332410223568134943e-03  5.807258779706778293e-05  -7.554368251708693160e-06
-6.267390508023786588e-06  -1.074192139484879807e-05  -8.235105090060250432e-03  -1.294051472258768605e-03  -3.920183527462258919e-04  -1.348855297982459305e-05  7.805641256347205592e-06  -4.822893421463430127e-06  -3.140318189836278657e-03  4.205391005946387318e-04  -1.221270332455450533e-03  4.575080138107288780e-06  6.502780198625727143e-06  1.791996766871944817e-05  1.332469275771198816e-03  3.876070570762648465e-02  -1.041290496286661858e-04  2.817750264952988324e-05
-4.229548907987970307e-06  8.669578029973913185e-06  1.238196410206500551e-04  4.400778472395735098e-05  3.549349086103071975e-03  2.707871226643232970e-06  2.251445154655044887e-07  5.136243944548171142e-07  -3.020735328617146168e-03  -9.137222573425679952e-04  4.196803585438942477e-04  -1.916659281927797748e-06  6.489818747620729913e-06  -7.631298428030412623e-06  5.808562174030342380e-05  -1.041003386374593514e-04  4.149028610078775436e-02  1.701823630910842897e-05
6.887675572161910953e-03  -1.150987110502637141e-04  -2.808442797195110865e-06  -1.611250778224579706e-05  -6.494386443165905037e-06  -1.359438266566529840e-03  3.992194737817622227e-03  2.512001300886620124e-03  3.308777831799982947e-06  -1.088961871316363566e-06  5.201808389402231962e-06  6.966788371195897387e-04  -1.232533517344667606e-03  -2.791901637000953240e-04  -7.759076966961688649e-06  2.816325133357123198e-05  1.673644038904781696e-05  3.847153445371918196e-02
