4.522380115281309648e-02  -2.988786751533336651e-04  -1.973737596726209473e-05  -7.866229386321263337e-06  3.881557238038364327e-05  1.137564416614556418e-03  3.428598844573806786e-02  5.296274457905819286e-04  1.428227312551648624e-05  3.597441400328595739e-06  1.747539875843121045e-05  6.191094906510956374e-05  2.049999030237645986e-02  -6.827641998608558220e-04  -1.525670262509857692e-06  -1.217690596250127756e-06  -6.607685521638400853e-06  7.002957082367573458e-03
-2.989252611225624986e-04  4.521235535923504023e-02  3.693665457230068811e-06  3.919420541159023644e-06  3.421222210539100527e-07  -1.131284957219643589e-03  -6.571314479283544901e-04  2.048403690374247035e-02  2.552076582835245698e-06  -1.448427605778290772e-06  3.378886466233701249e-06  -6.991933466159592353e-03  4.943776822474039165e-04  3.431579205390819509e-02  -1.034633493260730359e-06  5.464938485540970855e-06  -1.610647424974806133e-06  -1.212359770847265100e-04
-1.988909657446608108e-05  3.943299792134844356e-06  5.103650051716498992e-02  -1.423932572191265004e-03  1.401888922618553177e-03  1.431320289272338936e-05  1.600014765647324959e-05  4.579035401411680564e-06  2.108207486328118191e-02  -1.310982462347860984e-04  8.390666257116896967e-03  -1.064676719149348263e-05  1.159824015959010569e-06  -7.139393181017393324e-06  2.109440123767766448e-02  -8.407175925010348938e-03  1.271401509367767007e-04  -4.928080320544323764e-06
-7.843080689561680321e-06  3.930752458779129531e-06  -1.423753729825732442e-03  3.822514329371876768e-02  2.365688058992029984e-05  2.115481572957710141e-05  -3.121877003108793158e-06  3.159767160143847051e-06  -3.116339810582247462e-04  3.637010957677926960e-03  -4.346875907703697515e-04  -3.930916324339842592e-06  1.202973917956147371e-05  -4.994449331322765611e-06  8.570981412725048668e-03  -1.347902977041665886e-03  4.133812820483122823e-05  1.280876469167759587e-05
3.900785608158349212e-05  2.522848518059534385e-07  1.401911599899381081e-03  2.367343951713663265e-05  3.825069499244476701e-02  -2.908809098696488353e-05  -2.287820452578930339e-05  -1.933169413500753894e-07  -8.552578166958209327e-03  3.497592193707251137e-05  -1.307235613771849658e-03  1.007820282674761902e-06  -4.957974512534640931e-06  6.345796408002155036e-07  3.086611655238247405e-04  -4.219824882974378025e-04  3.630207119332326884e-03  2.133852800728983136e-06
1.137531320419769496e-03  -1.131205790425166002e-03  1.432667193543831491e-05  2.120438464693108255e-05  -2.891658772019028317e-05  3.594226209380543824e-02  1.148389216935067226e-03  7.666002986871040502e-03  -9.139261506209339552e-07  -5.652012145385299787e-06  -1.878831872716529851e-06  -1.402647101516351236e-03  -7.708971425586470805e-03  -1.102909927078012456e-03  -8.753330582831527889e-06  1.763877757157478518e-05  1.485706802370638838e-05  -1.431465841368946557e-03
3.428591853320515220e-02  -6.571291775519445041e-04  1.595604892534665132e-05  -3.116289169719557153e-06  -2.260357015618180254e-05  1.148075895576839388e-03  4.503865336505574052e-02  7.653273837161549869e-04  -1.747402641986258714e-05  -4.437739158112027567e-06  -2.496997233714497448e-05  3.480415199402929656e-04  1.980671925420923393e-02  -2.524080002398511671e-03  1.889216933009276881e-06  6.086106731583583692e-06  -2.512318201243453706e-06  4.133077510468539592e-03
5.297372553619057343e-04  2.048402990643475446e-02  4.560347995475108319e-06  3.232206052295406640e-06  -1.225377484415240178e-07  7.665907006613076856e-03  7.652851732392671044e-04  5.104612130667807168e-02  -7.576979106269793397e-06  -2.719552946184784859e-06  -1.735894321752351751e-05  1.392597917254159105e-03  -5.739598399810657073e-03  1.981127965678504063e-02  -3.749765543194025521e-07  -1.642379771604806442e-06  1.248937730434439688e-06  2.534512171362379197e-03
1.411964140237813788e-05  2.660179282476601700e-06  2.108193805576143165e-02  -3.118337986299219810e-04  -8.552333492431630699e-03  -9.101415026394011024e-07  -1.733581744315426922e-05  -7.563585972868111607e-06  5.193984809196112301e-02  -6.392153515231842841e-05  -1.473026202944025410e-03  1.748704912542791494e-05  2.979586529280323830e-06  4.775764542544464728e-06  1.433276978796449962e-02  -3.217523000759372077e-03  -3.080899131166157153e-03  8.483808717488628058e-06
3.708784239633689984e-06  -1.236710154731115156e-06  -1.311178107800063772e-04  3.636773030559483592e-03  3.483272037738764627e-05  -5.781432464108040171e-06  -4.592330473001988791e-06  -2.738812627795348795e-06  -6.387777632413179523e-05  4.144826725229866504e-02  -1.103235601767751451e-04  1.049019544745007864e-05  1.488359732874897421e-06  2.372150106965108477e-06  3.083873389278662686e-03  4.325064893266378934e-04  -9.351702791467249743e-04  2.899124627790588351e-06
1.725128837952944535e-05  3.322722646891880119e-06  8.390588206921067993e-03  -4.347076313568945505e-04  -1.307088705228517164e-03  -1.945526393159841228e-06  -2.476364730334887818e-05  -1.737225928807046489e-05  -1.472885357480278835e-03  -1.104482377068595640e-04  3.847532701158953156e-02  3.953042966586103917e-05  2.092245721469554620e-06  1.114894189667824261e-05  3.211982733212298546e-03  -1.266382503437415812e-03  4.371730935296071923e-04  6.580271183505051538e-06
6.179783777151561745e-05  -6.991905617830282242e-03  -1.058066809468575519e-05  -3.966398256218236630e-06  9.463716334384882750e-07  -1.402495341600234558e-03  3.481851145050235603e-04  1.392476801840865537e-03  1.755643479124679814e-05  1.032364704532991935e-05  3.967337310477801434e-05  3.813007822603847047e-02  -2.529045442286533517e-03  -4.148802270174716846e-03  1.643813949755217043e-06  -6.810221387560740265e-06  -2.536457236367006322e-06  7.470071693883442243e-04
2.049999474538925781e-02  4.942109294713315252e-04  1.111184401758503715e-06  1.221898997005282697e-05  -5.016379234596621849e-06  -7.709017339707093484e-03  1.980684420797984915e-02  -5.739568523704480403e-03  2.968318765810486242e-06  1.431332265323203424e-06  2.065683585096730779e-06  -2.528818872888699207e-03  5.104163669874749176e-02  7.928243358937599877e-04  1.019310002280550647e-06  -1.146820200433316836e-05  6.742203284680459746e-06  -1.393358462017945526e-03
-6.827869748470085688e-04  3.431565246118585544e-02  -6.765983345102990880e-06  -4.956608580004752175e-06  6.351036500613391298e-07  -1.102940521106161430e-03  -2.524040898815351538e-03  1.981121064318079258e-02  4.956037538738194372e-06  2.634954438764064666e-06  1.128968243974570835e-05  -4.148709153691282348e-03  7.926220106534333102e-04  4.501861714789546359e-02  -6.268037560292417419e-07  7.429141643647593238e-10  2.720901720075518451e-06  -2.974605295068342005e-04
-1.445622423678065437e-06  -8.332086883352463097e-07  2.109430875174658077e-02  8.570591249127464117e-03  3.088498298341840450e-04  -8.870536048607090038e-06  2.054575363738065420e-06  -3.391746574643166126e-07  1.433277815710539034e-02  3.083867367773467615e-03  3.211826425725585517e-03  1.417006929583875889e-06  1.021729825451296168e-06  -6.530196133716151975e-07  5.193342325268811288e-02  1.475930905974881351e-03  7.391820120278039491e-05  5.556269814831220156e-06
-1.282121445835237957e-06  5.234675456420909254e-06  -8.407407798291830631e-03  -1.347789071223486805e-03  -4.219642072402825933e-04  1.757614090435910924e-05  6.036478390497172231e-06  -1.642630497576666107e-06  -3.217723663154169189e-03  4.323257808337458113e-04  -1.266413597427198728e-03  -6.784818465237821645e-06  -1.132571223797249554e-05  1.359478097494681614e-07  1.475663563870716500e-03  3.849807541609227834e-02  -1.344285753882734256e-04  -2.163663469431015757e-05
-6.420029414981138295e-06  -1.520630434648396486e-06  1.272019434062902801e-04  4.136577861468680495e-05  3.630022806145315108e-03  1.485120642295039384e-05  -2.620259143261188804e-06  1.265345472067283398e-06  -3.080885091683127023e-03  -9.351710153047478611e-04  4.373366781097354932e-04  -2.846142572209879524e-06  6.757798073052428812e-06  2.755004696927240589e-06  7.389260075835636795e-05  -1.344896744195666401e-04  4.145221855117896953e-02  9.924608986013010436e-06
7.002820361981549648e-03  -1.212644379599041924e-04  -5.022657690995391446e-06  1.293228682290417346e-05  2.151511931035475689e-06  -1.431354146666045110e-03  4.133170611165748465e-03  2.534826768125933959e-03  8.437133780374894460e-06  3.045102797457896434e-06  6.540572552868135147e-06  7.470270568415931069e-04  -1.393245505129068335e-03  -2.974469751942217461e-04  5.301723162866851346e-06  -2.172542026162270907e-05  9.802590713036843866e-06  3.812879498995231514e-02
