4.363634162075548384e-02  -4.954476076853230569e-04  2.444222607902273500e-05  -5.300722407093329892e-06  -5.006693913006537175e-05  1.808798523417261273e-03  3.595563527105417878e-02  7.914492880402848249e-04  -2.556282233499150393e-05  7.703453945411359996e-06  -4.898491373485350437e-05  1.488280639425599249e-04  2.217697676545259816e-02  -8.851045844751790313e-04  3.326012027597151144e-06  -1.576446832521463792e-05  2.882173827569196127e-05  7.662969277483384738e-03
-4.955070852210415521e-04  4.359277561413670010e-02  -1.056305876536819416e-05  -1.807571661161831776e-05  2.475591892295292079e-05  -1.806060542448441157e-03  -8.935597065064770613e-04  2.217808528116600383e-02  1.957816402307246923e-06  2.309531652382919580e-05  -1.542364268063182119e-05  -7.657284925913210132e-03  7.970481775784148256e-04  3.597452502213784736e-02  1.449386912361651522e-06  -2.369866009329079379e-05  6.541164024814080919e-06  -1.458356112801308991e-04
2.444791343406377097e-05  -1.071549504011182015e-05  4.971188135883522485e-02  -2.360999122672107191e-03  2.446526287311809843e-03  -2.692789102608847469e-05  -2.617254470287387995e-05  7.910558983264976774e-07  2.290006142415616092e-02  -2.507739231574230426e-04  9.503305817039649564e-03  1.141396157953390601e-05  8.457323997604196248e-06  3.009978189613177691e-06  2.289031998300947515e-02  -9.519378029233648703e-03  2.482648194501614202e-04  1.598883321494750431e-05
-5.225103269266236917e-06  -1.809246825157411398e-05  -2.360673215187327791e-03  3.579273653868057792e-02  -4.763399321173832052e-05  -4.792412310343696695e-05  1.186088938405159600e-05  1.900024273660956792e-05  -5.964335313128462041e-04  4.362149767206655905e-03  -7.188590741418464944e-04  -2.365154528181686236e-05  3.048432106482917733e-06  -1.553043971509794979e-05  9.775322841978510702e-03  -1.331949693080041082e-03  3.369977585489116031e-05  3.424959153127681518e-06
-5.011582224683084794e-05  2.476297365623282231e-05  2.446340399252012066e-03  -4.762704046192668624e-05  3.565703500951880600e-02  1.369484537848891044e-04  3.453443845383760516e-06  9.353161901244766102e-07  -9.808403413525075554e-03  6.635685596839017498e-05  -1.331932819207236633e-03  -2.590297668566456853e-05  2.280049212901548905e-05  1.124021163165876539e-05  6.043259847286288917e-04  -7.383865432562239156e-04  4.337627966193713727e-03  3.182368675307604115e-05
1.808822308174158145e-03  -1.805958431981174658e-03  -2.694145512721687078e-05  -4.783303935762306435e-05  1.369058137851412343e-04  3.248223824389746828e-02  1.641570867487946459e-03  8.555383498385723054e-03  1.317374265582735808e-06  4.850862490883912947e-05  -2.429222706504725293e-05  -1.415023580701804196e-03  -8.549235314312461989e-03  -1.661691735710581078e-03  -2.044054043786550445e-05  1.621842711075283176e-05  -4.867773716508518088e-05  -1.422515053835996706e-03
3.595541750443583678e-02  -8.935838189649851146e-04  -2.622157034416093945e-05  1.188983906652260759e-05  3.413212587272786342e-06  1.641458481978200993e-03  4.357507782243430494e-02  9.889316889865567943e-04  3.802005179906511032e-05  -8.137237204076898370e-06  6.073490819744014306e-05  4.110374870757848177e-04  2.144474427067139324e-02  -2.238892857288846822e-03  -4.432857393854222851e-06  7.995566691463359767e-06  2.271802093120915681e-05  5.136718768593532755e-03
7.916614204029713683e-04  2.217826901408350912e-02  8.541498226332873576e-07  1.881482441076106935e-05  8.442685771052527924e-07  8.555159843620110949e-03  9.888367310339121058e-04  4.998118181764348023e-02  5.696056974445165333e-06  -2.031984627546904373e-05  2.052041270523655248e-05  2.632530809684161411e-03  -6.287641324096315820e-03  2.145583347506292010e-02  3.979209436892979277e-06  -2.069068094814388621e-06  -1.090570176074962000e-05  2.639580267598866988e-03
-2.542047852636442512e-05  1.844568302902318034e-06  2.290009955043213405e-02  -5.965323296913749903e-04  -9.808165685916407639e-03  1.331089438022130075e-06  3.793283722740300139e-05  5.675662719936464067e-06  5.114816253300007165e-02  -1.252840889062097345e-04  -2.614558300308244751e-03  -2.006198072045313710e-05  -1.442995582503767101e-05  -5.935060273520040464e-06  1.558854086865116631e-02  -3.786829101742402934e-03  -3.561781467145642890e-03  -2.419735660534209353e-05
7.731412889791910433e-06  2.286167223091525749e-05  -2.508225412681096430e-04  4.361874805996420607e-03  6.651253359549178282e-05  4.842525711234315993e-05  -8.178748483397208418e-06  -2.038041914892559455e-05  -1.253206865108090560e-04  4.094982530964206419e-02  -2.047453249703364399e-04  1.895564744364280365e-05  -6.614564972532120228e-06  8.857136804619427961e-06  3.553432917695196341e-03  5.839097049730287070e-04  -1.076971810423303687e-03  -5.673312607808942780e-06
-4.894247264105424440e-05  -1.536941781216906989e-05  9.503419905748863861e-03  -7.188713295052199257e-04  -1.331978533201010192e-03  -2.430046805620256185e-05  6.070329358211240821e-05  2.040714275316253822e-05  -2.614328530498942916e-03  -2.044591192928854812e-04  3.614491828738519708e-02  -3.667796972361667444e-05  -9.472708565328147765e-06  -1.446775310627865577e-05  3.786597916333222461e-03  -1.714108822792214130e-03  5.745753266418945427e-04  -2.194376366058399763e-05
1.487646714716788919e-04  -7.657209929968686150e-03  1.146864682926241263e-05  -2.364932798111744414e-05  -2.558264694687104751e-05  -1.414933723939666189e-03  4.113296416339390056e-04  2.632354103206068635e-03  -1.986352014961997962e-05  1.891145785298111329e-05  -3.688938126144726396e-05  3.532728389278175229e-02  -2.640535003468666604e-03  -5.145886246572654345e-03  2.898654105934848817e-06  4.579308941360824672e-06  2.344301171069891925e-06  1.267724915040423879e-03
2.217690392282608072e-02  7.969514306340891047e-04  8.486664261764513567e-06  3.090164186377331124e-06  2.278778625200824699e-05  -8.549422668186330149e-03  2.144514513470268877e-02  -6.287631766612174905e-03  -1.446474127599365232e-05  -6.614952183294681977e-06  -9.625816141430782556e-06  -2.640294275261905344e-03  4.999082783247756068e-02  9.881528056778542471e-04  1.000898983665634316e-05  -9.859362389840342910e-06  -4.207685789717873360e-05  -2.602371912524552907e-03
-8.850698680575771462e-04  3.597433081097050483e-02  2.790021617245520475e-06  -1.546955188458929144e-05  1.122133870057902560e-05  -1.661766339581795260e-03  -2.238887132038476242e-03  2.145566300022720696e-02  -5.991485210992838307e-06  8.629760906235143343e-06  -1.445116928415166441e-05  -5.145785424450952626e-03  9.880278020253773635e-04  4.355005825925840207e-02  -1.351577962970247317e-05  3.592455337420443433e-05  -1.000364192478766214e-06  -4.315498361220397529e-04
3.351966327639094599e-06  1.213117490897350516e-06  2.289036536020643692e-02  9.775242920199564076e-03  6.044349654682671215e-04  -2.066673205583281441e-05  -4.505251803954512595e-06  3.969755890081479871e-06  1.558857265723961535e-02  3.553451431835888234e-03  3.786472424942838224e-03  2.951727571363417585e-06  1.001671299220009445e-05  -1.332443069083241571e-05  5.112682800857983739e-02  2.675070020847797759e-03  1.238607689104588192e-04  1.384532816922401759e-05
-1.575502238331530835e-05  -2.381088199839363938e-05  -9.519635475132591507e-03  -1.332146171634992658e-03  -7.383500465463095890e-04  1.600194875445219329e-05  8.039014338133037269e-06  -2.439347656203557856e-06  -3.787158360335677633e-03  5.837388946794123566e-04  -1.714146660327765066e-03  4.514846569942170213e-06  -9.701661701072638677e-06  3.603930520060760984e-05  2.674872050808380954e-03  3.601527804216850259e-02  -1.883633987848579855e-04  -1.765034987480399657e-05
2.883375875084830396e-05  6.633013278291755364e-06  2.481779764993829606e-04  3.358654492152341809e-05  4.337742620243716096e-03  -4.911521360915959626e-05  2.285291218550046161e-05  -1.100382622961447641e-05  -3.561782737744095730e-03  -1.076977659317914296e-03  5.748234708411387780e-04  2.475895205793334187e-06  -4.210513232443908939e-05  -1.105818414886497644e-06  1.239122381492161970e-04  -1.882725946891489069e-04  4.095090686978056227e-02  -5.853186194208840194e-05
7.662990911253460442e-03  -1.458620777926336294e-04  1.592065685936118097e-05  3.462836017563352939e-06  3.181518465372702113e-05  -1.422689596155916501e-03  5.136661926496765423e-03  2.639438698203194506e-03  -2.445372798004574955e-05  -5.765095093943078822e-06  -2.195960896450687352e-05  1.267794978137530646e-03  -2.602356016004120452e-03  -4.314935101631725274e-04  1.342036823607933295e-05  -1.770539836071451285e-05  -5.874646406652603433e-05  3.540465847220692491e-02
