4.432739110691816947e-02  -3.847065640842819013e-04  1.615175946011768336e-05  -1.956390398850194967e-05  -4.716961849253325931e-05  1.383352294566458918e-03  3.532580393524459988e-02  6.376333540309021136e-04  -3.063947736359951175e-05  -7.728727913293293776e-06  -4.661558652164548086e-05  1.494294839166696162e-04  2.132772127691466221e-02  -8.101823082041742074e-04  6.836654136789990128e-06  6.260655223190212189e-06  3.769736758960406002e-06  7.286624863000799521e-03
-3.847182362785690150e-04  4.428857457577523027e-02  -1.442678900528528950e-05  -2.237143669689654619e-05  -1.864660703384772233e-05  -1.540673067208749199e-03  -7.922262150673254266e-04  2.134838884258026884e-02  -4.986069367654400661e-06  -1.600321724702128841e-05  -1.376836859483191295e-06  -7.274320012061877457e-03  6.521369366511534397e-04  3.527482724280499304e-02  1.892252477869963098e-05  -2.097458017127513331e-05  3.582083102234835525e-06  -1.214614063301508630e-04
1.601145802003875229e-05  -1.443908138975700827e-05  5.043662747927788598e-02  -1.756622842148396159e-03  1.922311594020545758e-03  2.280934943248010425e-05  -2.528108590424958226e-05  -2.535110975254238405e-06  2.203137417738603582e-02  -1.994481494949284725e-04  8.953801608432962814e-03  -3.160952031851090289e-06  3.015112412269490592e-06  2.479365109539142286e-05  2.200097526407138876e-02  -8.981751473236387201e-03  1.920325363963801062e-04  8.629358468665458335e-06
-1.951223007521433499e-05  -2.232494579121286626e-05  -1.756443101171014385e-03  3.728335873124253436e-02  -7.646321950792087617e-05  6.210102426951605097e-05  -1.271267686096247610e-06  -1.187468750603477683e-05  -4.312525184454925613e-04  3.993775673603898110e-03  -5.565494034242640881e-04  1.490269137970085774e-05  -1.875948842135957941e-06  4.161370629202061313e-05  9.134078108962251016e-03  -1.315278484043756052e-03  6.499185199828893817e-05  -1.155289671061619878e-05
-4.711725654551153562e-05  -1.850703861866082134e-05  1.921971365998983257e-03  -7.645891895263370690e-05  3.694919339883107057e-02  -5.717477257815756128e-06  2.786916043125371438e-05  2.433529869171266322e-05  -9.214762229806260432e-03  8.290874809290167159e-05  -1.330559649078820244e-03  -2.659873670997544911e-05  7.316789867680741495e-06  -9.986214203978291030e-06  4.440934564765471591e-04  -5.500974942922134308e-04  3.983936608186957815e-03  -1.368547077592830497e-05
1.383398097179374233e-03  -1.540730825085214915e-03  2.271934721410823795e-05  6.208336095214292568e-05  -5.787346423384800291e-06  3.425814535820206896e-02  1.351657533015249591e-03  8.195000605792803969e-03  -8.972045271814378377e-06  -1.359902354098181113e-05  -1.183114065584415038e-05  -1.435195550344181472e-03  -8.055804036559269243e-03  -1.388292325876725949e-03  6.504174031625289726e-06  -3.735170426525687279e-05  -1.335611383137515491e-05  -1.360303510074769738e-03
3.532570551915662632e-02  -7.922357956522235430e-04  -2.542348270879504814e-05  -1.304685257478167217e-06  2.781616955622884867e-05  1.351746456340754271e-03  4.415845942106021854e-02  8.731545504325597838e-04  2.977094486919283709e-05  3.260078865249686909e-06  4.983612235704159454e-05  3.595208782636726713e-04  2.063597262374518640e-02  -2.339012492340561238e-03  1.882618006077235719e-07  -7.176962830417412027e-06  1.248227566827863757e-06  4.660671671988334680e-03
6.376432984658213059e-04  2.134833117887110360e-02  -2.545003476077503616e-06  -1.168233989219376410e-05  2.477737966922022685e-05  8.194847184697299017e-03  8.732061188912576934e-04  5.058379971780235795e-02  -7.679341848588399564e-06  2.322679833635607911e-05  -2.659979817957812382e-05  1.863998007537088315e-03  -6.001462728613608626e-03  2.064262068692779284e-02  -3.356346778882562611e-06  -2.701469370114244787e-06  1.163937244308090222e-06  2.603026581052694279e-03
-3.052528903891258571e-05  -5.034523017734364640e-06  2.203132268134265492e-02  -4.313215063299022942e-04  -9.214213790363457585e-03  -9.111395191214872506e-06  2.970433987390930559e-05  -7.728577643935101825e-06  5.158872468886315649e-02  -7.252187623666407038e-05  -1.961154136995399075e-03  2.648237796211621654e-05  -3.177389445413924564e-07  -1.924433386767490130e-06  1.496625356337823523e-02  -3.500660665018529884e-03  -3.320848845912079041e-03  -1.140024984538346960e-05
-7.855017304680239723e-06  -1.606268719794623872e-05  -1.995833578050811670e-04  3.993463797917754486e-03  8.313459397137823372e-05  -1.317330616587200513e-05  3.173100415834098411e-06  2.322011837628919695e-05  -7.258693026216875548e-05  4.124481168574053308e-02  -1.308547974665260738e-04  -3.510018910658509297e-05  3.814268737796177135e-06  -6.543672367010892791e-06  3.312350046349893471e-03  5.046086145094256896e-04  -1.009088313557214263e-03  -1.598806062580489059e-06
-4.637904051043469891e-05  -1.404858671549833430e-06  8.954030293847248592e-03  -5.565409698873702944e-04  -1.330523423975478545e-03  -1.182209951093139741e-05  4.969883372023785068e-05  -2.633434999050097581e-05  -1.960604832267240707e-03  -1.307139155241025406e-04  3.746501444873760744e-02  6.884949900476035496e-05  -2.009907476925562674e-06  4.902950689208212621e-07  3.493638185263837990e-03  -1.494647409271692264e-03  4.995398409817161395e-04  -1.332138062034369257e-05
1.493896458275336932e-04  -7.274271258780141969e-03  -3.391947100122841639e-06  1.490244815160392486e-05  -2.664426895255655997e-05  -1.435546527985110061e-03  3.596866393492090036e-04  1.863599035926002479e-03  2.621750911083413468e-05  -3.513640666241221727e-05  6.893811216905344720e-05  3.700970829514296095e-02  -2.610559457654419713e-03  -4.627378485682494789e-03  1.267417816048469946e-06  1.705459514971594722e-05  -1.897758918070570246e-06  1.005382008431703880e-03
2.132757888391727946e-02  6.518385443064108860e-04  3.035811547349568669e-06  -2.034933826633299727e-06  7.356544155065422258e-06  -8.055781689147374289e-03  2.063633291131192204e-02  -6.001452463396494789e-03  -3.514208688721523760e-07  3.841216466128195022e-06  -1.948766478768301269e-06  -2.610486221281791471e-03  5.056591587795512821e-02  8.849859022127405227e-04  -6.600909183920301873e-06  1.135740647462921871e-05  2.424055812864590475e-07  -1.945983567865702682e-03
-8.099804365820973719e-04  3.527481805248137287e-02  2.474026468424748472e-05  4.166167736460078358e-05  -9.973770719338502630e-06  -1.388615380283768396e-03  -2.339143309428060990e-03  2.064245990957940327e-02  -2.019537789829704841e-06  -6.546896663294883739e-06  5.232778926484820593e-07  -4.627510739161414845e-03  8.847890029337505480e-04  4.420313872475743755e-02  -1.362985992657366349e-05  1.676488734392566696e-05  -6.382017892080300575e-06  -3.688266614414605180e-04
6.799375229222249904e-06  1.909716040196409091e-05  2.200095783058960905e-02  9.134013573484194015e-03  4.443524012550035792e-04  6.776604898325411667e-06  2.882903749457105678e-07  -3.362900277921186522e-06  1.496628030294332168e-02  3.312363262743004463e-03  3.493621603391981485e-03  1.223378579263154416e-06  -6.580381093390077784e-06  -1.366516356760552408e-05  5.156137037119869898e-02  2.056554067303083180e-03  9.466904327928313625e-05  -7.348150779231219320e-06
6.231459338568541282e-06  -2.093251099021524141e-05  -8.981856981690053768e-03  -1.315288904869078498e-03  -5.501542680026118206e-04  -3.726665913923579221e-05  -7.164907518464720560e-06  -2.478780678863533456e-06  -3.500689040596420293e-03  5.043277876838979769e-04  -1.494620223513032841e-03  1.694432189539613363e-05  1.114424617645111002e-05  1.666746085557826946e-05  2.056262692908800756e-03  3.726133150143853129e-02  -1.694592721648837340e-04  1.985637535606998792e-05
3.804434879532650261e-06  3.592180310450606740e-06  1.921676867109191724e-04  6.523319730539324588e-05  3.983527565023149523e-03  -1.354904783066162534e-05  1.120013386081669152e-06  1.213214091600546637e-06  -3.320911325079705084e-03  -1.009128243092136893e-03  4.997182397994988498e-04  -2.083290328771078326e-06  2.676519517479175733e-07  -6.620690109504704158e-06  9.475316923325806883e-05  -1.696470964309011980e-04  4.123513998351438503e-02  3.915851485280140208e-06
7.286650582947437269e-03  -1.216293215470459174e-04  8.842940425691260271e-06  -1.154042866829335620e-05  -1.368636162527004339e-05  -1.360585005982156053e-03  4.660588160940193694e-03  2.603156257474999787e-03  -1.134313642021106478e-05  -1.374463732877176175e-06  -1.332060105178121478e-05  1.005352086664197892e-03  -1.945681191819119502e-03  -3.692366713039118729e-04  -7.195142029853545613e-06  2.000498999224726164e-05  3.682878380065209527e-06  3.681797853537580045e-02
