4.342275352197739330e-02  -5.617433744057391239e-04  -2.913794889972448737e-05  -7.261036040659949517e-06  2.550940571093869699e-05  1.865109653196815641e-03  3.608848865452404103e-02  8.651904888577573909e-04  1.804105068604331641e-05  -1.100194585694448152e-05  1.924885702164726563e-05  1.362103204764070750e-04  2.235625811833872462e-02  -9.280222895209219117e-04  1.511248922895453841e-06  3.293389323101355127e-06  1.858348552720054156e-05  7.722545081481618258e-03
-5.616967967865119701e-04  4.344978420899445887e-02  -6.651767600000085327e-06  3.522750413262462963e-05  -5.337542416302828524e-06  -1.926685482157752122e-03  -9.099315390280331454e-04  2.237250237345327075e-02  1.327073480291716186e-05  1.989609093474655908e-06  2.259079448429538801e-05  -7.735772319091204115e-03  8.718772078847279467e-04  3.605622016495906024e-02  1.445112408922600368e-05  -3.701949065789051675e-05  1.802523113773362497e-05  -1.204976481148160422e-04
-2.918925802685992329e-05  -6.786948544126831426e-06  4.950481316960390205e-02  -2.524337811107323862e-03  2.622068036733108277e-03  1.678121534074102943e-06  5.821853673873975463e-06  1.436580918943188340e-05  2.308858397912679980e-02  -2.623225457602977400e-04  9.647203515516383082e-03  5.882797906578800116e-06  1.317992725551792178e-05  -2.142475341477206803e-05  2.304768382851254960e-02  -9.615503290445014464e-03  2.584919141852316002e-04  -1.137404764170721765e-05
-7.246488300061162880e-06  3.530165553065905151e-05  -2.523973434845389399e-03  3.550821991956358559e-02  -4.815684745147850982e-05  9.150350050334720353e-05  -4.048545935337513054e-05  1.485682753068865591e-05  -6.602374494421382788e-04  4.351784192478637230e-03  -7.805054174008481740e-04  2.499622875848438848e-06  2.761107323300379175e-05  -2.720631205902003963e-05  9.946881745334118508e-03  -1.390364316153595977e-03  5.219883760517755825e-06  6.844117599133608684e-06
2.556837637327772137e-05  -5.325655383598218010e-06  2.621797493099501698e-03  -4.818379923854330406e-05  3.526372846335066452e-02  7.764139229257122760e-05  -3.866138730472088879e-05  -1.211338640981352694e-05  -9.978789583289829693e-03  4.803253847686175679e-05  -1.418345192081602686e-03  3.693192953112647140e-06  5.301761755244674859e-06  4.862338224286351276e-05  6.621293271553766987e-04  -7.907765544156801192e-04  4.400066985516917425e-03  2.181000960218997369e-05
1.865148871117758940e-03  -1.926858808969959857e-03  1.858062399457147834e-06  9.162923658473872443e-05  7.775257398006817002e-05  3.175983145586247502e-02  1.801967966159017612e-03  8.676221137809128278e-03  1.689751687997733746e-05  -8.737614365054521300e-06  2.845040433428334714e-05  -1.432636878096925402e-03  -8.646579489019147816e-03  -1.777979735546150524e-03  -1.943363548207799598e-05  7.097017163274159668e-06  -3.244577374084958791e-05  -1.437375754470470758e-03
3.608833770193026896e-02  -9.099164895786844304e-04  5.833750203933272593e-06  -4.048826821107423643e-05  -3.856980108735966526e-05  1.802105445331444273e-03  4.341419756673259994e-02  9.863144345398804948e-04  -1.741429179837473539e-05  4.439650679499205169e-06  -2.790844545771568815e-05  4.419751529912566493e-04  2.159430607721971734e-02  -2.165801916048032752e-03  1.717347004000623304e-06  1.765091043643115927e-05  1.336790825075142031e-05  5.233954192046718669e-03
8.652431174603033345e-04  2.237264595762242930e-02  1.436856478765567996e-05  1.454980093757222870e-05  -1.230025800036431215e-05  8.676336285890477729e-03  9.863443943514803997e-04  4.984257475212187927e-02  1.101446065174607747e-05  4.175928276370132843e-06  2.639072096702749633e-05  2.765327973361652713e-03  -6.358408501832829920e-03  2.161016399236952157e-02  -3.981331979006741921e-06  -5.035176160656125704e-06  -7.366940377743266297e-06  2.643581205389899848e-03
1.829822800007975357e-05  1.355686216256422508e-05  2.308863495868358068e-02  -6.602925691907134825e-04  -9.978554959538796232e-03  1.741374551552304440e-05  -1.755850169202810402e-05  1.103517636347738242e-05  5.101410288042991514e-02  -1.123437520216096625e-04  -2.801792511478002744e-03  -2.731887686035030889e-05  -2.146742901188128777e-06  -6.274516483030349607e-06  1.570836940979438226e-02  -3.851562558003485646e-03  -3.613202728630478255e-03  -2.322105765779376848e-06
-1.106192488812782023e-05  1.820047672031261519e-06  -2.622894119811025214e-04  4.351580830985463458e-03  4.802867097284683128e-05  -9.198188659568762215e-06  4.480737927599309034e-06  4.076340242396261828e-06  -1.124244843257170029e-04  4.097092268353964145e-02  -1.578602782797064441e-04  9.631642237681686228e-06  7.453914856053449903e-06  -1.260554912838487586e-05  3.587647419300301309e-03  5.876077079010929693e-04  -1.098029089327165171e-03  1.852006039094924233e-06
1.922127335071527717e-05  2.255930227523503305e-05  9.647575278693712453e-03  -7.804928948992695230e-04  -1.418737013223519061e-03  2.860600982631221557e-05  -2.789233863956445581e-05  2.627137812987731047e-05  -2.801498354728019016e-03  -1.579112634014152351e-04  3.583372772821511593e-02  -5.621240731976694837e-05  2.570058383035360750e-06  -2.536547330616222291e-05  3.848032617981171806e-03  -1.791218140897708668e-03  5.747328714426466669e-04  -2.074954213639148898e-06
1.362811207981515704e-04  -7.735821565784101357e-03  5.927854119314667378e-06  2.502634213988637685e-06  3.577253697901985584e-06  -1.432709983895759246e-03  4.418567414440435510e-04  2.765281525584150930e-03  -2.695326486387820297e-05  9.341190341282107747e-06  -5.606780955343070423e-05  3.507973286555646913e-02  -2.631631470599940254e-03  -5.260555729716113148e-03  1.392216460598588633e-06  -1.532896157002774355e-06  8.668419972928935010e-07  1.317610359287010174e-03
2.235634325873416331e-02  8.718224629745010374e-04  1.312526928078246351e-05  2.772009218415924089e-05  5.341782407115631501e-06  -8.646505449800116067e-03  2.159447816593104696e-02  -6.358354616724857036e-03  -2.084466548574269176e-06  7.356220843123283407e-06  2.522321331150087840e-06  -2.631864817496019481e-03  4.986855593309776763e-02  9.793957173677150189e-04  1.230297586184661047e-05  -4.227936925849207586e-05  -2.162873530334310590e-05  -2.732043575451264736e-03
-9.280390647508238123e-04  3.605613201230465498e-02  -2.149776019030487430e-05  -2.706682365245024758e-05  4.855038767753751386e-05  -1.778282431599596076e-03  -2.165766796082922632e-03  2.160995246559729854e-02  -6.403094205110848441e-06  -1.265558743420667387e-05  -2.537067563519266935e-05  -5.260593797127800439e-03  9.793428422239336233e-04  4.342335071457084639e-02  -1.203538698113591162e-05  3.829195535248120972e-05  -1.164269254653583833e-05  -4.744357158273373402e-04
1.625836649489546529e-06  1.444517715415629719e-05  2.304780525591414164e-02  9.946638930342640433e-03  6.621958949759741610e-04  -1.987886320099881349e-05  1.781544374195922573e-06  -4.048022355852766434e-06  1.570837692238974750e-02  3.587722350704338186e-03  3.848027287972384611e-03  1.251328249104668784e-06  1.234103361610167196e-05  -1.207945846272031980e-05  5.104228869003898245e-02  2.777206394412413699e-03  1.248596471956273633e-04  3.828907171450352930e-05
3.346954911477109006e-06  -3.705429458210774546e-05  -9.615839353653057517e-03  -1.390482788511000810e-03  -7.907518423678519233e-04  7.150606499637518239e-06  1.770911566983014181e-05  -5.340494915181296630e-06  -3.851677128160502141e-03  5.872886849922219531e-04  -1.791225983395581785e-03  -1.558393491122549129e-06  -4.226088354030540421e-05  3.835063246069547976e-05  2.776764283841809573e-03  3.584460916400374064e-02  -1.615631103957960047e-04  -8.498051182518468177e-05
1.859757825603877075e-05  1.800046675246846974e-05  2.583872012196945572e-04  4.925616924267589450e-06  4.399878579761090994e-03  -3.261004215412680903e-05  1.336371237305701839e-05  -7.357815213478805819e-06  -3.613179405138466395e-03  -1.097934727595800946e-03  5.749717994856992902e-04  1.008232681466653751e-06  -2.160173135452707156e-05  -1.155309209751716613e-05  1.248539959902893941e-04  -1.611045928563376386e-04  4.090088722627719525e-02  -2.202041803518282401e-05
7.722535573503111310e-03  -1.205631011895101851e-04  -1.167923706466110213e-05  7.012112876314820837e-06  2.182427129935669125e-05  -1.437329968442764127e-03  5.233870234736080242e-03  2.643533025877023174e-03  -2.605620950207333403e-06  1.562399187434822435e-06  -2.023650427711253201e-06  1.317575302753083320e-03  -2.732040058221774006e-03  -4.744062381843316034e-04  3.806217221030621869e-05  -8.514595276011639236e-05  -2.228119928539932189e-05  3.512536600921822155e-02
