4.384364957320065898e-02  -4.887614144108936133e-04  -4.119003434450112713e-06  1.182781517432720529e-05  1.887169998407994215e-05  1.642483303655151291e-03  3.576431936803234346e-02  7.431275372677060209e-04  1.243294119686527120e-05  8.961988295263225988e-06  3.136961541955997563e-05  1.575603022509155962e-04  2.187374177126323940e-02  -8.410575731129150707e-04  -4.574004924663029681e-06  1.088557358307375286e-06  -8.927593434991826858e-06  7.495795468909135888e-03
-4.887378132219155277e-04  4.380834670540612735e-02  4.197594164621002052e-06  2.751446885349095146e-05  -9.417210685940983223e-06  -1.597389199546008897e-03  -9.015350380641621404e-04  2.191175945194715965e-02  -1.576939964500040619e-06  -2.564277527515370570e-05  -1.111085404407973158e-05  -7.530438907872346287e-03  7.808965131189061961e-04  3.577706424359564791e-02  2.445790390688936389e-06  1.240689565937291492e-06  1.769566183161170006e-05  -1.215552575380211120e-04
-4.142607280869409958e-06  4.169757434462042754e-06  5.000560572128930070e-02  -2.079365098013033573e-03  2.245261314595635264e-03  -2.720771730660733986e-05  1.825563273258038095e-05  -6.815127780720730760e-06  2.261649853104827704e-02  -2.433876171627240759e-04  9.348510490535926962e-03  -3.278879010981188512e-06  -3.284972735327011239e-06  5.178069464671993806e-07  2.255500316258408910e-02  -9.286112753739472758e-03  2.263713505748921734e-04  1.783130705060698870e-05
1.180569159194896488e-05  2.767346423760523046e-05  -2.079484123698154951e-03  3.641707112152365450e-02  -5.229382751080981673e-05  -2.287707321492287493e-05  1.977591615229176895e-05  -3.159534191207743841e-05  -5.551389516204094767e-04  4.228440933403762245e-03  -6.888150429370914476e-04  2.638105555786154449e-05  -1.106564837506632376e-05  8.456938391723392722e-06  9.525319946500325138e-03  -1.297737235256445814e-03  1.901431873638312019e-05  2.608833197885924326e-05
1.896876664488272109e-05  -9.349906654415286532e-06  2.245128545518584179e-03  -5.223741344986801882e-05  3.616567959421976286e-02  -2.118324869472181917e-05  -1.220312715513119273e-06  2.373518233011803176e-06  -9.589099499835820536e-03  8.715458963469458495e-05  -1.338970990883960694e-03  3.377362783078726888e-06  -4.210542789659169366e-06  -1.485536627866947320e-06  5.451511522458469096e-04  -6.966795155494317745e-04  4.215037613604120242e-03  -1.554982666618213213e-05
1.642624517550720460e-03  -1.597288076681784930e-03  -2.706515973623023724e-05  -2.271651857845952252e-05  -2.107321825959459124e-05  3.323774251024228660e-02  1.542795778837709186e-03  8.427443946658393775e-03  -6.889546313656472167e-06  -4.215046031341862254e-05  1.513843181176795741e-06  -1.473251042239700961e-03  -8.362892343730402023e-03  -1.609058755767709065e-03  2.898411609421330595e-05  -2.150020423111444960e-05  8.057972948530841786e-06  -1.336087472774226577e-03
3.576418690227392561e-02  -9.015617012124822272e-04  1.823949401801440266e-05  1.962852305291711938e-05  -1.288818058882173081e-06  1.542880854785859011e-03  4.376853148620981487e-02  9.333014862042654210e-04  -1.154244998775409393e-05  -8.602235906339528927e-06  -3.185149494024273144e-05  4.129633687251994313e-04  2.115722051662739106e-02  -2.218488004805947104e-03  4.319768487233560288e-06  -8.352378020281869863e-06  -5.842565126339498105e-06  4.958784719391405756e-03
7.431343402496523500e-04  2.191162993441330906e-02  -6.799846870381139071e-06  -3.163978621947633656e-05  2.432755211727247744e-06  8.427565440074629224e-03  9.332308659824226603e-04  5.017962679280211363e-02  -1.050011208432824206e-06  3.064299018187050021e-05  -5.967996863396418646e-06  2.398494063216515503e-03  -6.173099910107420450e-03  2.116321459662685867e-02  7.343541690826495477e-07  -8.073984453468384173e-06  2.697731753738321678e-06  2.653039779938087036e-03
1.206464932533954476e-05  -1.570866685740198193e-06  2.261656332473501937e-02  -5.553141515511090132e-04  -9.589383012455028263e-03  -6.913922480011383498e-06  -1.122212370006358135e-05  -1.120539579784466655e-06  5.128671527784814388e-02  -7.720712569233277069e-05  -2.426263981899812010e-03  3.104958006195050351e-06  6.696680938957003099e-06  1.233591142457835056e-06  1.536028587188602822e-02  -3.672996800094926930e-03  -3.477708830963539659e-03  1.353303325726264682e-05
9.379063721013784319e-06  -2.563700349841855383e-05  -2.436063733414921056e-04  4.228201213561830554e-03  8.744630228767784265e-05  -4.223835602342499259e-05  -9.056213095859582977e-06  3.068543365617518702e-05  -7.722963440897594319e-05  4.107169499830268244e-02  -1.230835617445297041e-04  -4.760279187608354787e-05  6.550560494791310527e-06  -1.062139607474558933e-05  3.462924594459153380e-03  5.570248416364199928e-04  -1.057332051561676390e-03  4.068885287794501457e-06
3.117783517621397027e-05  -1.129917261546251010e-05  9.348555088456033876e-03  -6.887856707842667002e-04  -1.338803328242326720e-03  1.470511514533095210e-06  -3.170107173452319508e-05  -5.856976139646450407e-06  -2.426211884517859296e-03  -1.231342231088390518e-04  3.653210417304101482e-02  7.314109916803303983e-06  1.860509766284580492e-06  2.073481633201293466e-05  3.668792392271054761e-03  -1.628900306140173074e-03  5.491316976428775067e-04  4.364806400376866601e-06
1.576278630623093372e-04  -7.530440671415675018e-03  -3.413037531374242514e-06  2.632465816242195983e-05  3.569784579098400421e-06  -1.473206472878043705e-03  4.128285185812536348e-04  2.398193289264528849e-03  2.815867696894023088e-06  -4.735307714623690045e-05  6.934010974614132149e-06  3.585289889274281133e-02  -2.642747485120236928e-03  -4.997899647933543715e-03  -1.278445782186594332e-06  1.290533919980446565e-05  -4.544293548464160234e-06  1.156566941415266853e-03
2.187359773607474439e-02  7.805374287696474839e-04  -3.273543521095809045e-06  -1.107078929020852327e-05  -4.342745659580669543e-06  -8.362746041812620101e-03  2.115751582298804057e-02  -6.173060004596346920e-03  6.695186728221697324e-06  6.537293470573529711e-06  1.866168511044122832e-06  -2.642581352354846438e-03  5.021642420586850536e-02  8.992574733957977001e-04  -1.601757736555252268e-05  2.909008885662764016e-05  2.119573720177017566e-05  -2.347538876800538566e-03
-8.410505717278334578e-04  3.577699772694124813e-02  5.496370186872780064e-07  8.508921389425028796e-06  -1.469583375241581653e-06  -1.609083248063760373e-03  -2.218502133944728373e-03  2.116277285310482273e-02  1.304399980738163896e-06  -1.065138410267808834e-05  2.062470982980337268e-05  -4.997952461006038849e-03  8.988873624847377704e-04  4.375397647030066645e-02  2.517814320893054913e-06  2.499491442413615545e-06  -1.661983621207456109e-05  -4.563042396258561997e-04
-4.589861692892109755e-06  2.251590969838270737e-06  2.255496518263248526e-02  9.525698025943109618e-03  5.454121986727659575e-04  2.896892440691990189e-05  4.146785208326839910e-06  7.711777106120644779e-07  1.536027375161885984e-02  3.462830915391904713e-03  3.668685591682298297e-03  -1.162714867249207615e-06  -1.593997409221760054e-05  2.484019282382790409e-06  5.134239151148553559e-02  2.351292658987412000e-03  9.629490112786495085e-05  -4.204571243938731213e-05
1.005138869824085964e-06  1.230585327129179459e-06  -9.285855561399139826e-03  -1.297502757604334376e-03  -6.966965757283759015e-04  -2.150389213197355807e-05  -8.316236663875110189e-06  -8.122422171114679370e-06  -3.672909245660401119e-03  5.571166591171276003e-04  -1.628864460340710913e-03  1.289524071352567330e-05  2.913235432752928376e-05  2.548987003144844795e-06  2.351476804733801645e-03  3.665106406663885819e-02  -1.292672072317445895e-04  7.567995225968880484e-05
-8.769717320769823579e-06  1.816659765933716986e-05  2.263454197628999242e-04  1.898630626865508775e-05  4.214888350816631789e-03  8.166163248423232227e-06  -5.822108718117853823e-06  2.711630868892514555e-06  -3.477691587926042254e-03  -1.057291324526932587e-03  5.491419221502524860e-04  -4.796524150764987945e-06  2.118137693320653654e-05  -1.690623408586038970e-05  9.629722222460314286e-05  -1.293630525982352982e-04  4.105879779808021407e-02  4.398516669683245781e-05
7.495786548752862537e-03  -1.216149526455305809e-04  1.770534746369671470e-05  2.576832570560209793e-05  -1.549610929301402972e-05  -1.336207018482141445e-03  4.958872321362021648e-03  2.653280473826218760e-03  1.358706005282694751e-05  3.797284139072898837e-06  4.476448017594612092e-06  1.156598324270575887e-03  -2.347173655667961038e-03  -4.562582022264944151e-04  -4.190511783837669692e-05  7.575683520079899442e-05  4.379280125387766294e-05  3.589199167003742641e-02
