4.416357442023381707e-02  -3.884752144765769573e-04  6.802216514444182218e-07  -1.088924088977458903e-05  -1.786725052408813516e-05  1.622229987620967201e-03  3.539762565686251777e-02  6.528079138434318479e-04  -8.540751269417121985e-06  2.181685125509305606e-07  -1.578588093751307720e-05  1.715841613966924135e-04  2.150112068417394176e-02  -8.046965505831983178e-04  -6.964275439841545360e-07  8.244760303942721331e-06  2.105685768624308233e-06  7.369259270051131162e-03
-3.884395063300352712e-04  4.418644152959790017e-02  -2.100431003145707113e-05  -5.297514215087094233e-05  -1.328580919652320784e-05  -1.520029170595270330e-03  -8.300820505698089727e-04  2.148094553600312512e-02  -5.059962819389666241e-06  -1.869930451731358518e-05  1.526053963947609070e-06  -7.348664072659373721e-03  6.674827382265951462e-04  3.541126375440305230e-02  1.793430758280530318e-05  4.410480192750100078e-08  1.510352452117490321e-06  -1.433944854897837944e-04
6.158426106022807447e-07  -2.104652005991643123e-05  5.028845800910324709e-02  -1.996938622508435176e-03  1.920902654764264665e-03  2.110714276216578363e-05  -3.607255616030049872e-06  1.657772664369179075e-06  2.214589502772212545e-02  -1.990222660718659893e-04  9.039368268580979388e-03  -2.078932868673287433e-05  -6.573336222164943279e-06  2.921646346438917029e-05  2.218799093362834596e-02  -9.088460620514838759e-03  2.016590819653724521e-04  -5.055972098009431464e-06
-1.082921502860674272e-05  -5.296052292422682300e-05  -1.996790812169772864e-03  3.677136625585012558e-02  -7.753350022922013841e-05  2.151424305670003218e-05  8.405498360056225849e-07  -1.312489448654947961e-05  -4.834002879068106831e-04  3.999341867645064309e-03  -6.006878183446795949e-04  2.536447030878238683e-05  -9.291371494140038717e-07  6.090668163309201377e-05  9.333856692756959186e-03  -1.371225447279213238e-03  6.115014627756838207e-05  -7.445284955274842977e-06
-1.772451754798404106e-05  -1.332706485608236914e-05  1.920710455645841322e-03  -7.763958639613694965e-05  3.690966866931703894e-02  -4.553025917570711998e-05  -1.041732657287499819e-06  6.135364620761685629e-06  -9.268575984312523233e-03  5.977131636914983186e-05  -1.280324027184469521e-03  4.444172916830143276e-05  1.492736015160669961e-05  -2.043650639549526136e-05  4.788471794268340858e-04  -6.059040915966858480e-04  4.007993497201226864e-03  -5.410378680804632663e-06
1.622156694696785806e-03  -1.520006574766904388e-03  2.110881784774720616e-05  2.153478343710962386e-05  -4.560854268424691338e-05  3.379389413356460176e-02  1.413636466024459273e-03  8.180073859411442563e-03  -2.147652463507980301e-06  -1.478358462815511369e-05  2.597225473630116642e-05  -1.367233130317371727e-03  -8.246387198964592186e-03  -1.412806621358510609e-03  5.128865787249838950e-06  -9.609719535124573036e-06  -1.141044561278370190e-05  -1.444608107749905789e-03
3.539743864183338834e-02  -8.300262495916375981e-04  -3.646732630636335357e-06  7.769382898946484888e-07  -9.615840535428287902e-07  1.413598887280815945e-03  4.406473305388521056e-02  9.239804094589549417e-04  1.125747167933349262e-05  -3.426177673632325469e-06  2.589991035243802896e-05  3.179629140564913339e-04  2.079190973840547643e-02  -2.329554871626668151e-03  1.986129660056898957e-06  -4.914023419315138840e-06  2.340810942844308979e-07  4.759590572505334981e-03
6.528646202732154560e-04  2.148096483639463927e-02  1.745676110270887088e-06  -1.306911502819804121e-05  5.879325866857253456e-06  8.179807147941198231e-03  9.239927449226609897e-04  5.046490867554827980e-02  -7.451924004246444242e-06  2.199449219270707231e-05  -2.068192782270928469e-05  2.053134915982858869e-03  -6.058773303449592647e-03  2.076982930144252726e-02  -2.010065880516064070e-06  -2.199279740690190021e-06  -3.136570601627259387e-06  2.592440945291502735e-03
-8.613911982541299232e-06  -5.140310209088619783e-06  2.214584031594225497e-02  -4.836829299396522286e-04  -9.268345069671226136e-03  -1.989608351734588358e-06  1.123228313832596670e-05  -7.443158503148700104e-06  5.151182381011173289e-02  -1.005686680422522572e-04  -2.106290856969123947e-03  2.111254506049501989e-05  5.024902547553805577e-07  8.619874277874715695e-06  1.506769982270112287e-02  -3.537909922198059776e-03  -3.346220394960143160e-03  -1.447958370349391052e-06
6.765856097570900709e-08  -1.886074695511234862e-05  -1.992128752801657998e-04  3.998827964072267267e-03  5.998581081373166216e-05  -1.453868005645042491e-05  -3.448978837563450261e-06  2.201289263440588372e-05  -1.006494867626258032e-04  4.123697446973119407e-02  -1.716529014106742688e-04  -3.369500954702115477e-05  6.378665699573066702e-06  -3.481635500930300807e-06  3.350596048051996366e-03  5.216780393466490147e-04  -1.020612154311959213e-03  2.405682011979849588e-06
-1.575328924931154791e-05  1.543694555013624717e-06  9.039562045194207002e-03  -6.006156487886658932e-04  -1.280286000391390533e-03  2.579658283428320445e-05  2.583396000871491624e-05  -2.065231413064421074e-05  -2.106029587420335612e-03  -1.714919826041913064e-04  3.712801707619361319e-02  2.769159934657596639e-05  -5.715011216885642771e-06  2.573851166952405845e-05  3.537752580520237260e-03  -1.512654829992677013e-03  5.271130582311078219e-04  4.631815262983143888e-07
1.715816519030062906e-04  -7.348696185513379012e-03  -2.061179274402922740e-05  2.529184846872993561e-05  4.443921019824005890e-05  -1.367272414518295662e-03  3.178263542134626544e-04  2.052937146734469098e-03  2.109200592297187790e-05  -3.354765939724586047e-05  2.763286961644506590e-05  3.658506426748100310e-02  -2.604453117726248518e-03  -4.730734082336769675e-03  -3.791122074624294869e-06  1.077343821372252469e-05  3.034186450245411571e-06  1.048229997834315523e-03
2.150122830307252264e-02  6.674077827778041256e-04  -6.483904533794941385e-06  -6.438229339629748725e-07  1.507385776870334388e-05  -8.246258218165297693e-03  2.079203126608350841e-02  -6.058760019255806858e-03  4.946624102272613925e-07  6.363341965880156380e-06  -5.850193163221246901e-06  -2.604798126208189481e-03  5.043264623508147276e-02  8.975851993298553620e-04  6.590177852593757964e-06  -1.603242445015005060e-05  4.165699498549084308e-06  -2.088708336574610080e-03
-8.047688936895254627e-04  3.541100468822726277e-02  2.925533756486993372e-05  6.087149070733782822e-05  -2.050216630207477684e-05  -1.412896907385352476e-03  -2.329516360908586662e-03  2.076961117387998018e-02  8.521375030737320694e-06  -3.526347233825654831e-06  2.576453769845672243e-05  -4.730687537083139160e-03  8.975181626618287034e-04  4.408425364514132611e-02  -1.403439173749833726e-05  3.879755591851684907e-06  -1.939690612598153568e-06  -3.559349624711740192e-04
-6.234108834971459991e-07  1.801319526686933633e-05  2.218807310456768697e-02  9.334129839298769410e-03  4.790080135388236049e-04  4.935460037176746335e-06  2.084341668530227012e-06  -2.011593718688529170e-06  1.506766852186070330e-02  3.350516640350673092e-03  3.537554882707027743e-03  -3.892558724597451718e-06  6.541117672151761712e-06  -1.399727409215023680e-05  5.148635001999890548e-02  2.128235143936417929e-03  8.310293005406076204e-05  1.958109186088943725e-05
8.371759724770569644e-06  8.120478391040421868e-08  -9.088390038783443481e-03  -1.370950266558446226e-03  -6.059694341583938453e-04  -9.592916659170658145e-06  -4.919186770302334356e-06  -2.233982172240994679e-06  -3.537925175810640709e-03  5.216324279291888926e-04  -1.512498855997966877e-03  1.071005080293307731e-05  -1.584897624943655732e-05  3.839964422323707599e-06  2.128221459146107004e-03  3.713728325932311863e-02  -1.369184278713432611e-04  -3.245231680390170235e-05
1.992877574805098228e-06  1.537796157609408073e-06  2.017310136492870740e-04  6.130981953103337330e-05  4.007587433030935717e-03  -1.167819579541447222e-05  2.779948036742985462e-07  -3.192541874329242124e-06  -3.346212662771425300e-03  -1.020612187529770093e-03  5.274526357217264316e-04  3.336881141443871379e-06  4.166154752139753871e-06  -2.142316208001195737e-06  8.316342040327522414e-05  -1.369248486641765235e-04  4.122666603182324752e-02  1.513660501543326596e-05
7.369336503909453863e-03  -1.434200014433045475e-04  -5.087596947593385800e-06  -7.476904603467930022e-06  -5.510926223401549500e-06  -1.444861227892290951e-03  4.759454106368393896e-03  2.592403202765919141e-03  -1.414264601672830431e-06  2.349997928778750710e-06  6.633981228415789433e-07  1.048200808513058803e-03  -2.088349158809817488e-03  -3.560740887564098887e-04  1.949321700786206985e-05  -3.247787056354127310e-05  1.514719473110292896e-05  3.658727948322744450e-02
