4.359180874495528768e-02  -5.171411053270891060e-04  -1.547508018651400774e-05  -8.138871993032909411e-06  1.340734766074767263e-05  1.872244998416006242e-03  3.594173233228165065e-02  7.913509954164997875e-04  9.190865662295628598e-06  7.665817526176419799e-06  9.547723740041076242e-06  1.921465032545926479e-04  2.222644834898955882e-02  -8.639479060301163841e-04  -2.457407423530117584e-06  5.062959256852188058e-06  8.904082571077518335e-06  7.713477274124783470e-03
-5.171226237964732025e-04  4.356331476327741231e-02  -4.533759772649650429e-06  2.820256236536637027e-05  3.131511669270606318e-05  -1.800948672949406835e-03  -9.109208982639411612e-04  2.215679033134832637e-02  6.306081231639369119e-06  3.998990386571044011e-06  -2.692354100203681977e-06  -7.577738071927562526e-03  8.251775615398104910e-04  3.602830498649325919e-02  7.370033898639746718e-07  -1.653197173311444021e-05  8.823749139618484357e-07  -1.112972255570378522e-04
-1.551681770805889303e-05  -4.576813099613589116e-06  4.964438879264824328e-02  -2.470386031285473540e-03  2.464028803809987372e-03  -2.968670536166122034e-05  8.821485550150373381e-06  9.479203544588327867e-06  2.286773294545111496e-02  -2.494043955429264825e-04  9.444346020967258476e-03  3.388326290571093008e-06  8.836945779599315816e-06  -2.188048227047318419e-05  2.294345394109263345e-02  -9.596025454507035521e-03  2.511406241386611752e-04  3.434697649667626247e-07
-8.165271868223402828e-06  2.816346419570465225e-05  -2.470206162931661183e-03  3.565236254006479144e-02  -5.460096277441188353e-05  2.140484032671540772e-07  1.431355065499554111e-06  6.482618252445572492e-06  -6.118700561195978280e-04  4.352453282764920037e-03  -7.107202723456688834e-04  -4.112150653252103924e-06  8.973127997450814150e-06  -3.705461127548946945e-05  9.871838307163021548e-03  -1.481119896503173272e-03  2.556339908868097212e-05  7.908897508595893667e-07
1.333962609495101063e-05  3.131069080711186185e-05  2.463977392353506896e-03  -5.458307302199767134e-05  3.565364391282731943e-02  6.523300096923633233e-05  -1.081385307502502650e-05  -1.746674192339499573e-05  -9.819985745027133561e-03  5.986520941605006995e-05  -1.333917589073304677e-03  -6.526001329725259171e-06  -9.499670617969725145e-06  1.878383231053015469e-05  6.177816610465538399e-04  -7.580233694227146712e-04  4.288517548685265128e-03  1.052939853875704663e-05
1.872266310256034873e-03  -1.801137446890435211e-03  -2.972172119276056293e-05  2.704242271047162907e-07  6.528176993518272164e-05  3.221374075138761645e-02  1.724220623873141999e-03  8.528558126696336034e-03  1.625968903853942254e-05  1.461455215544666079e-05  1.186777929991092515e-05  -1.324803987312539065e-03  -8.628884360094199110e-03  -1.698474907075470889e-03  -1.104037032110199760e-05  4.403261976499225944e-06  -1.736675951747676764e-06  -1.531271264265068660e-03
3.594158628034946346e-02  -9.109229916290778866e-04  8.857421735433092036e-06  1.363311865036206938e-06  -1.083715150175775178e-05  1.724413401092147287e-03  4.352179948136670334e-02  1.014849758800551432e-03  -5.250983129351147138e-06  -8.228490224908858918e-06  -6.102805270550007391e-06  3.683404824187551038e-04  2.148158647487505638e-02  -2.226578162730630511e-03  4.117560639103347570e-06  -2.714759408317488239e-06  4.000946382284094004e-06  5.177811938357628624e-03
7.917187220782598810e-04  2.215718874994469442e-02  9.540126970052088863e-06  6.714212240595074057e-06  -1.739189224102685391e-05  8.528249411936738092e-03  1.014598438688405499e-03  5.002471030869375807e-02  -6.828860562935103455e-07  3.801638768083454104e-06  7.888500258636974526e-06  2.517308888886181893e-03  -6.304204128407281220e-03  2.144156119684688735e-02  3.706919285935265726e-07  -2.417835576112141917e-06  -3.717448278020705488e-06  2.615827437413700569e-03
9.248599326214811098e-06  6.311474716277083770e-06  2.286768349348369811e-02  -6.122964020564117303e-04  -9.819811813567776854e-03  1.626470205020596953e-05  -5.344044451703288479e-06  -6.158056004874115374e-07  5.119704050206957263e-02  -1.328899716129402716e-04  -2.510413596836841635e-03  -7.707231011112324645e-06  -3.046863029551003439e-06  2.698731725742054103e-06  1.559764385923658424e-02  -3.791893172072376486e-03  -3.552694114532400395e-03  -3.737876961186381975e-06
7.851339364233214186e-06  4.040400051520522679e-06  -2.493935378783328455e-04  4.352070510898478455e-03  5.985850192399465118e-05  1.476474803168764053e-05  -8.440067624474603745e-06  3.830917508490831467e-06  -1.328692444113707585e-04  4.095780463929798304e-02  -2.156545499274027341e-04  -1.565240031211326664e-05  -8.095537025431723995e-09  3.259983081042399986e-06  3.558705157394306037e-03  5.711011470651598202e-04  -1.078427563594197862e-03  5.346909869006729373e-06
9.570561845271814442e-06  -2.697641975740701221e-06  9.444274527004208400e-03  -7.107117939372298082e-04  -1.333963913148398768e-03  1.183685348863473003e-05  -6.091425572461605682e-06  7.938437734892620225e-06  -2.510333560064160422e-03  -2.156838316864366132e-04  3.636421570983956048e-02  -1.896398062627375073e-05  3.436979842596773905e-06  4.615314613978414062e-07  3.793785177662527958e-03  -1.723870442067395453e-03  5.800588366503250243e-04  -1.744864283687939560e-06
1.923968482580926522e-04  -7.577632276802231254e-03  3.234919769250019742e-06  -4.171096441708209199e-06  -6.662344003671131517e-06  -1.324748487548362951e-03  3.681556693555878852e-04  2.517257159458674738e-03  -7.737446164669280527e-06  -1.576514156795807278e-05  -1.897402341717804937e-05  3.553377946243925500e-02  -2.651090091776513950e-03  -5.112049344890669429e-03  -9.644882501075208609e-07  8.081481723513200664e-06  3.965587672454766856e-06  1.271350673717117985e-03
2.222661867630969235e-02  8.255970492549643278e-04  8.913265798392321611e-06  8.907856279318273677e-06  -9.674419185388742910e-06  -8.628978880897066051e-03  2.148176151138255982e-02  -6.304237724815798388e-03  -3.048864597898577389e-06  9.781230686979785858e-09  3.677126623668087527e-06  -2.651451711232579323e-03  4.992406395775139671e-02  9.727128778436989164e-04  8.077246209987196731e-07  -6.155162286161091844e-06  -1.527397427036304578e-05  -2.679576721717671223e-03
-8.639324779655184906e-04  3.602827663998127428e-02  -2.187381343798089554e-05  -3.712207458068052024e-05  1.884775908832567572e-05  -1.698528167439078808e-03  -2.226586012175307654e-03  2.144158655262748056e-02  2.696199273979914125e-06  3.154217317336513741e-06  4.523000076960043448e-07  -5.112073582983798353e-03  9.731904261959858091e-04  4.349456932085941918e-02  -4.230206709011855337e-06  2.050844133312482463e-05  3.966287586263413807e-06  -4.465902025511932303e-04
-2.491266338632176949e-06  6.343601570553118977e-07  2.294348826800635122e-02  9.871405879559565569e-03  6.178156790838519423e-04  -1.096615371026436675e-05  4.106791617594429709e-06  3.421789325060644942e-07  1.559784788013879146e-02  3.558922057570168204e-03  3.793847487164382550e-03  -9.804560987391259920e-07  8.054924588343457878e-07  -4.217987586272060806e-06  5.107979560886959786e-02  2.730729917516770341e-03  1.114633160170490632e-04  4.282271340002637098e-06
4.981843627979596424e-06  -1.663966833678086742e-05  -9.596278338501263230e-03  -1.481194692584424403e-03  -7.579800539580766171e-04  4.434646635022706139e-06  -2.816088353083113011e-06  -2.277261354229743697e-06  -3.792649618937263788e-03  5.704430436912869299e-04  -1.723913746732114172e-03  8.147331676792886402e-06  -6.009964616968730856e-06  2.059593618780237537e-05  2.730284730571564539e-03  3.598166047083373870e-02  -1.533951325423674801e-04  -1.322134124460739976e-05
8.939297107058931361e-06  9.211629595103246037e-07  2.511150071469235665e-04  2.530145276084190721e-05  4.288414268633005538e-03  -1.433468904191460765e-06  3.874957820459136801e-06  -3.682614374401151790e-06  -3.552784111531475265e-03  -1.078534843197931099e-03  5.801523326380692274e-04  3.651581664086561565e-06  -1.525152373460470309e-05  3.955747655158105322e-06  1.114004062979730868e-04  -1.530071650703718482e-04  4.101301932261425254e-02  -2.772790906134125924e-05
7.713389554806351217e-03  -1.114866977331389078e-04  5.398876573156143460e-07  7.201549876105010992e-07  1.052094206875534593e-05  -1.531337500349140828e-03  5.177841802896218128e-03  2.615026063709920915e-03  -3.849454042246478217e-06  5.251305648867321259e-06  -1.750475028276082824e-06  1.271382715942622182e-03  -2.679363772448536702e-03  -4.464131696715698677e-04  4.290441549874262817e-06  -1.317339999945497829e-05  -2.765163258063097401e-05  3.532584854445353084e-02
