4.370106853058798591e-02  -4.791280798264216205e-04  -2.769607936846816819e-05  2.174252466059032085e-06  1.031715564785650089e-05  1.847184662384214948e-03  3.583961647229378517e-02  7.694239082006707918e-04  2.573267261602472648e-05  -1.561149508387234272e-05  3.066673001672637084e-05  1.595636332236506421e-04  2.205483274007011621e-02  -8.654493366470410957e-04  -2.328478184503851493e-06  7.768785569535265225e-06  2.645520376353981048e-05  7.592065220504581012e-03
-4.793579665445254307e-04  4.368505691625517579e-02  9.385931919448988083e-06  -9.990806359712099758e-06  -1.783821671086702250e-05  -1.749350299339883386e-03  -8.983778261736335286e-04  2.203560948421146026e-02  -2.131291061171057357e-06  1.016637789876723975e-05  4.680973350468249815e-06  -7.568200706686427880e-03  7.831418136757612109e-04  3.588278013976643754e-02  -7.515430537382748136e-06  1.225345231817033972e-05  2.645302483488490370e-06  -1.277023800940922053e-04
-2.743879201166650705e-05  9.296853516610033367e-06  4.983602226347329245e-02  -2.312937421264477447e-03  2.296441503726381981e-03  3.747070881476763485e-05  1.559073111942573781e-05  5.479585699724993204e-07  2.273456942323852370e-02  -2.552441970944310107e-04  9.421882296298755843e-03  -4.063660153620475065e-07  -2.546540388445624102e-06  -2.889068729232657045e-06  2.276357034878286056e-02  -9.436566058363666729e-03  2.274850699966436348e-04  -1.697510786432903000e-05
2.164794618105289339e-06  -9.939481614088515671e-06  -2.312659607049941026e-03  3.591993082050302932e-02  -5.094392989647172394e-05  1.692137228125078870e-05  -3.202227224621932852e-05  3.394129562171874714e-05  -5.935624224436438206e-04  4.271594501256686417e-03  -7.045584942648333657e-04  -4.012392464330424006e-05  1.230124058304725639e-05  -1.369884489673079826e-05  9.705023019840971002e-03  -1.332775509453167171e-03  3.089662798830118229e-05  -3.206838343902778527e-06
1.019810094003185548e-05  -1.781247905809569458e-05  2.296248919153216078e-03  -5.093356677733552223e-05  3.611230182298569291e-02  -3.819554073485916945e-06  -4.135700820142858785e-05  9.612094969712487388e-06  -9.675924241026409578e-03  9.076822860162522821e-05  -1.338454401572083735e-03  8.357345326451454904e-06  4.297545657519778912e-05  -6.466832383444114529e-06  5.479444031168260228e-04  -6.833284548873150722e-04  4.236802763957041307e-03  5.995196360970806115e-05
1.847296626513960727e-03  -1.749445579576627873e-03  3.756687052400854959e-05  1.680680407923779162e-05  -3.801565632916946204e-06  3.247781485285864550e-02  1.629082454724366897e-03  8.473923510082432414e-03  -3.506212329995006353e-06  1.256411925490930118e-05  1.912651262174614085e-05  -1.404665974587253384e-03  -8.529670371170154988e-03  -1.632747352197704959e-03  -2.816004919887104772e-06  1.140346730944122630e-06  -4.511317837821810720e-05  -1.421549818872374672e-03
3.583951485113176516e-02  -8.983057287810271296e-04  1.583978440363220910e-05  -3.196583388766225314e-05  -4.139953450903522590e-05  1.628924635750954395e-03  4.366496967587823325e-02  9.838511966587682595e-04  -2.114709830321775505e-05  9.983446819393282162e-06  -2.465297872162751282e-05  3.713332072521139120e-04  2.131629029044418075e-02  -2.240660780059087424e-03  -2.167324641146994000e-06  1.522481828262210371e-05  1.139591721984320046e-05  5.067353177435083254e-03
7.697098079692750753e-04  2.203558124810271746e-02  4.600493519027843598e-07  3.378635040673616362e-05  9.745019916485863723e-06  8.473964525880258239e-03  9.835966126337440749e-04  5.009779640939354683e-02  6.575627243482348865e-06  -2.131249447263457923e-05  8.346985678037330237e-06  2.462118146003213111e-03  -6.247738578745441404e-03  2.130623138903283212e-02  2.002828221772222468e-06  -6.188985448411745361e-06  -4.887330219720555070e-06  2.620131935745200879e-03
2.564506531560879643e-05  -2.075133815002158024e-06  2.273455070220130325e-02  -5.938898437884909069e-04  -9.676100205839539836e-03  -3.605484057615815944e-06  -2.088179012710258246e-05  6.541477150723694236e-06  5.121587216750308341e-02  -1.090433889225594878e-04  -2.539741712731091901e-03  -1.580791206003798096e-05  -2.346922372299952342e-06  1.387663745513377728e-06  1.547994857367488916e-02  -3.733429880495311558e-03  -3.506924411030665472e-03  -5.419890168315790713e-07
-1.573440757223369598e-05  1.008208355010717364e-05  -2.552331797696752208e-04  4.271210668585922847e-03  9.074546338776588879e-05  1.264782809751313935e-05  1.006139935513436083e-05  -2.134415322121872356e-05  -1.091000974231944802e-04  4.101426151833144351e-02  -1.856905982721755808e-04  4.898876120456839849e-05  3.749320169699667998e-07  2.520623071819916456e-06  3.510984662579307806e-03  5.702512695178786357e-04  -1.066458021210970860e-03  -6.945891806332364705e-06
3.073318642733396385e-05  4.734797211880368049e-06  9.421695597848733089e-03  -7.046102884897141507e-04  -1.338350762087284858e-03  1.914302310554732113e-05  -2.467500633595173879e-05  8.546550767068719219e-06  -2.539687173156035191e-03  -1.856420544351735681e-04  3.628812710159257104e-02  -4.039540749026508426e-05  -3.784532456251321382e-06  1.112175600656240515e-05  3.739333757377635067e-03  -1.682334697517350042e-03  5.649003841511382159e-04  1.062846290732506349e-05
1.595182205571984676e-04  -7.568034261847127707e-03  -3.192816261166707481e-07  -3.987142961073487690e-05  8.407776895523298580e-06  -1.404596425846941837e-03  3.715356785593134335e-04  2.461989861565866758e-03  -1.596398096467547314e-05  4.904202229639898923e-05  -4.020393129377092923e-05  3.573567265050041353e-02  -2.620282905553189545e-03  -5.059174576006850339e-03  -1.863217129521413781e-06  -9.633799393172043200e-06  7.096218984968509508e-06  1.225424127852490228e-03
2.205491231672044791e-02  7.834337303633772450e-04  -2.614008762114341932e-06  1.213977073553498817e-05  4.294368622813965263e-05  -8.529858230010234355e-03  2.131672304185601441e-02  -6.247727875007815131e-03  -2.329940996447404051e-06  4.573115349098486619e-07  -3.812957334824297506e-06  -2.620042803657350247e-03  5.008569091193820072e-02  9.601851374148896983e-04  -1.840961556809484528e-06  -4.113581213884065465e-06  -3.626987748778228658e-05  -2.476296946336535836e-03
-8.654119565947362156e-04  3.588260235882641952e-02  -3.083931939255918459e-06  -1.365067785152728546e-05  -6.476677021256568547e-06  -1.632745000282769801e-03  -2.240558709101415739e-03  2.130595492569809304e-02  1.323100900744270875e-06  2.501850901242750549e-06  1.109230650913419318e-05  -5.059023126843752681e-03  9.605010307670504722e-04  4.363935303527868154e-02  8.918799170237321066e-06  -8.298938793007964518e-06  -5.362932423803435653e-06  -4.158370098870655144e-04
-2.261930376320400343e-06  -7.487622145413395563e-06  2.276353507854285071e-02  9.704485786806523254e-03  5.480634393823112429e-04  -2.541819678588345250e-06  -2.349088625877481044e-06  1.977196291338443967e-06  1.547995895263190244e-02  3.511041504334619107e-03  3.739252949635067831e-03  -1.869869137853479974e-06  -1.915612076884014511e-06  8.836415858924690132e-06  5.120030259856504090e-02  2.559327304207793634e-03  1.139654739225036010e-04  -9.799801012554080286e-07
7.746737186685285110e-06  1.221464348058781469e-05  -9.436863778605839720e-03  -1.332791629737640777e-03  -6.833343569483918108e-04  1.183336376243847858e-06  1.523201308984955664e-05  -6.129597551513200162e-06  -3.733770543837330175e-03  5.697252977861342769e-04  -1.682390731094668716e-03  -9.528186245142627293e-06  -4.326797022409902341e-06  -8.333558948209097582e-06  2.558808703012971711e-03  3.624559287999383483e-02  -1.730565219688727106e-04  3.365328072969540560e-06
2.639217541123072772e-05  2.854509076330376140e-06  2.274363896146411909e-04  3.066079705337008374e-05  4.236712430552473999e-03  -4.544466335416030552e-05  1.172539406018419118e-05  -4.886495656795592689e-06  -3.506924124794562943e-03  -1.066486788690430626e-03  5.650596767305386030e-04  7.092829974761761059e-06  -3.630693648075740312e-05  -5.572378800779774687e-06  1.140159527381102186e-04  -1.728193320264165061e-04  4.106606391333477574e-02  -5.975667109688351057e-05
7.592067547941040717e-03  -1.279600612403551413e-04  -1.719591676638338576e-05  -3.172881295525645518e-06  5.997670118819120588e-05  -1.421810931055238897e-03  5.067301946388531528e-03  2.619908740731145911e-03  -3.413934648893866402e-07  -6.760566958335851009e-06  1.060598955852835649e-05  1.225741764439827438e-03  -2.476094405942391111e-03  -4.156308549296090977e-04  -6.802207177370552937e-07  3.375675612880455783e-06  -5.971382737723651576e-05  3.570577091981329970e-02
