4.549681873929861675e-02  -3.041205425199940528e-04  1.342141090099570088e-05  1.408122152408920750e-05  -2.231511018664090104e-05  1.004931805210257118e-03  3.397985126588893429e-02  4.999655001082833460e-04  6.411069361408731135e-06  2.287156228049665277e-06  1.844112064604009268e-05  6.668933285369706317e-05  2.028017991182302568e-02  -6.395248084939766670e-04  -2.732847105938823787e-06  -3.483681029453462474e-07  7.509145370341875061e-06  6.939177838819346814e-03
-3.040606455243000149e-04  4.546685851038844567e-02  1.307907184175961373e-05  5.395458568215611285e-06  -7.707314569282707096e-06  -9.932774040232353156e-04  -6.315625369134692055e-04  2.027643074483684998e-02  2.202361200851999255e-06  7.918091293812491913e-06  2.795175735697793901e-06  -6.933297517833084296e-03  4.918044511747803526e-04  3.400068273778220768e-02  -1.989003044846865450e-05  2.993630598272063604e-05  4.866903860504128564e-06  -9.399277338454492666e-05
1.339008137163854023e-05  1.265888684454178109e-05  5.118896713454246933e-02  -1.305541169284967894e-03  1.283418834711731737e-03  -1.591198932739599744e-05  -1.150296295843469510e-06  -5.748573812460682355e-06  2.084270177983293601e-02  -1.138549582375427246e-04  8.261211910364199898e-03  -1.446476540588275249e-06  -2.869747384660754909e-06  -5.326808704654414051e-06  2.084390553987159819e-02  -8.251846221109514559e-03  1.180373403921919535e-04  1.215947892671418960e-05
1.410106109982841093e-05  5.345119593482067733e-06  -1.305543981624298494e-03  3.850035709906479697e-02  3.021343390673785149e-05  -7.024576964284380304e-05  1.597649317505590562e-05  -4.458402206536385217e-07  -2.772918849487605777e-04  3.538098714423251398e-03  -3.930438484559993441e-04  -6.051909921117748079e-06  -7.138509623447469080e-06  -1.231535996515694865e-05  8.402705900522253885e-03  -1.324297094865351573e-03  3.847883638094053203e-05  1.209771076655353487e-05
-2.244444233872698111e-05  -7.642485979267881109e-06  1.283285259254812608e-03  3.019154162425515334e-05  3.855119565711604551e-02  -1.267153146197583555e-05  1.046406264887251798e-05  1.090260649087215007e-05  -8.389348052365809202e-03  2.543491891604193639e-05  -1.315306573212563163e-03  2.100226874819619252e-06  1.441932676951169956e-05  -8.973633982615722402e-06  2.777932347764311264e-04  -3.866081554111811935e-04  3.543187020225161115e-03  1.085768653809502133e-05
1.004886738149900552e-03  -9.929230242870055057e-04  -1.586234856853261743e-05  -7.014948880143637459e-05  -1.264272928374771041e-05  3.644242082972939945e-02  1.095898630336808455e-03  7.560589904745435193e-03  -1.064949080877712220e-05  1.001686220203350065e-05  -2.752407371013527811e-06  -1.414607047439637305e-03  -7.561910505273976117e-03  -1.104451746872694333e-03  1.091102769388487054e-05  2.892158298776225385e-06  -1.115454784770572680e-05  -1.416130123776685769e-03
3.397984389825942086e-02  -6.315923639093416189e-04  -1.036989537167801288e-06  1.598483262718734560e-05  1.019647643205050918e-05  1.095778446933572342e-03  4.529128050281255174e-02  7.293694535262542061e-04  -2.045330206303084712e-06  -6.029004719740819536e-07  -1.541810779587803545e-05  3.361143808611517401e-04  1.958248547965878855e-02  -2.548970151086118671e-03  -4.050777067634177976e-06  -2.613403774764191187e-06  6.554318228993531240e-06  4.016129986605827644e-03
4.996290176840181190e-04  2.027642149589471005e-02  -5.827314762708705759e-06  -5.059142953808754300e-07  1.083210510766374350e-05  7.560549406832086858e-03  7.296662474593069688e-04  5.114231909296267781e-02  -3.131271325271603704e-06  -1.381968893764237031e-05  -1.216038344873774511e-05  1.314313424910429004e-03  -5.671565701870252829e-03  1.958676708180479703e-02  2.167624666669473363e-06  5.074800351046095741e-06  -6.864435543784609109e-07  2.508857058654245277e-03
6.733964795762344594e-06  2.154790776337374596e-06  2.084264815372125629e-02  -2.773164002009568998e-04  -8.389208122048533167e-03  -1.065564973300980269e-05  -2.266511263500753716e-06  -3.108060829579484927e-06  5.201094686887562657e-02  -6.522556568534112575e-05  -1.378450566635063554e-03  9.400434659666406846e-06  -7.849439562288755982e-07  -6.017517536479919619e-07  1.416365752301346377e-02  -3.146348839789505931e-03  -3.018981734100541214e-03  1.436267927564085330e-06
2.221891574121299345e-06  7.590978414780708236e-06  -1.139299764627274748e-04  3.537993781757983562e-03  2.538721200529608295e-05  9.930270556890008805e-06  -6.290159545558065999e-07  -1.408013775131225480e-05  -6.519276629004831032e-05  4.150859366205782858e-02  -1.106371775603217836e-04  2.100645334465273684e-05  -2.441292534819951662e-06  6.668899321284373716e-06  3.020601561870622006e-03  4.176697185701398751e-04  -9.147304754040240819e-04  1.440312237375387876e-07
1.864059652957657733e-05  2.810439005574134339e-06  8.261281791116247691e-03  -3.929973950266908472e-04  -1.315365809731488438e-03  -2.731262071602197818e-06  -1.547360337763603475e-05  -1.176289905149676842e-05  -1.378339270930417550e-03  -1.107548553751013876e-04  3.867434076658061992e-02  2.203296075262642039e-05  1.170655116524530122e-07  1.070628774955108368e-05  3.144370654095052491e-03  -1.225610181643282471e-03  4.209800929008560596e-04  1.060629281760981638e-05
6.666011519865942456e-05  -6.933295308257645881e-03  -1.820367619346448261e-06  -6.047233817562172011e-06  2.142355182348908403e-06  -1.414659614919585922e-03  3.361434293822670029e-04  1.314015927525627675e-03  9.452604077788892816e-06  2.082412005301131046e-05  2.204452004001486657e-05  3.830679586904722073e-02  -2.511798737145779295e-03  -4.027234272599121423e-03  -1.757443351384105432e-08  -1.370172367530285922e-05  -2.502888301420118619e-06  6.823912198785558663e-04
2.028023802612687748e-02  4.919960679457578223e-04  -2.922140805392781931e-06  -6.707556791547452234e-06  1.426356997504277023e-05  -7.561898617326943094e-03  1.958251600034738651e-02  -5.671551689984215966e-03  -8.203452462551523935e-07  -2.204871035327934224e-06  -9.730120518569358519e-08  -2.511674365039850108e-03  5.113976144116884337e-02  7.387544471488429040e-04  -6.774481079791950580e-07  7.888872476489651616e-06  -1.285748893204938902e-05  -1.315690856577353320e-03
-6.395155679627007473e-04  3.400057284249522610e-02  -5.747363857710358984e-06  -1.234982932327585287e-05  -8.967181734120733861e-06  -1.104239933684339611e-03  -2.549106477041228769e-03  1.958680249775633306e-02  -7.388987593853891686e-07  6.378669174670233246e-06  1.062077685135980267e-05  -4.027211477748792942e-03  7.389451442863303543e-04  4.527486677697787482e-02  1.759497917261573910e-05  -2.908608646260141064e-05  -6.333848620612296406e-06  -3.085068271981870132e-04
-2.711035519046276116e-06  -2.019603546905777281e-05  2.084382199005791608e-02  8.402501745968163696e-03  2.779014583686107483e-04  1.088517360440137244e-05  -4.191229781834698589e-06  2.176892959521550208e-06  1.416362686999863250e-02  3.020602210067356574e-03  3.144188029212502660e-03  1.611867602618584380e-07  -6.761636144431105906e-07  1.791541047080736862e-05  5.201698256422659233e-02  1.354984299267071677e-03  6.116802415241690439e-05  -1.019322809047198298e-05
-2.105926737058875494e-07  3.026349378706357028e-05  -8.251986982772692436e-03  -1.324270624669876594e-03  -3.866097715967235782e-04  2.876211639189677849e-06  -2.613148448195890350e-06  4.730437238004244732e-06  -3.146401874321270824e-03  4.175715781600225062e-04  -1.225599178492959955e-03  -1.374810869333986753e-05  7.784665752995709723e-06  -2.922651720438277734e-05  1.354861121129689568e-03  3.874526777883372658e-02  -1.099733384987377463e-04  2.142257333608305617e-05
7.281185096516504589e-06  5.049056758650765800e-06  1.180232124848629345e-04  3.846348914614910965e-05  3.543061991134422058e-03  -1.111465831958019022e-05  6.764862395352759027e-06  -3.214095252985131925e-07  -3.018977219324848159e-03  -9.147339240176254743e-04  4.211026375348593444e-04  -2.552324025896306882e-06  -1.266211427745410567e-05  -6.558629669645936450e-06  6.116563985485867381e-05  -1.100108463432740538e-04  4.149951855977349058e-02  -2.363184888469950726e-05
6.939190713668333226e-03  -9.396782715396815255e-05  1.213642858383338427e-05  1.218781495506882201e-05  1.089687279102284352e-05  -1.416285638076280381e-03  4.016224582740744210e-03  2.509092819930123890e-03  1.337732114515342621e-06  4.309395980898450399e-08  1.059127439180075159e-05  6.825033615345932727e-04  -1.315467240782435942e-03  -3.085529142317424713e-04  -1.022617135853557649e-05  2.139105515449228688e-05  -2.347591255736858692e-05  3.832394126383553007e-02
