4.521442686734893773e-02  -2.917981142349367367e-04  6.981990778149035054e-06  9.502057900511440405e-06  -2.085128773596843461e-05  1.155427388092652302e-03  3.429917049385299010e-02  5.161414377027908045e-04  4.404801511232778026e-06  -1.601868897343115688e-06  1.966345945370914281e-05  8.034869911694109352e-05  2.048478685515585374e-02  -6.770882262222783837e-04  -1.468027769862528360e-06  5.391124800989422684e-06  -2.329543657168361528e-06  6.967649211300071428e-03
-2.920922327796564256e-04  4.520031171407147552e-02  1.360551097400115600e-05  1.433522389998970206e-05  -1.884766835849063089e-06  -1.132628080508735202e-03  -6.748251886165275524e-04  2.047940966480974595e-02  1.065647296341981560e-06  8.656789841584933380e-07  -2.210172827366549096e-06  -6.963872846551972910e-03  4.945358406708383293e-04  3.433662777974283431e-02  -1.488320214213291346e-05  2.458322247328117264e-05  3.244729679320113886e-06  -1.392668634152587548e-04
7.289629690466408073e-06  1.366649924482467440e-05  5.106042047708140436e-02  -1.423022558784112863e-03  1.359684739638237268e-03  -9.877672541230318124e-06  3.469273480295633147e-07  -2.871263222755063524e-06  2.107612817187073245e-02  -1.327236376276744656e-04  8.402426947733257490e-03  -5.038543051807525704e-08  -4.608088459706088928e-06  -9.743438283344885373e-06  2.108465107391849919e-02  -8.375277905016404248e-03  1.214871005131390827e-04  -1.752797452933734016e-08
9.504523346509237053e-06  1.424195281234098889e-05  -1.422874178157794694e-03  3.819335574383005139e-02  1.580774952907852235e-05  -1.817022082360044381e-05  6.394912504047519400e-06  4.082605099214392149e-06  -3.143871799131934034e-04  3.628498603104766181e-03  -4.202211383081740775e-04  -1.345794093230365726e-05  -1.260356082583729927e-05  -1.712129868423763570e-05  8.562101790012663707e-03  -1.292136245286112321e-03  2.857058587930981819e-05  -1.710996047481459250e-05
-2.105457988122935381e-05  -1.905052960149421290e-06  1.359578875277021610e-03  1.581106088189746612e-05  3.833647470721361639e-02  -8.650696724800733709e-07  2.454341093786756132e-05  7.120584734102117398e-06  -8.526610957663292856e-03  4.410517994055043468e-05  -1.289201030534548650e-03  -1.163424526885408092e-05  2.058504813418932602e-08  -1.001054392926780781e-05  2.981594039172174248e-04  -4.117420599857362566e-04  3.635002662443973832e-03  -8.514595495903156544e-06
1.155624426897112990e-03  -1.132539834440232955e-03  -9.941028231662872534e-06  -1.817399801782318969e-05  -8.020395225848763696e-07  3.585115217211771316e-02  1.128798533630198924e-03  7.667475776483374979e-03  -5.328145919688445604e-06  -6.654031466457234901e-07  -1.373524930756451659e-05  -1.368155687744843085e-03  -7.695603784754367904e-03  -1.126414729003796193e-03  1.140886751313260506e-05  -1.765219319627908004e-05  7.033899607060432052e-06  -1.403359814574524226e-03
3.429896801466619793e-02  -6.748389123912122570e-04  7.075171526361025435e-07  6.352134754753453803e-06  2.441221432760465088e-05  1.128607122989027170e-03  4.503571270890380229e-02  7.763791170352250456e-04  -1.377470444801673362e-06  2.037136641224060312e-06  -1.182710591658603890e-05  3.278016790978577149e-04  1.979917907911193584e-02  -2.516324532751819994e-03  -6.646767499196599299e-06  5.890350747687305109e-06  -7.897428486494619143e-07  4.121605465049777740e-03
5.164480489010503904e-04  2.047953333775446444e-02  -2.967232819097977873e-06  4.209647172495673428e-06  7.278870703996475835e-06  7.667499783279844126e-03  7.761459113643441295e-04  5.106222379467237338e-02  -1.160362183271102715e-06  -1.966790614057931973e-06  -7.892257316386022960e-06  1.361971177476738182e-03  -5.736928135024257913e-03  1.980130657564004373e-02  1.581245451339015213e-06  -4.761257400809482387e-06  2.073697661202691205e-06  2.533907333863741947e-03
3.951776577541221083e-06  9.799328957401792450e-07  2.107606294525554355e-02  -3.146911462566703756e-04  -8.526733453652679540e-03  -5.484718067381949791e-06  -1.078923775482585069e-06  -1.180029684496245930e-06  5.193782479564323928e-02  -6.715379647754754293e-05  -1.490547569307088070e-03  3.690714224481639890e-06  -1.075320841857604980e-06  -3.139823368350797374e-07  1.433018547251039762e-02  -3.211936213536706417e-03  -3.081758486337190118e-03  1.883543698375093676e-10
-1.638252861160417503e-06  1.048223947638117905e-06  -1.327727676899999169e-04  3.628137743709853279e-03  4.400548521144546113e-05  -6.595395863504654096e-07  2.144131621997761799e-06  -1.956279451258793035e-06  -6.711649760789306803e-05  4.145532927410229551e-02  -1.208433258258801465e-04  5.425395920974930045e-06  -1.680069423898870470e-06  5.291538364638603241e-07  3.082229556474633432e-03  4.343368187471245245e-04  -9.372109011577053764e-04  -4.022470236946659324e-06
1.994203188102875820e-05  -2.269664732628817377e-06  8.402425666354438466e-03  -4.201523716128891407e-04  -1.288891600618434887e-03  -1.380427407778479212e-05  -1.223634382871329090e-05  -7.836723573885977546e-06  -1.490623663723441390e-03  -1.209109949065522365e-04  3.842152016582135732e-02  1.560224878150364507e-05  -2.206932701715025755e-06  8.949978227854182511e-06  3.213458320525424110e-03  -1.273176021294652452e-03  4.342366027512372761e-04  6.747592746510500975e-06
7.981251226996624755e-05  -6.963966245337761644e-03  8.570551473064317953e-09  -1.357036467284239151e-05  -1.181724055851820467e-05  -1.368010459390374498e-03  3.284210409463759204e-04  1.361914773960289397e-03  3.501631555735509915e-06  5.649531547936242516e-06  1.567147259189922119e-05  3.817545025443117718e-02  -2.531544002091330736e-03  -4.139664533113316877e-03  3.034719739133543703e-06  -4.125160243003455685e-06  -7.038793597399084038e-07  7.559893575208505865e-04
2.048436569187155748e-02  4.944683570928046223e-04  -4.613597129715777815e-06  -1.268285906152362283e-05  -1.309198188299268905e-07  -7.695628941289458201e-03  1.979964890473166414e-02  -5.736945032264785700e-03  -1.041285046583515973e-06  -1.692690006361397903e-06  -2.173061841021368907e-06  -2.531264545079961285e-03  5.106853410482023459e-02  7.927593834665278222e-04  -2.354624401324806669e-07  7.872726359162423261e-06  -2.123297465388248434e-07  -1.340709546321736589e-03
-6.771493000666056142e-04  3.433648326018905877e-02  -9.691403406058906000e-06  -1.716448518066471479e-05  -1.003467221176797336e-05  -1.126430945184234795e-03  -2.515990858041219306e-03  1.980128282624768823e-02  -9.879193617429294543e-08  6.413941050411429475e-07  8.944016111344447578e-06  -4.139576909453912198e-03  7.928256708839054355e-04  4.499435516768691967e-02  1.507074058184514672e-05  -2.526289905773077286e-05  -4.262328238975477856e-06  -2.730126594852204424e-04
-1.245654891056090252e-06  -1.452000673436644336e-05  2.108455956658869535e-02  8.561605127329079482e-03  2.982135668375715358e-04  1.154959110707198886e-05  -6.833734145662108697e-06  1.611984868142474266e-06  1.433021770519320517e-02  3.082248721800354401e-03  3.213492286067112791e-03  2.891523527612334600e-06  -2.368066872247442184e-07  1.486265857871624630e-05  5.195583079253725950e-02  1.432710196358218113e-03  7.442954005785215946e-05  -9.776765804917578274e-06
5.365944422529792154e-06  2.441605214165602853e-05  -8.375354699393702460e-03  -1.292043521669364054e-03  -4.116808673846087882e-04  -1.762289033466531575e-05  5.845215696094101692e-06  -4.595822571284156615e-06  -3.212173608379156539e-03  4.340735440372048152e-04  -1.273144502134266384e-03  -4.199290608569309048e-06  7.854803422731432939e-06  -2.509600998590920607e-05  1.432367263165943826e-03  3.855547269670407673e-02  -1.277892636942364014e-04  3.594708586088725437e-05
-2.659642597878544011e-06  3.310131608559708113e-06  1.215191812503314209e-04  2.837162426659406244e-05  3.634868669434404044e-03  7.212003084219712204e-06  -4.820481366833254271e-07  2.106934292251732249e-06  -3.081755298605653916e-03  -9.372105110085260284e-04  4.343149472147035802e-04  -6.522429069298772983e-07  -2.327874127647481343e-07  -4.393914300725803233e-06  7.437455432393898073e-05  -1.275837531168960367e-04  4.145226365951392572e-02  -6.682872290931305170e-06
6.967419629538145441e-03  -1.391743764164541243e-04  -1.099981251269652428e-07  -1.713274154222987417e-05  -8.554295692553799067e-06  -1.403610208528281895e-03  4.121848385357652911e-03  2.533901027850554190e-03  2.817915017070429413e-07  -3.992149110137574163e-06  6.634290063817470869e-06  7.561813782809757465e-04  -1.340440468244795402e-03  -2.729786225785336496e-04  -9.887697687562930452e-06  3.604695250098169325e-05  -6.454607758670908942e-06  3.823081958107876072e-02
