4.336331191431535420e-02  -5.420749769529567118e-04  3.920023664956474884e-05  -4.549447465620168440e-06  -6.509755036408777621e-05  2.006349351465709554e-03  3.616532045024398873e-02  8.702471540460131327e-04  -2.349101824262573538e-05  4.828843190338625572e-06  -8.568677360417858977e-06  1.500236047801492155e-04  2.245707939431695888e-02  -9.295080317657439034e-04  1.043331050669686535e-05  -1.485549264127411785e-05  -2.593701508287432381e-05  7.690939829813175574e-03
-5.421141480583131214e-04  4.337698342650875977e-02  1.981337109304197934e-08  -2.902891776391770617e-05  -8.614081636079617832e-06  -1.868152286870071845e-03  -9.472438024401250460e-04  2.246019978408462028e-02  -3.940960462454466192e-06  1.597926011345708025e-05  -9.645920467199517412e-07  -7.757594475664674784e-03  8.614670315480281709e-04  3.621756287109796635e-02  2.966201306457537073e-06  -8.323739123552682397e-06  -4.453546776436327917e-06  -1.546187777460556574e-04
3.919489110859701857e-05  5.334370307097822336e-09  4.945100370982376953e-02  -2.644703282294175433e-03  2.527233912996458640e-03  1.193164850256847706e-05  -4.051940164821310459e-05  6.556027519365728474e-06  2.318322032585242581e-02  -2.872812885859659586e-04  9.678090326289143577e-03  -1.121793157780021434e-05  -2.273107124343552501e-08  5.064769544047943589e-06  2.318635934618124006e-02  -9.632586448115449534e-03  3.198671195390503084e-04  -3.270549647344612030e-06
-4.674830033318080889e-06  -2.900734482160200912e-05  -2.644378554532874227e-03  3.505416781813178173e-02  -1.931698858945794079e-04  -6.172022708764203784e-05  -1.080187918290914158e-05  1.421385034122120492e-05  -6.722336078216079860e-04  4.447625067445031520e-03  -7.711511058097603438e-04  2.306743358236186227e-05  1.451888784204193974e-05  -1.049026168246595524e-05  1.001212448290177311e-02  -1.237033433982136915e-03  1.237402389404917188e-04  9.024304242773759592e-06
-6.517814327871334821e-05  -8.559181357332035396e-06  2.527318118150939305e-03  -1.932216956284535608e-04  3.528063267386916113e-02  -5.129718706857277723e-05  7.851962802715305341e-05  -1.743279301000601143e-05  -9.977192738321875171e-03  6.118256060825344792e-05  -1.267919680665334156e-03  3.791367187038495771e-05  -1.548837412214500839e-05  -5.643908326316620493e-08  7.036383243037030609e-04  -8.255623134083315759e-04  4.442080500465925806e-03  -2.127542161364570761e-05
2.006601394774792935e-03  -1.867957491824269846e-03  1.200158324074326610e-05  -6.200771566539302717e-05  -5.164805295231168167e-05  3.174060109895767562e-02  1.801357988077804647e-03  8.615478648508945528e-03  6.407321337977816366e-07  4.967352905829054146e-05  1.159944822615342529e-05  -1.372248907575783798e-03  -8.746952905390625865e-03  -1.736852506035183692e-03  -8.090956147617870271e-06  1.437402897515498131e-05  2.293042266598859273e-05  -1.363722142262839467e-03
3.616515329614473917e-02  -9.472876649400884495e-04  -4.048377053323928338e-05  -1.081512765858844328e-05  7.832331815419885687e-05  1.801373521635724409e-03  4.335641414278163658e-02  1.029096620900511955e-03  2.025391174369250459e-05  -1.925787464766115149e-06  1.610494977252990072e-05  4.462449403051136580e-04  2.172511155403379635e-02  -2.175715463179206735e-03  -1.065010231739486870e-05  2.169789803788696271e-05  -2.357838437378144403e-06  5.266829862009981406e-03
8.700330398789182925e-04  2.246026800841181142e-02  6.637241597803542646e-06  1.387339226607433278e-05  -1.819106388699593950e-05  8.615479350246755749e-03  1.029164110070142617e-03  4.975380458638659076e-02  1.270434597726343432e-07  -8.237189705012804510e-06  5.293382682596096549e-06  2.912903134562764250e-03  -6.387419957871141862e-03  2.173285827893751271e-02  3.930849103692390618e-06  -3.696267130915206886e-06  5.038539961367896614e-06  2.674606223775089549e-03
-2.356002705781212836e-05  -3.912909400608711391e-06  2.318310629249361113e-02  -6.727279810561607055e-04  -9.977124283580347114e-03  7.917979440217554483e-07  2.035852654563216274e-05  1.423775074192533745e-07  5.099519787393905906e-02  -1.367167506395700299e-04  -2.865907414326682775e-03  8.530051567849194615e-06  4.808309291576435451e-08  7.864735343802198906e-07  1.579438078663502124e-02  -3.869733476189120887e-03  -3.624492935689207964e-03  -4.076488928088483946e-06
4.798556137845042121e-06  1.589420054542423134e-05  -2.872052903247180548e-04  4.447471859155010740e-03  6.132386497643917047e-05  4.944099562085460075e-05  -1.916424862038339423e-06  -8.258064141751656208e-06  -1.366271594323352316e-04  4.085320708495061848e-02  -2.187944634451832640e-04  -1.497861876847928464e-05  -9.308961839818845701e-06  1.133832625416803194e-05  3.643100159127016062e-03  6.078881304626723540e-04  -1.094790321844310100e-03  -4.781434695587309609e-06
-8.482536653000810156e-06  -1.016981014038322223e-06  9.678216705312180090e-03  -7.711203398234281079e-04  -1.268227510694558066e-03  1.133637780762402703e-05  1.596870188220100425e-05  4.720081400441899842e-06  -2.865684399417493290e-03  -2.186732532473892440e-04  3.561300804748802201e-02  2.775028849090361946e-06  -8.476461278853425087e-06  -2.918031801073941641e-06  3.881991911314399378e-03  -1.805400651010926781e-03  6.182601043076600906e-04  -2.663365189724140942e-05
1.500115492773638245e-04  -7.757769888116167710e-03  -1.109067123994824314e-05  2.312801549734782994e-05  3.814594312136213640e-05  -1.372363152277250196e-03  4.462540136442603501e-04  2.912537042764938057e-03  9.021901597470747603e-06  -1.491576769737964230e-05  2.837837105875851112e-06  3.472274649372729394e-02  -2.658316458603507144e-03  -5.333959626363350172e-03  -5.187136176369149456e-06  -9.496378536750026395e-07  -3.841882309816014283e-07  1.355232879305268839e-03
2.245698447463159025e-02  8.614151409845913297e-04  -1.559852133100364077e-07  1.464559682345394362e-05  -1.510881848935992010e-05  -8.746789489707005455e-03  2.172543639260202802e-02  -6.387412143669897457e-03  7.510570191667346664e-08  -9.319345743559138615e-06  -8.822332370483406476e-06  -2.658393944389114867e-03  4.982907220857516611e-02  1.009566774791925648e-03  8.071004404272805367e-06  -1.623158673795656469e-05  2.428041406942357637e-05  -2.720898688695199200e-03
-9.294625719161291868e-04  3.621748305194689987e-02  5.150719831276604667e-06  -1.043567612025975755e-05  -9.792234467860340909e-08  -1.736668079747724506e-03  -2.175747980786885312e-03  2.173270585143431341e-02  8.343676033100250832e-07  1.140481169276567386e-05  -2.906139620401365027e-06  -5.333998122498037273e-03  1.009472731099494936e-03  4.331390808590018793e-02  -8.898446737361377957e-06  1.484802734281211258e-05  -4.701141751844778695e-07  -4.548367752841216442e-04
1.050728556533879223e-05  3.093916066178754210e-06  2.318645507781364606e-02  1.001249292029982724e-02  7.039779438707808494e-04  -7.809276115993509291e-06  -1.094034851684212896e-05  3.988640444356220536e-06  1.579440620860666014e-02  3.643073655902664791e-03  3.881816678418624836e-03  -5.364958208882158878e-06  8.171730605885496710e-06  -9.035178859648677294e-06  5.102783177850333390e-02  2.769956393249937889e-03  8.533074422348031199e-05  1.494917336527869480e-05
-1.485851648565855170e-05  -8.143381505737757193e-06  -9.632647484169884131e-03  -1.236917974815013137e-03  -8.254869841700665728e-04  1.443255473996936052e-05  2.161189026317883710e-05  -3.828354845211975976e-06  -3.869947399370401650e-03  6.077437285727163704e-04  -1.805439228968758062e-03  -1.024112742600346378e-06  -1.602074497650846994e-05  1.469689250830404606e-05  2.770004719149608309e-03  3.579642830701808276e-02  -1.426843227742005064e-04  -3.370062479294098229e-05
-2.583640976017288654e-05  -4.379352810171074052e-06  3.200627897991512364e-04  1.241736883361734792e-04  4.441808809537567404e-03  2.262340875166173621e-05  -2.325360941332546708e-06  4.947138291995584442e-06  -3.624433524172053240e-03  -1.094754359350214382e-03  6.185385877957040026e-04  6.749982333527208694e-08  2.432762858890798180e-05  -4.116178982097207264e-07  8.533809457694879991e-05  -1.429122947829918023e-04  4.088047999107333186e-02  3.476574776356728975e-05
7.691024580355112356e-03  -1.547074995143026097e-04  -3.342594518382802776e-06  9.230154651107739288e-06  -2.116922388110884906e-05  -1.363726147093016153e-03  5.266775285793629663e-03  2.674514892351167582e-03  -4.061231831401230324e-06  -4.776988724368667205e-06  -2.679111242224842585e-05  1.355334394870471096e-03  -2.720684951107774693e-03  -4.545658905548496812e-04  1.466694509700232990e-05  -3.388299936914426113e-05  3.466842302960918649e-05  3.510624776047540502e-02
