4.329678065598182440e-02  -5.738578215531054847e-04  -3.257535988781688676e-05  -8.297872967388760043e-07  4.260465981772771813e-05  2.006045243003354989e-03  3.619554622378876735e-02  8.646525710682771270e-04  3.105542759231089004e-05  -4.306154496229545565e-06  5.673907469298932892e-05  1.737532750420497517e-04  2.252287234498637561e-02  -9.128492324416404534e-04  -4.054927813800785704e-06  5.923527394907020847e-06  -4.212367130327884427e-06  7.817713983782855966e-03
-5.738574499660524736e-04  4.329735580896351688e-02  -1.441440364320641747e-06  -6.593148152761700435e-05  -2.510600774531106553e-05  -1.945042272280956370e-03  -9.500392939826401680e-04  2.250435431633948657e-02  -5.679187140719408080e-06  3.258580946436076173e-05  2.399998887627150589e-06  -7.770744541595629024e-03  8.852994370593673034e-04  3.620775084522692006e-02  2.982375112500530779e-06  8.448290534779883391e-06  -4.791634467903524735e-06  -1.630250613195747622e-04
-3.247421203164051022e-05  -1.418668959914250537e-06  4.933185209392050574e-02  -2.744575825001608661e-03  2.670415205135417535e-03  4.278156299089230460e-05  2.155594266796008858e-05  -7.939349869450957700e-06  2.319899381905166091e-02  -2.825951105105759106e-04  9.688203037867904391e-03  8.859578555954776471e-06  -8.333162922665167423e-06  1.929906766085899772e-05  2.325401195106137353e-02  -9.754815532497729952e-03  2.808523631534425393e-04  -1.790109685969338218e-05
-8.024555453705040031e-07  -6.585258706857569739e-05  -2.744226171622648602e-03  3.499807106182525884e-02  -1.031296224117269434e-04  -1.243554430593149556e-05  -1.813658779051475811e-05  4.022517343731268387e-05  -7.213221746697462671e-04  4.403368662850072092e-03  -8.561862754330408411e-04  -5.779599829493126296e-05  1.159449148670358066e-05  2.796813317559161493e-05  1.014734949453758792e-02  -1.488703296920599077e-03  4.536217330033483393e-05  1.255429470275067222e-06
4.267690406657506397e-05  -2.515789487775068727e-05  2.670642387062815808e-03  -1.032089199558104827e-04  3.510987345558243961e-02  -5.784883533629024373e-05  -1.609921449571028934e-05  1.977388944935746977e-06  -1.005891854026211285e-02  4.655966651478784591e-05  -1.345309508866088851e-03  -8.920647217205935150e-06  -2.459639616115524763e-07  4.340005496082827524e-06  7.013972725652932319e-04  -8.215732975912817251e-04  4.410439056989316417e-03  1.391377872423412075e-05
2.006197427845959978e-03  -1.945266072359827514e-03  4.277412990754697353e-05  -1.246352304560023024e-05  -5.775469268106744875e-05  3.142553408674083476e-02  1.827387327037000974e-03  8.720771816911705374e-03  -1.452832035025615950e-05  5.334324256010442191e-05  -2.301788493730744012e-05  -1.377637036703028553e-03  -8.762573745642572923e-03  -1.861705068113439542e-03  -1.257376879463714230e-07  -1.989627709827358754e-05  -1.317822660386135154e-06  -1.509957426905523875e-03
3.619540227674577365e-02  -9.499194118353211863e-04  2.162055577557166880e-05  -1.814723068900498851e-05  -1.609592899607713851e-05  1.827586637237808495e-03  4.325735313299867990e-02  1.045711195595173688e-03  -3.591403427966842070e-05  4.012641295382108318e-06  -7.519362247395971631e-05  4.202930719607392567e-04  2.177747053361449303e-02  -2.164597403402606333e-03  3.584031071271831997e-06  -4.166004182310932810e-06  -2.525469022090080969e-06  5.368954357984749917e-03
8.644897193256549997e-04  2.250446281729638620e-02  -7.897243916767003605e-06  4.032701269785362127e-05  1.640263764223768364e-06  8.720731326055582502e-03  1.045895066287539721e-03  4.973871313602338390e-02  4.163222106986993014e-06  -5.305909786783206494e-05  8.825432191709625372e-06  2.909198561565782583e-03  -6.423067236398887631e-03  2.174602035856378762e-02  8.878532364501024092e-06  -6.875799885444376559e-07  3.602605105021552140e-06  2.610803771028923949e-03
3.112711900836490520e-05  -5.685781742890468686e-06  2.319889101349743160e-02  -7.216715793430583453e-04  -1.005865993337477782e-02  -1.450493869966135032e-05  -3.606267891053142535e-05  4.173405944166497135e-06  5.097686955431896677e-02  -1.276502713960074597e-04  -2.869839072221464817e-03  4.417432468128774296e-06  9.663644424894064772e-06  -6.159306589993872961e-08  1.582477791096499956e-02  -3.912441920853636408e-03  -3.639450636141260999e-03  1.332613708795062650e-05
-4.453503898964403087e-06  3.261808352080355965e-05  -2.825008033819989290e-04  4.402933291121853554e-03  4.617766038607363355e-05  5.326398691340719302e-05  4.193355349173001476e-06  -5.310424258004191501e-05  -1.277545161982931727e-04  4.092465454211170056e-02  -1.855981657411799569e-04  8.945180988868531226e-05  -1.202788798594255921e-05  2.076048345649801453e-05  3.640753057048817104e-03  5.953353847264065534e-04  -1.105797072993218834e-03  -1.225538098050336081e-05
5.672006874260848773e-05  2.325422523396632780e-06  9.688104100801708460e-03  -8.563070893142685994e-04  -1.345388415508560380e-03  -2.310866418799005799e-05  -7.541353290852376460e-05  8.611093914515000446e-06  -2.869578255290101791e-03  -1.855624932703250408e-04  3.561496186368679623e-02  2.258808745455563266e-05  2.277970506197704342e-05  -7.691104525948802413e-06  3.903848781418661242e-03  -1.836961648568465446e-03  6.025761687863719898e-04  2.490941462123875518e-05
1.738146444762976865e-04  -7.770543953024102758e-03  9.303234796317151733e-06  -5.759084864266219526e-05  -9.120340895132025713e-06  -1.378070851603573153e-03  4.200979679685945198e-04  2.908788255791813770e-03  4.364752365926679469e-06  8.921966047064127314e-05  2.271325090513154164e-05  3.468531094759937788e-02  -2.645524242944102995e-03  -5.343749992118008475e-03  -1.690532617021092519e-05  8.550535988704335231e-06  -4.735659613292176565e-06  1.388668356636288664e-03
2.252266053629651057e-02  8.852453385900781744e-04  -8.451233630021159617e-06  1.164995808428661249e-05  -1.491551841804407225e-07  -8.761999114877608644e-03  2.177792440006339619e-02  -6.423031804889905647e-03  9.673199304934405242e-06  -1.205811044437823408e-05  2.287130813074707156e-05  -2.646044700908866277e-03  4.968560026020581860e-02  1.024300316286417970e-03  3.147901829775292785e-06  -5.114506720241573727e-07  1.118796416732663920e-05  -2.962139704275592190e-03
-9.128043631633526046e-04  3.620772293898734395e-02  1.929575608698911354e-05  2.791510726532434519e-05  4.320477522177704928e-06  -1.861758533789122745e-03  -2.164644166945123380e-03  2.174606148331438907e-02  -1.893261154342136570e-08  2.080186453935991113e-05  -7.679812871070763181e-06  -5.343724318992888744e-03  1.024190704964031287e-03  4.328752379316180149e-02  -1.102331415341386535e-05  -1.052636997856059930e-05  -1.076934327658927174e-06  -4.164548361380979624e-04
-3.660464075541438026e-06  3.382680581361591161e-06  2.325425164801315364e-02  1.014791483961995436e-02  7.016703662086753047e-04  -3.034886893182411661e-07  3.506517325094509256e-06  8.894938306269440330e-06  1.582472905241747579e-02  3.640763769775296442e-03  3.903490482393882129e-03  -1.749981206131320246e-05  3.167011753567871734e-06  -1.122579912201986053e-05  5.093086168864683488e-02  2.911425702567501609e-03  1.261193341851378719e-04  3.136723395436524173e-06
5.850754890060609873e-06  8.429628200052923843e-06  -9.754855991041229760e-03  -1.488526185544731054e-03  -8.215381381657183620e-04  -1.987777790113635183e-05  -4.174453749533022854e-06  -5.014726732046662002e-07  -3.912504672534859208e-03  5.953347909350139786e-04  -1.836945486461899609e-03  8.686552819916867459e-06  -4.382401486557229787e-07  -1.050722243622084143e-05  2.911547943693551261e-03  3.562980491817349660e-02  -1.834054625452337329e-04  -1.677700486722215347e-06
-4.441630335145907771e-06  -4.785996689172608965e-06  2.807620839306849319e-04  4.524501409631153867e-05  4.410174338960540404e-03  -1.522855859490283984e-06  -2.173367486474545786e-06  3.543648128314283035e-06  -3.639317523327854562e-03  -1.105809293755791959e-03  6.030474752774702676e-04  -4.449249601169193497e-06  1.120794834369465300e-05  -1.107068759676844359e-06  1.262363258072978097e-04  -1.835090730172587645e-04  4.089766743574443225e-02  2.108497208448224179e-05
7.817715139779720171e-03  -1.629837237568795502e-04  -1.810639006307676409e-05  1.186822152285119873e-06  1.389723386687976943e-05  -1.510311817485484763e-03  5.369043236824268088e-03  2.610678980762974697e-03  1.340578027382302078e-05  -1.212961604379854767e-05  2.488772152233007317e-05  1.388686192301423136e-03  -2.961911940503214168e-03  -4.164138697113655059e-04  2.807008491507443852e-06  -1.702087172800584442e-06  2.115643916917345509e-05  3.473687724815083949e-02
