4.329796182504052487e-02  -5.863250016590568518e-04  -3.080138209873498198e-05  1.066465503980897639e-05  9.422097221752213480e-05  1.925729965102086945e-03  3.620284424112630434e-02  9.009818822509468037e-04  3.525606434453292572e-05  6.630470017175592744e-06  5.416056147362436555e-05  1.326903689780987040e-04  2.250624686369362415e-02  -9.395134735302835627e-04  -1.494963459248468760e-05  1.991494950385494191e-05  -1.326297538612677730e-05  7.792552383302222760e-03
-5.862502211132949569e-04  4.332156508829120012e-02  2.453872420353754322e-05  1.503025588228206171e-05  -8.702418925216431992e-06  -1.948951680541221448e-03  -9.147546106822050443e-04  2.248301753014648324e-02  -1.486056000051570227e-06  2.727662454928877204e-06  1.033334424983864279e-05  -7.737901370446800993e-03  8.726936744326821340e-04  3.620345673847989720e-02  -3.146003346442621064e-05  6.104115823937852371e-05  -7.930050390238782326e-06  -1.720172071614724956e-04
-3.081275162618565063e-05  2.471228343545201899e-05  4.936808160860026856e-02  -2.681413627674060409e-03  2.654369983748428811e-03  -1.256649051949038496e-06  4.321633484827835800e-05  -7.340449503344652365e-06  2.322731197007135359e-02  -2.538002319796609473e-04  9.723006736135516442e-03  1.272193108680549235e-05  -9.743963189834602305e-06  -2.359773938578094179e-05  2.322011122722103527e-02  -9.735430141912243887e-03  3.034515582186783048e-04  -2.460618124561446526e-05
1.063344819562627598e-05  1.501004396177536039e-05  -2.681448655609779044e-03  3.518104523475021339e-02  -9.332419313569140272e-05  5.303656687257150566e-06  7.710586071328783781e-06  -1.364215024581539145e-05  -6.802499659108331544e-04  4.378639737893133890e-03  -8.013877316502893752e-04  1.560290735022200640e-05  -9.512957296381355736e-06  1.216774130248844419e-06  1.006256064228255344e-02  -1.351857924638320916e-03  7.809243324409505607e-05  -1.888486779749255410e-05
9.420441849101569376e-05  -8.745546391512699509e-06  2.654160605661002280e-03  -9.338100292249401277e-05  3.507099651058257633e-02  -8.096819700844106978e-05  -4.419024909564791913e-05  9.419041197810180439e-06  -1.006885459386507378e-02  4.547908647349962495e-06  -1.362984146516652353e-03  -2.738902284783053552e-05  -1.596976107057808601e-05  6.548102893863113282e-06  7.240070076791620297e-04  -8.471005914396602041e-04  4.424956073079344514e-03  2.410989908927554548e-06
1.926011073193391711e-03  -1.948954494339964283e-03  -1.574584034395806668e-06  5.373705946702741811e-06  -8.086530811169915123e-05  3.147078327420187865e-02  1.855322898152586553e-03  8.700373994277857057e-03  -1.224361250789317477e-05  -1.122444657382304404e-05  -6.752006054508181699e-06  -1.307450771911749946e-03  -8.711555268603642099e-03  -1.833584287220523272e-03  1.447261992497495186e-05  -1.302912368391348347e-05  3.451733515249471413e-05  -1.449677157523016242e-03
3.620288636823187911e-02  -9.147745721124268033e-04  4.328682403461190005e-05  7.824272398287628486e-06  -4.435358602839647806e-05  1.855656585744513021e-03  4.328895591232666262e-02  9.960582961717184131e-04  -4.145010089232375637e-05  -5.384282788298635109e-06  -6.804741854580453550e-05  4.746431609875764756e-04  2.173926282028575130e-02  -2.159840227206120782e-03  7.859001772048250940e-06  -9.446986138166540062e-06  -1.834863638241316405e-05  5.329844857294288758e-03
9.006919259168734600e-04  2.248292281190695033e-02  -7.488871059794478511e-06  -1.362061239717467646e-05  9.896910438074267021e-06  8.700009081498972369e-03  9.962691286298211348e-04  4.976762305431770006e-02  -2.494627580825775704e-06  -9.955855906237176609e-06  -1.438036079707727437e-05  2.857840347974624755e-03  -6.397744927644746088e-03  2.174800805355558975e-02  -6.700843615063860142e-06  1.263459037074766298e-05  8.176772270134867761e-06  2.662491195918399896e-03
3.535435487956054625e-05  -1.484368126061807493e-06  2.322741681662508773e-02  -6.801040260556544389e-04  -1.006847815531754578e-02  -1.257275354036220289e-05  -4.162584682724640970e-05  -2.416983072705343719e-06  5.094105678697254808e-02  -1.406467807853326230e-04  -2.935880957496517490e-03  9.188683314123155242e-06  9.501633004979956643e-06  5.565980637402280203e-06  1.581626787822062313e-02  -3.894753263283167767e-03  -3.632382716744752497e-03  2.379424533691008195e-05
6.737193569311850765e-06  2.956591523387150437e-06  -2.535523134095823451e-04  4.378702634726826595e-03  4.377542057521838794e-06  -1.171280162602502271e-05  -5.368142177279875257e-06  -9.920175780060657862e-06  -1.406757735069763158e-04  4.095161878372112485e-02  -2.003094658509921094e-04  2.895774227075646054e-05  1.287502509114071678e-06  3.899813000840474433e-06  3.633272151889454030e-03  6.020185288552385274e-04  -1.108452390427584365e-03  2.845799685953235580e-06
5.418391536760538979e-05  1.036359160037161728e-05  9.723019874387327580e-03  -8.014477147246406360e-04  -1.362745868941122240e-03  -6.628052867145180103e-06  -6.801915113993006669e-05  -1.453832615811925760e-05  -2.935540473762957622e-03  -2.004500372794016457e-04  3.549188246850375900e-02  2.644232062024653732e-05  1.014882065414028887e-05  4.986233859071706326e-06  3.910900096437120582e-03  -1.848144986232674869e-03  6.112964384637698456e-04  3.083222057815965901e-05
1.324081240015907441e-04  -7.738140117064316696e-03  1.266199856083924017e-05  1.569097889458024645e-05  -2.734764011464203842e-05  -1.307737403889795095e-03  4.748728953854548969e-04  2.857355870709788349e-03  9.676351933218345008e-06  2.893346047256443884e-05  2.638461947914301793e-05  3.476542326058260080e-02  -2.661509654690942354e-03  -5.333101372534307903e-03  7.440026453971518046e-06  -2.894698688935913708e-05  -8.933694702552883138e-07  1.357859710650396491e-03
2.250637533449719938e-02  8.726601493219757200e-04  -9.654829559140413127e-06  -9.461625790956949795e-06  -1.572463567440620036e-05  -8.711156723275921207e-03  2.173940713739800842e-02  -6.397757579589010042e-03  9.368673045756296372e-06  1.196965631076178845e-06  1.009168798083650549e-05  -2.662185956588182436e-03  4.974655184413442205e-02  1.020569297403639076e-03  -9.112544885605627369e-07  4.764665345639001718e-07  2.289811521266645728e-05  -2.907101078288386667e-03
-9.395212942351548148e-04  3.620344869308751712e-02  -2.363343937732695701e-05  1.131712036220113728e-06  6.439482154331301042e-06  -1.833703356262790431e-03  -2.159848415864151511e-03  2.174770898972848421e-02  5.937136439024471653e-06  4.158463152198662506e-06  4.976455851859751741e-06  -5.333042409835255654e-03  1.020488302278074483e-03  4.328495657249931822e-02  3.735697523299534492e-05  -7.196447647337570559e-05  3.897047203259267829e-06  -4.452994842222799689e-04
-1.487718950817009364e-05  -3.145487261076919963e-05  2.322018298547240400e-02  1.006241111167775412e-02  7.239445920783689915e-04  1.427570618636383597e-05  7.828967595676545758e-06  -6.650584252691557884e-06  1.581635591600565396e-02  3.633504420520315692e-03  3.910929849545002543e-03  7.513144820930522937e-06  -8.581816711545306782e-07  3.733531197081440335e-05  5.094944219645920064e-02  2.926463608733130984e-03  9.270665304454942955e-05  -1.721903002027310530e-06
2.000223198236757320e-05  6.123688593043706498e-05  -9.735458834220660218e-03  -1.351905915633148545e-03  -8.470636792535154178e-04  -1.299680360912835226e-05  -9.239263357407680085e-06  1.236696531193598621e-05  -3.894902999088730149e-03  6.015188569732205729e-04  -1.848163832763045043e-03  -2.892513875243357945e-05  2.801659086378533229e-07  -7.213264689819791180e-05  2.926107608137064418e-03  3.548950953392785573e-02  -1.236922032088420137e-04  1.100427814651543306e-05
-1.307880191194518361e-05  -7.873579933300181105e-06  3.035736853433831884e-04  7.782782119235756167e-05  4.424322555021502346e-03  3.400117783864920428e-05  -1.822148664005820702e-05  8.171578911741862882e-06  -3.632343342150780047e-03  -1.108459025827048189e-03  6.116248818385009410e-04  -8.215621654126229662e-07  2.275908077375041015e-05  3.855848875836016380e-06  9.267078848570513218e-05  -1.233749726157096389e-04  4.091763766678842978e-02  2.479849292014476341e-05
7.792455614983958938e-03  -1.720803908168799356e-04  -2.465437763715034230e-05  -1.872214512919389472e-05  2.615974758749529442e-06  -1.449158190099503500e-03  5.329864434481088389e-03  2.662265089727465072e-03  2.355407331029910374e-05  2.583513606087635229e-06  3.087120669595710612e-05  1.357691508825021025e-03  -2.907269256051148252e-03  -4.452902048540953168e-04  -1.684948386021959255e-06  1.094318420741500262e-05  2.494874715425375524e-05  3.472303337525423084e-02
