4.520168657452548061e-02  -3.253790064817036181e-04  -2.606776814470490014e-05  1.252388250937106019e-06  1.318803951679327978e-05  1.111100205034163324e-03  3.429922102318628402e-02  5.376978475605558765e-04  3.891293989919453525e-05  -4.297955251858949495e-07  7.430515643086477683e-05  7.462577974304013956e-05  2.051671046260771306e-02  -6.789644262540552727e-04  -3.691955443063947407e-06  1.068747079478683547e-05  1.358454135301241803e-05  7.022781861750768476e-03
-3.253412950763298400e-04  4.521592629190702983e-02  2.094134752430851625e-06  1.381224756723707006e-05  -4.207252461133052535e-06  -1.111917093533468974e-03  -6.732907543550408890e-04  2.050162131055381989e-02  1.209719997643192190e-06  5.070031571335475888e-06  3.944097806559919214e-06  -6.994011867631291963e-03  5.337554732398338371e-04  3.429412678914904589e-02  -1.772576265057128096e-06  -7.468057523501067302e-06  -2.037819002775643845e-07  -7.238392165569952836e-05
-2.637582716335400674e-05  1.776032135769902145e-06  5.101728019367871708e-02  -1.420426692411786568e-03  1.423974693651773983e-03  3.699077968679568599e-06  2.407544771142525446e-05  -2.006876412572485206e-06  2.109846575285569473e-02  -1.301621426533685201e-04  8.416040869301649394e-03  3.628111105104712740e-06  -9.281637369244407678e-07  -3.742233418138242795e-06  2.110634068096579538e-02  -8.432502142290340674e-03  1.269586340879198794e-04  -4.518830946115002579e-06
1.266596156361630451e-06  1.393770442843083987e-05  -1.420459935943582837e-03  3.824768836302966379e-02  2.765366793991780328e-05  -1.030079026404096798e-06  -1.693420341701992689e-06  3.176159618692059823e-06  -3.137026888325104672e-04  3.627610936330776231e-03  -4.361312509829060914e-04  1.102821667560938871e-06  1.925985943240562655e-06  -1.476455390267871471e-05  8.589148465137742133e-03  -1.386373302658408524e-03  3.094926738294948574e-05  -2.198314209663648479e-07
1.342908142760557388e-05  -4.152373129480273273e-06  1.423800612062227529e-03  2.760511694697609074e-05  3.822984900034440831e-02  5.836455698302744780e-06  -2.628149984806617799e-05  1.249539829836758457e-05  -8.576508627650303307e-03  3.605039799731009863e-05  -1.346897687216631802e-03  -9.423735294641264504e-06  1.939915606366615593e-05  -6.020269769284609540e-06  3.076508204251632143e-04  -4.290675405458755742e-04  3.628537116180805249e-03  2.461062761349854539e-05
1.111199276681880095e-03  -1.111994236386672436e-03  3.840927114196428459e-06  -1.036861768621473780e-06  5.965743422875287083e-06  3.591961474506286112e-02  1.163592058172377907e-03  7.683537168025493524e-03  -1.010635276740658746e-05  4.601730156495619349e-06  -1.109042646121322858e-06  -1.385591819965879736e-03  -7.700648043073824063e-03  -1.159502974001464957e-03  3.885125450526442062e-06  -5.803180248071719240e-06  -2.209735566592765691e-05  -1.459249358897663678e-03
3.429915508593896212e-02  -6.732569506642805931e-04  2.386602315273090048e-05  -1.725646359743820895e-06  -2.614431595639287378e-05  1.163755824782735206e-03  4.501413441465046406e-02  7.516648089914200557e-04  -3.487601071949170340e-05  -1.009382564739857749e-06  -7.698235340874786618e-05  3.512022680173996179e-04  1.981180476771157370e-02  -2.485494787838302393e-03  2.419311338826633971e-06  -6.127550537920029436e-06  7.271543400125086922e-06  4.171330468388713235e-03
5.375522678338404527e-04  2.050163485452239157e-02  -1.963896053306239183e-06  3.062950551684333193e-06  1.246610102361749799e-05  7.683178745903337069e-03  7.518335020676191784e-04  5.104206498654906277e-02  -1.995347416015216345e-06  -1.051881799068489667e-05  -9.415223115553615833e-06  1.404435763107411781e-03  -5.737823007103660944e-03  1.980041228624843802e-02  4.428688189365991590e-07  -2.517960009895261689e-06  -3.505296484671555758e-06  2.527006694401798693e-03
3.909036902815478176e-05  1.151463720180183400e-06  2.109840009789669749e-02  -3.137727115473038560e-04  -8.576504684025649042e-03  -1.003639608141895163e-05  -3.499115944533245687e-05  -2.009856321616857959e-06  5.192693955397932604e-02  -6.269988166907688890e-05  -1.489010081106232220e-03  4.395877746739771553e-06  -4.859785238434419283e-08  6.252751385319776773e-06  1.433557952373072479e-02  -3.223667112242783149e-03  -3.083287301547197028e-03  9.152538778448706273e-06
-4.083158017204798269e-07  4.742582986200538471e-06  -1.301103724614813479e-04  3.627500138656289223e-03  3.583466511045339640e-05  4.601817460845480283e-06  -1.125723358100067522e-06  -1.053377632408116517e-05  -6.267090580115335715e-05  4.146582939512559463e-02  -1.058727090203340134e-04  2.138671067983049042e-05  1.110333170838616856e-07  2.249902318115405686e-06  3.080608516016625133e-03  4.327901227758732439e-04  -9.372634476130804184e-04  3.038943018452480251e-07
7.433090507318087224e-05  3.904604452302435139e-06  8.415996268838423985e-03  -4.361492329929025739e-04  -1.346840648067215099e-03  -1.154430772257301017e-06  -7.703858319304294708e-05  -9.495093018461929233e-06  -1.488970579269176513e-03  -1.060787664597600768e-04  3.845348609871478834e-02  1.539540231475800274e-05  3.344135629772911059e-06  1.896916530576273478e-05  3.218434377129218964e-03  -1.278638339568930610e-03  4.354344099286037084e-04  2.388486383641072829e-05
7.450508888654634959e-05  -6.994087450449687493e-03  3.347315243314058259e-06  1.017424613680541652e-06  -9.509321311072417576e-06  -1.385791197075770349e-03  3.512486194997891634e-04  1.404003256202614918e-03  4.558921973921964519e-06  2.122313212698994858e-05  1.544788915354829446e-05  3.807525017864131500e-02  -2.541748360734080985e-03  -4.139933417042187397e-03  -1.143396298723711779e-06  -4.758327378070308642e-06  2.622154093333998097e-06  7.372606568535970120e-04
2.051672016988911537e-02  5.336727567003970128e-04  -9.424778998366479608e-07  2.089008658963434007e-06  1.942729954950021389e-05  -7.700245923726512474e-03  1.981176756811664150e-02  -5.737793975074725536e-03  -6.883596912216745791e-08  9.749732688983030020e-08  3.239033021350394727e-06  -2.541847304445877653e-03  5.101436075933035719e-02  7.549575014376358820e-04  -2.436520318534005144e-07  -1.454059793797424479e-06  -1.758432277412811390e-05  -1.453697520484003008e-03
-6.789600393981020136e-04  3.429400396204074913e-02  -3.989636812241656818e-06  -1.475376407985028293e-05  -6.079051709024184493e-06  -1.159679086380289688e-03  -2.485557494339065993e-03  1.980048402138286437e-02  6.166606191759675555e-06  1.967803996790642280e-06  1.899778313934285561e-05  -4.139905196380834485e-03  7.548642137942534070e-04  4.503824665090043478e-02  2.488631029067340805e-06  1.175149904984038405e-05  4.981263086466105279e-07  -3.459293690255756961e-04
-3.905984893558263853e-06  -2.339422199894796873e-06  2.110629109647967072e-02  8.588871580873133973e-03  3.078092772433721198e-04  3.995990705472829885e-06  2.286434964606871605e-06  4.289776148127028550e-07  1.433558049626120802e-02  3.080611933031014455e-03  3.218314217285551861e-03  -7.708549899820639646e-07  -2.773730117998912410e-07  2.806505222397332814e-06  5.191543350411354646e-02  1.509293000941690829e-03  6.994910283205584922e-05  -2.172590946183319680e-06
1.075181427148640519e-05  -7.232509464417844977e-06  -8.432649103485906003e-03  -1.386269421088193047e-03  -4.290833050260656287e-04  -5.751142556869624674e-06  -6.065721106445970805e-06  -2.611305997747842358e-06  -3.223788075883822664e-03  4.327172831046261110e-04  -1.278663340832599318e-03  -4.859830313157564849e-06  -1.420318217710293129e-06  1.176087453474780523e-05  1.509040860425923990e-03  3.844354070653809713e-02  -1.189236694568109769e-04  7.127004701678083457e-06
1.360069298293766063e-05  -2.064565392119173225e-07  1.270193242600091410e-04  3.082253973704522957e-05  3.628368706640260934e-03  -2.209141150429963553e-05  7.106994329783734137e-06  -3.509596562839738991e-06  -3.083309230828017080e-03  -9.372612668665749507e-04  4.355300957564942586e-04  2.907659583667169472e-06  -1.758960595912360437e-05  4.275901900509458359e-07  6.994448765043186902e-05  -1.188386636924048566e-04  4.145485959228067258e-02  -2.689826633957973349e-05
7.022793989939254966e-03  -7.238527788187081274e-05  -4.477015568218851516e-06  -2.296610363728399540e-07  2.447965308462542210e-05  -1.459191948200120291e-03  4.171304919202699010e-03  2.527127422868335940e-03  9.129940511699122070e-06  1.038680671325867742e-07  2.385636851427648755e-05  7.372216695309095902e-04  -1.453325307467391060e-03  -3.459591829788010689e-04  -1.983978996745507597e-06  7.236108357104580390e-06  -2.665702022585019227e-05  3.803105831247791113e-02
