4.564528737320145552e-02  -2.682222387925622020e-04  -6.279369235409985827e-06  -1.805159203872017305e-05  1.987154172090420848e-05  9.705468490874199225e-04  3.383588077457767851e-02  4.712190808991133521e-04  -8.559031228315029248e-06  -2.046697425317003040e-06  -2.711539689499984065e-05  7.236686023516043971e-05  2.013825768589929538e-02  -6.191373929889989461e-04  -1.765341695030297745e-06  1.528245663000784037e-05  1.264314331115402638e-06  6.857432932586741449e-03
-2.681428668995719522e-04  4.560148897850130334e-02  2.736247158029521978e-05  6.206987808589672342e-05  -1.046869283769930150e-05  -9.785619779010274865e-04  -6.124904811164896780e-04  2.014642906979422637e-02  6.306266593465870157e-06  -3.288662531461439076e-06  6.821801484299892376e-06  -6.867097521699791832e-03  4.567632661293842674e-04  3.386504996058336409e-02  -2.284689900730025883e-05  2.272455971657704634e-05  8.176262318982757977e-06  -1.112565499484527914e-04
-6.378811341192966999e-06  2.752810958047034674e-05  5.128608264282338847e-02  -1.208582385542776669e-03  1.214608697388920968e-03  2.028341756435355264e-05  2.724865227346077881e-06  6.727019757694337173e-06  2.071338148973332280e-02  -1.203308478059368045e-04  8.175755404762237444e-03  -1.056798553323318331e-05  3.091488450504844970e-06  -3.023166674173472497e-05  2.070595362767383568e-02  -8.153708628935999597e-03  1.126875010397951842e-04  -4.564352774048751699e-06
-1.807462524470566337e-05  6.255302932760023970e-05  -1.208362640075705480e-03  3.866989341287356552e-02  6.413118011792157773e-06  5.229183582260194419e-05  1.866176542054055686e-07  3.490925136223343554e-06  -2.734331605205139368e-04  3.506085765130239045e-03  -3.917630540796603967e-04  -1.494935854379796140e-06  1.268257350438654004e-05  -5.358896457410779781e-05  8.290155350793764269e-03  -1.270705360569375801e-03  3.313269343076630615e-05  4.981967593360186764e-06
2.017579631820208555e-05  -1.049359326597658857e-05  1.214657855720837785e-03  6.427504458210441684e-06  3.871445667219423209e-02  -1.250780329747128015e-05  -1.744464955823303847e-05  -2.775555167844909275e-06  -8.307621815926740511e-03  4.354646080976408488e-05  -1.333449043274714764e-03  -5.892973308881346572e-07  -1.459077219666726510e-06  1.281507476284625882e-05  2.620746368175195596e-04  -3.790156560821702158e-04  3.506340861860726601e-03  5.444114593878745856e-06
9.704953835583543867e-04  -9.780820988202186279e-04  2.018644697338302195e-05  5.233914826605893698e-05  -1.249949751485158365e-05  3.662231509743384128e-02  1.041454533614994240e-03  7.489146599245464359e-03  3.682697460072277334e-06  -8.503906627006194795e-06  -2.403107536454446449e-06  -1.376021343369981161e-03  -7.484620972433592839e-03  -1.051196228811898149e-03  -8.051682579419637000e-06  -4.139502693810905567e-06  8.277023593152287254e-06  -1.374831900412314990e-03
3.383575320339626824e-02  -6.124728406619998379e-04  2.705806288883862299e-06  5.197507850883239048e-08  -1.724670899526928373e-05  1.041362759821424849e-03  4.542891790608284686e-02  7.231922843936515292e-04  5.731292916255457309e-06  7.405402075662427914e-07  2.276324669675330197e-05  3.164682108142494459e-04  1.946407258082533120e-02  -2.595244676092841023e-03  3.022501032778688616e-06  -4.379184387878922620e-06  -1.994021894990192844e-06  3.926621861671353124e-03
4.713844202836395270e-04  2.014661828446614317e-02  6.765917316986880221e-06  3.628397641800281895e-06  -2.978555790516284884e-06  7.489035016088575573e-03  7.231768086781466525e-04  5.121942178322316797e-02  -1.050493362019761912e-06  8.902751258834200107e-06  -1.975949345799155854e-06  1.220857417073183387e-03  -5.631540208801159506e-03  1.947036785831191691e-02  -4.911510293861061794e-06  2.717839243681315818e-06  2.018020855123987775e-06  2.502089409470310832e-03
-8.614452801953447871e-06  6.619008835875644487e-06  2.071331176539551941e-02  -2.735857898815710837e-04  -8.307609600140434397e-03  3.727984719321954973e-06  5.927391295462798969e-06  -1.073198283071862454e-06  5.206948101094607817e-02  -5.045348078072844070e-05  -1.277791426124868807e-03  3.144528872804829364e-06  9.314129478627224823e-07  -5.030012768202649095e-06  1.407562363378659503e-02  -3.102033348049698571e-03  -2.991669942883288993e-03  -8.410244118972644456e-07
-2.129411379243790251e-06  -3.017843552447567706e-06  -1.201721643059716881e-04  3.505923777825314773e-03  4.346853336154822344e-05  -8.574596459173543497e-06  7.562736767844318942e-07  8.923614654600933030e-06  -5.047295412802212182e-05  4.150873567275711190e-02  -9.016843390874094998e-05  -1.096107068948214285e-05  2.634044876997435770e-06  -5.593433212917738471e-06  2.989716041427586089e-03  4.162687524667311968e-04  -9.038475194801806004e-04  2.524642405475584353e-06
-2.729085126498660292e-05  6.945909817355018821e-06  8.175771679651255494e-03  -3.917873993343039003e-04  -1.333459697955638977e-03  -2.302567014064661409e-06  2.301440726953434760e-05  -2.116735610943305651e-06  -1.277794592136994017e-03  -9.015465634931101957e-05  3.891251587007944074e-02  1.430483595412482853e-05  2.120114288944775031e-06  -1.002246331395158432e-05  3.103055618282858467e-03  -1.183494149380428812e-03  4.083474592597799847e-04  -5.115434484304341817e-06
7.235305613672154957e-05  -6.866862207026200489e-03  -1.043682141594555816e-05  -1.538670841353437395e-06  -6.399641867682323195e-07  -1.376019974244719430e-03  3.164719979068846478e-04  1.220849495246634914e-03  3.277632172421254888e-06  -1.117793696576177431e-05  1.427153678943751794e-05  3.851671292810104202e-02  -2.504880830634685727e-03  -3.944850913900466334e-03  6.240105092368919298e-06  -4.061046334030336804e-06  -3.878760254614266659e-06  6.541867471129749617e-04
2.013818343207526493e-02  4.570057008029757830e-04  3.109196519723004871e-06  1.282285845391777591e-05  -1.193900633226195474e-06  -7.484905780985299899e-03  1.946425723088474405e-02  -5.631555553075619051e-03  9.351790934037663444e-07  2.499011946953159029e-06  1.858545061035521551e-06  -2.504618290348557819e-03  5.123860073569304341e-02  7.404281737199663697e-04  -4.773007423389787845e-07  -8.663948566139738792e-06  -1.880548120998803779e-06  -1.174424297698472728e-03
-6.191466565937035586e-04  3.386492225628993935e-02  -3.005094219378907873e-05  -5.313349985612339228e-05  1.262089491428820690e-05  -1.050617129239736101e-03  -2.595314892601464571e-03  1.947055796065785480e-02  -4.870588258552179058e-06  -5.190941849966515637e-06  -1.001645575641036773e-05  -3.944549289168111650e-03  7.405434638535972162e-04  4.539354934275521836e-02  2.703958945856918490e-05  -3.320553335896957072e-05  -7.935063536793642263e-06  -2.745649563242864529e-04
-2.026841046648447177e-06  -2.267348900858223498e-05  2.070589693024704053e-02  8.289945454191713706e-03  2.621979647933733769e-04  -7.840067474272425358e-06  3.117953243320272847e-06  -4.896286594430409096e-06  1.407562835972765540e-02  2.989714835648890883e-03  3.102935357394252455e-03  6.131827287702987247e-06  -4.828219712142653827e-07  2.676601145239153302e-05  5.207686737240010272e-02  1.272027266698709134e-03  5.858120433714196772e-05  7.604131239527550853e-06
1.536911973628274591e-05  2.240647067926261637e-05  -8.153792706212904112e-03  -1.270620322529761878e-03  -3.790047978399749187e-04  -4.117233426476615344e-06  -4.441207566497843252e-06  2.852451012735988589e-06  -3.102208906092058117e-03  4.161237354352206571e-04  -1.183512138628588272e-03  -4.071724694857284079e-06  -8.236588532217765772e-06  -3.280593593997670654e-05  1.271934302142312427e-03  3.888320431435643432e-02  -1.039768087962165732e-04  -2.674942027540311317e-05
1.630715640752133169e-06  8.421578843012751645e-06  1.128951462388365606e-04  3.303360090738482568e-05  3.506309752010969977e-03  8.406959411889696702e-06  -2.253943332222471286e-06  2.037416303195256895e-06  -2.991668253202918546e-03  -9.037974070359946653e-04  4.083900960350994808e-04  -3.648761059697987330e-06  -1.935777816341578906e-06  -8.005426221869913611e-06  5.857611225048772323e-05  -1.038931693571067106e-04  4.151202750992022406e-02  -8.825599472937808231e-06
6.857350023970800075e-03  -1.115241293516870474e-04  -4.612007875409600501e-06  4.986138883476243550e-06  5.420589643776752132e-06  -1.375057667898812704e-03  3.926838408477781317e-03  2.502358018865980926e-03  -7.903493692421689634e-07  2.499487766467474776e-06  -5.108593631490332944e-06  6.541972102035156431e-04  -1.174625373310769988e-03  -2.742299496189207902e-04  7.696049462638953107e-06  -2.674438265242691252e-05  -8.894968596083664380e-06  3.862553674551950922e-02
