4.442747895223555371e-02  -3.648232579268994701e-04  2.176792363806530156e-07  8.922380061490465001e-06  -5.395086105226085075e-06  1.408574163122349506e-03  3.516868745578215910e-02  6.143972280784463537e-04  4.933198001641267784e-06  -1.590562470912108460e-06  7.334766981769146607e-06  1.543018860248670805e-04  2.121617502356698895e-02  -7.806977573779541992e-04  4.232558551018716386e-07  -2.725747373296716712e-06  1.144616064878138045e-05  7.247955842558373267e-03
-3.647728824942857336e-04  4.445694413545135670e-02  8.829387963402668632e-06  1.462023761074347985e-05  -1.447527042339493091e-06  -1.415090829150459804e-03  -7.631461807151682271e-04  2.123728393277059603e-02  2.222511723233060445e-06  1.376937543705784937e-06  2.368067002555597477e-06  -7.308089792087450569e-03  6.000243189010101997e-04  3.513420460101595449e-02  -1.817933539230830327e-05  3.523958256960878406e-05  6.365033449385914713e-06  -1.716612570964542691e-04
1.738377477240051770e-07  9.039369615443323291e-06  5.048081580389431056e-02  -1.822993729187249827e-03  1.804314786233945792e-03  -1.619187950050950779e-05  2.113441603246231838e-06  1.279479453672205870e-07  2.190758660717651712e-02  -1.816196895339673831e-04  8.939369939319695771e-03  8.651674905900508915e-07  4.939610393421062627e-06  -1.193033690681221628e-05  2.188611238862871525e-02  -8.879572646823411311e-03  1.808742256830353870e-04  1.375285586671228256e-05
8.975924842286913793e-06  1.474031854225736658e-05  -1.822711034112065899e-03  3.721298110191962466e-02  -5.264514849218374039e-05  -2.253941822657125975e-05  6.561230628742687486e-06  -4.239906744298971033e-07  -4.328114633066585683e-04  3.909336366492027065e-03  -5.653696056717139821e-04  -4.071793174408909112e-06  -4.767971081416222192e-06  -1.113528141372346455e-05  9.127783419447605545e-03  -1.379664930080206926e-03  6.474498650577540000e-05  1.086292785449896321e-06
-5.309088556113450864e-06  -1.408819959750633023e-06  1.804141454919564900e-03  -5.261898207028143694e-05  3.727903657104740531e-02  8.051863572125275681e-06  2.080945760041646315e-06  -3.679974231171825860e-06  -9.124222899706250015e-03  5.197844641644558768e-05  -1.410598809612483712e-03  1.502392841499413145e-06  7.974518536737567443e-06  9.157221453249927203e-06  4.221604264927075073e-04  -5.446146785222244231e-04  3.931583440959393778e-03  2.158038095004575314e-05
1.408617183369185967e-03  -1.415344666958528574e-03  -1.620112853386535071e-05  -2.251831526322705399e-05  8.069262004800957530e-06  3.452803966012715081e-02  1.357924243679234713e-03  8.079356675193161141e-03  -1.135945740232680913e-06  4.585907761831879626e-07  3.054668289158534296e-06  -1.476450557253646467e-03  -8.072376095944803348e-03  -1.339448898648230944e-03  5.024332809414197646e-06  8.326040918300698367e-07  -1.055725502656194350e-05  -1.400748110355530323e-03
3.516851890304994316e-02  -7.631558539629099960e-04  1.980881712581423006e-06  6.510375081725333038e-06  2.099752611159932460e-06  1.357995975853290831e-03  4.429069717539212830e-02  8.750095007260310026e-04  -2.616193337421376774e-06  3.924979548134535341e-08  -9.170715161601598767e-06  3.236085327399721681e-04  2.052006384308238326e-02  -2.384244079652420283e-03  -4.430134479079664375e-07  -3.893822213192367002e-06  4.274817262733242826e-06  4.569126526475142738e-03
6.141166295160579340e-04  2.123710241986519545e-02  1.595871430631611301e-07  -3.174763394116772450e-07  -3.613878793978680794e-06  8.079318053920992934e-03  8.751857952986990792e-04  5.059130014611759596e-02  1.515477339312813288e-06  -7.585748869477123272e-07  5.458695531642772565e-06  1.936590284470427869e-03  -5.968183340239572796e-03  2.052868500809827690e-02  5.610301295080946522e-08  4.233891970261038947e-07  -1.117744251619374648e-06  2.589659292305969591e-03
4.913413084566703866e-06  2.164757315628890482e-06  2.190764188384392713e-02  -4.328469860796970857e-04  -9.124167215134907152e-03  -1.220042934781229565e-06  -2.675880706197909430e-06  1.428871765552263317e-06  5.158664563230756783e-02  -8.289293872441505962e-05  -2.002654756709919531e-03  -3.129029621371500825e-06  -1.965806728204319740e-06  -1.676536589962832533e-06  1.487842583842642619e-02  -3.460115204372456177e-03  -3.280574513698837017e-03  -3.394439743624762523e-06
-1.601175992003545218e-06  1.502989178200670757e-06  -1.816951749730330253e-04  3.908959769835268494e-03  5.184636273550520487e-05  4.404345243336651575e-07  9.068373959302997397e-08  -7.373824946882635533e-07  -8.298744010493673030e-05  4.129944782722376473e-02  -1.410238300569230385e-04  6.127212743997029488e-06  7.078695236151044359e-07  -1.959196955841675768e-06  3.281086084562981082e-03  4.938574898779678332e-04  -9.972648641408089158e-04  -2.873098873095243885e-06
7.375570138288752730e-06  2.396237407832485884e-06  8.939711835391090863e-03  -5.652823668257885622e-04  -1.410693898959492322e-03  3.092961913960419406e-06  -9.093253389343040766e-06  5.242455858757730221e-06  -2.002282501562741620e-03  -1.409885386751836276e-04  3.741829683412685459e-02  -1.167779464380151379e-05  2.630036742366138354e-07  -4.427527608962664539e-06  3.459194955865780696e-03  -1.450696730780650853e-03  4.934369475598373266e-04  -9.599712144697023174e-07
1.544742505229840430e-04  -7.308110781510910280e-03  7.490650141450464402e-07  -4.046032211951474598e-06  1.492356023253911814e-06  -1.476824818671088014e-03  3.235429468818392805e-04  1.936046228320237794e-03  -3.123809926831310177e-06  6.012375499548824390e-06  -1.173156903884697891e-05  3.692430922567861706e-02  -2.573486435585447315e-03  -4.591594346706116131e-03  3.626705309916375331e-06  -1.064061838435033962e-05  1.908391679997768608e-06  9.820257620001238922e-04
2.121610894434773284e-02  6.002349146876367761e-04  4.989725111930353024e-06  -4.775333651393960988e-06  7.991079006883573842e-06  -8.071982625691087598e-03  2.052009410150844315e-02  -5.968113716539293762e-03  -1.981794307510625785e-06  7.397513945902161221e-07  2.712135553782949029e-07  -2.573558170618472571e-03  5.062924205466449307e-02  8.875449036870202736e-04  -9.310867419226909699e-06  2.237907432084624412e-05  -1.791910471339962224e-05  -1.865058377898229803e-03
-7.807076510834872049e-04  3.513420450843011966e-02  -1.182647304154519457e-05  -1.107443359436843551e-05  9.149050808803360415e-06  -1.339791091711448230e-03  -2.384207977248909132e-03  2.052867004920170407e-02  -1.598805699625526072e-06  -1.861456485755949273e-06  -4.463958478874315345e-06  -4.591731054053045831e-03  8.876687500771337450e-04  4.431405408493050563e-02  1.774986344720880479e-05  -3.411495856687147340e-05  -6.677054622516507902e-06  -3.023495067344464924e-04
3.336327080846946457e-07  -1.852501945734891600e-05  2.188614089959690576e-02  9.127775224598446910e-03  4.224629881588537017e-04  4.911202392475458101e-06  -4.143099406142878839e-07  5.581062260325077819e-08  1.487834416093471689e-02  3.281012495737652569e-03  3.458847640268593055e-03  3.649454934271540720e-06  -9.273135616509081854e-06  1.801366924311216614e-05  5.163964714915197235e-02  1.889062853418462581e-03  8.680723114082640631e-05  -2.456334563617665369e-05
-2.680979453716826345e-06  3.540017903786295842e-05  -8.879642612940611551e-03  -1.379536004197775808e-03  -5.446334101008795670e-04  8.775725154709187736e-07  -3.898959128823719458e-06  3.864605183260837103e-07  -3.460028389212265257e-03  4.937608572030918090e-04  -1.450550707684029970e-03  -1.066985242924077444e-05  2.231973672122143353e-05  -3.426531043147621104e-05  1.888931724829795737e-03  3.764001595025310426e-02  -1.569971914794797072e-04  5.597660986258287972e-05
1.143354161087062096e-05  6.335076424674746179e-06  1.809971983232763282e-04  6.499031981785480228e-05  3.931273445232973639e-03  -1.050883089740059982e-05  4.206049505714412526e-06  -1.162741133224879546e-06  -3.280442519923767834e-03  -9.972903875932058633e-04  4.938826639041240174e-04  2.004407297136579750e-06  -1.790224403996079844e-05  -6.710129463434733914e-06  8.685109578493351848e-05  -1.571050940644879638e-04  4.127956347279818083e-02  -3.404277926108360261e-05
7.247772809476396051e-03  -1.715790959854620831e-04  1.388883273149889748e-05  1.071090412093334511e-06  2.159870967042217151e-05  -1.400954168227221477e-03  4.569247810874517077e-03  2.590138028337048495e-03  -3.374235888173912782e-06  -2.680610592672231284e-06  -9.464937970925865342e-07  9.820002996858067865e-04  -1.864665224653410617e-03  -3.025432069276895084e-04  -2.458566340912928991e-05  5.604468553883719850e-05  -3.401580191929552677e-05  3.701812044827606368e-02
