4.343233032411145805e-02  -5.815453776994459817e-04  -2.330861680857491673e-05  -3.113710530691109657e-05  6.016557342433114810e-06  1.782740154987774890e-03  3.612323584674976412e-02  8.679360720563771741e-04  4.527103276653240125e-06  -4.598911742291108870e-06  1.221651109558457551e-05  1.130588082672750235e-04  2.232652456218680095e-02  -9.187723540714678831e-04  2.467608235998428872e-06  9.533585040441881444e-06  -7.857780113043807415e-06  7.691972827339585775e-03
-5.815033987532653575e-04  4.343852417561898382e-02  -3.150088165175502045e-05  -5.733708592929531928e-05  2.159592421064638750e-06  -1.893182669120403597e-03  -8.967040053161122546e-04  2.237282133273731793e-02  -4.339111987315587598e-06  -6.085950377159629854e-06  -1.382674822141749959e-06  -7.758986285210016029e-03  8.591545868243203590e-04  3.607206257601579952e-02  2.323683230633141869e-05  -3.204765169374574116e-05  -2.435948936862239204e-06  -1.365314707618234692e-04
-2.327308110255363370e-05  -3.146518749140105774e-05  4.958615948409112600e-02  -2.486083498706515363e-03  2.506804006561830136e-03  3.227616642898704750e-05  -9.807019964648655582e-06  1.326923667707245594e-05  2.307552530349111369e-02  -2.353850359887535459e-04  9.665677629917912225e-03  7.942819032069858200e-06  1.923155874629032804e-06  1.241201217549065456e-05  2.303670140114725748e-02  -9.620764628109328837e-03  2.475294821381184593e-04  -4.009586649420607285e-05
-3.111523185769243132e-05  -5.734179673349680973e-05  -2.485938021091907771e-03  3.564900283965955624e-02  -5.547491537719019948e-06  1.275854579147588921e-04  -5.364304374661879615e-05  2.257801165330434518e-05  -6.041592518215210469e-04  4.349690787302125210e-03  -7.301403311867908814e-04  1.624685555841133802e-05  1.756906602206037804e-05  2.667510176278219599e-05  9.869202143205088942e-03  -1.310424338638354041e-03  4.304239426913223374e-05  -6.275855159446739229e-05
6.020779874046478886e-06  2.200105770164968435e-06  2.506462820461049460e-03  -5.552097126197018715e-06  3.552490371790004153e-02  5.267880508213962571e-05  -2.182787043979656828e-05  -8.410315911808867532e-07  -9.924649336025879662e-03  4.260828150361866640e-06  -1.368905661618500125e-03  4.093948066605952515e-06  -7.741295381255253354e-06  1.144168753664537110e-05  6.466206784360153600e-04  -7.555541273302291208e-04  4.352537333531720544e-03  -2.780037340435838591e-05
1.783032666480749212e-03  -1.893223982765018755e-03  3.231472840881545184e-05  1.277375581585996349e-04  5.265365944290261992e-05  3.200049412223472667e-02  1.782913435963786241e-03  8.689607486383086818e-03  1.371468607576939025e-05  -5.189127170787521355e-07  4.534352555099142770e-06  -1.514507059324786626e-03  -8.586343781786949167e-03  -1.784468251751932227e-03  -8.419037327249171443e-06  -3.977306783608980010e-05  -4.624122237756721023e-06  -1.334727184104439988e-03
3.612302492512176055e-02  -8.967266533115258965e-04  -9.795157581216931925e-06  -5.371713781496091438e-05  -2.184284930973594494e-05  1.782950758914122460e-03  4.339157850725190030e-02  9.673735623712378983e-04  -9.249771321214642791e-06  -1.123051352031592021e-06  -9.930374762531489846e-06  4.989520278488487589e-04  2.159492761101143229e-02  -2.169326515230971669e-03  -5.154181125766507389e-07  2.795920368667539012e-05  2.662056383273368619e-06  5.240833127686933372e-03
8.677124131232455493e-04  2.237285966139436477e-02  1.317032431598215856e-05  2.252951647209586175e-05  -7.486702482130354495e-07  8.689473138685021442e-03  9.673664195656595530e-04  4.982971937381833888e-02  -4.686221592316810011e-07  3.183014049736319695e-06  -5.895992161809603839e-07  2.809239020344258229e-03  -6.342410350684824644e-03  2.161388513139259754e-02  -2.388993895246141317e-06  -1.132771132259023985e-05  -1.922539587867014394e-06  2.670415576471191297e-03
4.552320145357554775e-06  -4.264627332872943945e-06  2.307556731336593558e-02  -6.043016567318015494e-04  -9.924137247971819703e-03  1.370494145317674717e-05  -9.263883616113554304e-06  -5.133858523317689961e-07  5.102226979692948972e-02  -1.380161706079292611e-04  -2.843049272167038743e-03  -2.505277302708908983e-06  1.819015237155527080e-06  7.866533548353387358e-06  1.570083334862786700e-02  -3.846528697313514322e-03  -3.585540334566195402e-03  3.579456497113070690e-06
-4.607139466653846035e-06  -6.093622123129592949e-06  -2.352773194979697921e-04  4.349515006975569406e-03  4.149848352041390811e-06  -4.506747669245876830e-07  -1.195117596406800158e-06  3.193018435058268059e-06  -1.380021898268273233e-04  4.098467736274678114e-02  -1.942438996360548373e-04  2.220303763046037870e-06  3.109043922561715919e-06  -1.271250209852393735e-06  3.587997828942595877e-03  5.969613624379596552e-04  -1.095778039808685805e-03  -1.014394811014937957e-06
1.209616429229070676e-05  -1.289447158307197313e-06  9.666116870519702101e-03  -7.301650343434332212e-04  -1.368986527754599124e-03  4.607133833016792980e-06  -9.879459228327797446e-06  -4.659590320279466946e-07  -2.842397293298833984e-03  -1.943765599683221288e-04  3.567778260811900470e-02  -1.052662777508685709e-05  -4.319041745698684641e-07  4.637980791977613016e-06  3.852352074731722406e-03  -1.800569961896385804e-03  5.950358420089505709e-04  6.377555004143597895e-06
1.134673732431999677e-04  -7.759037222370044999e-03  8.019612927425955333e-06  1.619497726702804163e-05  4.006506815559035328e-06  -1.514860807237819809e-03  4.985004935225951063e-04  2.808902295264594732e-03  -2.572675907172718390e-06  2.086030646878565879e-06  -1.059329189775161766e-05  3.499423166854891826e-02  -2.650087405657823494e-03  -5.273246928541269578e-03  -6.096554861440410385e-06  9.297614215573964913e-06  9.055181923837501602e-07  1.289161013706560449e-03
2.232656888460711128e-02  8.589706212270863984e-04  1.806959373048707495e-06  1.741586470665277617e-05  -7.749508478845231022e-06  -8.586070113193879083e-03  2.159494285924438289e-02  -6.342400134207086190e-03  1.829030974387701485e-06  3.053565926222983684e-06  -2.920519594309409660e-07  -2.650538400840626342e-03  4.988147247706501558e-02  9.871625204088132436e-04  1.566311909180821842e-05  -4.767983753157325783e-05  1.320029953597342822e-05  -2.747950375861572207e-03
-9.186365233205776460e-04  3.607193727959916163e-02  1.251578236448136593e-05  2.664292555154060136e-05  1.142371359878061877e-05  -1.784679047576291167e-03  -2.169230903737621920e-03  2.161383398131619393e-02  7.871992999581920835e-06  -1.141765187485007304e-06  4.665274273677934884e-06  -5.273345552839023287e-03  9.870430217527564453e-04  4.340872453626263422e-02  -2.308587862779469307e-05  5.295551258955085984e-05  5.709041855991722896e-06  -4.605585841155328155e-04
2.395485481224812216e-06  2.320259236806664269e-05  2.303669166850115871e-02  9.869009841011326320e-03  6.467549153082782082e-04  -8.184271311666788936e-06  -6.485024643030388034e-07  -2.396545079917602219e-06  1.570079303733303358e-02  3.588176094312802138e-03  3.852105119867856725e-03  -5.991999760904017463e-06  1.558171835145414562e-05  -2.303986016627156466e-05  5.104756008870634659e-02  2.809974334420333678e-03  1.326950428667587835e-04  4.622751562047890681e-05
9.553791783443394071e-06  -3.198311397537505180e-05  -9.620765240212620500e-03  -1.310368669481476239e-03  -7.555666377526348235e-04  -3.972737876480084910e-05  2.784034765718735484e-05  -1.112953907729260933e-05  -3.846599354644069345e-03  5.965097898344237258e-04  -1.800580044070522814e-03  9.299129490181537450e-06  -4.734907916626307359e-05  5.283408909269168900e-05  2.809772781978444982e-03  3.570973575987661242e-02  -2.023969545975132646e-04  -7.536479841446584022e-05
-7.895769237165112099e-06  -2.523221963796205874e-06  2.473916083590901177e-04  4.317833402738049513e-05  4.352388106181930005e-03  -4.746155325554970076e-06  2.731830701091097679e-06  -1.940665770184183960e-06  -3.585366018300668259e-03  -1.095770876572892865e-03  5.955801772788218984e-04  8.041317525327539097e-07  1.322536292191361069e-05  5.698322858820375813e-06  1.327179271990028752e-04  -2.025967880597798502e-04  4.099554383684890502e-02  3.651531597651715296e-05
7.691849703737744029e-03  -1.364991321147060791e-04  -3.995745204680185028e-05  -6.257299126004017950e-05  -2.772841423975818683e-05  -1.335224189618468586e-03  5.241112794023179700e-03  2.669887779327757837e-03  3.502640144268380347e-06  -7.612576326719013299e-07  6.380713116549351999e-06  1.289236209072372723e-03  -2.747407001186292705e-03  -4.602951512652015331e-04  4.611860431258083974e-05  -7.523747051675278214e-05  3.651084395035033355e-05  3.499466290757392156e-02
