4.459907381439990465e-02  -3.747939056635463833e-04  -7.563437827530029571e-06  -1.183807601425043865e-05  1.232467323090421827e-06  1.308337064712702339e-03  3.501106665589618500e-02  6.146873455207138657e-04  1.145584782908903781e-06  3.681635103018815145e-06  5.428900014921023041e-06  1.054091827353295196e-04  2.108465835721347326e-02  -7.618942038344679070e-04  6.020435607457631661e-06  -1.214648320896944504e-05  3.882953510809743644e-07  7.200064955624063331e-03
-3.747152797989345297e-04  4.456837027963629627e-02  -3.126979989023744223e-05  -4.254609427950399906e-05  1.171545434676778802e-05  -1.308240769023067676e-03  -7.687840029788021046e-04  2.109179253146173383e-02  -3.510239982373549000e-06  -4.587950022607249062e-06  -8.848835595638867335e-06  -7.204509946081907694e-03  6.172690613284572206e-04  3.501800374815137312e-02  2.002357346733829100e-05  -2.431941122048810705e-05  2.719375531030848547e-06  -1.090562282250019877e-04
-7.612755703703570256e-06  -3.071737898571708065e-05  5.065347307754016620e-02  -1.682722520611757040e-03  1.682498725028250264e-03  -1.364602095689969222e-06  -8.337301447374400050e-06  3.689361413712988594e-06  2.172843776895615892e-02  -1.817128870422434752e-04  8.794358247674617310e-03  1.233618175364443784e-05  6.703896222832907346e-06  1.857990245659580741e-05  2.173969216058843634e-02  -8.792648833574473466e-03  1.556273453126207345e-04  -2.145601441691025024e-06
-1.178561278129388058e-05  -4.221704472233929538e-05  -1.682766288030311660e-03  3.747013374082535514e-02  -2.337634865707658779e-06  4.829049926237631433e-05  -2.230433497299578153e-05  7.598200630063183900e-06  -4.138331081581212464e-04  3.885689976607332660e-03  -5.410876412144202023e-04  5.405583451260904326e-07  8.442948667183943921e-06  3.376544339407621515e-05  8.969982495039328582e-03  -1.288722417803245517e-03  1.964003031379716574e-05  -6.290923083482915685e-06
1.487300946283500843e-06  1.179559342801063753e-05  1.682490137596389605e-03  -2.335358831354793266e-06  3.755794330858167746e-02  5.948518423050379474e-05  -8.779066708911982883e-06  -1.784883821353658830e-06  -8.974374213333059791e-03  6.564251654146387779e-05  -1.343386495232187523e-03  -9.037086215243125476e-06  -2.901578091053938770e-06  7.222253172064116412e-06  3.775672533553102407e-04  -5.123355196013674052e-04  3.893464925432283015e-03  -1.410363564698973415e-05
1.308363015632910869e-03  -1.308223197656982863e-03  -1.178692102777723394e-06  4.823269722048633703e-05  5.939810281319906509e-05  3.493177455894296013e-02  1.275632045034134909e-03  7.997722341264314194e-03  5.495764934715763199e-06  -2.945790099556473969e-06  2.747068055820681944e-06  -1.388046725604804308e-03  -7.967301275943869734e-03  -1.321024967303650877e-03  -8.283132409467864241e-06  -2.610517728269886478e-06  -1.517236349461832952e-05  -1.402350626287366927e-03
3.501113052060722541e-02  -7.687376450736399264e-04  -8.426691682148762107e-06  -2.235847875439541966e-05  -8.712925429929720161e-06  1.275852901536684344e-03  4.445078620894400007e-02  8.179274024017425468e-04  -2.211583130629603964e-06  -7.597980630273862026e-06  -8.731031668430568049e-06  3.886821737693374099e-04  2.038286551594772553e-02  -2.368149758983183108e-03  2.980637610743276652e-06  1.197026360263838531e-05  3.169557562870927017e-06  4.504634835525964803e-03
6.148263627705791590e-04  2.109151750213087914e-02  3.806081410687867812e-06  7.788326788623803993e-06  -1.874786970058407145e-06  7.997447279427022729e-03  8.177846572204967770e-04  5.071683988114968067e-02  -3.598834414830806830e-07  -3.252125959242599551e-06  3.469861671621436306e-06  1.770708283660686264e-03  -5.907747980006926823e-03  2.038597294942217156e-02  5.933531685485990532e-07  -4.737869399310205962e-06  -3.292109955109987233e-06  2.597792382723210572e-03
1.554185928559659095e-06  -3.303671347212237821e-06  2.172846914689431988e-02  -4.139286690490954611e-04  -8.974721015524003698e-03  5.623524321880526381e-06  -2.540440257262410048e-06  -3.564247325502004923e-07  5.171003695872394834e-02  -6.339988937183252133e-05  -1.803073434672895639e-03  -5.223198884801740402e-06  -1.501111581624648779e-06  5.266928003934633481e-06  1.477173142760487660e-02  -3.399386495158886884e-03  -3.249300931487919455e-03  7.249161926536722786e-07
3.734873992979905855e-06  -4.292373916773685412e-06  -1.818610127572131046e-04  3.885484870735933256e-03  6.577530863853000252e-05  -3.255384594192555166e-06  -7.625739229497930436e-06  -3.242565430063511639e-06  -6.347437652117598192e-05  4.130164071688832012e-02  -1.062920807688369631e-04  1.271715153750505000e-05  2.277408943830558937e-06  2.227508782749803459e-06  3.243736467492101556e-03  4.918954288896481945e-04  -9.892656413494460132e-04  -5.957996420202939828e-08
5.789772078277675787e-06  -8.914834393603567200e-06  8.794146998486049999e-03  -5.411589897746249154e-04  -1.343324609998092310e-03  2.602628098305526414e-06  -9.180772112597928073e-06  3.386338146429081664e-06  -1.803223285763447476e-03  -1.061278415226976716e-04  3.779586906921709316e-02  -1.671448835709197489e-05  -3.593188089900325778e-06  6.691192007873977811e-06  3.403209168294424325e-03  -1.403415072211057317e-03  4.808792064900367950e-04  -1.510343029270463006e-06
1.055726190249259213e-04  -7.204245179973161120e-03  1.218309051781281079e-05  4.278949297755795655e-07  -8.889854671292809763e-06  -1.388231736187728804e-03  3.887534605175485027e-04  1.770237158547857811e-03  -5.018872364119120408e-06  1.261223631143162875e-05  -1.664001183903074242e-05  3.721067176972886470e-02  -2.604213208307649963e-03  -4.490529333523636708e-03  -5.314074675355322919e-06  6.683841453640628578e-06  5.193072952705263793e-07  9.019362282336385777e-04
2.108450839721795825e-02  6.172295519297348347e-04  6.769897476055578836e-06  8.542053167812880548e-06  -3.020682793363983492e-06  -7.967106406842179578e-03  2.038301941648420698e-02  -5.907776724877722950e-03  -1.497822185361494802e-06  2.256886066064775579e-06  -3.546660985151108662e-06  -2.604131435540983468e-03  5.072145894267823807e-02  8.259916421627076528e-04  1.484623002986010566e-07  -7.342298215035609238e-06  4.207765479263309088e-06  -1.768216386720899199e-03
-7.618645590156086604e-04  3.501791956180460436e-02  1.920571833304731790e-05  3.365374822542300327e-05  7.086455233250865286e-06  -1.321013067268498285e-03  -2.368297532489920323e-03  2.038581288192796784e-02  5.291556004409347671e-06  2.622771937776273785e-06  6.744822121340443167e-06  -4.490497301115572125e-03  8.260150546255462045e-04  4.443999320570060640e-02  -2.127374470202888200e-05  3.283912562458707617e-05  1.373612474702549883e-08  -3.775617453050581201e-04
6.062617367861746107e-06  2.011966382961784003e-05  2.173954770596020492e-02  8.969934264795026771e-03  3.778039077687833343e-04  -8.696239603088376497e-06  3.085653277258180911e-06  6.115792497374153463e-07  1.477167911336020253e-02  3.243696662080449832e-03  3.403026938507011222e-03  -5.415687182222998330e-06  2.226428734509114049e-07  -2.147019297162582001e-05  5.169634263386628514e-02  1.836912765757641114e-03  8.477863988431734714e-05  5.717368291686127132e-06
-1.214919708070637219e-05  -2.455705738932379467e-05  -8.792646692143650869e-03  -1.288775163225305484e-03  -5.123308834443413050e-04  -2.599120252834288076e-06  1.198578784579701855e-05  -4.596282465782107623e-06  -3.399456440523138286e-03  4.918120279986203493e-04  -1.403533808687165187e-03  6.753545898025664314e-06  -7.249499116301128234e-06  3.295757246815336278e-05  1.836922996905447462e-03  3.770201105798483276e-02  -1.313492546501159952e-04  -9.670216404083443727e-06
5.213456928674675473e-07  3.031988374011899025e-06  1.556267730551690227e-04  1.927099161105717216e-05  3.893368951578473486e-03  -1.492619149978704533e-05  3.203607146416575887e-06  -3.318812651431048858e-06  -3.249408196530046648e-03  -9.892548926114699392e-04  4.808198144393727191e-04  3.484348535226817234e-07  4.162571364132102049e-06  -1.242593298054147280e-07  8.473542739183033553e-05  -1.309659636229763390e-04  4.129949603812119174e-02  2.488268913360221679e-05
7.199815929555556694e-03  -1.093099862924197042e-04  -2.158980055111691632e-06  -6.221601782950147957e-06  -1.412276510702886463e-05  -1.402412652650879971e-03  4.504673064064742931e-03  2.597984348642500517e-03  5.601352782964617519e-07  -1.580070198705725846e-07  -1.646769850605460163e-06  9.019414160688584738e-04  -1.767888889292910373e-03  -3.775311380000566548e-04  5.450986449448562668e-06  -9.736985029138457614e-06  2.462921108570012514e-05  3.723697631105626210e-02
