4.431594275201770211e-02  -4.212183795667176337e-04  2.704879556583435542e-06  1.854939065522906344e-05  -1.071325285995688611e-05  1.506929767601899528e-03  3.525911391035686793e-02  6.771312184337357045e-04  9.192129655318485390e-06  -6.917606779348650386e-08  2.897589383703668016e-05  8.864587746373249499e-05  2.135066002794295745e-02  -7.921754425301690819e-04  2.316058241565541638e-06  -1.240118501746170085e-05  3.740444664031274183e-06  7.263076771224191534e-03
-4.213478968942128457e-04  4.429323100740655689e-02  1.038525892961648318e-05  2.046598185201683312e-05  1.631084797642404517e-05  -1.399825326770653879e-03  -7.909918484369784456e-04  2.135824397507225803e-02  -4.157462843386875948e-06  7.546438387153373832e-06  -2.077516944470141725e-05  -7.329019819395681500e-03  6.547068362846439815e-04  3.532339727683849601e-02  -1.702384276995096981e-05  2.404961986354070755e-05  3.841393967513397687e-06  -1.351055646653635139e-04
2.772489398464709386e-06  1.024438065580315022e-05  5.037860153553899711e-02  -1.926977281577408382e-03  1.896086876459381369e-03  -2.044295258816381463e-05  -4.625729290497326688e-06  -4.986225839552056723e-07  2.202842311258211908e-02  -1.907164301057450817e-04  8.975150432777674256e-03  1.440625044542986938e-05  1.905688377071477619e-06  -1.800121453401550421e-05  2.201118658907684142e-02  -8.927918451522886753e-03  2.053438000149255920e-04  -2.142342772993146503e-06
1.863407020043464937e-05  2.050944102699277772e-05  -1.926477090036272065e-03  3.695415863894183084e-02  -4.831336152300587085e-05  -2.933854529140636453e-05  -9.538694120263273610e-06  6.243001505174142396e-06  -4.584191687921857980e-04  3.958575706100864178e-03  -5.915650819712563397e-04  2.430141147827575865e-06  -7.589788071927614772e-06  -2.597830681006179008e-05  9.211055127751057239e-03  -1.311776090901355411e-03  8.349560508835036888e-05  -1.629711117703758411e-05
-1.088805089687612319e-05  1.640531656176315436e-05  1.896001141606210071e-03  -4.837273796277088517e-05  3.698309399414166643e-02  5.334131497078106119e-05  1.269902397766155130e-05  -1.352404564631281796e-05  -9.215199486459609013e-03  4.504368202277900073e-05  -1.340199237049472100e-03  -2.338859867788611352e-06  -6.345579526539087683e-07  1.339553672979300542e-05  4.688847299977250615e-04  -5.933923721413988462e-04  3.974931595375060141e-03  1.672781641285060064e-05
1.507042384418911737e-03  -1.400039560790257388e-03  -2.043438398464284708e-05  -2.939369565331500362e-05  5.333743948248867802e-05  3.419659517565362683e-02  1.422373181182421710e-03  8.093709015223870054e-03  -4.728873353397561643e-06  1.578205106652993029e-05  -2.326895474519027066e-05  -1.422212700397923425e-03  -8.187595235298666604e-03  -1.386567366037524300e-03  2.308884479044415610e-06  1.538497747707146037e-06  -9.539733369904490300e-06  -1.418516643860252965e-03
3.525896948288691907e-02  -7.909835703500989494e-04  -4.659108748565510502e-06  -9.584924185735232516e-06  1.236791066554924140e-05  1.422333878770159522e-03  4.419342273065508808e-02  8.628504660922248952e-04  -2.631228159322701847e-06  1.525131748207170693e-06  -2.548245289460773934e-05  4.075884674062541240e-04  2.064094106081452648e-02  -2.327126923049529714e-03  -4.834853062787556261e-06  1.445472717490603680e-05  1.172038574923362812e-05  4.625294642951099759e-03
6.772169824213405834e-04  2.135834823878159788e-02  -4.720834694134554296e-07  6.141902755906438281e-06  -1.373652611338867956e-05  8.093524929391946593e-03  8.628439972123878258e-04  5.051490917305582334e-02  1.265842384380351069e-05  -9.642096399475365626e-06  3.690964986355435589e-05  2.026114238422269641e-03  -6.007016430848317531e-03  2.065785280315596620e-02  4.732501110536983534e-07  6.463700173132464877e-07  -4.201732224580060807e-06  2.618884306220165253e-03
9.340073692885087189e-06  -4.202282132217129661e-06  2.202849196263064607e-02  -4.585580237961547944e-04  -9.215257653265531215e-03  -4.839356535527715265e-06  -2.854295690380441637e-06  1.267074666638134287e-05  5.156249228298402654e-02  -8.398322279067094739e-05  -2.014937258106050053e-03  -3.138484497708693329e-05  -3.201924781429674191e-06  9.557533960145034829e-08  1.496755213162469927e-02  -3.485675724209912237e-03  -3.313349968673184355e-03  1.046848341942114934e-06
-2.120600658620717842e-07  7.549218418109462250e-06  -1.908081091180349406e-04  3.958054000983839658e-03  4.501832229693486959e-05  1.566606362134497353e-05  1.648740731929473218e-06  -9.630719192422388354e-06  -8.403851253106237463e-05  4.126692238954104280e-02  -1.353137956685676233e-04  8.856594161635224243e-06  -4.360369684407957683e-06  5.993518454825750087e-06  3.316129982638661104e-03  5.084667516591283385e-04  -1.009210548122108217e-03  -2.457708490258742179e-06
2.899830811980883786e-05  -2.074669847385760032e-05  8.975168398920310361e-03  -5.916062096734683124e-04  -1.340681272677249521e-03  -2.317745769948700285e-05  -2.545024254117587954e-05  3.675554991197649957e-05  -2.014723885047861335e-03  -1.354177422052814817e-04  3.735318481990662631e-02  -6.744927679955426282e-05  2.759735770102547707e-06  -5.029468648562899626e-06  3.483618964197714250e-03  -1.458710404394732759e-03  5.123085873793276328e-04  3.786162136171422669e-06
8.856178942140493528e-05  -7.329182740693205612e-03  1.437011970439239412e-05  2.506160828899430858e-06  -2.136029875228909827e-06  -1.422076078832043740e-03  4.077342353111528699e-04  2.026058511953657704e-03  -3.146377917452206985e-05  8.780571945285885085e-06  -6.768857451652878540e-05  3.667031153693488948e-02  -2.605074871927263221e-03  -4.693860711870126434e-03  3.771362091796591107e-06  -1.560214142171907623e-05  1.185367654359876657e-06  9.804396086523464553e-04
2.135036292003672509e-02  6.545006769340913806e-04  1.887984710581766986e-06  -7.794686337210147159e-06  -6.611497878656119624e-07  -8.187641476369338783e-03  2.064142174839514801e-02  -6.006994621041316339e-03  -3.230792983912556989e-06  -4.329510009591191729e-06  2.914777971138655326e-06  -2.604933447560809842e-03  5.059084715019383782e-02  8.656904181813137016e-04  -1.866042949038805176e-06  8.747158007860025275e-06  -1.458898019551572516e-05  -1.838725705226498331e-03
-7.921696450652165314e-04  3.532331603340570225e-02  -1.822730339177484126e-05  -2.608453648557812962e-05  1.345077439989209512e-05  -1.386762963042229230e-03  -2.327006236507598181e-03  2.065768978119186111e-02  1.950332453616781572e-07  6.122231577738353643e-06  -5.009754394920797904e-06  -4.693870916701270608e-03  8.655673545407535554e-04  4.413187068162116589e-02  1.551955293625321964e-05  -2.390445793878195042e-05  -5.300289779493231708e-07  -3.800861216376765135e-04
2.460085803472830967e-06  -1.694777582599742158e-05  2.201113817139806195e-02  9.210421366787596709e-03  4.690953830360987094e-04  2.432629030165695600e-06  -5.105921126102147388e-06  4.598338082740012933e-07  1.496745869781140013e-02  3.316088051880116978e-03  3.483275308750575106e-03  3.792780698714359209e-06  -1.887413859537787896e-06  1.539417246354584718e-05  5.159629826522135060e-02  1.943093952146150456e-03  7.205657029661436525e-05  -1.060115631663608507e-05
-1.234260079005404145e-05  2.393031766956094743e-05  -8.928274937157691660e-03  -1.311724354578258688e-03  -5.933529081839491667e-04  1.518010244560578273e-06  1.449496451188178738e-05  5.648963489667187787e-07  -3.485681943080143081e-03  5.081461653459806238e-04  -1.458706637807532201e-03  -1.544836377710130892e-05  8.610629326155870217e-06  -2.365199389679660460e-05  1.942456442404834512e-03  3.749800359878535660e-02  -1.273643585254145524e-04  3.100518143482215499e-05
3.371096536781110423e-06  3.751379927276264367e-06  2.054127664620389424e-04  8.373236834158258085e-05  3.974587353597400403e-03  -9.478218424666482865e-06  1.197419030325700646e-05  -4.221551157270979513e-06  -3.313244474580223989e-03  -1.009199695505234688e-03  5.126800516935082564e-04  1.264874687004681477e-06  -1.456335024770964740e-05  -5.768319426497433712e-07  7.217124582388805747e-05  -1.275962564549967815e-04  4.124399255096198452e-02  -2.005933540670376607e-05
7.262883386036942356e-03  -1.349238042326550630e-04  -2.039997012174466040e-06  -1.638701027567136348e-05  1.673890333022118313e-05  -1.418740019957049616e-03  4.625521894455227392e-03  2.618843275479458294e-03  1.028800646908536236e-06  -2.281026978680248859e-06  4.029270437285967559e-06  9.806247647786547200e-04  -1.838363551318521411e-03  -3.801918605357215036e-04  -1.057072945064375707e-05  3.111830038895318904e-05  -2.003579976177979205e-05  3.706449769904499036e-02
