4.419834657872283301e-02  -3.951166552238362774e-04  7.377645967790245191e-06  -2.037982340201662649e-05  -1.441241197813745852e-05  1.505300686226971512e-03  3.540167119929071154e-02  6.613444199748375833e-04  -3.370600415636954261e-06  -1.549048792766873431e-06  1.631840253862477659e-05  1.377471452166895789e-04  2.148268970486805901e-02  -8.125632635005756131e-04  5.906618823662304914e-06  6.466402917334446652e-06  -2.209992386798979381e-05  7.375666231712338893e-03
-3.950409016382530310e-04  4.420352163002300161e-02  -4.208946275580211527e-06  -2.782701850706174789e-05  2.913574298995406104e-05  -1.581061449238974721e-03  -8.023352686402889910e-04  2.151150225706017355e-02  1.000020933798527368e-07  2.024568330442563191e-05  6.158064809594823906e-06  -7.401783718391453416e-03  6.673962580471785736e-04  3.535720609885430188e-02  -2.987019270794955424e-06  1.051918786201992839e-05  -2.235539137744815903e-05  -1.432371438464898387e-04
7.471463983909637852e-06  -4.166526228096667320e-06  5.028035542590963969e-02  -1.942738390471766743e-03  2.016180378563988979e-03  -9.452504132004339223e-07  -1.561435551341476476e-05  5.226849382859410921e-06  2.219081405011933197e-02  -1.901482295310682883e-04  9.085970718641971089e-03  7.365741093817479478e-06  2.168809116269231460e-06  -3.726355428929822486e-06  2.215201553330775619e-02  -9.063941290886988814e-03  1.989117512472236837e-04  -1.213360037209842633e-05
-2.027130171023471691e-05  -2.767807953149556397e-05  -1.942804953696142690e-03  3.696195120115255278e-02  -2.670379450492384825e-05  2.181123491270399965e-05  -6.070638330465237796e-06  2.749241440078566300e-05  -4.513580491883172757e-04  4.015086063452748440e-03  -5.793089300483400495e-04  -3.401420164570965468e-05  1.211091242190581408e-05  -9.731640990553478393e-07  9.286930202479686328e-03  -1.367035411286768266e-03  5.955739486138231925e-05  -7.080578488121215834e-06
-1.449253569622948965e-05  2.924659125598904458e-05  2.016073045356208977e-03  -2.672767427697656566e-05  3.672882920989161554e-02  2.523507787182748078e-05  5.043261367097146843e-05  -2.302112225328054986e-05  -9.330507828936735262e-03  5.024556793318393164e-05  -1.384644137972570847e-03  -9.787242195828989807e-07  -3.538014896616227143e-05  -5.527874356708929928e-06  4.741376777891301232e-04  -5.838914013407716080e-04  4.050601026477989100e-03  -4.272627718026835884e-05
1.505372137282718010e-03  -1.581220136371407807e-03  -8.839188872056891688e-07  2.178141437805620806e-05  2.516423824377267987e-05  3.384912683727810817e-02  1.413745202412763522e-03  8.253856228495988143e-03  3.130799136170308672e-05  4.167191454820863583e-05  2.400178140264637379e-05  -1.432590315284732428e-03  -8.183809200141741944e-03  -1.438352934904043017e-03  -2.292358906907536586e-05  1.730157886476481110e-06  3.022778827923651280e-05  -1.414105444710629135e-03
3.540159518046435277e-02  -8.021873381591642944e-04  -1.548353291749494077e-05  -6.017814004759393609e-06  5.033089666992398084e-05  1.413950798841185448e-03  4.409421067026576130e-02  9.005429760604646014e-04  -3.241420234825444538e-06  3.013851416564018599e-07  -1.571839376879231672e-05  3.606316335236861852e-04  2.077444835153229377e-02  -2.340582151632500732e-03  -3.095065839779376277e-06  2.676368857961435241e-06  -1.402901035829973229e-05  4.733004234208674881e-03
6.616048503805706379e-04  2.151165278127082844e-02  5.239572844610131331e-06  2.753965438620998907e-05  -2.313849676623891408e-05  8.254271254256363016e-03  9.003494964390533267e-04  5.043026792780305051e-02  9.310515819368642233e-06  -2.591826197613100955e-05  2.708223156606005466e-05  2.105714401110786796e-03  -6.059727836385749716e-03  2.078757961984762856e-02  1.936353809721650311e-06  3.490922260918123754e-06  5.491974113802840387e-06  2.593352232062182561e-03
-2.965752778791906835e-06  2.623847792760308014e-07  2.219078053478151444e-02  -4.513842683129566918e-04  -9.330254090331420794e-03  3.174480280835472612e-05  -3.419587293874448238e-06  9.288779377446389700e-06  5.147812365160891329e-02  -9.608506705312334743e-05  -2.139203522681982009e-03  -2.799385715661072238e-05  1.350854086900675069e-06  3.439129235551816650e-06  1.507475101189209750e-02  -3.550144987972427262e-03  -3.359708416276092034e-03  7.670684440364597055e-07
-1.263252611296802867e-06  2.072201643729227485e-05  -1.901110925824980608e-04  4.015069085961490113e-03  5.006723010354414949e-05  4.200581073544340131e-05  6.209433114109457571e-08  -2.600306361255279810e-05  -9.608930082698649805e-05  4.123429250982978134e-02  -1.624744036020379023e-04  3.727407522608287285e-05  -7.028350312983102524e-06  1.029037975418756678e-05  3.349717417013595416e-03  5.166693967667370692e-04  -1.021392339101917859e-03  -8.752514652019152105e-06
1.655826066479124139e-05  6.107273262154295258e-06  9.086052260298595890e-03  -5.792498193941060568e-04  -1.384679034087685570e-03  2.418344226089434140e-05  -1.574961199911578767e-05  2.708378888010724972e-05  -2.138937685262897685e-03  -1.625448218988692834e-04  3.713344124536393370e-02  -6.024261784246763416e-05  -1.401467123898503230e-06  -8.246223215146719621e-06  3.549657205255876864e-03  -1.523312875904375913e-03  5.130613783911535742e-04  -5.239533120616225206e-06
1.378496938647348754e-04  -7.401687665402546974e-03  7.413019922432645012e-06  -3.392973285255021049e-05  -1.042180272445611711e-06  -1.432802072686040944e-03  3.607425128694599506e-04  2.105433819856724481e-03  -2.784674293279195719e-05  3.742824877451364534e-05  -6.020303685910800286e-05  3.650933053581366383e-02  -2.594042701598534874e-03  -4.747505703510853693e-03  -4.815711161075760794e-06  1.993036622136203626e-06  2.807489942853042596e-06  1.052782916576621829e-03
2.148280962737342259e-02  6.675633258518744867e-04  2.187595508350473261e-06  1.205785229750155136e-05  -3.545091973757807756e-05  -8.183529865196013942e-03  2.077456865094236271e-02  -6.059722967882686349e-03  1.374566969929245617e-06  -6.943312680476271719e-06  -1.404137671145851233e-06  -2.594122188992614014e-03  5.045406196495170331e-02  9.076996732361571280e-04  6.687679652873671103e-06  -1.607367913741340032e-05  2.915011331999002602e-05  -2.071876044904126263e-03
-8.126340900559796132e-04  3.535713255593993243e-02  -3.583949341433190701e-06  -7.373663447177550901e-07  -5.484915889876475950e-06  -1.438653990102679988e-03  -2.340647159020220556e-03  2.078738122698271795e-02  3.420868189227281228e-06  1.049401408174676496e-05  -8.246773849691421004e-06  -4.747391608564350066e-03  9.076765719706262996e-04  4.411791939636190707e-02  -2.266775904977110835e-06  -1.302434542304485388e-05  1.930625157501766859e-05  -3.486612637656806308e-04
5.962882711494191820e-06  -2.731456196460558012e-06  2.215195406618683180e-02  9.286905632277353551e-03  4.744279840481913785e-04  -2.297635985665918561e-05  -3.219266351745385869e-06  2.003239735440475742e-06  1.507470242402770590e-02  3.349670172043797949e-03  3.549368853392217797e-03  -4.918037144351523994e-06  6.727414550865384559e-06  -2.703770860299748886e-06  5.150395358790036543e-02  2.110551036843334380e-03  1.000011661068159717e-04  2.345384686926753651e-05
6.408323819117322768e-06  1.031121851316090426e-05  -9.063823517936964516e-03  -1.367079989726399354e-03  -5.839360233316911401e-04  1.628562869910630349e-06  2.627947566451331165e-06  3.532024406254464831e-06  -3.550140156717033688e-03  5.166743502621909487e-04  -1.523200687642905235e-03  2.181371410361086582e-06  -1.613900490217418573e-05  -1.285351233854107059e-05  2.110476319643803632e-03  3.717480738784215838e-02  -1.699789161892999818e-04  -4.847215309375921326e-05
-2.240219095505610228e-05  -2.290983028725300015e-05  1.990825251869468853e-04  5.976270717806128960e-05  4.050141941446430520e-03  3.015732116142992521e-05  -1.389397092637492057e-05  5.406320121223518286e-06  -3.359702840812753624e-03  -1.021447183708217889e-03  5.133820298013465561e-04  2.947949858680904790e-06  2.912160742814625912e-05  1.966852988544511466e-05  1.000077412623570579e-04  -1.699912921261084384e-04  4.118183602652943781e-02  4.238017106196994541e-05
7.375571895692473352e-03  -1.433937702114381266e-04  -1.211391749546650912e-05  -7.009237440879408268e-06  -4.277208472904500452e-05  -1.414107070052676935e-03  4.732876224513043149e-03  2.593595072433077086e-03  7.251826848248979989e-07  -8.289326156207051273e-06  -5.273995880060870449e-06  1.052684721084470258e-03  -2.071712819435184930e-03  -3.487342602800826011e-04  2.354225998418574289e-05  -4.854876433295440781e-05  4.240597560104772705e-05  3.659398221758547454e-02
