4.466683884124802995e-02  -3.571355245335024772e-04  -6.763272349620940871e-06  -3.322551517174487470e-06  -1.160172526919004063e-06  1.339645569829827189e-03  3.486529850203005931e-02  6.001388534766059638e-04  1.513717772512848693e-06  1.938110802050064868e-06  -1.401966819159168991e-05  1.084359080689344465e-04  2.099851452672302915e-02  -7.492106972407914069e-04  -3.588421174782065697e-06  3.734642232783782548e-06  1.829563937911496060e-05  7.191596561804633816e-03
-3.568443402571678060e-04  4.468559230985864189e-02  -3.255569302519394711e-06  1.664827739415272287e-05  2.399425902382736493e-06  -1.220889421708203906e-03  -7.539638833374296420e-04  2.095708220076888256e-02  1.768352521302740496e-06  -2.122833562347014378e-06  1.855044630746530721e-06  -7.153708347103304374e-03  5.853746024217706132e-04  3.492907186480320031e-02  4.012577667368914939e-06  -1.993280604255339000e-05  -3.238137428114002374e-06  -1.234568859984507721e-04
-6.810506882659350386e-06  -3.817724916385422075e-06  5.072183939503312200e-02  -1.679373183761448179e-03  1.544851041982428464e-03  -1.819914986140538731e-06  1.453903445104377824e-06  1.666546377148607739e-07  2.159311124593728259e-02  -1.639223515278875757e-04  8.732551540371669141e-03  7.937270532120102972e-06  4.018472544751611378e-06  -1.466432192332402774e-06  2.165012337130273884e-02  -8.780070587610714489e-03  1.613148147595602690e-04  7.493942020609845839e-07
-3.197267178843331436e-06  1.634344617828791210e-05  -1.679050167746399744e-03  3.760237071350711752e-02  -1.202099953558667904e-05  6.550374633431367399e-06  8.317537038961728283e-07  -6.768084951002370620e-06  -3.831943774495037854e-04  3.818227984349983894e-03  -5.193288623331175635e-04  1.616383136628474855e-05  1.895488312155400747e-07  -8.342956662879813247e-06  8.950295511636128035e-03  -1.411760704169760447e-03  5.549614762923497322e-05  1.313847966448545406e-06
-1.234849745993870712e-06  2.394863185136156210e-06  1.544765409224279707e-03  -1.200991621148417804e-05  3.782495405868418342e-02  4.032196801220038168e-05  -1.948889084069233476e-05  -5.736072045092599486e-06  -8.845788290671723064e-03  4.810903736593359251e-05  -1.283939102832273513e-03  -8.417654767208528315e-06  1.635913242221607628e-05  1.360210594119657858e-05  3.714937656605272510e-04  -5.090394853875525013e-04  3.831326268097002847e-03  4.224910917180504087e-05
1.339797103640711241e-03  -1.220914438795437946e-03  -1.963436660327175917e-06  6.546110979956687300e-06  4.026418952896346605e-05  3.512931641414174938e-02  1.285754463701978137e-03  7.867480665392622557e-03  3.440507163271375560e-06  -3.604633016688870813e-06  4.668970317354154114e-06  -1.339401775301485601e-03  -7.997722180868157768e-03  -1.244567979961176034e-03  1.463712969531512743e-06  -6.319957817902604479e-06  -2.873120597173801731e-05  -1.493734162686090978e-03
3.486524573511950303e-02  -7.538774545640557949e-04  1.552991122483464362e-06  6.681052912642364107e-07  -1.959672550774062212e-05  1.285868458609574702e-03  4.454946896199857287e-02  8.161636148094791095e-04  1.942594170323406992e-06  -3.231694886670058745e-06  1.009820404437368637e-05  3.615886182289597059e-04  2.028298693226671112e-02  -2.385310403844439955e-03  3.579132312067087621e-06  -3.710999673962675075e-06  7.644605357432375902e-06  4.458673064732673018e-03
6.001019956369273069e-04  2.095701084912845666e-02  1.325625479858121936e-07  -6.799102602565187562e-06  -5.790220973785918474e-06  7.867040760686250592e-03  8.162776986233707607e-04  5.078611744024288943e-02  8.499276761687673829e-06  1.586744730353911706e-05  2.721670504177856536e-05  1.719508930013941526e-03  -5.877649762811657137e-03  2.025855942614584321e-02  -6.167949983836840391e-07  -2.685855950291190515e-06  -6.738110950230505652e-06  2.570777508447004336e-03
1.249680174392675316e-06  1.576341891691267899e-06  2.159314882355771459e-02  -3.832936318109955482e-04  -8.845687618216167142e-03  3.467224531814279208e-06  2.015636997402405528e-06  8.475987720363651744e-06  5.173607959216352387e-02  -7.348756486968743883e-05  -1.813068982905333658e-03  -2.056346103164764851e-05  -4.226776366515593138e-06  -6.181273303005519947e-06  1.468228525702493063e-02  -3.370669181167248486e-03  -3.203866898044569356e-03  -9.433879398261937760e-06
1.832166942118979911e-06  -2.737153524602618408e-06  -1.639098169165926187e-04  3.817955997255163478e-03  4.791218723365296402e-05  -3.255850776398640582e-06  -3.377300402774078657e-06  1.593449025090451902e-05  -7.348447674708345105e-05  4.136079971245117809e-02  -1.232883823596253689e-04  -2.876624731371997458e-05  2.160984966340799504e-06  -8.980968718197386092e-06  3.211291901172483223e-03  4.740753895507512656e-04  -9.782470454218453355e-04  1.689035784479962374e-06
-1.366032141799542759e-05  1.846364199601219389e-06  8.732730792819914933e-03  -5.193502420160759281e-04  -1.284016747339530124e-03  4.736840038676898633e-06  9.657630523741365111e-06  2.728584795552712144e-05  -1.812844751381781968e-03  -1.234289606386230087e-04  3.772092460265478314e-02  -4.291376450982712910e-05  1.744007558293546302e-06  -2.387512377909348224e-05  3.368482588574116861e-03  -1.389052389297373196e-03  4.828096552220283318e-04  -1.569132120241942494e-05
1.082166942353327769e-04  -7.153543766465812748e-03  8.024097307640284531e-06  1.618743620848145127e-05  -8.411144464520366396e-06  -1.339486522304701634e-03  3.618525364622493697e-04  1.719031762325865832e-03  -2.079885313464979843e-05  -2.863196675971526158e-05  -4.290743319693675144e-05  3.730280760043513250e-02  -2.585723085840424020e-03  -4.434574297023383474e-03  1.916674314397025097e-06  6.328578601543123080e-06  8.735640410556013287e-06  8.830329761919222852e-04
2.099850303571406188e-02  5.855537484995175165e-04  3.943631648238015682e-06  1.876300502391004498e-07  1.646809813033836735e-05  -7.996928293125484324e-03  2.028289510485275018e-02  -5.877630975147220792e-03  -4.240984927780137449e-06  2.183183626429058415e-06  1.697245738135541503e-06  -2.585858614816615060e-03  5.074677506199520849e-02  8.111259985733017350e-04  -1.328057049242701182e-06  2.910903188678204110e-06  -2.301231448272575869e-05  -1.750015486417081474e-03
-7.491926101117187204e-04  3.492895940902566304e-02  -1.967806055527144257e-06  -8.563350027163038727e-06  1.357165371527826889e-05  -1.244727272449300476e-03  -2.385354863205639032e-03  2.025849657151456221e-02  -6.179112205842663917e-06  -9.450973750410795397e-06  -2.383961154954648688e-05  -4.434496341896356289e-03  8.113219252234283013e-04  4.452093006547232917e-02  -2.599380997423214973e-06  1.962847953742647683e-05  4.913103767030295220e-06  -3.536698303129901075e-04
-3.673015746186441240e-06  3.419843763237258899e-06  2.165010682599108338e-02  8.949972012711505942e-03  3.716185303976956449e-04  1.632042983286799813e-06  3.557828539928802044e-06  -6.198033416995724794e-07  1.468226799600378350e-02  3.211276437914436371e-03  3.368341238606473078e-03  2.068137805073821430e-06  -1.357747580847226443e-06  -1.977737341730736981e-06  5.170864629310544663e-02  1.815409848980683314e-03  6.560982210314787429e-05  -3.555978845047378095e-06
3.578779981044671729e-06  -1.984832412473430560e-05  -8.780403010439016831e-03  -1.411810670825883879e-03  -5.090562925550501990e-04  -6.252059976216459595e-06  -3.786554690065422338e-06  -2.658244110359441335e-06  -3.370797765785316698e-03  4.737809217660274731e-04  -1.389092826547831455e-03  6.354458232007320903e-06  2.859023821118045454e-06  1.944535541878081620e-05  1.814919757800701004e-03  3.780037580010090631e-02  -1.113774212153348294e-04  3.988762257749370497e-06
1.834690294019494095e-05  -3.494936090919981580e-06  1.613049713423801181e-04  5.528075280203492134e-05  3.831024329804570520e-03  -2.849877444564798544e-05  7.402843517467035200e-06  -6.711367663042129655e-06  -3.203799979465704519e-03  -9.782490359767168769e-04  4.832960826413903424e-04  8.906411242402743721e-06  -2.297495312859902642e-05  4.968782234815267840e-06  6.560377874177829890e-05  -1.112294341329985679e-04  4.135242612082181551e-02  -3.694793989153878823e-05
7.191832220219170589e-03  -1.234947470061112721e-04  8.451870301993108091e-07  1.339717044183409162e-06  4.219863897423825811e-05  -1.493850070517681230e-03  4.458507460449272035e-03  2.570728027175130190e-03  -9.203171973037552477e-06  1.936573824891292256e-06  -1.560335530843477318e-05  8.830482520619542010e-04  -1.749375327899922120e-03  -3.538053626522415750e-04  -3.402233365193946004e-06  3.988355138545651325e-06  -3.704152208780292152e-05  3.733774489312077088e-02
