4.508348388769385651e-02  -2.912710583814400464e-04  5.778707094203801787e-08  -3.105878248008776174e-06  1.109466016543398927e-05  1.143525131355891929e-03  3.448466918657167729e-02  5.131103134660207170e-04  1.997667557329042124e-06  5.224886904576145539e-07  1.006973457978207027e-06  1.189249948153936790e-04  2.058699972508151038e-02  -6.943401157794334543e-04  1.488076720954516592e-06  -3.227824163895247248e-06  -7.029764405679840888e-06  7.014656097359379429e-03
-2.913618407550251340e-04  4.506372715336030843e-02  1.903165002751842940e-05  2.593662366527028289e-05  -3.496267454192008587e-06  -1.208522179567546014e-03  -6.947466355706621724e-04  2.061626484050864058e-02  2.192397512179539584e-07  6.616581402170418347e-06  3.238704835919785321e-06  -7.046986496131256612e-03  5.173949536514804975e-04  3.444968039360370160e-02  -4.510907273818298095e-06  -1.155724238435613212e-06  -1.122708547550033260e-05  -1.184722848193199709e-04
3.467039551413645589e-07  1.910564447700543114e-05  5.098570123375818774e-02  -1.375533677297697491e-03  1.489486021453302177e-03  2.787299566915301825e-05  1.833713039532860472e-06  -1.091180596858368947e-06  2.123593725105192911e-02  -1.346234852397713800e-04  8.498346530286412376e-03  -1.169214052624077937e-05  -2.047865025136306222e-06  -9.968356750144672542e-06  2.119046040101921213e-02  -8.463314357325970455e-03  1.423362218035643804e-04  -3.622501285853232747e-06
-2.797759592011657379e-06  2.619617522915889220e-05  -1.375494315473467120e-03  3.828059910187641551e-02  -6.896795211046286402e-06  8.748229563639048383e-06  2.294202937534490021e-06  1.162087335444737283e-05  -3.126415281840374725e-04  3.681807599096474301e-03  -4.372660226794395548e-04  -2.339707139160208550e-05  6.657166650720339177e-06  -3.337605842585979936e-05  8.605369684872084257e-03  -1.320688179043351743e-03  5.292274866506890325e-05  2.507081469630492477e-06
1.104053092538258261e-05  -3.474755706601623582e-06  1.489374757312372007e-03  -6.990607182939430308e-06  3.804719915109559120e-02  -5.279473861653871620e-05  2.322168997261385959e-06  1.409421302604439481e-05  -8.663948040797649422e-03  4.761761860312472671e-05  -1.353809374162997549e-03  -1.265080545528997162e-05  5.429816297832859776e-07  -2.154676341649319209e-05  3.282252368004846257e-04  -4.539555080446652292e-04  3.687670501769904369e-03  -5.201242114160045550e-06
1.143721647443180335e-03  -1.208674522354533402e-03  2.797392250022530890e-05  8.963280893137987013e-06  -5.286020025780723637e-05  3.579905562341641895e-02  1.113847311257815153e-03  7.779261957711947062e-03  -1.093657622334528056e-05  8.526616831000825421e-06  -1.279016175035081935e-05  -1.455163297872684837e-03  -7.693902659280269993e-03  -1.152398748230452430e-03  -8.626742525142786801e-06  9.570474052840156307e-06  1.171798888905269742e-05  -1.346883126141436163e-03
3.448456447735233354e-02  -6.947798459439406263e-04  2.097488452455461335e-06  2.378095439450268122e-06  2.238119048333472921e-06  1.113969376286809247e-03  4.489431287694652800e-02  7.959900492463456087e-04  -4.999268965405946161e-06  -4.221181025159339831e-07  -1.853626371159962146e-06  3.074786960399527517e-04  1.991278191423604196e-02  -2.496238709212781400e-03  7.317257939160759666e-07  9.429467782939905992e-07  -6.628295687784831770e-06  4.212407614044878790e-03
5.129872222346840106e-04  2.061634056589989675e-02  -1.084657666080988767e-06  1.162481956606686489e-05  1.443690047057954758e-05  7.779226365546773603e-03  7.961191932007386906e-04  5.097259938466836698e-02  -6.050193111221095296e-06  -8.757256985751303953e-06  -2.178968666080980694e-05  1.483339683419208997e-03  -5.769573514966624093e-03  1.992324553476174792e-02  -1.040778795083527933e-06  8.433677898976871991e-07  2.792290053576494176e-06  2.543169458280850840e-03
2.277819407988161147e-06  1.766673404142320583e-07  2.123592565659905562e-02  -3.127001164927254709e-04  -8.663733177731176849e-03  -1.110178100249192419e-05  -5.312263828619109530e-06  -6.008360568537381464e-06  5.188017035511018060e-02  -7.071529318196549739e-05  -1.556596426685075227e-03  2.066666312490081733e-05  3.321150905662340124e-06  3.362923415409272284e-07  1.441737986319584393e-02  -3.255177659404848590e-03  -3.116575044923167084e-03  5.124759552476301305e-06
5.228860783096336412e-07  6.767065256642532236e-06  -1.347382881084488242e-04  3.681812537148905669e-03  4.784824301055210405e-05  8.513790685207913239e-06  -3.829260577416754346e-07  -8.769146170285541597e-06  -7.075499735776903882e-05  4.143198650705708780e-02  -1.301995444170882385e-04  1.706116798596688433e-05  -1.636032017925215866e-06  4.014800164156662387e-06  3.110000872717036142e-03  4.445411951224120545e-04  -9.443184218710814516e-04  -7.966079253696428236e-07
1.061481490438561160e-06  3.216659488012191399e-06  8.498590298236071566e-03  -4.371252774245667312e-04  -1.353931532780588585e-03  -1.273986749828232311e-05  -1.864649461405003154e-06  -2.154329449400743757e-05  -1.556314171971951484e-03  -1.299815596952797749e-04  3.832403687359140637e-02  5.267669958709579549e-05  -1.271024375688093353e-06  9.484657951779819660e-06  3.251341117205183533e-03  -1.287540930267553306e-03  4.446533500450420922e-04  4.105938751243112439e-06
1.189903632780125954e-04  -7.046904931999296851e-03  -1.189226496762907625e-05  -2.335099388297354935e-05  -1.266486644733192639e-05  -1.455177016354491752e-03  3.074246736810652410e-04  1.483096461106681203e-03  2.064265936004258513e-05  1.741800868778892712e-05  5.281437033367108411e-05  3.794302745381523262e-02  -2.535952668161919627e-03  -4.222430156285231391e-03  1.715860378764982568e-06  -6.848102572483981639e-07  2.217347003285674852e-07  7.838730010413400093e-04
2.058686122270355842e-02  5.174664201444517360e-04  -2.045447089139385588e-06  6.552159241949405755e-06  4.847076041700474173e-07  -7.693856055878428406e-03  1.991298216000114696e-02  -5.769575732294644071e-03  3.347853430065954226e-06  -1.609797206417922726e-06  -1.138272420887421892e-06  -2.535820087939748627e-03  5.099659024774730320e-02  8.014031413178633470e-04  -1.594571006330299453e-06  -1.624955198730995586e-06  9.154478113951073043e-06  -1.467193881979509057e-03
-6.942005121903576867e-04  3.444959408834189635e-02  -9.995670699780349834e-06  -3.319726005328522186e-05  -2.158343623025164526e-05  -1.152518759953840037e-03  -2.496269604930551576e-03  1.992329277201934298e-02  3.672209099604457792e-07  4.167414313587067360e-06  9.488041638918627663e-06  -4.222389343050704166e-03  8.013797308221743288e-04  4.492008896240502064e-02  6.098341387418909476e-06  -4.178562499976962424e-06  8.922908966069938942e-06  -2.961574716484058410e-04
1.736639733593837067e-06  -4.439267530108338644e-06  2.119033787861194368e-02  8.605407748926898609e-03  3.285601832171096545e-04  -8.699176739325258193e-06  6.145853597255817096e-07  -1.048740107104694249e-06  1.441732585834386467e-02  3.110017822180871205e-03  3.250962367607266711e-03  1.708394338247821538e-06  -1.605878783402641304e-06  6.160926294459614949e-06  5.191148450254588764e-02  1.521016851909287072e-03  7.380648763425437791e-05  3.442361763799494240e-06
-3.437336800335573893e-06  -1.241267539036720959e-06  -8.463210163041384737e-03  -1.320694992598102965e-03  -4.540992490042405840e-04  9.630589090925501002e-06  1.119909670338435609e-06  7.723648131311763442e-07  -3.255142973808168149e-03  4.444801159861256788e-04  -1.287310557199535920e-03  -7.414410149525524203e-07  -1.662643748597492231e-06  -4.187714379626177059e-06  1.521077906624379540e-03  3.838126191062639359e-02  -1.388763162580054235e-04  -1.155096032867087985e-05
-7.418520017458126532e-06  -1.134339242662343991e-05  1.424382457081605445e-04  5.293432758015406128e-05  3.687285099473008171e-03  1.165979617385420746e-05  -6.318884151799325057e-06  2.842970329068338593e-06  -3.116591760795284129e-03  -9.443547430550926127e-04  4.449331759996881888e-04  -4.374446028252131364e-08  9.185456722693968910e-06  8.924246147739883957e-06  7.374700510058554621e-05  -1.388891555862641731e-04  4.140973883673500222e-02  9.245320460098709322e-06
7.014444870199832219e-03  -1.184982729621996940e-04  -3.608838656685264593e-06  2.483983859116147548e-06  -5.356235841029561826e-06  -1.346607946686979342e-03  4.212644248136146810e-03  2.543537244892651959e-03  5.051754362925972080e-06  -1.191704264021243765e-06  4.330410137429604844e-06  7.837897786759757089e-04  -1.467099382986952836e-03  -2.960788319214339970e-04  3.344602199272752399e-06  -1.157567882380678017e-05  9.199715634308556261e-06  3.792498284202998338e-02
