4.380219176596089614e-02  -5.292884134513668303e-04  -1.441848010843620031e-06  -1.935984015474158951e-05  -7.885398296292658871e-06  1.693478295144562433e-03  3.575230363692264574e-02  8.080263703394137496e-04  -1.003977498103820688e-05  -2.404459185474210211e-06  -1.065444903708858939e-05  7.574863799439310850e-05  2.190152125590429447e-02  -8.740751807907853194e-04  2.238817398255602638e-06  2.463389938782312137e-06  2.458317478690345315e-08  7.459075602244410498e-03
-5.293084155718411890e-04  4.382015283182925242e-02  -7.170997720643288302e-06  -1.290456718997378249e-05  -1.192908163226088628e-05  -1.638861145486263582e-03  -8.319472735449539224e-04  2.190586272677995730e-02  6.161516056653799334e-06  7.370683072234579854e-06  2.424555699730609248e-05  -7.539134146810686291e-03  7.619969103292668564e-04  3.575960416079753540e-02  4.613904108741034465e-06  -1.010939964191126854e-05  -6.524267058844092986e-06  -1.382675287392370683e-04
-1.442469730472896852e-06  -7.036005484236632253e-06  4.998353471572212353e-02  -2.246710301638959757e-03  2.154957590948452812e-03  3.957213167908807063e-05  -2.806573201069354670e-06  3.209206851191382529e-06  2.259707480379690228e-02  -2.325540341259664263e-04  9.379619053681098259e-03  -2.256998499106494899e-05  -2.487323494561300553e-06  1.412919034007146954e-05  2.258191151168639776e-02  -9.266052849610429201e-03  2.123934890606847016e-04  -4.217249926420202130e-06
-1.941924244413553263e-05  -1.316571817772224994e-05  -2.246445443958625630e-03  3.610543098691843672e-02  2.194459470687246171e-06  3.511720856649580287e-05  6.430714412134884366e-06  1.145962226456550272e-05  -5.798155581088058246e-04  4.170982500160853867e-03  -7.184389812090241417e-04  -3.785096868482415217e-05  1.025074938415588324e-05  6.508032628094833360e-06  9.587429567860416418e-03  -1.256946893029815566e-03  3.383452283971077727e-05  2.252349067606468458e-05
-7.779263120668209304e-06  -1.193104134852406802e-05  2.154916142104573978e-03  2.313822993791464681e-06  3.641116045762766290e-02  -6.660904410119227413e-05  9.792581485418511909e-06  5.270151415779745924e-06  -9.562919743942939824e-03  4.422882656839281638e-05  -1.344919829107566866e-03  2.169965787359647374e-05  8.224678947541118711e-06  -1.685434868115163120e-05  5.298534438039295301e-04  -6.673705588719724925e-04  4.199915661694443407e-03  8.043548210395396161e-06
1.693425811680725375e-03  -1.638860335727816654e-03  3.986599697893380875e-05  3.494470371514705700e-05  -6.662726292283622381e-05  3.282770366657634248e-02  1.669813088663896997e-03  8.356264340171656868e-03  8.943352901707597702e-06  1.088056872691546041e-05  5.040234541341720491e-05  -1.353180106825641700e-03  -8.461673544568238878e-03  -1.604745836710934565e-03  -1.357598138948777351e-05  2.534450368793141745e-05  3.344300973023835863e-06  -1.397899266912715861e-03
3.575205788689585912e-02  -8.319544562783031012e-04  -2.914105274046555097e-06  6.513719110139353931e-06  9.924054405392856502e-06  1.669884512789254587e-03  4.373884687204218635e-02  9.012881707644753489e-04  4.590783414635266585e-06  1.692072169470960500e-07  9.897550733829148074e-07  4.781454383996006628e-04  2.115743988277325044e-02  -2.229536629197756241e-03  -3.327709194624736375e-06  -4.099139825669127869e-07  -2.278933985227430294e-06  4.940479525143274576e-03
8.081986318457456357e-04  2.190619360882519948e-02  3.183618640190657970e-06  1.146918863917484391e-05  5.158151177890984048e-06  8.355648603940670285e-03  9.013261519929346597e-04  5.016489591634776951e-02  -8.648179094190562325e-06  -1.338699247244754480e-05  -2.588674520347700281e-05  2.425506196871841328e-03  -6.184023918367350346e-03  2.118414417171990416e-02  1.255272380346265634e-06  3.254159244606659054e-06  2.856280539134051752e-06  2.665148218224235553e-03
-9.936903164789385299e-06  6.314630836854459005e-06  2.259713033083619524e-02  -5.797403274188376232e-04  -9.563143762585121430e-03  9.151950708608445919e-06  4.652659474560119698e-06  -8.723072833977775438e-06  5.127115677300876639e-02  -8.790113081697228307e-05  -2.486678437217597175e-03  2.430943641951564550e-05  -7.759452852284241451e-07  -1.777588328226089764e-06  1.536597194874624560e-02  -3.669625928447800989e-03  -3.464624148715217573e-03  -8.359017758885383393e-06
-2.293934324311854836e-06  7.657299548926151746e-06  -2.327280306858693171e-04  4.170501343949048999e-03  4.428112008885940756e-05  1.054107253137057285e-05  2.661439038640190247e-07  -1.335492245708834497e-05  -8.792210107158377668e-05  4.112974329217922165e-02  -1.226166336647298793e-04  2.707720151583697127e-05  -2.576138583724587644e-07  2.558362083907188095e-06  3.465432858626056167e-03  5.573276523999379315e-04  -1.060051374233124313e-03  -1.974750379821533255e-06
-1.072782397352898356e-05  2.422622350783485437e-05  9.379245258249905431e-03  -7.184323375604466854e-04  -1.345192019618301170e-03  5.011728426526750187e-05  1.056389569277138086e-06  -2.605430159457163141e-05  -2.486515496249648485e-03  -1.227495714645819136e-04  3.634911346522985004e-02  4.456516576208702408e-05  -6.185215115491725040e-06  7.466456809156021697e-06  3.670165767252463792e-03  -1.620705162240463531e-03  5.617543238022636772e-04  -1.472444702245737884e-05
7.600756717393073836e-05  -7.539149082340533027e-03  -2.241019014067560829e-05  -3.790960176050207708e-05  2.140202491918374400e-05  -1.353269755624268060e-03  4.779475576588939397e-04  2.425330007642185343e-03  2.449644932330314725e-05  2.722045356035787797e-05  4.456970682582276548e-05  3.576344778191241358e-02  -2.644459137308489711e-03  -4.994849016459051126e-03  -4.366903079572913087e-07  -4.213244777928948515e-06  -6.105107558480676687e-07  1.125285129991557840e-03
2.190141077723800622e-02  7.617933334768083172e-04  -2.526101229907057467e-06  1.027965848789505113e-05  8.269927645780135580e-06  -8.461372609238545020e-03  2.115780265143421199e-02  -6.184010623289997073e-03  -7.486480529273953550e-07  -2.618321243645606890e-07  -6.399412469436335792e-06  -2.644811406827634031e-03  5.023998329502171040e-02  9.293486597282889054e-04  9.461550514275251855e-06  -2.474461352910033239e-05  -2.403045447376013505e-06  -2.235381372759730027e-03
-8.740643585685408789e-04  3.575956830204744114e-02  1.429297812534082186e-05  6.322035472938711263e-06  -1.688799790647779408e-05  -1.604853410793200940e-03  -2.229528817503567163e-03  2.118426826222326656e-02  -1.951756246570274662e-06  2.680498760996770323e-06  7.480343217859911814e-06  -4.994852030551992506e-03  9.292418774408996987e-04  4.371896703770149911e-02  -3.735715121156297675e-06  4.562728020267270188e-06  2.522414325277617125e-06  -4.408312101968230360e-04
2.269079234504366894e-06  4.618653780050109598e-06  2.258202346656298584e-02  9.587084166324290335e-03  5.300334234336080133e-04  -1.367243452758056755e-05  -3.081104942891696950e-06  1.307041120512644903e-06  1.536580637741425184e-02  3.465355087881548651e-03  3.669624938070884662e-03  -8.088370408921282316e-07  9.508444386612644700e-06  -3.680073239307484548e-06  5.134529828448755606e-02  2.310866074260478371e-03  1.035541552526938439e-04  2.482831111431945702e-05
2.418510650455111330e-06  -1.012114648083322759e-05  -9.266348422518234582e-03  -1.257018853843476979e-03  -6.673685583455997872e-04  2.523027393479846680e-05  -4.177441017449278180e-07  3.225014102439592472e-06  -3.669698521936951008e-03  5.569796189990679127e-04  -1.620679105232851599e-03  -4.102490932191790107e-06  -2.487519313339596233e-05  4.487834746588034925e-06  2.310585451397943746e-03  3.672021016498953211e-02  -1.537566977226812630e-04  -6.806018883506322298e-05
2.414836785919352806e-08  -6.470139687345061499e-06  2.123483871966057584e-04  3.395378057134207172e-05  4.199537212865446338e-03  3.296080445367180509e-06  -2.245567133106036494e-06  2.823565641637463167e-06  -3.464285949258871702e-03  -1.060053617007390746e-03  5.626506564021721340e-04  -4.272849679264851310e-07  -2.399753102438902200e-06  2.532097271351548977e-06  1.036234655772849298e-04  -1.538130486194216797e-04  4.109048892412770632e-02  -1.133378336954627520e-05
7.459294936773588382e-03  -1.383041420438796247e-04  -4.557705177663260720e-06  2.272584394600523649e-05  8.076876690723768957e-06  -1.398044601151615229e-03  4.940293644618118547e-03  2.664702856269945703e-03  -8.303524434147130159e-06  -2.215035943113990744e-06  -1.476514808186870229e-05  1.125395830060006144e-03  -2.235164510489985341e-03  -4.407541512413271491e-04  2.467518776688336428e-05  -6.814809282632286675e-05  -1.119003017763586859e-05  3.618088787446113036e-02
