4.449073523151536591e-02  -4.141629421192028924e-04  -2.506950589987016941e-05  -1.140704076566226348e-05  3.486259645471949668e-05  1.393628140032738931e-03  3.507559920108152540e-02  6.636965904808547192e-04  1.901531840005007628e-05  7.798287878237250345e-06  1.502762245975355626e-05  7.414149958085379782e-05  2.125198046304622307e-02  -7.696195016951114850e-04  -3.775815178421685317e-06  3.411851313594769800e-06  1.650186338533978471e-05  7.299194859548783013e-03
-4.141782460128544201e-04  4.446974044599958514e-02  1.320414276035567213e-05  3.097360531034063874e-05  -1.119679056569497409e-06  -1.366923560964239609e-03  -7.645467362100991310e-04  2.123692330713323681e-02  7.122590405329491610e-06  -5.525806981986008515e-06  1.548585726302713800e-05  -7.277068736979102129e-03  6.452338655003259701e-04  3.510723045423191219e-02  -2.438655039642548462e-05  4.271545435044719208e-05  7.474748430150151316e-06  -1.214597838108675057e-04
-2.514312678266509857e-05  1.311239665267912068e-05  5.047461861340686584e-02  -1.866454194681763145e-03  1.826137691785597586e-03  -1.211450707994698724e-06  1.707325896520941850e-05  5.438020465181149304e-06  2.187967219286372431e-02  -1.845399492090923790e-04  8.890121203539753589e-03  4.218876910628247676e-07  5.726633046568843782e-06  -2.484795872519502175e-05  2.189961086312730912e-02  -8.891264537554751865e-03  1.627678521740345396e-04  -3.064573319681839759e-07
-1.147238196001050516e-05  3.086296072597998207e-05  -1.866327529018604403e-03  3.708887415837071322e-02  6.357456276435085154e-06  4.797336773037974615e-05  -4.823579917457594053e-06  -1.316029184815393478e-06  -4.461778508214422922e-04  3.940382309562858940e-03  -5.690589930080962137e-04  -1.356835622291089350e-06  1.089621457194879674e-05  -1.269255924260462270e-05  9.142743549822671817e-03  -1.374392762818261787e-03  1.635324408005526742e-05  1.633411521324383203e-05
3.497656111833803775e-05  -1.213064675977980802e-06  1.826233219624982720e-03  6.320258887863516119e-06  3.725022378625551106e-02  5.293711358226896812e-05  -4.712878034251593982e-05  4.841819785625225560e-06  -9.110584822982178629e-03  4.743967330944628096e-05  -1.359683609667471441e-03  -1.543979892862585093e-05  9.831018475219485483e-06  2.511206903358729399e-05  4.184709273412441015e-04  -5.413486507615670107e-04  3.920961303092513478e-03  1.731493122913578585e-05
1.393664837897929396e-03  -1.366966935901477035e-03  -1.432926424309649416e-06  4.795423397468340026e-05  5.302177562685463314e-05  3.442023668322923696e-02  1.392875055196164061e-03  8.067057815399262741e-03  -4.001973462685359398e-06  -2.719851903939275717e-05  -1.332892093435365521e-05  -1.423581353246696152e-03  -8.099197821086310742e-03  -1.393164444686938218e-03  -1.380225601499778520e-05  1.900136685095581878e-05  -2.205384834780784223e-05  -1.431832604184151564e-03
3.507556044353042635e-02  -7.646063683671625423e-04  1.709006704629628044e-05  -4.785202545650268638e-06  -4.698586336958273388e-05  1.392983175011784343e-03  4.437416083986817084e-02  8.278508233705756964e-04  -1.982321368258887560e-05  -9.152026402117510211e-06  -2.525025686103287123e-05  4.096572713196954007e-04  2.051480753080470870e-02  -2.354732101975268079e-03  3.382362597622193304e-06  4.088659145121924306e-06  8.578672458078151876e-06  4.560557028962962042e-03
6.636186638649293253e-04  2.123714418649184227e-02  5.432938878472735761e-06  -1.356408593618686827e-06  4.843150124344271016e-06  8.066604635325512473e-03  8.281057178776420839e-04  5.062888304969463682e-02  -1.927547977282925143e-06  3.178122526161743361e-06  -5.119958178480612229e-06  1.855806580662957162e-03  -5.966036326087301341e-03  2.051491357337822258e-02  -7.009363749618673573e-06  1.108802378523114742e-05  -3.806242699817406771e-06  2.599863483293861528e-03
1.888266723240453044e-05  7.190896115971638732e-06  2.187944542045254168e-02  -4.464763788168096934e-04  -9.110474195919997589e-03  -3.945206180606948143e-06  -1.973238622214749846e-05  -1.845259940281931834e-06  5.162777420112212717e-02  -7.537722447895745621e-05  -1.917940679933749634e-03  5.660586081909545962e-06  5.330417752402586131e-07  -3.884972928871358165e-06  1.487916671409250310e-02  -3.457002919510776800e-03  -3.283969242451180524e-03  1.411363589545868585e-06
7.983169033593059299e-06  -5.611264374025509779e-06  -1.847151839810501307e-04  3.939857278851602133e-03  4.745321114932381609e-05  -2.707381038112467578e-05  -9.325668033128314379e-06  3.211555478602440697e-06  -7.541928941883791219e-05  4.125725484046063180e-02  -1.164469588808614205e-04  1.043243864588772415e-05  6.954685716247731672e-06  -5.375739350935358855e-06  3.287273959116753744e-03  4.915037101666045729e-04  -1.003103246758429209e-03  8.496388343139581970e-06
1.482484902802320902e-05  1.565693891581639640e-05  8.889870405679166712e-03  -5.689085752352120249e-04  -1.359563900891689854e-03  -1.332349450663789773e-05  -2.496496654215316793e-05  -5.228362825933504771e-06  -1.917955720431266994e-03  -1.163523513191654503e-04  3.757280992760216043e-02  1.542500408357294262e-05  4.567683238380393056e-06  -1.747898718444255349e-05  3.453988245418551650e-03  -1.452017470564671321e-03  4.874530013323849910e-04  9.625805041208768413e-06
7.415932939964236137e-05  -7.276912328260829073e-03  3.944577759345958536e-07  -1.293705678885105014e-06  -1.544727460872594927e-05  -1.423605436548622868e-03  4.098346787658556215e-04  1.855618630564159982e-03  5.870792595446475414e-06  1.033019281249480909e-05  1.543626436966134103e-05  3.707363126650044249e-02  -2.592930102589749864e-03  -4.570417812999254953e-03  1.178905943841094984e-05  -1.945006900816499497e-05  -9.541783292393803635e-07  9.452932759885377323e-04
2.125181954130930459e-02  6.452671180432667172e-04  5.787108131500506680e-06  1.129366599273596264e-05  9.833085790128597649e-06  -8.099395395522254390e-03  2.051508001571362289e-02  -5.965992141677919219e-03  4.788429868455716539e-07  6.925884764632509405e-06  4.657175216621461245e-06  -2.592662077502755000e-03  5.061693438454341332e-02  8.395410962962544625e-04  3.771119092013303073e-06  -1.672612985397819221e-05  -1.946801703316474542e-05  -1.872390929087198704e-03
-7.695820679058083553e-04  3.510728980035777297e-02  -2.506391346879620674e-05  -1.265843839015281272e-05  2.504300061032784587e-05  -1.393398614468921394e-03  -2.354693495217414102e-03  2.051512344823296433e-02  -3.875019032750631878e-06  -5.569631174221996121e-06  -1.732386798204085278e-05  -4.570476130574018143e-03  8.394971810992347050e-04  4.434237002001982508e-02  2.558903693184547224e-05  -4.642350031017231186e-05  -5.428990266872445712e-06  -3.810004869680795668e-04
-3.655543359692371756e-06  -2.441338697458744983e-05  2.189953733677366121e-02  9.142308187118416279e-03  4.185354169699246154e-04  -1.399916381458102984e-05  3.625935125549958719e-06  -6.964339556658327018e-06  1.487921518960590855e-02  3.287243113853019049e-03  3.453879481866526692e-03  1.131392982672981268e-05  3.806916661149229533e-06  2.583720600099775091e-05  5.161905506626554563e-02  1.918899289916393362e-03  9.026228746468584175e-05  1.702370823839599275e-05
3.383432856146884241e-06  4.277640219711109718e-05  -8.891535799431677864e-03  -1.374309173379739159e-03  -5.413322765581460132e-04  1.899698177052602707e-05  4.084123464631215714e-06  1.095013116554360442e-05  -3.457362724741670171e-03  4.913400604221042182e-04  -1.452004224452823310e-03  -1.940493403746464419e-05  -1.677058524902637254e-05  -4.648092453749931525e-05  1.918613022461652115e-03  3.758432124609548119e-02  -1.365871355310811211e-04  -5.040566824416024556e-05
1.656091215487548050e-05  7.439692131581291227e-06  1.627970699713662730e-04  1.596513156172872560e-05  3.920637633490514640e-03  -2.202987837405333458e-05  8.485136374878967253e-06  -3.840115032273051429e-06  -3.283971517980469393e-03  -1.003117441758242601e-03  4.875704314299859161e-04  -1.081376487920110583e-06  -1.946098041968836326e-05  -5.397089767946150418e-06  9.020521800597061071e-05  -1.361747069668456617e-04  4.128673065132731912e-02  -2.725092064654623035e-05
7.299095828637022082e-03  -1.216403970383651378e-04  -4.842324330548222755e-07  1.628418561678139065e-05  1.730045984136301641e-05  -1.432005837270985266e-03  4.560443640350032510e-03  2.600002246665715760e-03  1.044077424327386005e-06  8.389481507036774611e-06  9.679447826920732097e-06  9.452735221930158799e-04  -1.872261500372609513e-03  -3.810311035726833529e-04  1.657897011652542768e-05  -5.037214891075591659e-05  -2.744731417527318935e-05  3.701116832951137359e-02
