4.408181875170365249e-02  -4.471250884037343510e-04  -1.173915832453963473e-05  1.691837895944900888e-05  4.538934860068686601e-05  1.468077406029457809e-03  3.554677223448170220e-02  6.892095265401597609e-04  1.486206546431320277e-05  8.155932380802615658e-07  2.717044010887984039e-05  1.662681920712997434e-04  2.161705783581222701e-02  -8.285159654313943795e-04  4.575400307707905890e-06  -1.988681194972369558e-05  -1.812435263635132066e-05  7.430451968238404627e-03
-4.469880139285223406e-04  4.408649365924177665e-02  4.096527828012599167e-05  7.080589164565654378e-05  -4.808534720715651733e-06  -1.516082038096981926e-03  -8.263977125392353877e-04  2.158831803560646093e-02  7.117510100859595972e-06  1.025089296654770726e-05  1.277122890271671421e-05  -7.358221825129522727e-03  7.022688058709765369e-04  3.553973609736320316e-02  -2.183958711978756663e-05  1.060168255826469537e-05  -5.412727289738786440e-06  -1.323609065460892951e-04
-1.170249604691003402e-05  4.079338490037916123e-05  5.025639788444015432e-02  -2.022708127271260602e-03  1.957669631449982135e-03  2.100407952192387316e-06  1.777910322337653251e-05  1.868581953612903364e-06  2.228010723579021760e-02  -1.865781202227593616e-04  9.122958569609889226e-03  -9.858815459617929823e-06  5.795467320477713103e-07  -3.432830325843191672e-05  2.229113933130452002e-02  -9.131471567914172666e-03  1.962968871028750910e-04  8.780374018846097206e-06
1.685430757247678349e-05  7.081703628978851272e-05  -2.022596995595599655e-03  3.668922356706388888e-02  3.289150919129642773e-06  -1.953446885395877978e-05  8.010695971863949163e-06  6.065389138228743545e-06  -4.717290686940950589e-04  4.097443017921856799e-03  -6.030067020401689518e-04  -2.595137427685814232e-05  -6.861643817860087949e-06  -6.652785211668206056e-05  9.335515807757573462e-03  -1.257639585648247195e-03  4.874679745900627051e-05  -2.882801322072221507e-06
4.530721814933455277e-05  -4.831096674129166390e-06  1.957572014586744010e-03  3.276547455609097767e-06  3.682432673000683720e-02  -6.310943402857764031e-05  -1.142464844091676686e-05  -6.026951852863039647e-06  -9.335048135368959402e-03  2.279738829835493491e-05  -1.297594196852540349e-03  8.169587100264826435e-06  -7.048886978033044827e-06  4.341608643856527530e-07  4.809474774313385651e-04  -6.079879729538944719e-04  4.095948649882492736e-03  5.064130871356603625e-06
1.468125957433279822e-03  -1.516138222974415832e-03  1.859855891772846364e-06  -1.950471864813620003e-05  -6.306942681452046924e-05  3.394097828323836691e-02  1.473982436811457864e-03  8.242033615398804136e-03  -1.479913490143582066e-06  -1.044928869628580303e-05  -4.813627323517399986e-06  -1.356806726964686263e-03  -8.244683018845858080e-03  -1.459260389215622390e-03  5.205265573366822340e-06  1.330679772339635182e-05  3.890838335897588531e-05  -1.421451267842890887e-03
3.554676931211512431e-02  -8.263929375775825323e-04  1.782681389076257395e-05  8.036077351550616015e-06  -1.142622423707414726e-05  1.474031153570767210e-03  4.396870259278450738e-02  8.935706287839591429e-04  -2.269032903069819984e-05  3.486844843568052851e-06  -4.321309791090697654e-05  3.806123234002935858e-04  2.089885721308805053e-02  -2.270397533088861202e-03  2.977391595530814554e-06  -9.243235587386756404e-06  -1.073872231412182752e-05  4.837063054076791609e-03
6.888555479673720431e-04  2.158822128132437471e-02  1.905059912760518099e-06  6.198337420037352690e-06  -5.793648405226682149e-06  8.241940025744525986e-03  8.937924393715903498e-04  5.043669976138710764e-02  -2.574394582681686515e-06  -1.663008887900567875e-05  -5.403427311355023145e-06  2.065537228882441314e-03  -6.075432246197192375e-03  2.087878933497575376e-02  -4.084698801251893444e-06  1.105247231723817032e-05  9.771410975389929767e-06  2.629390226657470249e-03
1.472628664447828412e-05  7.216519100492233399e-06  2.228013498220809616e-02  -4.718369343816351076e-04  -9.335238454922701115e-03  -1.535824166765589216e-06  -2.244806368430108743e-05  -2.423412020905162636e-06  5.146205937560469068e-02  -1.192669047223113564e-04  -2.181979818510344695e-03  1.249249385060366234e-05  6.726791155592236873e-06  -7.877303993401617635e-06  1.516007187959407705e-02  -3.570768810847748092e-03  -3.384782188695316125e-03  6.780298275902470302e-06
7.597370505234221486e-07  1.022702814176374250e-05  -1.865793276501825427e-04  4.097288716741644479e-03  2.274414249829501507e-05  -1.062173807641479536e-05  3.460532331159665939e-06  -1.662514765189562768e-05  -1.193615336741039163e-04  4.115537597296358568e-02  -1.906614355927691940e-04  3.527803966201312490e-05  -2.939860687500986338e-06  1.058818852009391179e-06  3.393759770543846276e-03  5.340791771069670251e-04  -1.033118512501415842e-03  9.609565528558399024e-07
2.698784191682290033e-05  1.279472017583550959e-05  9.122925305704845597e-03  -6.030172467329109748e-04  -1.297783138113248972e-03  -4.806911220869421007e-06  -4.308567862938529001e-05  -4.922862619112021744e-06  -2.181896233548134834e-03  -1.904968709446007143e-04  3.698740141201527915e-02  2.726059881984528932e-05  9.178619233196724548e-06  -1.556418339976269432e-05  3.582120527723179227e-03  -1.534757250113850079e-03  5.360787476328272285e-04  5.483545927725997385e-06
1.661850842621819847e-04  -7.358085162216167902e-03  -9.844894185013627007e-06  -2.598327080349691100e-05  8.138303999900043946e-06  -1.357047448389271140e-03  3.808516039852948053e-04  2.065088601232792798e-03  1.238547573708195532e-05  3.519944296942226452e-05  2.721495599187323975e-05  3.652257114653856274e-02  -2.641797426048105198e-03  -4.792760147353710039e-03  1.479006515793174534e-06  -1.033356834955009528e-05  -6.601406520846689004e-06  1.053006786585167654e-03
2.161736611358328758e-02  7.023525264471358305e-04  6.913266358286847378e-07  -7.022983335882536902e-06  -7.043986379612490007e-06  -8.244675400619213071e-03  2.089881488967533160e-02  -6.075486841846886206e-03  6.805681731398747349e-06  -2.959477208974774527e-06  9.285409987715464148e-06  -2.641826696600530627e-03  5.036294030738555638e-02  8.843819118389465274e-04  -1.927250189469945356e-05  4.162976772571654716e-05  1.645146964298046917e-05  -2.212632193568346648e-03
-8.285147200336542578e-04  3.553960210503238210e-02  -3.461085670358279875e-05  -6.637581047373852382e-05  5.505089202555149239e-07  -1.459269526505669375e-03  -2.270525938844108159e-03  2.087878253702844800e-02  -7.848623816199785120e-06  1.218762747171637199e-06  -1.539850625388341614e-05  -4.792656728755131067e-03  8.844492332894508422e-04  4.398876221108750234e-02  2.473880306189203600e-05  -2.234838767727907646e-05  3.769991238650814048e-06  -4.048996162030079043e-04
4.743450980327077580e-06  -2.117111556888725873e-05  2.229112368600699376e-02  9.335310532151532351e-03  4.809503353589874956e-04  5.405337015375674212e-06  2.971527172268479526e-06  -4.086384002013579367e-06  1.516000576337033813e-02  3.393743995413936020e-03  3.581953592453766735e-03  1.306122587559065422e-06  -1.931149108943613373e-05  2.428387514989428222e-05  5.145053643213916283e-02  2.200482888556168880e-03  9.888165799259030896e-05  -4.044452966742562280e-05
-1.994926303992249005e-05  1.047964633693049868e-05  -9.131656308966661431e-03  -1.257885044115324060e-03  -6.079646555696748347e-04  1.331670055842763012e-05  -9.249702862611415633e-06  1.132762413627578383e-05  -3.570836069173979020e-03  5.339233750199793216e-04  -1.534844558925611141e-03  -1.032054351028402982e-05  4.146620172855153941e-05  -2.223154967387753182e-05  2.200130805711398001e-03  3.693871602178169095e-02  -1.588671336615761465e-04  8.067717871190825500e-05
-1.830075801787542871e-05  -5.775483598654111897e-06  1.963165762756538871e-04  4.883622194610750020e-05  4.095775550776505416e-03  3.866966509501797850e-05  -1.077713330950287344e-05  9.745514027246512286e-06  -3.384693784758076914e-03  -1.033156572569394593e-03  5.363432340308872236e-04  -6.214944464974868779e-06  1.641788782566215547e-05  3.890493034349851917e-06  9.896261034227822888e-05  -1.590235633920197757e-04  4.117759407731885063e-02  1.147334212948076378e-05
7.430508731314330872e-03  -1.325052838654763919e-04  9.192264618148732463e-06  -2.902291509723378153e-06  5.121390262431317898e-06  -1.421581595156845568e-03  4.837035842099484707e-03  2.629493929296676611e-03  6.827077704748007855e-06  1.040292819440690399e-06  5.500400353939910748e-06  1.052954578307934352e-03  -2.212403759755708372e-03  -4.049550576336918470e-04  -4.033270138486036698e-05  8.086628879718735794e-05  1.211468480361221113e-05  3.624575233074524283e-02
