4.316757669392936453e-02  -5.737452853756165464e-04  -3.048378345181163422e-05  -2.429068339454328260e-05  1.286019410539220953e-05  2.072267462643211967e-03  3.631303898117480694e-02  8.840144171869878872e-04  1.386572760843809164e-05  1.122707140487747327e-05  5.919707894945951457e-06  2.242396710305114764e-04  2.264266343590311953e-02  -9.531237691155495162e-04  -5.671453422854450049e-06  9.573985655533179604e-06  4.559312510497962766e-05  7.798911090823100294e-03
-5.737753563778578893e-04  4.316337290111747771e-02  3.924603932581440462e-05  7.779088659556616762e-05  -7.634876915852544337e-06  -2.055866761887641895e-03  -9.537109595361675102e-04  2.265108767559179115e-02  1.181521383693577297e-05  5.284718649353027854e-06  2.326953098942525057e-05  -7.852237906184677402e-03  8.961744147077523124e-04  3.634414416306252366e-02  -1.739190731024030232e-05  1.288540257261620622e-05  -9.748239415839621879e-06  -1.773366063090365576e-04
-3.055846357596008416e-05  3.907160355477743097e-05  4.922035593852280150e-02  -2.789451060111266742e-03  2.759198994937100188e-03  3.969871616726620869e-05  2.896172437749570979e-05  1.042145954195043763e-05  2.337683368244861115e-02  -3.376393616401699967e-04  9.851363310134399198e-03  -4.297742655821462496e-05  -1.450872732877430344e-06  -3.073475189349379050e-05  2.338080342439557979e-02  -9.774707267132778238e-03  2.691072610403717020e-04  9.331871697624919413e-06
-2.414435577176410100e-05  7.785235613537092167e-05  -2.789160006333957394e-03  3.470030265952681742e-02  -1.362124768792558136e-04  3.321152487785039559e-05  3.170063286961451383e-05  2.146352729260770368e-05  -7.928377771534548830e-04  4.482254061633213910e-03  -9.309216429443349520e-04  -7.734661823262445129e-05  7.458931439481539157e-06  -6.593080488365497913e-05  1.021608498960025618e-02  -1.364438721834113468e-03  9.509016738010871115e-06  3.922018441360821821e-05
1.312194942479336518e-05  -7.537993227262475786e-06  2.759226873378483290e-03  -1.361732963855480610e-04  3.495038536094485088e-02  -1.554314613821567128e-05  -5.639724133766322819e-05  2.169623075913972929e-05  -1.016039079934709204e-02  1.038257638124019205e-04  -1.376023084292995417e-03  6.929240420437706985e-06  6.016614274836255496e-05  -3.111868020425848108e-05  6.965872918031742111e-04  -8.242148412529582248e-04  4.471915187850306408e-03  7.464208743611738220e-05
2.072229036131340626e-03  -2.056268938773878063e-03  3.979116284644755483e-05  3.329715045722654875e-05  -1.562398057776347737e-05  3.105062074410426531e-02  1.904158042426923282e-03  8.773678788764553704e-03  -1.183403914188626593e-05  -1.584758581087853462e-05  1.243473740661378981e-05  -1.433632245911903476e-03  -8.830858226565348537e-03  -1.852579921990547308e-03  -3.324924639964158589e-07  1.637082038885457819e-05  -7.445176536045021052e-05  -1.401028984279256316e-03
3.631282725517219478e-02  -9.536547202699155023e-04  2.899073696184980680e-05  3.171607516485075608e-05  -5.639710647322338806e-05  1.904322085296439792e-03  4.317265274506149747e-02  1.089922010023447897e-03  -5.799725550978549495e-06  -1.158771766138922989e-05  -3.355947740143919671e-06  3.644851475612546150e-04  2.189744484738765859e-02  -2.164590032704389634e-03  9.746441829105346744e-06  -2.382944592629254995e-05  1.867432659251952595e-05  5.409910093503413758e-03
8.840423945018006154e-04  2.265107785673069543e-02  1.043392542207414954e-05  2.144468264584557552e-05  2.169821133078889542e-05  8.773480538624294639e-03  1.090039062989410241e-03  4.960162909600659975e-02  -2.042158422209745030e-05  -9.620029254474452625e-06  -4.504917012525973388e-05  3.075771253671173190e-03  -6.480779703866419023e-03  2.191390386146346153e-02  -1.882715302978386811e-06  5.297043486828465823e-06  -1.642358423896913907e-05  2.640434187060130503e-03
1.386937151107269939e-05  1.179812229643383857e-05  2.337680550903204618e-02  -7.930516491001862733e-04  -1.016018581069571582e-02  -1.161320532119279250e-05  -5.790798262492212058e-06  -2.053215425143146150e-05  5.083443583007585947e-02  -9.567847525887472279e-05  -3.108217174598573804e-03  4.440833083334173208e-05  -5.608214415051077177e-06  1.284783117901982117e-06  1.593195456050222961e-02  -3.959892411034079615e-03  -3.683820900478616996e-03  -8.891379345589720478e-06
1.115349519933807126e-05  5.075047098433865595e-06  -3.375972855781643879e-04  4.481676524907401808e-03  1.035666367079468954e-04  -1.592977719762167529e-05  -1.163144373022128074e-05  -9.544216878169618830e-06  -9.565298852609784984e-05  4.083927287792661620e-02  -1.335206897291788366e-04  2.756874107265750500e-05  5.790556192100466997e-06  -3.329812979652486886e-06  3.679522248176167725e-03  6.290544708619013204e-04  -1.115672515468455091e-03  1.185419733259158560e-05
5.874545348265576173e-06  2.311099567329813714e-05  9.851424068607809656e-03  -9.310108092548946687e-04  -1.376048379915664624e-03  1.241775679905679401e-05  -3.292541405908244612e-06  -4.502836086589629777e-05  -3.107893447457218006e-03  -1.335454990015544287e-04  3.515759443889836244e-02  9.359617107832455131e-05  -6.145745283917886750e-06  1.624325879348011511e-05  3.948674538932117790e-03  -1.870101077644384510e-03  6.211087185494245950e-04  -8.060267472754213694e-06
2.243754049202653330e-04  -7.852067575793566373e-03  -4.284523054661366079e-05  -7.736882800941544906e-05  6.820439905133687395e-06  -1.433668474712602265e-03  3.642097133906353518e-04  3.075759344187542575e-03  4.410891373693846709e-05  2.785630586478235997e-05  9.365121529835195642e-05  3.440379104626473811e-02  -2.620178466347366456e-03  -5.460632008221059236e-03  -3.025471433566951454e-06  1.204915283918873281e-05  1.312813468744665474e-05  1.460647482741726398e-03
2.264255736984969319e-02  8.960253972283100873e-04  -1.348324476358947500e-06  8.038026731381172065e-06  6.029164261296072395e-05  -8.830543652552256748e-03  2.189788070423663580e-02  -6.480675695086693042e-03  -5.612376740606553253e-06  5.736316055656741000e-06  -6.357543341822548719e-06  -2.620561221651391236e-03  4.965537794082912348e-02  1.067025003402412124e-03  -4.360439021445128298e-06  3.185976311789893597e-06  -5.467106815839617575e-05  -2.950506853006508185e-03
-9.531134826305424175e-04  3.634395670435185133e-02  -3.083457803293385835e-05  -6.599656907988377163e-05  -3.117236160319880589e-05  -1.852523237818093577e-03  -2.164574864027878163e-03  2.191392156107917558e-02  1.132382075416647290e-06  -3.411015181330014991e-06  1.627702250195945324e-05  -5.460546347017669958e-03  1.066922258076627873e-03  4.312632749566101126e-02  2.368134065990004107e-05  -2.468028156135427680e-05  1.290474556079592676e-05  -4.195098532532700523e-04
-5.565571906148966909e-06  -1.738441756587284122e-05  2.338082150491093900e-02  1.021592589766955050e-02  6.967354477645090402e-04  -6.866803200782853274e-07  9.818072713381770114e-06  -1.952940955152648453e-06  1.593194475493094064e-02  3.679585207740695713e-03  3.948587420468939110e-03  -3.182913637878328561e-06  -4.347737798670662052e-06  2.370468244867133723e-05  5.089413847624581211e-02  2.961200559455476507e-03  1.622569646861859408e-04  -2.752666233111707273e-06
9.438618593766442567e-06  1.239425581862240457e-05  -9.774858302345854066e-03  -1.364454106279489086e-03  -8.242227107313722986e-04  1.642002007917138019e-05  -2.382803118568512378e-05  5.315149790352008818e-06  -3.959997905744212093e-03  6.287742534643811238e-04  -1.870087110135525144e-03  1.202234435296436059e-05  3.431303054590851156e-06  -2.441750043042526864e-05  2.960827263948671156e-03  3.545004631701167280e-02  -2.383260261046889076e-04  -2.092840348433235768e-05
4.518694028212200445e-05  -9.724419861624477118e-06  2.690089617256692048e-04  9.527632836368806775e-06  4.471518642642797331e-03  -7.429011358863611854e-05  1.900114971898491403e-05  -1.645346147222850926e-05  -3.683535522562297188e-03  -1.115771817928966738e-03  6.219359507900030452e-04  1.337970215638222846e-05  -5.463740492535241620e-05  1.296556284642010135e-05  1.622890530985946714e-04  -2.382747242199031393e-04  4.085153010393471201e-02  -7.633182407487749455e-05
7.799290097365530958e-03  -1.771459210745876122e-04  9.083318491858152137e-06  3.905297549046233782e-05  7.480646787999826932e-05  -1.401402848813437883e-03  5.410267543603569131e-03  2.640119724261796603e-03  -8.906908944139104464e-06  1.156890343761270972e-05  -8.095272606151962969e-06  1.460472592749483380e-03  -2.950336328730373669e-03  -4.195004557309193701e-04  -3.000243838276704994e-06  -2.069260079825110591e-05  -7.649541131680893285e-05  3.462314922308167009e-02
