4.394566922312364426e-02  -4.161506406888677953e-04  1.338602793750699861e-05  2.010271536530543285e-05  -1.137925463824813537e-05  1.708994290045142122e-03  3.563033144187754964e-02  7.171867327312560691e-04  -4.932036229094421287e-07  5.249897522982197837e-06  -3.983923968271182683e-07  1.360650461609096953e-04  2.174263231238483113e-02  -8.469245007777902049e-04  -2.808961406938910286e-06  -5.823898842571690574e-06  4.175997326490826959e-06  7.424339687481328227e-03
-4.162402636938260648e-04  4.394229960015944708e-02  1.503211146866868182e-06  -3.281400897853332556e-06  -2.120981677538755840e-05  -1.715262321550119163e-03  -8.462292577061956761e-04  2.178090423964041192e-02  -2.849431139550795636e-06  -1.550855817029349155e-05  9.638494763241438990e-06  -7.495105406855089719e-03  7.044977121700607718e-04  3.562300061050905492e-02  1.772273131422095324e-05  -1.969357419365886679e-05  -8.346729062790820270e-06  -1.803749959102162110e-04
1.322129813110754528e-05  1.359710474848097207e-06  5.005512050630060716e-02  -2.136494674879515620e-03  2.181131332520076793e-03  2.585216671518477607e-06  3.072972650902923727e-06  -8.233454753313758481e-06  2.247893045197939949e-02  -2.132241260801101958e-04  9.282057469887666779e-03  -3.144528665903199949e-06  -1.194697699716378443e-05  1.164538166798682643e-05  2.242502875632260834e-02  -9.186869238129257917e-03  2.077568533525603214e-04  -9.842454975213858919e-06
2.018507845580917181e-05  -3.215219155319613344e-06  -2.136239572879568283e-03  3.641344636382742861e-02  -4.644031397214321564e-05  -1.859369346068988203e-05  1.533756876778479827e-05  -3.200613812289821499e-05  -5.204989710484877021e-04  4.123217665405643981e-03  -6.217025551966388983e-04  4.409398219871384718e-05  -2.329544676449724687e-05  2.879868528278286581e-05  9.486679332434095474e-03  -1.291606319168650541e-03  3.562931986194241426e-05  -2.610034787609684322e-05
-1.134325531509475937e-05  -2.119373615777929554e-05  2.180820395995159387e-03  -4.644524330490322256e-05  3.636096363554874866e-02  -3.460084177087417663e-05  -3.418184175765912209e-06  2.639338928138025933e-05  -9.530649077326914381e-03  5.153189728704255109e-05  -1.396802935288808147e-03  -2.777661897793829468e-05  1.701930638405595088e-05  -1.498848415316265928e-05  5.195750604537987443e-04  -6.288365754158909554e-04  4.143079016973477344e-03  1.999438508950836203e-05
1.709036899249858970e-03  -1.715302213642271338e-03  2.636626898421283949e-06  -1.867559193648636202e-05  -3.476817802405745357e-05  3.299711427567023070e-02  1.518730911646163327e-03  8.387445418428216004e-03  -2.568122363470904518e-05  -2.936664315422013436e-05  -2.590242847125594626e-05  -1.446422388920712201e-03  -8.348355714111568501e-03  -1.534325764490808777e-03  2.178801238257644217e-05  -1.584384498175529191e-05  -2.118039113467626679e-05  -1.360883214659699102e-03
3.563021340742352633e-02  -8.463368512692581508e-04  2.959625369967877890e-06  1.537160110861456700e-05  -3.484567930937581599e-06  1.518900038055043169e-03  4.387715038245059568e-02  9.484726823824795238e-04  4.588225771526028593e-06  -5.890735805584082960e-06  -9.150484001894318753e-07  3.749106759802564711e-04  2.103040772896390062e-02  -2.307572301609702413e-03  -2.160767475452347349e-06  2.121250493561439491e-06  5.623631059412747239e-06  4.845462721650422612e-03
7.172659343263430983e-04  2.178117606105594434e-02  -8.169744201495745975e-06  -3.196412176294254379e-05  2.625112069741800580e-05  8.387882865458674495e-03  9.484742136115908041e-04  5.025729279862706927e-02  -5.925963640647173745e-06  2.356566344199343603e-05  -2.159278415400508482e-05  2.269024458895296890e-03  -6.160243690391218295e-03  2.105438950437602333e-02  -2.908819526877995705e-06  -2.845887672165922108e-07  -4.251400177851120489e-06  2.611920043033694443e-03
-5.968611425406542736e-07  -2.948025981422495899e-06  2.247892901802924989e-02  -5.206684778355786776e-04  -9.530356771716945799e-03  -2.556414728613464474e-05  4.570110613930063291e-06  -5.891344399433096040e-06  5.132906280250632003e-02  -1.047258921750499815e-04  -2.360507786571942965e-03  2.546577871939963329e-05  -1.210587860270083346e-06  -5.826191772995658188e-08  1.527587314190008601e-02  -3.637785759535684064e-03  -3.436328120619636887e-03  -4.073363573355014945e-06
5.099284366251924401e-06  -1.577353331472822491e-05  -2.133000542116296320e-04  4.122846067667388509e-03  5.151019920153536652e-05  -2.935259269387346169e-05  -5.994565110091517701e-06  2.358434962380863672e-05  -1.047379466162916294e-04  4.114150574551129341e-02  -1.704169244607909347e-04  -3.127887667495579573e-05  6.816563989922043444e-06  -1.159114915040913011e-05  3.428485138091165452e-03  5.408434721672381951e-04  -1.047582798710836862e-03  3.162768573848306305e-06
-4.467746053792762590e-07  9.645679434496821640e-06  9.282389172009264736e-03  -6.216934137926613622e-04  -1.396851248796205161e-03  -2.594510064551375312e-05  -9.605847852296386088e-07  -2.163605537009185388e-05  -2.360044837336823086e-03  -1.706854903220512813e-04  3.669676612208132294e-02  7.391815162603568073e-05  -1.163645158373968519e-06  -2.652116138054714279e-07  3.640722075734076010e-03  -1.605775088008422422e-03  5.291968886593385055e-04  -1.122828938253844143e-05
1.361713201216296519e-04  -7.494980444820359411e-03  -3.230071857744306569e-06  4.413916898693541908e-05  -2.777629687811734142e-05  -1.446324476916917550e-03  3.750693956455693765e-04  2.268984906033481245e-03  2.553462419234449587e-05  -3.145996978014987272e-05  7.397835533224496687e-05  3.616594123831895491e-02  -2.594774353803144112e-03  -4.902181164993076740e-03  6.858391024598449001e-07  5.185912759064073797e-06  2.693390903840792908e-06  1.165363319867069669e-03
2.174271530394520160e-02  7.046624481707090912e-04  -1.187852163668584257e-05  -2.319145799409095407e-05  1.695622013783686861e-05  -8.348263879579773464e-03  2.103049651823283780e-02  -6.160273839215098420e-03  -1.216855827370086385e-06  6.749074177225183843e-06  -1.219438740175827789e-06  -2.594581496696111642e-03  5.032653369962118012e-02  9.626084740506004201e-04  7.589280734464168242e-06  -9.640233713118527274e-06  -3.272483174493577703e-06  -2.149650141883268934e-03
-8.469092393697870858e-04  3.562284889991114423e-02  1.151630264689794284e-05  2.866311275749969402e-05  -1.510105691529274710e-05  -1.534395551851210158e-03  -2.307644775484920825e-03  2.105427461382600521e-02  -9.143606151550608662e-08  -1.172209871625737093e-05  -2.553015413399901258e-07  -4.902194709181274812e-03  9.626504664006808876e-04  4.385373836580599288e-02  -1.105456926711851728e-05  2.456533023731307056e-05  7.186959648504229524e-06  -3.312150036532784643e-04
-2.788035219120711715e-06  1.761945433013856248e-05  2.242498372594625700e-02  9.486295254197460447e-03  5.197377232415204256e-04  2.124237529908618854e-05  -2.145327625061639614e-06  -2.940276306974745037e-06  1.527581804429871577e-02  3.428465628040704843e-03  3.640595837414722143e-03  9.075116923144979878e-07  7.654219738266326370e-06  -1.104923414953069761e-05  5.140349549298475068e-02  2.231782057739698736e-03  1.144983715398283769e-04  1.267936703078048171e-05
-5.798347877607781674e-06  -1.946443602702078266e-05  -9.186945300678501375e-03  -1.291565081488473682e-03  -6.287937477040354004e-04  -1.572083793451116413e-05  2.090972555302529298e-06  -4.441136271062828346e-07  -3.637708016160580600e-03  5.405586612853350952e-04  -1.605749350031901099e-03  5.275431308525514478e-06  -9.738565687559483860e-06  2.446940535680463665e-05  2.231311766734083053e-03  3.689429910980129151e-02  -1.793462589031383355e-04  -1.041176880470897580e-05
4.327165570551302497e-06  -8.436267308168901347e-06  2.078207268884121450e-04  3.551173992013708210e-05  4.142612738541500035e-03  -2.111978592356405753e-05  5.496751315220451484e-06  -4.302860533288879533e-06  -3.436325645221356001e-03  -1.047580764774196441e-03  5.295225481314132406e-04  2.536047435125551631e-06  -3.350812965307151598e-06  7.351840469959157889e-06  1.145119770209019553e-04  -1.791863790045551859e-04  4.112359267370509913e-02  3.234748935218190902e-06
7.424167947454060265e-03  -1.803746149253437632e-04  -9.791658634449103930e-06  -2.604434579317880974e-05  1.996693617429288402e-05  -1.360917907406204545e-03  4.845405778031368176e-03  2.612108949368553961e-03  -4.077106010402020356e-06  3.105648392000984421e-06  -1.132271132710641374e-05  1.165379081025510978e-03  -2.149453585862270109e-03  -3.313952995625618300e-04  1.246152307433608625e-05  -1.050951014855616257e-05  3.088573033968016641e-06  3.636509944010282019e-02
