4.512449585886794262e-02  -3.572324599529128042e-04  2.464571187069520934e-06  1.057580855933836621e-06  5.398125581064850935e-06  1.094165996994055914e-03  3.442670227517403286e-02  5.671260925148695082e-04  -9.599516228774690566e-06  -1.931440549642886012e-06  -2.767338531818383784e-05  5.116498991478791108e-05  2.060283025794691289e-02  -6.928284710979356600e-04  -1.944567474093284953e-06  4.352539978911416143e-06  1.787037514398136324e-06  7.009042032805089424e-03
-3.571738678879255520e-04  4.509432814714506993e-02  2.781717546958090715e-05  4.286432676720636681e-05  2.860819241226483921e-06  -1.117631158233131682e-03  -6.656317166903075481e-04  2.060998864012290183e-02  1.322159322973749769e-06  -7.476218534526171985e-06  2.569493848816261138e-07  -7.041899203370919832e-03  5.453071176859867987e-04  3.445918699760413401e-02  -3.081999422735353972e-05  5.376913748663591310e-05  -2.559718394567079504e-06  -8.383327401619183915e-05
2.538669151299792010e-06  2.807181758909266250e-05  5.098874965220720479e-02  -1.453530271607948992e-03  1.422844544469471827e-03  -6.390873937145048555e-07  1.126436903836083203e-06  3.488644065006227822e-06  2.121829800395812898e-02  -1.380678663810173208e-04  8.499057350109242778e-03  -9.002290559296992974e-06  -6.779964559164059659e-08  -2.751556229037354728e-05  2.120333213255975666e-02  -8.447258205696035749e-03  1.370786474280380788e-04  1.596036729554243710e-06
1.053994482102322939e-06  4.293562732798982229e-05  -1.453572362188980827e-03  3.810528957814142414e-02  4.016189879631531167e-05  -5.500543069946723175e-06  3.692524366001297537e-06  -7.628913857087635406e-06  -3.312503397401591297e-04  3.677862300318152783e-03  -4.659537492658860592e-04  1.481531193642347195e-05  -9.385128881119397435e-08  -2.977276721431297663e-05  8.627088703687533361e-03  -1.288000548415137603e-03  3.698903063772972683e-05  1.977659715844298527e-06
5.456224716037279440e-06  2.876482379546916509e-06  1.422867426749729923e-03  4.014639007996626468e-05  3.817533469735009261e-02  -1.659683717219885519e-05  -6.612717496413250605e-06  -4.979750608905948888e-06  -8.625996162593605604e-03  3.562274793612513527e-05  -1.322292379028062277e-03  8.158113010791675373e-06  9.513590410783127279e-08  6.011912547043355249e-07  3.248331823632908213e-04  -4.629189231425699701e-04  3.695563383326646266e-03  7.557531262450599680e-06
1.094155178775159257e-03  -1.117431469359660623e-03  -8.883058742394538383e-07  -5.454708620759528497e-06  -1.665014542856457465e-05  3.583869909028674500e-02  1.193188064164007198e-03  7.722828775020271208e-03  2.796338764981780035e-06  -1.007893813809547103e-05  3.756020747375262803e-06  -1.379396985894774637e-03  -7.738366744164709883e-03  -1.172081163967778322e-03  -3.718071828941643888e-07  7.580121740576747429e-06  8.255888629414838789e-06  -1.403375374026214839e-03
3.442664401368026456e-02  -6.656043815772010215e-04  1.312580023817138186e-06  3.712929892168162795e-06  -6.642903044251341771e-06  1.193173285591025501e-03  4.493877102945459390e-02  7.453327425890352107e-04  9.434545480881899220e-06  3.627009909425261373e-06  2.888197506085056967e-05  3.917926487077273115e-04  1.990119515122874827e-02  -2.469291543546043872e-03  -7.752412107810918500e-07  -1.466793453338029408e-06  -2.451120925666162311e-06  4.192437483205779455e-03
5.670721281163913644e-04  2.060983715515661910e-02  3.481432121501840953e-06  -7.538403219930663509e-06  -4.916975703718104531e-06  7.722705408892255839e-03  7.453427079422555654e-04  5.097435616334325403e-02  9.559449513180754125e-07  1.177680894772671192e-05  4.685784441874290346e-06  1.497563618091383997e-03  -5.762062329629412394e-03  1.992266002847403045e-02  -4.243116260749824256e-06  6.238477702124127038e-06  -7.088362109344059337e-07  2.564807668521486544e-03
-9.814041279878103703e-06  1.326926224281769955e-06  2.121827869182798046e-02  -3.312587037936573237e-04  -8.626041115430976500e-03  2.708417940269472144e-06  9.563285783108398382e-06  1.020536215165305242e-06  5.188270186311282062e-02  -6.276456904193082847e-05  -1.568617422474744222e-03  -3.761720615555992266e-06  5.348503560906049663e-08  -2.840568132960909305e-06  1.441224256573857276e-02  -3.241676863500688247e-03  -3.112846365504887917e-03  -1.777820297939054593e-06
-1.989841050470067743e-06  -7.359449028366142460e-06  -1.381364958868370389e-04  3.677647054087932084e-03  3.552383951586979754e-05  -9.987887845083627108e-06  3.596765980818598754e-06  1.179141623887241611e-05  -6.271791442248951358e-05  4.143721534816288687e-02  -1.036021041066526082e-04  -2.421103153764972540e-05  8.685736134314649564e-07  -2.411100539196079691e-06  3.111454850496308839e-03  4.497414576322288538e-04  -9.462324084943340378e-04  3.610066624737119426e-06
-2.746503155510784662e-05  2.895493497790334761e-07  8.498916671791350436e-03  -4.659369118910860986e-04  -1.322375134056006513e-03  3.899183687487868623e-06  2.877575421544665264e-05  4.851944811562292767e-06  -1.568494024496603018e-03  -1.037936914595402469e-04  3.826507202864039975e-02  -1.092794898468926950e-05  9.717108107589177879e-07  -7.710295258799821930e-06  3.242254027640858322e-03  -1.277307806134543545e-03  4.501978122526610181e-04  -3.208500012666694876e-06
5.099549438117966643e-05  -7.041808630986082056e-03  -8.912289404630555350e-06  1.482666002423665052e-05  8.108741431175834740e-06  -1.379391419303697226e-03  3.919448337598617428e-04  1.497289932940973562e-03  -3.779313272776902685e-06  -2.437238700351117016e-05  -1.061705222175731751e-05  3.785717168893485557e-02  -2.560983946056348028e-03  -4.225521010492898528e-03  8.035977538442912952e-06  -8.863565866795279860e-06  2.468160247865206717e-06  7.426572152541732925e-04
2.060269662294705872e-02  5.451458519067259615e-04  -3.861931862074511626e-08  -1.505553873185931407e-07  6.424446039821438566e-08  -7.738391959981423193e-03  1.990137634669268338e-02  -5.762076461272722799e-03  6.225213364865939262e-08  9.107931915967138529e-07  1.021093954269182984e-06  -2.560734819565606193e-03  5.101997975840457528e-02  7.663562685380792983e-04  4.232864290284443627e-07  5.092054308130341406e-07  -4.892983303791490126e-06  -1.390341096356116244e-03
-6.928478774039140793e-04  3.445911667884297980e-02  -2.727811229895414801e-05  -2.964040484453447038e-05  4.823555741249699950e-07  -1.171749121622453569e-03  -2.469306116317185155e-03  1.992251760366934785e-02  -2.695376514455882231e-06  -2.204210717930933065e-06  -7.775395385589217940e-06  -4.225340578692901063e-03  7.662054255733309702e-04  4.488464588600825367e-02  3.292307759690201764e-05  -6.041102949790834919e-05  3.368029216152987576e-06  -3.637473827067952219e-04
-2.091231864080289357e-06  -3.062943692118721945e-05  2.120325968791691648e-02  8.626756824116853933e-03  3.249795729830483033e-04  -3.491745874972768560e-07  -7.014723235090046007e-07  -4.221210299664857029e-06  1.441215833681076287e-02  3.111467486439826059e-03  3.241980308135985686e-03  8.044455735244021574e-06  4.020634857308027992e-07  3.267431224161507691e-05  5.191606801605139210e-02  1.497415809565968070e-03  6.199959552751243598e-05  1.786450057755241847e-06
4.388853485769726961e-06  5.356774354356703911e-05  -8.447321914799653386e-03  -1.287759122295110102e-03  -4.629088848092124909e-04  7.549995730782374791e-06  -1.456994327669435177e-06  6.260692776144499683e-06  -3.241659398269498144e-03  4.495449533324088554e-04  -1.277238850140556244e-03  -8.859789964773468859e-06  4.750783168930594692e-07  -6.012962476476827400e-05  1.497221489222553496e-03  3.841143746544859600e-02  -1.017116212199442355e-04  -5.205433713514911291e-06
1.987478012606227299e-06  -2.580124581615217175e-06  1.370013328714246906e-04  3.674274936969999523e-05  3.695408711436951304e-03  8.303645283781190158e-06  -2.664814976302062956e-06  -6.393459254783371927e-07  -3.112788536923922003e-03  -9.462355916694993336e-04  4.505343019356359917e-04  2.311005731717382397e-06  -4.881233948143832828e-06  3.396418012608685404e-06  6.197720494121684907e-05  -1.015829574222441238e-04  4.141586637559252493e-02  -1.506982352015651294e-05
7.008945646743583099e-03  -8.391252231217164153e-05  1.715067188637182528e-06  1.819255205073368217e-06  7.590907228601921087e-06  -1.403455662978383631e-03  4.192674517380530312e-03  2.565073732611278245e-03  -1.824225032659127583e-06  3.763780940662088563e-06  -3.319455474658080854e-06  7.426699606999344816e-04  -1.390203804744931946e-03  -3.636260694412493861e-04  1.819613929183273721e-06  -5.191825914477850015e-06  -1.521237424737048596e-05  3.810127204006188290e-02
