4.433813970966087037e-02  -4.549355078873826568e-04  -3.115064148190162632e-05  -2.971234710307873466e-05  3.644041504931469050e-05  1.397640988582257845e-03  3.525166481034268384e-02  6.821929946172847767e-04  2.408408553022110119e-05  -3.189141973051777634e-06  3.842281109947307352e-05  8.957546225120424188e-05  2.137580284854753362e-02  -7.843141127383883261e-04  -1.177094008902357322e-05  3.936145203698610819e-05  1.030557710245537106e-05  7.348339422014939226e-03
-4.548059541416318808e-04  4.432193496689352391e-02  -1.526824189189948230e-05  -8.128662776554545968e-06  5.693975943060921690e-06  -1.425030458442974862e-03  -7.828563316446967993e-04  2.134840473761333984e-02  2.029600644366029852e-06  2.031032672901608287e-07  2.167699610291361205e-06  -7.276137620560262260e-03  6.961347713834354798e-04  3.527344372524796740e-02  7.776851882498217762e-06  -1.403604544614952149e-05  3.408303259328299075e-06  -5.519189070617343002e-05
-3.135145553092046463e-05  -1.536448131428976214e-05  5.040397660947598668e-02  -1.890946353804884598e-03  1.861444802156337307e-03  1.911065316529325983e-05  1.305268977638833894e-05  8.657414933859033040e-06  2.201379652098820958e-02  -1.840667026065767153e-04  8.952793091678228066e-03  2.767723793087220258e-07  1.773985046932964911e-06  -5.112389061403398154e-06  2.203672071628287946e-02  -8.999768317157976968e-03  2.012096938241787107e-04  -2.481184578461770665e-05
-2.970603684230423844e-05  -8.025003084504047282e-06  -1.890937812424772074e-03  3.704056232967706253e-02  -3.073759310019110441e-06  1.096700653742830797e-04  -2.024789360664524474e-05  1.582980922431728588e-05  -4.484908673261033636e-04  3.983580670291774796e-03  -5.839945257077869874e-04  -2.530072282531312518e-05  1.628436087183911016e-05  1.019979722257010276e-05  9.200217739542411802e-03  -1.337426411132240948e-03  5.659503690281402540e-05  -6.332926325673160436e-06
3.646161393794423343e-05  5.584771535868918647e-06  1.861192179855346339e-03  -3.025946164133355883e-06  3.707724080223188251e-02  3.909228477841423355e-05  -3.583561640546730268e-05  1.881086754469022997e-06  -9.192449857858308801e-03  4.230414622301431491e-05  -1.335520437013155027e-03  -1.701981809492696053e-05  1.039445093898937840e-05  2.534554890916158182e-05  4.673924340990494720e-04  -6.218179977890148091e-04  3.969554180863263740e-03  3.550539110486444338e-05
1.397725018033750760e-03  -1.425225760422783568e-03  1.913844266816828405e-05  1.098318433369839590e-04  3.910623501290600129e-05  3.423739762499059675e-02  1.426868119697814134e-03  8.121706433492621377e-03  -5.517049979207536628e-06  -1.152762636663338043e-05  -2.570398193380182456e-05  -1.358428485539099661e-03  -8.130769499373798753e-03  -1.411479943780777476e-03  -1.385000593024353052e-06  -3.639958221298961302e-05  -2.833962893721231467e-06  -1.428461272325771319e-03
3.525163691648693781e-02  -7.827977994065330554e-04  1.292954928481337111e-05  -2.026185366836674747e-05  -3.581875166533795207e-05  1.426914664445243447e-03  4.420804677113921582e-02  8.354472295164257342e-04  -2.721120241226667000e-05  -1.347154251181545794e-06  -5.130767301245784502e-05  4.298904380587084944e-04  2.064260072292601125e-02  -2.312054338499870080e-03  7.699230735311557474e-06  -3.282165028348700890e-06  -8.082311687601086595e-07  4.662532457162416044e-03
6.821334132033848342e-04  2.134823850550461588e-02  8.655527080566173285e-06  1.589824598602940331e-05  1.949646953660764793e-06  8.121589595325289304e-03  8.355458187238270530e-04  5.056873133659153113e-02  -1.010159299259934185e-05  -1.489650895596259280e-05  -2.346607587673271806e-05  1.916842482655082766e-03  -5.994888215989539922e-03  2.064013584262906070e-02  1.261369085296287348e-06  -5.595968454358208961e-06  1.036220276789010971e-06  2.624101680645086077e-03
2.406274711394006780e-05  2.042967530314411770e-06  2.201388106472812467e-02  -4.486232737671039749e-04  -9.192484181689544384e-03  -5.714837234668661438e-06  -2.729810116610936613e-05  -1.005289083762348108e-05  5.158781884571309734e-02  -8.678845620058168845e-05  -1.974042299482738159e-03  2.353903155960574469e-05  1.511094717265402129e-06  8.229903305076671934e-06  1.496492349219227802e-02  -3.485251360612795241e-03  -3.313379429349297845e-03  6.767339221614581127e-06
-2.923267896987679845e-06  5.306566881027746019e-07  -1.841052279812574889e-04  3.983231008983082778e-03  4.251343046373416782e-05  -1.152972726013227448e-05  -1.390369699870148207e-06  -1.488011174673573885e-05  -8.686122638829299361e-05  4.124165840463898253e-02  -1.369158983711218913e-04  4.102568266347571019e-05  4.210425574991224400e-06  2.270750407401685174e-06  3.318269475089592226e-03  5.063685437278928839e-04  -1.012676120866160077e-03  5.837806981806923451e-06
3.846580217132283450e-05  2.189058555239856479e-06  8.952961333969194913e-03  -5.840071512898672382e-04  -1.335580593850269797e-03  -2.580662092908130454e-05  -5.134591885176708389e-05  -2.350501245108342068e-05  -1.973999798126038503e-03  -1.367002413828541775e-04  3.743674952823346919e-02  5.235805625547869857e-05  5.098361019681826283e-06  7.436896474486795364e-06  3.496441973220582554e-03  -1.483858863649615374e-03  5.059946264175989522e-04  1.847039090239808139e-05
8.947472255740201736e-05  -7.276078467786945524e-03  3.199459742441650921e-08  -2.528495048672031292e-05  -1.697562346890473426e-05  -1.358549717308474899e-03  4.298917899370635230e-04  1.916490669906982828e-03  2.346411292770096755e-05  4.137710959470246102e-05  5.228368089726656906e-05  3.688506348648065009e-02  -2.626852772915348744e-03  -4.650136420883303930e-03  -1.004023134124194660e-05  1.385209218414805493e-05  -8.992764461046931814e-07  9.476009376946513581e-04
2.137580868635142670e-02  6.963271963281941019e-04  1.786059925891738856e-06  1.635916393836234318e-05  1.042821945620714086e-05  -8.130608919226097256e-03  2.064286069606076357e-02  -5.994859280671491208e-03  1.540364436047977278e-06  4.121984341958023419e-06  5.157745661047830377e-06  -2.627015060057428120e-03  5.053044602557529852e-02  8.267554788727730138e-04  1.111925779266050590e-05  -3.683758394415186251e-05  -9.425803008672504704e-06  -2.000054664359083179e-03
-7.842712240964991831e-04  3.527338093435375410e-02  -5.225559966310588596e-06  1.026973958415722173e-05  2.522465049978117125e-05  -1.411681288517681668e-03  -2.312037737078873924e-03  2.063983002376833242e-02  8.497572253509737443e-06  2.381791421745469370e-06  7.518457817609126666e-06  -4.650130793619050400e-03  8.269358498105259820e-04  4.418509773576126398e-02  -5.703833019488145036e-06  1.100195091998793457e-05  -2.913522362987563069e-06  -4.630793148251367473e-04
-1.181455025048158491e-05  7.673354732809969106e-06  2.203669139626145135e-02  9.200262059683449872e-03  4.673615013419175923e-04  -1.189921752367058081e-06  7.564195136127459475e-06  1.248313190671959671e-06  1.496505186236314969e-02  3.318444200390542088e-03  3.496610912307436016e-03  -9.967447363021084798e-06  1.102983474031946109e-05  -5.661215268942915396e-06  5.154961383671963215e-02  2.050718613473058363e-03  5.673041367780768085e-05  3.158013832048301665e-05
3.932893701591757532e-05  -1.405270552160339933e-05  -8.999741126899057572e-03  -1.337733105091972689e-03  -6.216222805307135193e-04  -3.612779383628110822e-05  -3.392890476061246328e-06  -5.385122376741566518e-06  -3.485548721933445955e-03  5.058727634691960505e-04  -1.483935722788382776e-03  1.371854411611306997e-05  -3.661068545736284358e-05  1.093984038802732044e-05  2.050317895863272739e-03  3.726263748538875126e-02  -8.181226881439609879e-05  -7.475918243129573077e-05
1.037897332124624705e-05  3.451797581516348471e-06  2.013161608921744698e-04  5.627746685874634037e-05  3.969366915579700811e-03  -2.725263385762349171e-06  -9.122496142249957824e-07  1.006642207058261605e-06  -3.313420231596629108e-03  -1.012676591227006269e-03  5.059851545036807112e-04  -7.442126945922549626e-07  -9.434067551405725971e-06  -2.980328448581695577e-06  5.662606505703259257e-05  -8.124976272122569007e-05  4.127447689173257411e-02  -2.228915501887413045e-05
7.348275228751212015e-03  -5.499428998595768005e-05  -2.473437808160428378e-05  -6.379661922110591828e-06  3.545555407850254666e-05  -1.428271591160072554e-03  4.662585821329931490e-03  2.624318609570890776e-03  6.906950989510140931e-06  5.250202297017540686e-06  1.857205850482836334e-05  9.475172341012504714e-04  -1.999944336232033562e-03  -4.632537694175955048e-04  3.170988876937691915e-05  -7.482583566513400434e-05  -2.209040930766444595e-05  3.671859926084114489e-02
