4.446514403959570677e-02  -3.758038192445695017e-04  -1.015428282536624877e-05  3.388767554681273573e-06  2.433055054677658649e-05  1.408346742195459378e-03  3.512952763610621004e-02  6.477518373485566076e-04  4.273443159873695845e-06  -8.928355313311035511e-06  -2.611309408399510843e-06  9.142882463337455821e-05  2.122594695046424104e-02  -7.981666364202553640e-04  -1.948418663151394110e-07  5.819240714062902576e-06  -2.710441140809991001e-06  7.254026858211914952e-03
-3.758261872141541757e-04  4.444011373748384119e-02  3.390256264918469127e-05  6.705394307111999940e-05  7.991552600780478039e-06  -1.425755762694341181e-03  -7.636418844293882489e-04  2.123520499632368386e-02  4.103989701135473416e-06  -2.057480433731026551e-06  2.395631526360373763e-06  -7.287651877746342648e-03  6.109390543221887961e-04  3.513826218389473621e-02  -3.377444936851506049e-05  4.124065492664587268e-05  1.366611931383814289e-06  -1.661112978358942217e-04
-1.029218572322209574e-05  3.403567237402686622e-05  5.050122548669233602e-02  -1.795653603051117859e-03  1.831652741988078637e-03  -6.368012744515889988e-06  1.266024248797655275e-05  3.429175746261327908e-06  2.189457639388629751e-02  -1.652008685098737780e-04  8.890265510862378068e-03  -4.941783484709909612e-07  5.005651037481698680e-06  -3.850707237524048071e-05  2.186421562442483410e-02  -8.858119713692384073e-03  1.802047203815717214e-04  6.621662683347873792e-06
3.345753602780922710e-06  6.700968457044272672e-05  -1.795307363338506526e-03  3.725626533877311741e-02  -1.836007421604116013e-05  4.575441987049320408e-06  1.493912861129614745e-07  3.378065211108626905e-06  -4.155994487660998591e-04  3.908215640332174043e-03  -5.459409081074469540e-04  -1.251870952029283613e-05  7.796389472939038875e-06  -5.580702077516917873e-05  9.064155287047334641e-03  -1.254202743432061406e-03  5.877773732401148066e-05  2.483954721767597169e-05
2.443968513878426956e-05  7.972207079766707583e-06  1.831535140433728469e-03  -1.837409921895382040e-05  3.718255459297819393e-02  2.482350492257446057e-06  -1.371887033458911165e-05  -1.274167749161855862e-05  -9.120677772194673433e-03  2.606961172890446730e-05  -1.337478265045784816e-03  7.750453443018141272e-06  -4.934614794764511007e-06  6.830265555379359109e-06  4.420652400031702817e-04  -5.676377908045533108e-04  3.906475580380605953e-03  7.973066648548057510e-06
1.408462940893624163e-03  -1.425768549374648855e-03  -6.388965895475895085e-06  4.496382390360734094e-06  2.402355069523006032e-06  3.450771982694127160e-02  1.348504752225877660e-03  8.060120228150896224e-03  1.190999416804985585e-05  -1.319304578337576530e-05  1.171822874368295808e-05  -1.416300837847046627e-03  -8.082378574394033510e-03  -1.313219539512861271e-03  -5.378219712119540020e-06  1.208188475893806641e-05  1.857118649793857497e-05  -1.410184108732422895e-03
3.512939600630470699e-02  -7.637487690397081830e-04  1.249694660534525838e-05  5.089824624311958128e-08  -1.373872875343267361e-05  1.348590103806843535e-03  4.432815924245442352e-02  8.412080355336246269e-04  -5.748087341366848062e-06  1.059056491477968734e-05  1.098376071310456270e-06  3.822647079017950150e-04  2.051288171711036432e-02  -2.358711472821769899e-03  -4.007806856703947347e-06  2.030147179032428221e-07  -1.661362798576785637e-06  4.572654102528782120e-03
6.473412208189944454e-04  2.123540130788832345e-02  3.490293224837626908e-06  3.464345749201413272e-06  -1.283473050375908247e-05  8.060009661101950884e-03  8.416616305414087494e-04  5.059753045694218715e-02  1.040197992358059091e-05  4.770287039145803150e-06  2.586815270264842542e-05  1.932052762933937238e-03  -5.965988195779623610e-03  2.053137627091002407e-02  -3.602162646049655427e-06  4.530590713725820797e-06  8.820971678748803045e-07  2.597260845550027671e-03
4.184803998830229973e-06  4.128752195438235879e-06  2.189460684268550866e-02  -4.157594505677731701e-04  -9.120595759851021084e-03  1.185579080248262618e-05  -5.599838445813259797e-06  1.044383128500288981e-05  5.161815948445672847e-02  -9.765746419860493277e-05  -1.938745404571195086e-03  -2.991406001682263949e-05  3.209755547687208587e-07  -4.839378187195140676e-06  1.487323247372028708e-02  -3.446131151967329193e-03  -3.277177875730357196e-03  3.144096126734478176e-06
-8.951195319472021408e-06  -1.933104391657186300e-06  -1.653581516684591755e-04  3.907774856850626186e-03  2.634825792525043498e-05  -1.331344039461961908e-05  1.077476152354830732e-05  4.760900742444995495e-06  -9.770920097632624800e-05  4.129792949557203191e-02  -1.568772862823144328e-04  -4.377896719947027413e-06  1.589962025289142126e-06  -6.814560871763219023e-06  3.278154025961343455e-03  5.031637127116035408e-04  -9.997598032440793443e-04  1.328552791935476986e-06
-2.675577771754144133e-06  2.328514925264329398e-06  8.890402161268767811e-03  -5.459441195585671780e-04  -1.337705230446176261e-03  1.161832490948670496e-05  1.005335189397870215e-06  2.587431304934385300e-05  -1.938451548732899503e-03  -1.567973908101289110e-04  3.751026493429823055e-02  -6.420689378402666338e-05  -4.549548122362356554e-07  -1.252442664483433209e-05  3.446713413006316767e-03  -1.429923032161711707e-03  4.997470157808732829e-04  -1.976456136599796911e-07
9.170749800306175672e-05  -7.287613723565863552e-03  -3.541225681495727259e-07  -1.268801914600606232e-05  7.841310060022988753e-06  -1.416420322542501654e-03  3.820873418450454104e-04  1.931773326328498422e-03  -2.995110980296141970e-05  -4.389821656618733516e-06  -6.436884977549922604e-05  3.689682346299057863e-02  -2.585688927429593675e-03  -4.617285272463170567e-03  1.155508686477149149e-05  -1.368669245621143078e-05  -2.327027688763072478e-06  9.462641294359812934e-04
2.122600260891681703e-02  6.107442627970967796e-04  4.999836276358774205e-06  7.903843226990457148e-06  -4.797114423508796284e-06  -8.082439237968393544e-03  2.051298007674033988e-02  -5.965954910774470474e-03  3.014800337528592262e-07  1.582662642256921518e-06  -5.687378569853150471e-07  -2.585563137151015295e-03  5.063989466601091088e-02  8.741287281900573559e-04  -2.862429468729000672e-06  2.944527721743341300e-06  -3.121349984049759086e-06  -1.836276938378820145e-03
-7.981961799832880790e-04  3.513826987686199249e-02  -3.849098263081791990e-05  -5.598373334747785258e-05  6.766107780430099782e-06  -1.313326620537556529e-03  -2.358751857438909014e-03  2.053165644222252131e-02  -4.906437262564411941e-06  -6.848002246279675255e-06  -1.257778688277609112e-05  -4.617349673205334987e-03  8.739848266544242338e-04  4.431111138376136321e-02  3.568653207943753362e-05  -5.050591476716852001e-05  1.013626420029256983e-06  -3.182184424815129049e-04
-1.614605618741199373e-07  -3.345081832736717276e-05  2.186420547147355578e-02  9.063798456610453955e-03  4.422885247846435747e-04  -5.366048118926228212e-06  -3.906197476277400459e-06  -3.623828407651138536e-06  1.487315072279855183e-02  3.278126004248184400e-03  3.446387189539146072e-03  1.157722299933081463e-05  -2.881983948516641291e-06  3.557892860318213885e-05  5.163409504139129802e-02  1.929574675663474044e-03  8.895390829779959026e-05  -7.654018568071786383e-06
5.760616179787853176e-06  4.120971583989331387e-05  -8.858613948373356833e-03  -1.254229095866986159e-03  -5.675813303071465966e-04  1.202092742187647816e-05  2.879755555025509849e-07  4.568124295349119110e-06  -3.446180283664009893e-03  5.028157736959075691e-04  -1.429899726323609430e-03  -1.373625553634947960e-05  2.932011910473375640e-06  -5.068098419322672227e-05  1.929217371349233046e-03  3.748528038929577200e-02  -1.534374479285935508e-04  3.057929385456535676e-06
-2.391804435916093884e-06  1.460909384801184972e-06  1.802584506967188586e-04  5.898916791822230295e-05  3.906197403440949626e-03  1.851552091947114787e-05  -1.822221533191690514e-06  8.818055210300076091e-07  -3.277130222378100369e-03  -9.997598468509242588e-04  4.999684403122499256e-04  -2.253147371197607779e-06  -3.102231610229875236e-06  1.060521687037206612e-06  8.899645539141191680e-05  -1.536370707677158583e-04  4.129772737153365042e-02  -1.325006486234149764e-05
7.253905316389042297e-03  -1.662668782643757052e-04  6.574249336558065027e-06  2.501897018246387349e-05  8.082432626995070043e-06  -1.410378802967767473e-03  4.572624026810283987e-03  2.597580162510419125e-03  3.096977920112262048e-06  1.239275353867750733e-06  -2.421729940414247936e-07  9.463016347953140568e-04  -1.836013980035499206e-03  -3.183245801310951098e-04  -7.680127905571067351e-06  3.023036524986888291e-06  -1.331480052280518441e-05  3.708995587660765536e-02
