4.408058549529084852e-02  -4.243544398361118642e-04  -3.419960911464576197e-05  -3.925400503799981664e-05  3.832360357850967433e-05  1.590918831085139269e-03  3.551018868613133733e-02  7.050310649742894641e-04  2.810913379761000987e-05  1.784303221544341557e-05  5.047137052525535992e-05  1.223489869839752765e-04  2.162645389521034717e-02  -8.396853687459654653e-04  -6.656063407489006127e-06  1.216611566137726194e-05  -3.880563498611664618e-06  7.420040353762600085e-03
-4.242787014001788695e-04  4.408931570177760523e-02  2.254138055076764207e-05  1.200560893590164095e-05  -2.830673916429223287e-05  -1.618496155418184699e-03  -8.252307109648893222e-04  2.161682033610193288e-02  5.274466858880923495e-06  3.085896661014155644e-06  1.234737731737235433e-05  -7.404983008588670972e-03  7.037155875530966102e-04  3.549986907407615133e-02  -1.374411826972801670e-05  2.682007437675447797e-05  1.006522146489353562e-05  -1.071102381767678280e-04
-3.402221121395400139e-05  2.225612944037299297e-05  5.018838120759297472e-02  -2.023434479255906398e-03  2.032118158243922598e-03  5.429507044457722878e-05  1.798386549762787543e-05  1.420218283125656398e-06  2.230479687877054071e-02  -2.265563372477227941e-04  9.142729295097001135e-03  -5.545004043987224322e-06  -8.390621939462392574e-07  -1.238111377845316150e-05  2.231604877422809288e-02  -9.162199700726663537e-03  2.135217467108332121e-04  -1.967755865542373492e-05
-3.926101287587695530e-05  1.175690811918477045e-05  -2.023223936339412030e-03  3.666081154437428324e-02  -6.394300275033918931e-05  9.173318764503843445e-05  -3.611370725763852466e-06  2.488755414041449773e-05  -5.012984388720283018e-04  4.107441280673030694e-03  -6.416566382069784731e-04  -4.367785111288686252e-05  1.797858830567557775e-05  -1.576266762644250183e-05  9.383449063929310066e-03  -1.345528048140958582e-03  6.954275606966339870e-05  -3.827980350764546869e-06
3.815645904379596137e-05  -2.853640213637929308e-05  2.032109265552953584e-03  -6.396999136104984814e-05  3.665502056946986359e-02  -7.596105736284583727e-05  -2.115396822489083235e-05  1.294436444658619052e-06  -9.379852452371405247e-03  8.087804858083039226e-05  -1.321794697023625934e-03  9.809322550153058958e-06  1.168195301629615909e-05  5.820650461048070599e-06  4.889518479052601656e-04  -6.155347670142309298e-04  4.091478663006209784e-03  3.889657818688774628e-05
1.591154495238891568e-03  -1.618549948188842706e-03  5.442937860257834843e-05  9.175197459204107201e-05  -7.581262326279099891e-05  3.357371714901558057e-02  1.467323248001730024e-03  8.291831686173100485e-03  1.009496994241222588e-05  -9.875458227333816448e-06  2.597212296968333335e-05  -1.426626730019453808e-03  -8.276612884512035695e-03  -1.457115820524573562e-03  -2.449220326827456774e-07  -1.496947269573094470e-05  1.635414941447723672e-05  -1.433115781029884860e-03
3.551003635691626914e-02  -8.252349243129469217e-04  1.827739971203554947e-05  -3.578881582504476780e-06  -2.130086710515024761e-05  1.467496000030015478e-03  4.397407235339403919e-02  9.095340006042533379e-04  -3.183369128004215213e-05  -2.089155251969544225e-05  -6.225487265948361946e-05  3.865269258591740964e-04  2.090681142312725629e-02  -2.301927285776037002e-03  -8.774334657998720706e-07  2.334550292547033691e-05  6.298703211114269233e-06  4.824101074339230862e-03
7.052453760357966454e-04  2.161658177206577172e-02  1.399249827846221378e-06  2.485284108701406070e-05  1.276397492448869628e-06  8.291630359330857958e-03  9.092966334513255490e-04  5.039933124331644199e-02  3.881744859104419495e-06  -1.882189604334439967e-05  3.364575751114613896e-06  2.090107454278686619e-03  -6.100344249131355902e-03  2.090357594948802009e-02  6.665013924397719487e-07  -1.113437580936152625e-06  2.830650453298244120e-06  2.607592083280635149e-03
2.761718906699357767e-05  5.351745147852994703e-06  2.230479858492939033e-02  -5.014271197366020711e-04  -9.379852287676126998e-03  1.064205890573668196e-05  -3.132603408315976108e-05  3.929413525360086260e-06  5.143809641552660877e-02  -7.850431155601162705e-05  -2.208150705225737920e-03  -1.266774481469016075e-05  1.949432764519380884e-06  3.063101581556953032e-06  1.516553549048646823e-02  -3.593505260505112150e-03  -3.392295662872769728e-03  8.766101236714683682e-06
1.826704828600613401e-05  3.059923951189833932e-06  -2.264961682358609734e-04  4.107331946668632897e-03  8.078602456671030141e-05  -9.998670451488306176e-06  -2.123832715851018833e-05  -1.880626044117728380e-05  -7.853812082378389267e-05  4.115205237134635791e-02  -1.323455141901370773e-04  4.683594530651785876e-05  5.620085075299598892e-06  8.923960541415547093e-06  3.393334108692021116e-03  5.245271557806426184e-04  -1.032226407091285398e-03  1.262373646455244767e-05
5.037670860484267017e-05  1.240699278502049941e-05  9.142641871335635551e-03  -6.416389430884748661e-04  -1.321805585677180480e-03  2.612691127926066977e-05  -6.209519630185017600e-05  3.331130778218830764e-06  -2.208009899092439315e-03  -1.323915853670675218e-04  3.694955896228864500e-02  -1.914012762584642782e-05  2.939209405496704228e-06  1.476929949611688045e-05  3.585128078014417768e-03  -1.564996305768082000e-03  5.276188486260713134e-04  1.714332160819629340e-05
1.221322393567221077e-04  -7.404630010837459989e-03  -5.580972928261900535e-06  -4.369397412941580685e-05  9.589248045046773296e-06  -1.426996415181165526e-03  3.868442094773176651e-04  2.089629052504125145e-03  -1.232792134025699918e-05  4.674484897655112694e-05  -1.895376322596100421e-05  3.653114292837045946e-02  -2.617256865833647497e-03  -4.796578992032007882e-03  2.276458025377990808e-07  -1.728559687178254358e-05  -9.311765960230435860e-06  1.077165839454165839e-03
2.162626792324540137e-02  7.035341679703329722e-04  -8.784410120810648000e-07  1.809348198838840776e-05  1.168840350693565926e-05  -8.276803904212383031e-03  2.090731368226987977e-02  -6.100363114044281103e-03  2.037440071919939989e-06  5.611784836393973494e-06  2.879303812385177610e-06  -2.617032302727168892e-03  5.037663772950355667e-02  9.141175174243383909e-04  8.362383030627813443e-06  -3.303904015739588185e-05  -5.343583099911938290e-06  -2.141650045033161812e-03
-8.396935207935824928e-04  3.549977452849683440e-02  -1.265981288406609996e-05  -1.602275160602840878e-05  5.765051044006341682e-06  -1.457128446043676412e-03  -2.301998537163809071e-03  2.090315335201791899e-02  2.999185471063681565e-06  8.784028938465740041e-06  1.470302727640079983e-05  -4.796206662706690646e-03  9.140141234933304645e-04  4.399167470950558767e-02  1.259768931411501065e-05  -2.266518947548413471e-05  -1.047163214892632622e-05  -3.956851706047350955e-04
-6.605091227005459257e-06  -1.337766171253668248e-05  2.231608189970267150e-02  9.383386570239550528e-03  4.889527447862652846e-04  -6.406591501973369263e-08  -1.006069242049351963e-06  6.929513034009354583e-07  1.516555268000208470e-02  3.393337929502939637e-03  3.585150766993700378e-03  1.004106082566555415e-07  8.402322208240523571e-06  1.220094532922040384e-05  5.141434447824722725e-02  2.252323478175898269e-03  9.774958453889802737e-05  1.761713699320259684e-05
1.210596596343583836e-05  2.679132811650335310e-05  -9.162345594365531309e-03  -1.345477648287262719e-03  -6.155428103424146532e-04  -1.497114795186898517e-05  2.354287292090456550e-05  -1.141463526493666297e-06  -3.593565174001174100e-03  5.243798294234128200e-04  -1.565027441902707003e-03  -1.728328621327309363e-05  -3.299223706692597073e-05  -2.258671396476554704e-05  2.252084786261737259e-03  3.688319238014253765e-02  -1.704476383285920813e-04  -5.118044637510599411e-05
-4.054285649007919985e-06  1.045694708998511268e-05  2.135947424624450963e-04  6.991041415346090180e-05  4.091514333212950376e-03  1.614122209495500978e-05  6.511352934060896353e-06  2.840812753736488338e-06  -3.392327351316570122e-03  -1.032258246426024208e-03  5.275623850106817307e-04  -9.227685977930656305e-06  -5.354220705524378993e-06  -1.106493827659353554e-05  9.778869472212290738e-05  -1.705771893763745437e-04  4.116205565228343854e-02  -1.591418540333941343e-05
7.419753041908238450e-03  -1.073607376448318287e-04  -1.983773863122779244e-05  -3.792496058000902090e-06  3.902836435241372479e-05  -1.433498694213490576e-03  4.824424162053104342e-03  2.607693730553330407e-03  9.043623001611480721e-06  1.260931317431978062e-05  1.718986483985673612e-05  1.077144119131451163e-03  -2.141367192852079715e-03  -3.956567238439981761e-04  1.758579751805247786e-05  -5.115195920663279507e-05  -1.586078902453771667e-05  3.643657751391798927e-02
