4.322256250988616016e-02  -5.852662138256560509e-04  -1.693547564712442931e-05  3.817099691871585142e-06  2.872912337738826077e-05  2.001228916195423209e-03  3.628615794544607503e-02  9.194313029539704632e-04  2.309331570342966375e-05  3.384906766860491627e-06  2.027194228540262844e-05  1.535180511825001899e-04  2.263052898028375740e-02  -9.622413562109602154e-04  -1.655539368113120559e-05  2.988818007889903350e-05  1.435437785868061394e-05  7.795096016049425300e-03
-5.853309656440362036e-04  4.322947946061233421e-02  4.885819994224031939e-06  -6.438676632903750074e-06  2.231743734427101743e-05  -2.061376141787793492e-03  -9.384483907262309221e-04  2.264671110448204794e-02  -7.338804993736438129e-06  3.172357340825229121e-05  -9.394075000478538387e-06  -7.821240021409469820e-03  9.106256434457331945e-04  3.626305106984925586e-02  -8.162375385298257187e-06  -1.437368561884958278e-05  -2.578347297841619869e-05  -1.594227336402772644e-04
-1.687051476313491876e-05  4.974970927934682970e-06  4.926705640503880462e-02  -2.684362108420379912e-03  2.762469687198003399e-03  -7.298187790175043412e-06  3.191398610001136348e-05  -1.134907177046362537e-05  2.337950205412880900e-02  -3.007325626615972797e-04  9.785979101222214843e-03  1.362489070648535300e-05  -1.392852322489252295e-05  -5.100263343184018134e-07  2.334797111428107627e-02  -9.793901558262308599e-03  3.358823618057886376e-04  -1.291811593681548884e-05
3.807904433556380247e-06  -6.455708140045464670e-06  -2.684379161597689415e-03  3.502383945165300078e-02  -1.751340408140784563e-04  -8.877013710521593931e-05  1.538570507562416991e-05  1.787131696413284316e-05  -7.216781218059657157e-04  4.484833056582882178e-03  -8.581715788667464411e-04  -1.617777341860432864e-05  4.943916340286823766e-06  -3.362883370642375268e-05  1.011337852987423923e-02  -1.295789016277068550e-03  1.018379574588113663e-04  1.247155711381015050e-05
2.877126676458727024e-05  2.253857578570675181e-05  2.762429873752843355e-03  -1.751057853623762316e-04  3.473096113766424575e-02  8.821755205747997008e-06  -4.007048958488144600e-05  1.484513541977976436e-05  -1.018608878075790217e-02  4.458768603222436734e-05  -1.377166044688983180e-03  -1.964029943499624636e-05  9.900175733803106296e-06  -2.449541584103376559e-05  7.547462096873673370e-04  -8.706598548891549905e-04  4.540495245414718356e-03  4.156216522499228215e-06
2.001601247307094929e-03  -2.061448469789338954e-03  -7.607786692370896918e-06  -8.873361416657266651e-05  8.946618512463155339e-06  3.106976657548823212e-02  1.880236540681157155e-03  8.803567872462884913e-03  -2.391697222425668393e-05  5.032751509491434117e-05  -3.169906627672735433e-05  -1.368281459459897266e-03  -8.754520050267514120e-03  -1.888294753314949045e-03  -1.479502903199481878e-05  2.969871390071962644e-05  -3.032306148898083228e-06  -1.372691525718461271e-03
3.628624478775940160e-02  -9.383884655327189971e-04  3.186646933335413875e-05  1.544256924966683252e-05  -3.999791455505872216e-05  1.880527638720096237e-03  4.322119361355886841e-02  1.028283065094351412e-03  -1.792098661421839470e-05  4.468947869090860804e-06  -1.614273608335576248e-05  4.697299347051413589e-04  2.187553389036014234e-02  -2.157620597160701814e-03  9.421907045607080784e-06  -2.970604413592067353e-05  -3.516030817775804853e-06  5.391883926312591828e-03
9.192601906682125327e-04  2.264674035970819926e-02  -1.151330380919921463e-05  1.784892684373740526e-05  1.531488260507954995e-05  8.803820419754566570e-03  1.028408813086711861e-03  4.964350402780666471e-02  -6.782753958544797770e-06  -3.405009493089300178e-05  -8.691789110916716692e-06  2.985805572956473294e-03  -6.457526486101631061e-03  2.188926733018838749e-02  5.046898816919068714e-06  4.863089975449009440e-06  -4.694510616605593914e-06  2.659635319314802935e-03
2.304731692290080657e-05  -7.464806713011613860e-06  2.337967790846815289e-02  -7.216322148580167324e-04  -1.018641001425469456e-02  -2.477084392430228208e-05  -1.787224427110450093e-05  -6.677581106317765355e-06  5.089608626138415748e-02  -1.087927974135030108e-04  -2.954007468169105727e-03  1.584218578530930183e-05  3.007950457334897771e-06  4.954554469726208644e-06  1.591654495863695923e-02  -3.936523656234891880e-03  -3.691658169104710709e-03  9.546778197007660795e-06
3.338136489254084872e-06  3.195754351019265498e-05  -3.007088566675503822e-04  4.484850934285036783e-03  4.466565525807388845e-05  5.065503201440150105e-05  4.664670814379002988e-06  -3.409296918132234628e-05  -1.088356195988519995e-04  4.083121278136866983e-02  -1.497455232245543239e-04  3.547892164970395146e-05  -1.153683608667130077e-05  1.878007362195370733e-05  3.676105531785110563e-03  6.327007607290459834e-04  -1.111029937303890892e-03  2.142902838115108154e-06
2.035996332561823891e-05  -9.313797566438467815e-06  9.785776899086382971e-03  -8.581528939842988533e-04  -1.377045875523208972e-03  -3.168319244914453959e-05  -1.610646785028563722e-05  -8.624748889917981679e-06  -2.954054176032453165e-03  -1.497403177120721046e-04  3.550829538750802095e-02  2.696740484891361073e-05  1.404496202237403438e-05  -1.337117938289137379e-06  3.942055028197815475e-03  -1.857220903786861894e-03  6.192548865694172356e-04  2.612222008421587817e-05
1.534238942283125168e-04  -7.821568863825336879e-03  1.367238678604042537e-05  -1.619402581272680119e-05  -1.956421107990417366e-05  -1.368318824936507003e-03  4.697797131691644869e-04  2.985869697315961854e-03  1.561374165163071821e-05  3.593464821960615745e-05  2.685513444606335847e-05  3.455688663022528362e-02  -2.664575344446589930e-03  -5.393076700549032966e-03  -5.397384380925122471e-06  -7.998606472715775591e-06  5.925066281813460167e-06  1.416439620445198496e-03
2.263078483486703762e-02  9.107489623191843695e-04  -1.393775986932180454e-05  4.954903147585618535e-06  1.008463789746664370e-05  -8.754192999009318896e-03  2.187563784552581242e-02  -6.457494444279588200e-03  2.839925722754460332e-06  -1.143267707814581153e-05  1.397235501360089324e-05  -2.664945302115522430e-03  4.967385312988142898e-02  1.048405650804179945e-03  1.853507942172449480e-05  -2.932261974048722551e-05  -1.856488673326521190e-05  -2.937927678946241142e-03
-9.622095186556131434e-04  3.626289335685472376e-02  -5.631384142954022799e-07  -3.365333072481251065e-05  -2.450871148349614522e-05  -1.888737856315196410e-03  -2.157693932612805583e-03  2.188883929504297984e-02  5.227781569278312691e-06  1.881334125643679592e-05  -1.341260184051781414e-06  -5.392928381028355526e-03  1.048290020515858876e-03  4.322792374677244392e-02  4.020226898864461515e-06  3.574292392293690629e-06  2.846910341378417663e-05  -4.477426668765031805e-04
-1.647515248960253960e-05  -7.967518274582999606e-06  2.334802021089689081e-02  1.011359124798770839e-02  7.551032857708783394e-04  -1.460463514141687679e-05  9.510235236747682270e-06  4.959809980601397338e-06  1.591658176434247035e-02  3.676159186980671421e-03  3.941981359383205270e-03  -5.337447937678118127e-06  1.846899480068654593e-05  4.076496619561080102e-06  5.088139932371921192e-02  3.030853409157614059e-03  1.037627695112000814e-04  3.622692170608205815e-05
2.987958846388124752e-05  -1.435931124614364093e-05  -9.793943366266334369e-03  -1.295759992699321893e-03  -8.706592757693266179e-04  2.975618952894734700e-05  -2.964524735190454465e-05  4.575866884890631677e-06  -3.936468632136786751e-03  6.325386931137238393e-04  -1.857203565654079328e-03  -7.906916298870585641e-06  -2.958848104504682597e-05  3.521182701566460575e-06  3.030708818180771411e-03  3.527331226451747154e-02  -1.543620280403078791e-04  -7.023933555605623791e-05
1.429205103810501809e-05  -2.609229073487418087e-05  3.358420990992819904e-04  1.017123399571146826e-04  4.540236521840267624e-03  -3.255713064096857343e-06  -3.546310057827300671e-06  -4.685329678896536237e-06  -3.691620791532188809e-03  -1.110961098101268581e-03  6.193431194741829977e-04  6.044471381751118060e-06  -1.852159698746975094e-05  2.865456290167437973e-05  1.037252082254645948e-04  -1.543334002040896904e-04  4.077030175268288315e-02  -3.486175854461526024e-05
7.795111802249648190e-03  -1.593669675784488188e-04  -1.291217531142264205e-05  1.241889504682584679e-05  4.073716060839046148e-06  -1.372669654828822215e-03  5.391769498503578943e-03  2.659517132689061692e-03  9.578715658161560654e-06  2.001387398093833292e-06  2.606400039851491026e-05  1.416365819980858328e-03  -2.937882069133397958e-03  -4.477457202266219840e-04  3.604439568750294798e-05  -7.013435311976527016e-05  -3.484092730531519521e-05  3.466142871869178077e-02
