4.358127321347966127e-02  -5.667800391232116330e-04  -5.542630564032748414e-06  3.560473194103774754e-05  6.613037031587341678e-05  1.780577134130654701e-03  3.595474629231575764e-02  8.454093439457478418e-04  1.013595064442021911e-05  -1.506529972520519135e-05  1.556473415682204468e-05  1.143760174506833855e-04  2.220267187016780608e-02  -8.875975939034118616e-04  -6.131295683604490537e-07  3.614217499120733224e-06  -3.473663115560894475e-05  7.644277709972360085e-03
-5.667805717733712893e-04  4.359234946330379362e-02  -1.238908384064213772e-05  -7.819265053906070302e-06  2.543052806619643778e-05  -1.749402459425919995e-03  -8.783616218496012465e-04  2.217933452372468708e-02  1.083682918598283482e-06  5.601149976009216206e-06  -5.551043816122335699e-06  -7.625827692014673816e-03  8.304958219066229438e-04  3.597827053508189515e-02  9.519674811462198660e-06  -9.863618295452099467e-06  -7.846128960307878855e-06  -1.270296203867274430e-04
-5.254695171935760723e-06  -1.215296169287521786e-05  4.975078769901130488e-02  -2.444883117168102169e-03  2.308942551244228675e-03  -3.759603302284504861e-05  1.782080659547191086e-05  4.123999499905826151e-06  2.286983744711063374e-02  -2.343285594515705835e-04  9.512110300148443262e-03  -1.086306248359349373e-05  -2.753113844643101912e-06  -2.759261313406825423e-06  2.290392381430290947e-02  -9.508675210201442476e-03  2.365376405661935284e-04  8.139194415534097790e-07
3.564912159836613207e-05  -7.802026269836145512e-06  -2.444836123252762741e-03  3.568173658409704019e-02  6.667633790275374097e-06  -2.511976904034800260e-05  -7.634376094357979854e-06  1.199197408103742278e-05  -6.031887594523928451e-04  4.354321388749458378e-03  -7.338344906058608900e-04  -4.804820655499287510e-05  -1.703655792106638600e-05  1.361555126009715673e-05  9.803694487034830818e-03  -1.343145726241195452e-03  3.413527643207471763e-05  -1.526903827564839343e-05
6.601304635419820985e-05  2.539784160504569171e-05  2.308809074191810456e-03  6.685873857246272442e-06  3.596921286902386022e-02  -1.982711949833974288e-05  7.462206417089202927e-06  -2.275027760913857214e-05  -9.744148080404867879e-03  4.265016094616950288e-07  -1.312926892464636331e-03  8.714404711324103383e-06  -5.000005505715950392e-05  1.283341901239613588e-05  5.957122107796645333e-04  -7.231063246364204458e-04  4.331852388074748303e-03  -6.437597101649071736e-05
1.780554253851284125e-03  -1.749438348141145981e-03  -3.756920654520432609e-05  -2.525270709135044215e-05  -1.984543509222675030e-05  3.227805177736467468e-02  1.754094569273954678e-03  8.523317015334650956e-03  -5.643844135791607112e-06  -6.488448998640965575e-06  -4.734660050902933363e-05  -1.369746848692425826e-03  -8.580773000538778963e-03  -1.718668876775865037e-03  1.661987087854996359e-05  -4.767153256472136545e-05  6.470121943469281768e-05  -1.404605852433999866e-03
3.595453970612271649e-02  -8.783645449186330790e-04  1.814144200447774519e-05  -7.650418895961066544e-06  7.176943236036964076e-06  1.754168094063945828e-03  4.355779334043929918e-02  9.431842374902997929e-04  -1.941181007399792320e-05  1.719492968449594372e-05  -2.679749629544746832e-05  4.767201063258363490e-04  2.144064415471092985e-02  -2.188896880393825621e-03  5.338984455166481237e-07  -1.880536331773395511e-06  -2.684281135629380778e-05  5.132882420974372618e-03
8.452446585474602571e-04  2.217941733181867311e-02  4.035712682136014234e-06  1.203090327124276386e-05  -2.269454129924348908e-05  8.523255618750559884e-03  9.432972168939730015e-04  5.001620952983486246e-02  -1.329453772894689898e-05  -2.556782227432618512e-05  -2.622979158213516968e-05  2.550289999296268852e-03  -6.283604287310330834e-03  2.143441540886563065e-02  1.057347198926159215e-05  -1.495158884851229349e-05  1.452068572567724132e-05  2.657886031659451899e-03
9.988119438701140547e-06  1.161831433505411462e-06  2.286992057366640102e-02  -6.030441092887451086e-04  -9.744414736068015420e-03  -5.610395406549656789e-06  -1.938458754642088835e-05  -1.329670117866601347e-05  5.114453192402350357e-02  -1.243331617028021259e-04  -2.658229240995073957e-03  3.220025352188925596e-05  9.958661669021150219e-06  9.274770266178959473e-06  1.558456417040694243e-02  -3.783324902373396727e-03  -3.547392244810512914e-03  2.151428227030844647e-05
-1.524668349082696261e-05  5.818683724870685195e-06  -2.342557457593870505e-04  4.354353664200572190e-03  3.049580921803353920e-07  -6.128574398911144611e-06  1.750825144727845392e-05  -2.563045548054854186e-05  -1.244203059905684729e-04  4.094449529554576583e-02  -1.664788788085269406e-04  5.623506949147909207e-05  -4.896435873760152183e-06  5.384668024195182153e-06  3.568849204918162540e-03  5.616972721265006945e-04  -1.085039058699829601e-03  -9.923741458664258268e-06
1.559667734210024579e-05  -5.563218864651266035e-06  9.511988649729725617e-03  -7.338162969191520078e-04  -1.312847642024832619e-03  -4.754940719156115119e-05  -2.686706578767407422e-05  -2.644792195619228420e-05  -2.658174147854506543e-03  -1.662395635106706535e-04  3.603745544228205422e-02  6.792156619115693593e-05  1.121900153815588618e-05  9.714814826446997847e-06  3.789212921088059693e-03  -1.739423670217746676e-03  5.761786391438437514e-04  3.359299631156822605e-05
1.145655063053554139e-04  -7.625583156190200544e-03  -1.091822662991445662e-05  -4.826189771832384940e-05  8.653509941495566565e-06  -1.369441707455529593e-03  4.766149970335615475e-04  2.550240309053689383e-03  3.226045680263341835e-05  5.628560659846450681e-05  6.797830316239704710e-05  3.550336410006869892e-02  -2.657408917870665317e-03  -5.124033399640604523e-03  -1.905662259223986661e-05  2.807298328397057102e-05  -4.515644570680477592e-06  1.228201813241175085e-03
2.220258282040868045e-02  8.303198027487040337e-04  -2.744581114531870881e-06  -1.704314746155451566e-05  -5.017066420957111520e-05  -8.580959915596127544e-03  2.144110833262718660e-02  -6.283743737994441220e-03  9.936641464496638639e-06  -4.894225344131145380e-06  1.136797633780713883e-05  -2.657109514858523383e-03  4.999834406916828233e-02  9.499412249175082741e-04  -1.535976511778138056e-05  3.750387221979576151e-05  5.129913085044211280e-05  -2.570301534631531416e-03
-8.876053724828075883e-04  3.597817166127530858e-02  -2.475348380964442295e-06  1.360843147351741616e-05  1.273425032160841264e-05  -1.718624246711659325e-03  -2.188960397080348848e-03  2.143436990072410814e-02  9.555305283015222472e-06  5.469885434400434217e-06  9.693958245697623010e-06  -5.123958689193405108e-03  9.497678972422648764e-04  4.354287535190868447e-02  -1.643093916853231138e-05  1.137383554857746815e-05  4.789772974822116497e-06  -4.655186242452262002e-04
-5.475150238546053360e-07  9.569876315412542534e-06  2.290400712437638819e-02  9.803616277327547451e-03  5.957681059466486901e-04  1.696314841285110052e-05  3.627505459493277472e-07  1.065004771297959525e-05  1.558456939048907808e-02  3.568886638241259169e-03  3.789318617149159320e-03  -1.914495116219608236e-05  -1.532871518252838561e-05  -1.643175491607274096e-05  5.114729659871567607e-02  2.609449289808270060e-03  1.071073400639689443e-04  -4.054152095278959765e-05
3.597444400234803652e-06  -9.844757872370741902e-06  -9.508746652360252835e-03  -1.343439239905433067e-03  -7.231775957467336067e-04  -4.781368335957871283e-05  -1.893404095540775776e-06  -1.476399116082395863e-05  -3.783309134304774224e-03  5.615759406721578190e-04  -1.739432574156072253e-03  2.782631613387854665e-05  3.768812016985946469e-05  1.137280139349006706e-05  2.609203109772108981e-03  3.617542184747801759e-02  -1.505125791829327320e-04  1.059095470617726101e-04
-3.499585636997569834e-05  -7.726910654339131220e-06  2.365838721634037889e-04  3.406855363545741120e-05  4.331707397280371540e-03  6.561399101925543837e-05  -2.683613724182753711e-05  1.460576591632290295e-05  -3.547454385935207635e-03  -1.085153218843363295e-03  5.760224663252151321e-04  -4.593114725915029431e-06  5.128177536341230907e-05  4.627942338590174691e-06  1.071869613306660455e-04  -1.504162989437341923e-04  4.099317291840837846e-02  6.699042319913164315e-05
7.644404090330117994e-03  -1.270149707263901130e-04  9.267294541030746639e-07  -1.520909928217396991e-05  -6.433871361760361437e-05  -1.404625621120371556e-03  5.132814366709172876e-03  2.657718854305716333e-03  2.146278373620263063e-05  -9.775983005137526971e-06  3.355559048857622087e-05  1.228309447050668097e-03  -2.570281622422924180e-03  -4.655049077079728530e-04  -4.036934882715617856e-05  1.058114472408029253e-04  6.746188539989323731e-05  3.546618514371158853e-02
