4.458374037802797368e-02  -3.967507712522542486e-04  1.260352169773705921e-05  1.593137704328909774e-05  4.364375862873894043e-06  1.328513373400335958e-03  3.499493361209170261e-02  5.949683657905387819e-04  -7.168301280594585183e-07  6.027365377483945675e-06  6.225887231566141496e-06  1.449884211550317762e-04  2.109301593792895294e-02  -7.338324923079588480e-04  -3.775787452060310578e-06  -6.844995092960623546e-06  -8.552900446853475499e-06  7.209988571419431377e-03
-3.965713347134922420e-04  4.455093210420024707e-02  3.700937460036437014e-05  8.471858253699327739e-05  9.878520402418790506e-06  -1.356897994835579721e-03  -7.657432336211383210e-04  2.110913668428401890e-02  6.169025683448849352e-06  7.387383764606967466e-06  7.270742793870037114e-07  -7.205225543825029277e-03  6.329288976832742270e-04  3.500238665432055946e-02  -2.307520422249440299e-05  9.742943339185136957e-06  -5.841291890657257224e-06  -8.858317630885815370e-05
1.256723595918624162e-05  3.695523826817191735e-05  5.061986237003043149e-02  -1.692885482251085729e-03  1.760698643042374984e-03  -1.124413538045342570e-05  5.461874042526732338e-06  -8.729782451098719380e-07  2.175566791777990699e-02  -1.459040632202415191e-04  8.806035872615143589e-03  -8.725714376073938146e-06  -6.449609815445321402e-06  -3.546389740744085507e-05  2.173199877862667939e-02  -8.816105435840789969e-03  1.659765188742925697e-04  -3.698245062936190576e-06
1.596122900660737020e-05  8.504552237904897626e-05  -1.692950798906200450e-03  3.757730209559660695e-02  3.752713889766397492e-05  -2.980964629201904279e-05  2.553999858684283421e-05  -5.159129009213258928e-07  -3.765829234436259628e-04  3.868728726991303626e-03  -5.020286270137802641e-04  -2.236625480718311382e-05  -1.257753893012330835e-05  -7.656009231935859106e-05  8.976539005327336188e-03  -1.338625022623319422e-03  4.453698061702246090e-05  -3.222373467627389097e-06
4.326227728715130407e-06  9.878016706555148307e-06  1.760601187851542791e-03  3.751242246503750391e-05  3.736703060722831871e-02  -3.367361498530050551e-05  1.499623319857398852e-05  -5.505231862822185231e-06  -9.025427509937343148e-03  1.974305153266529849e-05  -1.350210913077788850e-03  -1.472387736914113785e-07  -6.601205137865825964e-06  -4.377524784224250413e-06  4.130915798521289108e-04  -5.287406392480818599e-04  3.873597501683158015e-03  1.099002093725346344e-05
1.328761235739822112e-03  -1.357062043738921147e-03  -1.120693256361691090e-05  -2.968786427128613584e-05  -3.369980717509644648e-05  3.462790492547326154e-02  1.326739597773885036e-03  8.027057677348696865e-03  5.255823197948341382e-07  -9.789531514711801390e-07  -6.054136364292510512e-06  -1.401044402796405549e-03  -7.974078094797016486e-03  -1.363552997319812969e-03  1.628900984496148917e-07  1.616665632141448032e-05  2.657542291931507968e-05  -1.376210107689669572e-03
3.499478828770959810e-02  -7.656522154585133563e-04  5.510458523476265034e-06  2.552220453337269494e-05  1.496857048848270695e-05  1.326921239809891566e-03  4.443596393503679992e-02  8.541590086323296114e-04  3.748765087793018175e-06  -1.825396747897203217e-06  -3.303139991991900665e-06  3.424165052451408190e-04  2.039906348063555419e-02  -2.387660494367082643e-03  -8.603012565724003311e-06  1.011191675929710446e-05  1.035944799085796273e-06  4.495800684285473220e-03
5.949904545398059614e-04  2.110917349864308359e-02  -9.063994156253746014e-07  -5.183761688874285140e-07  -5.500336307911013768e-06  8.026953088284669371e-03  8.541517610404882662e-04  5.070803847380172397e-02  2.355775729556043997e-06  -2.862248010521035990e-06  4.508490057369251250e-06  1.760433687865414201e-03  -5.923658048669706334e-03  2.039025788809878739e-02  1.186417425465021388e-07  -1.019954996112253586e-07  2.018226011780714949e-06  2.583020749277130032e-03
-2.418263501543711558e-07  6.477575923104636143e-06  2.175577457139478074e-02  -3.766986572911189572e-04  -9.025997687289429375e-03  7.701484707394522517e-07  3.365868175208961440e-06  2.413350314674277635e-06  5.169093233343196453e-02  -9.909493733500157814e-05  -1.818797108124145523e-03  -8.360451400675733802e-06  -1.799460652853026847e-06  -6.814831051954477851e-06  1.478320141303998345e-02  -3.412179369456189160e-03  -3.249025121390186101e-03  -8.304223848512729952e-07
6.163571353088630463e-06  7.600184657497711714e-06  -1.458884737121838963e-04  3.868542823713837578e-03  1.942419570346600160e-05  -1.196212438735671930e-06  -1.848127370330544346e-06  -2.924579528107896098e-06  -9.904145427269036282e-05  4.132131998923423838e-02  -1.627354928908078459e-04  6.808111868380866189e-07  -2.097573062748432752e-06  -2.341742222769119486e-06  3.245348897197603867e-03  4.847103069814496048e-04  -9.904632299264758827e-04  1.473590100556612290e-06
6.119991481106236325e-06  7.010683672989376960e-07  8.806128254722106127e-03  -5.019865919777824958e-04  -1.350232628931719242e-03  -6.044941181792797130e-06  -3.271407088099108798e-06  4.569886261070632486e-06  -1.819089648712671117e-03  -1.629492341781034101e-04  3.777555987114739056e-02  -9.925294451149607153e-06  1.033052754513026509e-07  -5.826166467331164286e-06  3.413359260957483845e-03  -1.413108016687534760e-03  4.807905418058864883e-04  3.494856782956643162e-06
1.447786570852643753e-04  -7.205011190118070473e-03  -8.679674072106459396e-06  -2.241369972418066331e-05  -1.623157793121273544e-07  -1.400459188315501379e-03  3.426370140212702756e-04  1.760314639636748535e-03  -8.170266881173832309e-06  7.828304105960718362e-07  -9.876619066591101030e-06  3.725253854839837703e-02  -2.599041958042807264e-03  -4.481096519298278374e-03  9.617052537121455939e-06  -8.260051130240558503e-06  -2.409881996030045865e-06  9.065922665259995225e-04
2.109312535260998711e-02  6.328005494983593437e-04  -6.537163961778755199e-06  -1.244319128375794496e-05  -6.494148126062824102e-06  -7.973852522813964019e-03  2.039898748891535302e-02  -5.923675208204766569e-03  -1.790940223312419827e-06  -2.128308079962437584e-06  8.342711611534628038e-08  -2.598871322134651413e-03  5.070564252671157929e-02  8.291344750674708563e-04  9.966573703441741666e-06  -1.170818798895665175e-05  -4.114764699612969719e-06  -1.768095184447746916e-03
-7.337666382868545311e-04  3.500219267392836592e-02  -3.546892688743864109e-05  -7.629169732286864274e-05  -4.342820617767555728e-06  -1.363564781713565675e-03  -2.387737562923323859e-03  2.039005780658703984e-02  -6.742008141419199767e-06  -2.222772372141571677e-06  -5.823505558261930816e-06  -4.481037546505564108e-03  8.287872518444965291e-04  4.443443543117950312e-02  2.492038220587453951e-05  -2.107014617313467884e-05  5.547714633575753158e-06  -3.821514404152971211e-04
-3.679591930538132362e-06  -2.315978128514107115e-05  2.173199531376070887e-02  8.976755460206589307e-03  4.132253083352416452e-04  -1.106949792255794615e-07  -8.526813323229092326e-06  8.672941413209619255e-08  1.478321570689837897e-02  3.245380292094614955e-03  3.413259063439835501e-03  9.679582956913983325e-06  9.888811173929924292e-06  2.517625857874992499e-05  5.167988619854616689e-02  1.866300630316492350e-03  8.514634549543927925e-05  1.350235279391936518e-05
-6.805346596963446537e-06  9.695373643470961921e-06  -8.816021830367962164e-03  -1.338692231355511188e-03  -5.287510955823296419e-04  1.622342202217232887e-05  1.012189796561100949e-05  -2.600500133348964954e-07  -3.412359997690203681e-03  4.844992286100027789e-04  -1.413121559282957442e-03  -8.241368209813679086e-06  -1.168627525803597525e-05  -2.102121657585328076e-05  1.866348669405183507e-03  3.766017067342271318e-02  -1.432526134665835658e-04  -2.198885995550203153e-05
-8.508466583933910947e-06  -5.705505813704703103e-06  1.661183227833541200e-04  4.472006732272302442e-05  3.873415050856319000e-03  2.678923513290175641e-05  9.453755042900206485e-07  2.120228244912551803e-06  -3.249022557513584191e-03  -9.904989011246152775e-04  4.808296527836235430e-04  -2.452540972154123781e-06  -4.092067989774338030e-06  5.437713479211166081e-06  8.522619534541401210e-05  -1.434140917983078530e-04  4.130916344515751792e-02  -2.279208126862163164e-05
7.210222460304575344e-03  -8.847575474994203793e-05  -3.871153570917282702e-06  -3.501570805647861980e-06  1.099704867140490035e-05  -1.376577470815921762e-03  4.495808963013428125e-03  2.582918170951251438e-03  -1.002762711010888716e-06  1.066913263358972822e-06  3.531665985619604349e-06  9.066914477926099006e-04  -1.767819471406809322e-03  -3.822109139796771673e-04  1.333757446638586620e-05  -2.189895096936054234e-05  -2.262181443805371295e-05  3.725769667748549119e-02
