4.496748106323703031e-02  -3.121550564472974068e-04  1.079961583941554957e-05  2.006947543301948515e-05  -2.130664256682449922e-06  1.192272238743605911e-03  3.459399251679553394e-02  5.372301709348844970e-04  -1.638282464584100675e-05  -5.042382819728460015e-06  -3.495175661183286286e-05  1.357660324249641360e-04  2.072594313357204940e-02  -7.184011368483026773e-04  5.006881227784871802e-06  -2.065579677366744812e-05  2.891972335813781955e-06  7.073110757524867995e-03
-3.121548919956598236e-04  4.496619783106761692e-02  4.328879602723884184e-06  8.640123486135249501e-06  -2.137416412829683905e-05  -1.271471208364599592e-03  -7.061794383498414809e-04  2.072292845269546255e-02  -6.816285670383108947e-06  -7.173406382178966489e-06  -2.935687524507798968e-06  -7.043688645624473360e-03  5.339923650533074133e-04  3.457478141100963492e-02  3.778129708225074087e-06  -3.201042962365426239e-06  -3.540038667066911436e-07  -1.386325937768178316e-04
1.060644853851985493e-05  4.354293613606569173e-06  5.088098280953754632e-02  -1.550926134851226320e-03  1.529836061681841839e-03  8.590905121921261443e-06  -7.231124188993101417e-06  -8.526898815734907898e-06  2.133208430128146621e-02  -1.457110305307259522e-04  8.529081785286109565e-03  3.138974225076907974e-06  1.273318770385048956e-06  7.934397113640582867e-06  2.134387757837931734e-02  -8.538936402402705350e-03  1.354744832066870765e-04  1.429706351696446823e-05
2.011714799234133361e-05  8.656518629953669912e-06  -1.550832299891491883e-03  3.786820029071926580e-02  6.958009097927379515e-06  -2.603682830102962197e-05  -5.066312270847808754e-06  -1.275073102469488089e-05  -3.493541135905193313e-04  3.715993357370600027e-03  -4.595734058726004068e-04  2.285138479216464560e-05  2.405668782498691650e-06  2.460982612531047151e-06  8.741081137612695048e-03  -1.291764448199408510e-03  3.300236063119537088e-05  1.859532757377726077e-05
-2.243832175514615235e-06  -2.133947856175224831e-05  1.529698157963685660e-03  6.956957770569831639e-06  3.791923754660907198e-02  -3.692143444173450731e-05  -8.068550848991306934e-06  2.846734827583023719e-05  -8.733729870316788227e-03  4.628420799839852667e-05  -1.301200287327188053e-03  -3.603537043086680382e-05  8.865938861459358186e-06  -7.340693268838435152e-06  3.428540443284701692e-04  -4.523846105246814939e-04  3.716165808315964082e-03  7.942214228968973825e-06
1.192334330228240341e-03  -1.271443390211174276e-03  8.552298148020004274e-06  -2.600043290569695179e-05  -3.695400337856747134e-05  3.539576120823300504e-02  1.192468190647806700e-03  7.819994811360007209e-03  -2.717507978070685153e-05  -1.628281262874193717e-05  -3.290207388143603483e-05  -1.360887100689686050e-03  -7.780652879994589231e-03  -1.191951021619081647e-03  1.343337460313512154e-06  2.346758347896476035e-05  -8.159975260380917758e-06  -1.382245197619543821e-03
3.459385004352499848e-02  -7.061300284730105334e-04  -7.335579135587595151e-06  -5.063394862929067963e-06  -8.184115414444560510e-06  1.192493060957239238e-03  4.478636434991317000e-02  8.103283422159037516e-04  1.797933992295606360e-05  7.306610566443204967e-06  3.571340328708429152e-05  2.962159165097066242e-04  2.003121745472954268e-02  -2.465279774093449838e-03  -1.798208897900310237e-06  5.400522492165583150e-06  8.029634230759869057e-06  4.286948317379460881e-03
5.372043453109921502e-04  2.072285509631557193e-02  -8.595545561099216048e-06  -1.283016756222293935e-05  2.862886704523360515e-05  7.819641983850916106e-03  8.103462960831374828e-04  5.094029003987122356e-02  -2.422214899884355143e-06  9.015869689916465081e-06  -1.962120437228475855e-05  1.485758717359035889e-03  -5.808376946178142423e-03  2.002749777408160611e-02  -3.139631779346414193e-06  1.393613096330527242e-06  -1.263331584636988310e-06  2.549738999375683515e-03
-1.601193433454040722e-05  -6.744136121951087976e-06  2.133209278323053987e-02  -3.496397917890807028e-04  -8.733948550488901050e-03  -2.753276759648120602e-05  1.766372095048278839e-05  -2.390706261326010263e-06  5.186704370189387792e-02  -7.770234694267993025e-05  -1.558235503958253646e-03  2.127043905951651138e-05  2.233795581142180478e-06  -5.208591554655332505e-06  1.450752191273984443e-02  -3.284903342650460564e-03  -3.146176216408213926e-03  -2.233425897609281705e-06
-5.127840052494105950e-06  -7.208333313274681894e-06  -1.457088795858227511e-04  3.715671568759919621e-03  4.617849872699716354e-05  -1.647632428348033397e-05  7.378028696911858324e-06  8.980411617709608337e-06  -7.767070352904547920e-05  4.140185406424961440e-02  -1.387099140431666928e-04  -1.548912688056665123e-05  3.805463244440685725e-07  -3.451514220241097582e-06  3.146397525862239166e-03  4.561583141960719569e-04  -9.569617486365872804e-04  2.225159861119657248e-06
-3.499770610372733803e-05  -2.875189482050517237e-06  8.529079439565144874e-03  -4.595591872327768721e-04  -1.301112772819959388e-03  -3.309989872335840442e-05  3.585235114985506507e-05  -1.955002619880665104e-05  -1.558357936515774450e-03  -1.387236234108910993e-04  3.829066798821009060e-02  6.943945949032249683e-05  3.678657307684129730e-06  -8.214366813534087594e-06  3.287717158946453985e-03  -1.316518223056744111e-03  4.514381959047998388e-04  -7.581426158637021477e-06
1.355864048609492219e-04  -7.043845929457421585e-03  3.155076206584957520e-06  2.287884781126097776e-05  -3.629943652387665595e-05  -1.360751358755926763e-03  2.964346051642507301e-04  1.485476437993381044e-03  2.127200870593112672e-05  -1.558678594523235357e-05  6.945315397925858416e-05  3.787632846642426110e-02  -2.556428083300737748e-03  -4.260398885691253287e-03  7.826760889850889564e-06  -1.104664441008513887e-05  -6.089257055190463032e-06  8.213898317273236839e-04
2.072588578541647436e-02  5.338828415661251185e-04  1.251780020725656907e-06  2.641223823253312330e-06  8.846194495052558544e-06  -7.780577995994302984e-03  2.003127704837676451e-02  -5.808387596969003669e-03  2.159081583807205041e-06  2.927183422213620130e-07  3.832675344057280693e-06  -2.556221781296423839e-03  5.091608575509425777e-02  8.229227942450664367e-04  -2.947148966081100100e-06  5.384299502854592239e-06  -8.819923324894065665e-06  -1.548398474828998044e-03
-7.183602780970151699e-04  3.457462541105237042e-02  8.037976565510873908e-06  2.453754964729997366e-06  -7.296189809831456332e-06  -1.191955121256074810e-03  -2.465262241804859738e-03  2.002741431686065263e-02  -5.148511191447329497e-06  -3.423378795219578432e-06  -8.222737090929925003e-06  -4.260439400309694660e-03  8.228475407691442306e-04  4.479886829910179752e-02  -9.622156177544167555e-07  4.129454121752647148e-06  1.214460263970923306e-06  -2.860744752275265327e-04
5.018281468762045889e-06  3.671120862141425243e-06  2.134387527573004123e-02  8.740899525427342151e-03  3.429237971637149988e-04  1.063848141575808253e-06  -1.777103592044941244e-06  -3.092224169643901020e-06  1.450758973916913691e-02  3.146422827316243138e-03  3.287712051821365701e-03  8.008652285844602493e-06  -2.976235715223066174e-06  -8.738769625985005418e-07  5.184953875803668955e-02  1.588425471134705981e-03  8.634350675291504464e-05  -8.240193664342833403e-06
-2.062362953014596111e-05  -3.236515422802543908e-06  -8.539002995949514230e-03  -1.291685255901845819e-03  -4.523570081728217054e-04  2.374462107230724579e-05  5.398846373365050301e-06  1.249578229900772507e-06  -3.285270535712695849e-03  4.558282220013135729e-04  -1.316536837345429201e-03  -1.100002762504285762e-05  5.521681274377709406e-06  4.300893433778898444e-06  1.588205602182411660e-03  3.822455080644358155e-02  -1.493935150886123312e-04  1.355152254868477598e-05
3.074907155502995904e-06  -3.802815764813630145e-07  1.355937294671077725e-04  3.306403371057693979e-05  3.715862786601805291e-03  -8.032180360434629392e-06  7.812065887237466271e-06  -1.223804542160918683e-06  -3.146203400423297578e-03  -9.569523629084800229e-04  4.515698112822358074e-04  -6.225503693157978100e-06  -8.836385638205203474e-06  1.227196792924972353e-06  8.634039197125289002e-05  -1.494372550314199317e-04  4.141298103481704657e-02  -9.001772783644897000e-06
7.073112047912819000e-03  -1.386969208437077922e-04  1.425244999167974212e-05  1.863041304281655929e-05  7.988808893161210308e-06  -1.382192810771600000e-03  4.287055148457399704e-03  2.549833158727064092e-03  -2.599580741955547162e-06  1.958749684242995758e-06  -7.578004442184258394e-06  8.214869590744685668e-04  -1.548273265520368246e-03  -2.859840263980266461e-04  -8.310709659856813951e-06  1.357555810998366494e-05  -8.907473396871522686e-06  3.774780609514628155e-02
