4.396803201906371306e-02  -4.768780732376783700e-04  1.986569396384977440e-05  1.474850227021053712e-05  -4.750139785392851785e-05  1.647569711443174325e-03  3.562761297800524224e-02  7.455056324657895238e-04  -4.713870518673718019e-06  4.221351300353953776e-06  1.513999165144065893e-05  9.308834642549816511e-05  2.174191280676456006e-02  -8.340941626740651501e-04  5.674020202980072627e-06  -1.734321099318702635e-05  1.342924672477527759e-06  7.422650796796104178e-03
-4.770267803660166212e-04  4.396329786627161534e-02  -3.101104640800908766e-06  -7.091475660694331545e-06  1.001358193223756504e-05  -1.574374816492912039e-03  -8.559784479292845616e-04  2.176882485171233866e-02  -7.185706462001919818e-06  -4.158632275728160089e-06  -1.348380729369946251e-05  -7.494710094072426845e-03  7.535191527874085049e-04  3.564273923005188000e-02  5.282848599528802094e-07  3.389949771697619043e-06  -5.467506177167396180e-06  -9.387423901372968227e-05
1.992870985126721998e-05  -3.175594170679824787e-06  5.002187284467086298e-02  -2.218758391262364450e-03  2.175860654828417999e-03  -6.605642561190229658e-06  -2.030859632839161728e-05  2.975057897763793492e-06  2.245268405368128911e-02  -2.171550258715471094e-04  9.229797085036319654e-03  -5.229038678190198865e-06  -1.493744403854127289e-06  6.173787724262508870e-07  2.243620973483167677e-02  -9.174002164845337579e-03  2.286934043574628784e-04  -3.647169838271827757e-06
1.497283006838206633e-05  -7.067522967905773493e-06  -2.218789317760059675e-03  3.623346552910396146e-02  -5.486517828085999538e-05  -2.189136861818034648e-05  -6.669907099464394177e-06  -5.800761968621153516e-06  -5.357355584448246369e-04  4.134998660022103784e-03  -6.537380413335029802e-04  2.492169070577396220e-05  -1.357886344136360707e-05  4.528416551448688734e-06  9.530418142929290501e-03  -1.339552998910750704e-03  6.296624532276757298e-05  -2.940052238998607572e-05
-4.751020273171896945e-05  9.981073178441926668e-06  2.175465417021308669e-03  -5.477270357464108998e-05  3.631314863878536137e-02  2.122292260890700497e-05  4.109079437162550049e-05  -1.067894317295550807e-05  -9.524380466473738802e-03  3.851515710457872887e-05  -1.369607567532819467e-03  2.107769418622628877e-05  4.371444803650374958e-06  -1.201007166450040221e-06  5.490242326924695210e-04  -6.753285013298160897e-04  4.148159136701104650e-03  9.456118261904937011e-06
1.647705399847354188e-03  -1.574438042986712116e-03  -6.789049423011201964e-06  -2.186332117930372423e-05  2.097109747680327735e-05  3.335916239580170167e-02  1.520804677790844233e-03  8.324262014009030722e-03  -1.029151369323647389e-05  2.692343745696257072e-07  -1.570784699726002884e-05  -1.438188719613949992e-03  -8.341423532590507006e-03  -1.529551089511051870e-03  7.729386257301315531e-06  -4.475465535818618157e-06  -1.931132192172469543e-05  -1.339199188351826659e-03
3.562748555348672214e-02  -8.560674221665576407e-04  -2.035945114771048402e-05  -6.561628188193143171e-06  4.101005000041005761e-05  1.520955315434282043e-03  4.387033212111925845e-02  9.074923174582228812e-04  9.515427317909956777e-06  -5.396825889975521005e-06  -1.261982325459645406e-05  4.473407198048652447e-04  2.103001867389906604e-02  -2.259242253242354018e-03  -6.019630137343723732e-06  1.812519433001940901e-05  1.348011968727840688e-05  4.862037029625550753e-03
7.455013848875308938e-04  2.176890985148467045e-02  3.004537824119880762e-06  -5.829055270354182982e-06  -1.121160770321651267e-05  8.324296393226075091e-03  9.073870638469384289e-04  5.025722807473160386e-02  5.446861542213029567e-06  9.475713080207728671e-06  2.029799753432549278e-05  2.310789389352485741e-03  -6.134013826290720534e-03  2.104610904003128072e-02  2.287958424000991778e-07  -3.959806176892852491e-06  -7.264635515168283480e-06  2.656261838420995430e-03
-4.826145329525576159e-06  -7.135758251332156137e-06  2.245257890310225699e-02  -5.358373106932824616e-04  -9.524081432193839958e-03  -1.014248403988509871e-05  9.842212498640515086e-06  5.495024312566793796e-06  5.137343527751894734e-02  -1.083674411689694670e-04  -2.277521403067417783e-03  -5.689092224868108018e-06  -2.615552423640754054e-06  1.806635380062354760e-06  1.527110425539149156e-02  -3.625413717095374039e-03  -3.430013837418089719e-03  -5.670671355156942645e-06
3.834191024647398412e-06  -4.180207522790785922e-06  -2.171020369747969452e-04  4.135004153634726752e-03  3.852733473590591010e-05  2.763446811316198523e-07  -4.908393983573071334e-06  9.502192664339246771e-06  -1.083349852262748816e-04  4.112358327533107566e-02  -1.699523983454812362e-04  -1.823305248598569762e-05  1.091897126326755698e-06  -2.956983744693622709e-06  3.436689093530325995e-03  5.332923759231913280e-04  -1.043628204972382604e-03  -2.669134679458618053e-06
1.516237924646555406e-05  -1.344214488627499771e-05  9.230007788133818766e-03  -6.537821786702209753e-04  -1.369768720756773216e-03  -1.579695954513247067e-05  -1.257070423332225981e-05  1.993247625346170781e-05  -2.277328201065566011e-03  -1.698878605298805293e-04  3.685213864289041408e-02  -2.096001971105688937e-05  4.707890603826034328e-07  -3.925349830711305287e-06  3.630254752820189727e-03  -1.580826594592209906e-03  5.373063971178405462e-04  -1.262874749783790079e-05
9.325239226996177367e-05  -7.494734210764848574e-03  -4.832871115844326960e-06  2.472627879830463653e-05  2.117490805631849361e-05  -1.438225595564573142e-03  4.473015338261221874e-04  2.310516161755189410e-03  -5.309383319858452317e-06  -1.815517290017388548e-05  -2.096462900802445995e-05  3.605215185381482890e-02  -2.635777662004444057e-03  -4.915769188389458935e-03  3.219385861815634599e-07  -7.615921922528785633e-06  5.734119859972680136e-06  1.088570764666558447e-03
2.174147760708492957e-02  7.533514133362373931e-04  -1.470657658479366745e-06  -1.351694314833044148e-05  4.620007809690052836e-06  -8.341309340040471351e-03  2.103047742765100370e-02  -6.133991240992297395e-03  -2.553300110632393477e-06  1.108282779027914756e-06  2.156319728269340060e-07  -2.635759299667088124e-03  5.033057050392611420e-02  8.944647312288776667e-04  -2.415570741852379696e-06  8.108667822689136188e-06  -1.000901827363876524e-05  -2.159657623361171432e-03
-8.341359872232682578e-04  3.564265985846257895e-02  4.774562055090935223e-07  4.469149212997568827e-06  -1.295519930062759855e-06  -1.529583837854572772e-03  -2.259150726951558545e-03  2.104590640525279277e-02  1.761207439202827075e-06  -2.969406266870315732e-06  -3.907430574873512263e-06  -4.915788815743927197e-03  8.944663280691196247e-04  4.383854850642231182e-02  -3.142309733122097909e-07  4.593949845271416083e-06  9.451029057162732466e-06  -4.571239183878192240e-04
5.906013116548623674e-06  3.518145978753520890e-07  2.243617430422940526e-02  9.530299234954915655e-03  5.493369163415917850e-04  7.826043396168444772e-06  -6.351894576710126091e-06  2.134737196559793549e-07  1.527110834257052081e-02  3.436698596172503908e-03  3.630064410936672831e-03  2.724239562711816254e-07  -2.467956405205797733e-06  -1.763303750889006094e-07  5.141884358027078855e-02  2.176014217238729162e-03  8.361598506965838972e-05  -9.512925054073712668e-06
-1.743671528593193247e-05  3.426686304836343419e-06  -9.174036001987184719e-03  -1.339627561803212810e-03  -6.752445027402466512e-04  -4.477054721518248060e-06  1.825513048927917601e-05  -4.005032353646181665e-06  -3.625498529061475621e-03  5.333446488214797733e-04  -1.580876115921320225e-03  -7.697157313770682481e-06  8.104492265038555534e-06  4.625296531762303197e-06  2.175837364702374981e-03  3.705163618532588549e-02  -1.308005820397941635e-04  3.624381260696519526e-05
1.220586423241608519e-06  -5.610115580305892455e-06  2.289503022451337146e-04  6.313605211530678031e-05  4.147570563998173414e-03  -1.955921424327261498e-05  1.349752718093134477e-05  -7.377325112838148534e-06  -3.430078604371546332e-03  -1.043670626922084572e-03  5.375403492619668750e-04  6.200315389692949586e-06  -9.966507439042315841e-06  9.472282576257442358e-06  8.366103501265390637e-05  -1.307699875905453748e-04  4.112283243150102741e-02  -3.694293816377852028e-06
7.422212914969366845e-03  -9.373956685036378554e-05  -3.508194781186737044e-06  -2.937912752616974346e-05  9.491589453054329184e-06  -1.339495187192139619e-03  4.862479515058568992e-03  2.656422959454938539e-03  -5.507345839474743894e-06  -2.450668246336898359e-06  -1.260524655727936104e-05  1.088681296716556470e-03  -2.159129269971011775e-03  -4.572478955349216449e-04  -9.446497993078954399e-06  3.617892825529492741e-05  -3.842385526440784148e-06  3.629985136313794436e-02
