4.564876638842603473e-02  -2.795726806109837632e-04  2.907584665077249062e-06  5.356710005073779613e-06  4.871702476133521579e-08  9.203107456202038470e-04  3.383809783125814319e-02  4.749868025116237187e-04  1.709982208579349551e-06  3.420133313283522800e-06  1.387301600468332606e-05  6.902896106330577806e-05  2.013069118718816344e-02  -6.266945714820414993e-04  1.210953196068503552e-08  -4.603803345346176895e-06  -4.811133463385125054e-06  6.845664799501133269e-03
-2.795052046901978847e-04  4.556067766956561210e-02  1.696288729136133028e-05  4.429411626272291202e-05  1.810312409787651224e-05  -1.047050728322194762e-03  -6.138775466209958403e-04  2.015189542590080374e-02  4.666358622676079624e-06  4.077048564092962370e-06  -3.562080340025606653e-06  -6.858050861958896703e-03  4.794696035442490832e-04  3.388945314301272660e-02  -1.657341133761753736e-05  1.662680769805703705e-05  -1.369157974351429068e-06  -5.037615062226426113e-05
2.854149192855330963e-06  1.672316957121474496e-05  5.126334638552484946e-02  -1.227630033822782419e-03  1.244690350382780418e-03  -1.469681153367272189e-05  1.315634253728406835e-06  6.611532390415795032e-06  2.073004625276527943e-02  -1.161985785414688835e-04  8.183907322113674956e-03  -5.718511801500639141e-06  1.261074701286418376e-06  -2.537578312592274232e-05  2.069677370954681878e-02  -8.133476933926341371e-03  1.254699941137688848e-04  -2.411090865599301950e-06
5.373583213670438100e-06  4.410685239580458273e-05  -1.227737080925110592e-03  3.866220347884150726e-02  2.402428566858299477e-06  -4.706539847920124245e-06  1.939530062458363214e-06  3.473754478510813309e-06  -2.659006440596697039e-04  3.485192641573861983e-03  -3.849386931122523591e-04  -6.925980499765190017e-06  -1.888596877784922997e-06  -4.064256581791008468e-05  8.301209753734438077e-03  -1.272799799726088326e-03  5.074689203978186973e-05  -6.278562138654643807e-06
-9.173735119181929189e-08  1.808139311261390810e-05  1.244455540855571264e-03  2.428776743433379707e-06  3.859641861802210611e-02  1.290458840842606388e-05  1.153656084055801180e-05  -2.075297615234750889e-05  -8.329017148762397557e-03  3.688885423095425919e-05  -1.309790696327616790e-03  1.978453635076337912e-05  -9.035524747887539989e-06  7.201090434077041243e-06  2.858736773470181201e-04  -4.022285723367762509e-04  3.500466422912875547e-03  3.046966346988295920e-06
9.202184031911501624e-04  -1.047131439873672616e-03  -1.470329529682835438e-05  -4.721272617726771309e-06  1.293413102387560586e-05  3.660410715084298078e-02  1.043179548721549950e-03  7.511155899066777886e-03  1.520425495203143627e-05  7.543933883552414644e-06  1.456206615591994388e-05  -1.371393760397357541e-03  -7.448452722691641277e-03  -1.019301598437770276e-03  -6.326220163559760950e-07  4.555645430151537899e-07  8.668227693642941047e-06  -1.342011186944766683e-03
3.383801737634647977e-02  -6.138330355808697828e-04  1.303795870114402773e-06  2.048593127719821215e-06  1.148011525437112924e-05  1.043085815113549159e-03  4.542896898231326558e-02  7.177861905071376142e-04  -3.319897141106826076e-07  -1.158709029295868240e-06  -9.754407154627496042e-06  3.278876762264074573e-04  1.945999178534196794e-02  -2.585162466143079655e-03  -3.364055523700097534e-06  9.621317610582646684e-06  9.174715407519886479e-07  3.927924870707929540e-03
4.748823142831331938e-04  2.015186122845695135e-02  6.662675958335773175e-06  3.401408761499273904e-06  -2.089618806893485698e-05  7.510896545156155006e-03  7.179718022794257014e-04  5.120873246992327377e-02  -2.094328910909451550e-07  -3.324099670356969688e-06  1.015802493753118296e-05  1.230890829765156867e-03  -5.629959706948123657e-03  1.948247192196609148e-02  7.037876458134698074e-07  -1.406519886503233214e-06  -7.107382905345472608e-07  2.512410954162434470e-03
1.890686393755910244e-06  4.685429000968362179e-06  2.073004571468047355e-02  -2.659938343659463012e-04  -8.329262847057435082e-03  1.522267403636897709e-05  -5.536917587700125075e-07  -2.174928703415193225e-07  5.205277323236764953e-02  -5.731138153804445187e-05  -1.302662013975531240e-03  -1.067514335328994246e-05  -2.294425396410899296e-06  2.234659999096492111e-06  1.407731199637358120e-02  -3.102555046258145648e-03  -2.990865293118712132e-03  4.856568602807337054e-08
3.531396097303759045e-06  4.035459529810722965e-06  -1.162362946118669150e-04  3.485074346000467324e-03  3.681715668564468688e-05  7.514236888909656600e-06  -1.224384257497972622e-06  -3.356878085813975807e-06  -5.730237992005263338e-05  4.152683446825501667e-02  -1.038807378384228074e-04  -2.378002429284012009e-06  -2.355676338531605169e-06  2.351051416758997611e-06  2.989720693309122750e-03  4.134286581030361231e-04  -9.041728142684334578e-04  3.531081787815684955e-07
1.377738920472237576e-05  -3.597758335868248415e-06  8.183998780069527690e-03  -3.849299488854862985e-04  -1.309826079269514826e-03  1.447613542984760201e-05  -9.763694905057983481e-06  1.025895672300041100e-05  -1.302754722048919938e-03  -1.038877982111982866e-04  3.884132809361303534e-02  -3.504464882363607223e-05  -1.999345152893350359e-06  3.505481908681356009e-06  3.101726055536512417e-03  -1.182246012987569431e-03  4.132330331222526000e-04  -1.377746415902253014e-06
6.895479946698381565e-05  -6.858097693551988040e-03  -5.864272693649379354e-06  -6.936224525960413070e-06  1.983229378792091059e-05  -1.371476836320751095e-03  3.279162877028069271e-04  1.230809029210349443e-03  -1.087789815435295984e-05  -2.351159650845374026e-06  -3.508394679850284893e-05  3.848951444985725806e-02  -2.512235582018664849e-03  -3.962589229145166252e-03  1.550441800566700217e-06  -2.817869082273351956e-06  1.899578101072454841e-06  6.361891730265281132e-04
2.013084160323642263e-02  4.793950745954164597e-04  1.235023785648535034e-06  -2.035478842629201426e-06  -8.998993767232654211e-06  -7.448418560484220720e-03  1.945986040369973580e-02  -5.629952388554775727e-03  -2.274642708290276624e-06  -2.318039444882965797e-06  -2.174979043553159347e-06  -2.512016349595770030e-03  5.124798482350214485e-02  7.261714615344811623e-04  5.523848123328450500e-07  4.800973352837020772e-07  6.732968135075806361e-07  -1.164772015655762610e-03
-6.266946451802455059e-04  3.388933430615177073e-02  -2.555805256978899121e-05  -4.072801636970317364e-05  7.322601336619547605e-06  -1.019374204628545636e-03  -2.585160990152883271e-03  1.948247506139344498e-02  2.265671526722300161e-06  2.222801153008041703e-06  3.507281389774834406e-06  -3.962537720250934765e-03  7.260424844938613564e-04  4.535288185956382750e-02  1.478706242709437855e-05  -1.779641285341346422e-05  2.843808846430058845e-06  -3.334934695775890797e-04
1.228671768543459791e-07  -1.641081294511869337e-05  2.069671839355880297e-02  8.301310092054045922e-03  2.861249239713456829e-04  -4.964365409172206509e-07  -3.381629497126781888e-06  7.069556767174027175e-07  1.407732466371377708e-02  2.989682696895881297e-03  3.101556140389810558e-03  1.453282394480268743e-06  5.822004310907176394e-07  1.473704414260790531e-05  5.208947339199444110e-02  1.234708250467001899e-03  4.806993112006741845e-05  -2.491876855439591276e-06
-4.693633752692511990e-06  1.666714586475075027e-05  -8.133302628988399799e-03  -1.272699959524881174e-03  -4.022642098381151959e-04  4.693525645718542707e-07  9.753638430347206378e-06  -1.421857837802658311e-06  -3.102709412686689445e-03  4.133897109935568445e-04  -1.182219906382640795e-03  -2.850546478199121671e-06  2.974385904305683562e-07  -1.788529523706933904e-05  1.234842564877804789e-03  3.897549617857262727e-02  -8.932880303658134638e-05  8.929031072053340663e-06
-4.872179719682172737e-06  -1.342490305514032050e-06  1.255240214031267613e-04  5.070995006019643323e-05  3.500287054418821375e-03  8.617450062278869910e-06  1.031470950859249137e-06  -7.015099401658423083e-07  -2.990900327634034381e-03  -9.041708812605078575e-04  4.132971178478303141e-04  1.936494137672509243e-06  7.743911022559569074e-07  2.835376385245062498e-06  4.805236221167933768e-05  -8.928983574892621934e-05  4.151110016956820886e-02  -8.708772403880935762e-07
6.845814413389164459e-03  -5.012474978017322021e-05  -2.174615222674892829e-06  -6.266466173456275536e-06  3.084088591886595793e-06  -1.342036707743308414e-03  3.927963943654178697e-03  2.512611337273267572e-03  1.199958930197891715e-07  3.413440063819544573e-07  -1.361599744345577730e-06  6.361896198455751529e-04  -1.164787112554104085e-03  -3.336714666432618031e-04  -2.399912407328262852e-06  8.913598899220083737e-06  -8.710039694694941651e-07  3.862342856601538171e-02
