4.382897925236087927e-02  -4.684599773493742375e-04  1.290092600652041208e-05  1.496930202536613763e-05  -2.842529873031597021e-06  1.640712018139331299e-03  3.575582355242198918e-02  7.754640308460439410e-04  6.120176963681239638e-06  1.203601229226795861e-05  1.156416287049165472e-05  1.028115274958076698e-04  2.190788716107978581e-02  -9.000242359179578319e-04  -1.798235793680483532e-06  -1.607638630613564303e-05  2.852170724565829531e-06  7.534817720249847688e-03
-4.683222972940357634e-04  4.383268746290649998e-02  -3.583981218163778227e-06  -9.853118080662495059e-06  -3.063330526784231159e-05  -1.746380369104412683e-03  -8.258106476690525678e-04  2.187784521130541407e-02  3.273552073876942088e-06  1.417977036665029560e-05  1.862996083572436633e-05  -7.489188770961364115e-03  7.258334818549794752e-04  3.575156009762839315e-02  2.301606269466708603e-05  -4.930625603400870370e-05  2.597138273878166818e-06  -1.763405123038355661e-04
1.263779423394970190e-05  -3.690453770920598479e-06  5.000604184605726005e-02  -2.172552677519873875e-03  2.135919154523227993e-03  6.233995085068553562e-06  -7.923582245067173426e-07  -6.290071692200975024e-06  2.258448454153496807e-02  -2.219608337136717445e-04  9.333016144252217344e-03  -9.001758230796265430e-06  -4.484077334906814123e-06  1.680643875180922838e-05  2.260969807176023069e-02  -9.378301060885363069e-03  2.185354055733308134e-04  7.277403870779396353e-06
1.494155819754052232e-05  -9.875099985643174096e-06  -2.172347136494845194e-03  3.637014289649184023e-02  -2.827627131264852053e-05  -6.786107978358721393e-05  1.204394979696132375e-05  1.025342555668596276e-05  -5.333018332067618545e-04  4.215387908066555236e-03  -6.903099441003295511e-04  -2.089353002318366227e-05  -2.971118984461528413e-06  -1.022475451032310524e-05  9.565910042737603772e-03  -1.375614768074527421e-03  6.909533758451650860e-05  9.270047979221606534e-06
-2.756557327980115693e-06  -3.060353508776717050e-05  2.135782677990347590e-03  -2.824778827736361316e-05  3.636362514012423525e-02  -8.627350395625764401e-05  -3.296483548419648228e-06  5.118273847918748981e-06  -9.540605344448862407e-03  2.786259334620126525e-05  -1.304693321841417664e-03  4.642721718007315485e-05  1.871173738762261254e-05  -7.906734440595534076e-06  5.240698906337177632e-04  -6.236898193514798638e-04  4.221207851177704966e-03  1.742977436131263312e-05
1.640670742470174207e-03  -1.746267535659238018e-03  6.191928411831677720e-06  -6.800861252353519217e-05  -8.610443761829453539e-05  3.296339458924506249e-02  1.600413455594202738e-03  8.398673259461203119e-03  -7.414925295724863589e-06  -1.497693371484253459e-07  4.788088900454486795e-05  -1.332476077986723606e-03  -8.410151247219055382e-03  -1.545183710268952263e-03  1.427325895115095488e-05  2.013534864919634554e-05  -8.518072963772223093e-06  -1.431363723133536507e-03
3.575563088287806585e-02  -8.257870181845313818e-04  -1.040841626567564661e-06  1.208461951899023759e-05  -3.122792180920860332e-06  1.600494083025416885e-03  4.375568019331350228e-02  9.189135615416942635e-04  -2.868614613297567241e-06  -7.568573816442693023e-06  -1.778181091562242315e-05  4.472595726635094217e-04  2.116443714934481898e-02  -2.257948842712539147e-03  -2.741029949032512302e-06  2.635077491750727167e-06  7.471070473022705848e-06  4.974185565827964235e-03
7.755749995737274034e-04  2.187796701797233359e-02  -6.309944069670276671e-06  1.003954618231930537e-05  5.051625533891465993e-06  8.398265162746028703e-03  9.187562352606411112e-04  5.021918721523874196e-02  -5.054386685646116021e-06  -3.596139595451796961e-05  -1.564723793378065367e-05  2.316724614945262287e-03  -6.184365423161767607e-03  2.117185807211433013e-02  9.794937125436409069e-06  -5.197311640651230340e-06  -5.690996555236000865e-07  2.632389414275793527e-03
6.353807082329275706e-06  3.551009261052901864e-06  2.258453360745230065e-02  -5.333603544585373670e-04  -9.540579043167683390e-03  -7.198574794911521626e-06  -2.976337172949180826e-06  -5.072698969654930653e-06  5.130717397993734413e-02  -8.887200554294942621e-05  -2.422848813961310695e-03  7.301347032522777951e-06  -2.436691446633273166e-06  4.703069349951015142e-06  1.536661403709205925e-02  -3.691893861533641213e-03  -3.464985661477145915e-03  6.968941646373723617e-06
1.210467288262298427e-05  1.425588343689115300e-05  -2.219395788955904985e-04  4.215270494351475682e-03  2.782280998066663020e-05  -3.879241878609830936e-07  -7.676014171906726449e-06  -3.592302131797794944e-05  -8.895168921751290484e-05  4.109358029435875026e-02  -1.213814959862650209e-04  6.708014647905432420e-05  -1.312460921124046434e-06  1.354939552973786523e-05  3.467967207690940152e-03  5.523137493371347911e-04  -1.056587257113483390e-03  7.805756197668248968e-06
1.158133780299119466e-05  1.871909274887161682e-05  9.333016955918876575e-03  -6.903839193143333514e-04  -1.304616722846521117e-03  4.792639460059012005e-05  -1.787292429650615857e-05  -1.560800979487846386e-05  -2.422688275173519919e-03  -1.213162651179420604e-04  3.648393098693553105e-02  2.870056712094305839e-07  -7.386531094714928689e-06  2.357823911562347761e-05  3.675839356552946212e-03  -1.651298602023997322e-03  5.559375183697805312e-04  1.242969325349890893e-05
1.030000657015842249e-04  -7.489228962196392558e-03  -8.776499435896904046e-06  -2.090458972512819550e-05  4.603600580689791536e-05  -1.332430424507855850e-03  4.469945077281033585e-04  2.316139095427494944e-03  7.405550420391568949e-06  6.684018816723933504e-05  3.973809789301879480e-07  3.597417097125562430e-02  -2.640117762304554968e-03  -4.956337569093914250e-03  -1.466820968317015885e-05  -5.859674646226902046e-06  -3.902377325539862291e-06  1.169348075375089375e-03
2.190773139791440255e-02  7.255435678731210741e-04  -4.479644046133074980e-06  -2.976669778988737404e-06  1.877196738993558027e-05  -8.409990764927023632e-03  2.116480184106799348e-02  -6.184406149414183214e-03  -2.438160031933808266e-06  -1.287421774687757030e-06  -7.549621951079783944e-06  -2.640313790274503858e-03  5.018495903754513487e-02  9.664922594220603331e-04  9.213694020298109530e-07  3.134512183785062381e-06  -8.605990194065339340e-06  -2.381420538593196929e-03
-9.000951079523319227e-04  3.575149248981263073e-02  1.679460851906016579e-05  -1.020122534476681414e-05  -7.863462030592667984e-06  -1.545177394620801323e-03  -2.257985562769302193e-03  2.117186504025621654e-02  4.675420763801490727e-06  1.376333713241699138e-05  2.355684592786383191e-05  -4.956387500680484517e-03  9.663668792215365832e-04  4.375878175081835547e-02  -2.533569089628360141e-05  5.206639453087873014e-05  -5.059867272873188804e-06  -3.798706501630796039e-04
-1.731058233313971860e-06  2.307121487544934942e-05  2.260979499301615792e-02  9.565874502963474940e-03  5.241234699068076210e-04  1.407863049180012251e-05  -2.713678083899736785e-06  9.819947515315830087e-06  1.536667483643454346e-02  3.468100673732910175e-03  3.675961015436265706e-03  -1.457524454413765432e-05  9.794104002000350114e-07  -2.533207445910416630e-05  5.126793658587264213e-02  2.486095356339901394e-03  1.185754403723309765e-04  -1.070969206925549908e-05
-1.593362869746901191e-05  -4.930710104159704638e-05  -9.378536634759952750e-03  -1.375669735473162344e-03  -6.238127389086465732e-04  1.999070084806001693e-05  2.661205525325718961e-06  -5.518179478443938699e-06  -3.692010219689169544e-03  5.519217667036931856e-04  -1.651253290002917175e-03  -5.794842069289014433e-06  2.988883657142992917e-06  5.200857511948380960e-05  2.485868571428990949e-03  3.640607303516264770e-02  -2.043759568146718121e-04  2.060285372778462366e-05
2.816737376999011959e-06  2.577491057896173937e-06  2.185274388210224508e-04  6.944822998195318954e-05  4.221082193938713312e-03  -8.539876821798140358e-06  7.359933176766060517e-06  -5.542762088298813967e-07  -3.464933708101863505e-03  -1.056579067681865302e-03  5.560764627353539068e-04  -3.835177697130702291e-06  -8.581801808195789480e-06  -5.111339011048090971e-06  1.187835827136797220e-04  -2.049040979907746220e-04  4.108254205660608754e-02  -1.345568453762293503e-05
7.534996502580908716e-03  -1.763848644665822179e-04  7.187657558648311617e-06  9.320876981693493213e-06  1.741613470155691610e-05  -1.431510211183409939e-03  4.974119027296824459e-03  2.632312925919471670e-03  6.915519825917930798e-06  7.890633942937070838e-06  1.238799488300672543e-05  1.169373058408703899e-03  -2.381054047743095137e-03  -3.798222207133777331e-04  -1.076652696258280561e-05  2.063243070278538568e-05  -1.354012203504472393e-05  3.588223305496053561e-02
