4.447088331425973901e-02  -4.292537893790035063e-04  1.040259752938194068e-05  1.547305060000187923e-05  1.541989533581811193e-05  1.344115819935811848e-03  3.510099672882696642e-02  6.482709130608327232e-04  1.081200236837805717e-06  1.106208011242606202e-05  -2.840310969767795578e-06  1.250729498819237663e-04  2.124614246254064379e-02  -7.638837815701506441e-04  -3.412975855710484835e-07  -1.970434330231189460e-05  -1.698098103709344325e-05  7.290023072017377814e-03
-4.292308520397673625e-04  4.445063326990048719e-02  2.174498636215228513e-05  2.517409430225127991e-05  -2.396463885460822194e-05  -1.342416086838139032e-03  -7.753914881234846151e-04  2.124379330488514878e-02  5.878887180684885672e-06  8.916713797800420803e-07  1.904302958666935424e-05  -7.283061789244650933e-03  6.581796761809747664e-04  3.512589502061991276e-02  -1.136999647613198881e-05  2.229232477388490885e-05  1.035132510705776894e-06  -1.005139672846130483e-04
1.034125200237449333e-05  2.202851769119124563e-05  5.052577008320226909e-02  -1.794041371119318128e-03  1.763500170595712997e-03  -6.261457680877314277e-06  4.021228526036308984e-06  -9.812049361997601574e-07  2.189699586965208888e-02  -1.523440880333178896e-04  8.931855457247681387e-03  -8.114497997662014080e-06  -3.739398276963075435e-06  -1.437135700330884954e-05  2.188876530665929965e-02  -8.919171057919157361e-03  1.771686272961760309e-04  4.485814760841581093e-06
1.554336869868724259e-05  2.537195437215113990e-05  -1.793922714366709978e-03  3.733488613255613042e-02  4.272153270489504028e-05  -5.074431522890290435e-05  1.164755069245074895e-05  -8.177797851966727821e-06  -3.985200127843311290e-04  3.946529351572932928e-03  -5.231495785156375098e-04  1.117279396487353800e-05  -4.441594208028404530e-06  -2.065238590787391910e-05  9.088361154670014305e-03  -1.376551298197705624e-03  4.366952613173762180e-05  8.516298798506751199e-06
1.551546572346416072e-05  -2.406365492981907999e-05  1.763252230238005185e-03  4.274128825051696427e-05  3.733469994248143214e-02  -6.954542496943910039e-05  3.505019371729145836e-06  -9.435294760692728691e-06  -9.083923626792514416e-03  5.829390571859947906e-06  -1.361921686818982425e-03  1.644568545536233720e-05  -1.917203412171845673e-05  1.477978801981405138e-05  4.291992321147129297e-04  -5.650346448550456211e-04  3.950939521452972482e-03  -1.722241831389049706e-05
1.344163246649445875e-03  -1.342558487602670686e-03  -6.216375893133527128e-06  -5.076287314621958524e-05  -6.963848809264797720e-05  3.453328003809712915e-02  1.406518375193080645e-03  8.085960970785064858e-03  5.305765406790639361e-06  -5.774690383825242504e-06  2.527510956111294328e-05  -1.457395707027657559e-03  -8.078499496659776943e-03  -1.407847317932056815e-03  5.404551088829789389e-06  1.939987265218084817e-05  2.351922780784291534e-05  -1.442750074051569152e-03
3.510091071114720268e-02  -7.753173222622683882e-04  3.840671202788273278e-06  1.163925296915918000e-05  3.572623455109080014e-06  1.406487503222183209e-03  4.434952459124383295e-02  8.356856929979502224e-04  -4.858843246523002538e-06  -1.028322689854292443e-05  -3.525695082484013393e-06  3.865981309430742961e-04  2.051371084081340598e-02  -2.336441700685407564e-03  -1.018957383156222730e-06  1.028825477590333204e-05  -6.027697344726265964e-06  4.572187168964646220e-03
6.479246435332051577e-04  2.124334710740564611e-02  -9.263867674061727303e-07  -8.171064252388283210e-06  -9.471924027867935093e-06  8.085760875231252920e-03  8.359314254040825553e-04  5.062895066515542275e-02  7.399942428693707530e-06  3.946098046114184393e-06  1.656129633465522888e-05  1.855355091465689128e-03  -5.964319872762872433e-03  2.051006913156724898e-02  -2.868614045316806381e-06  5.026449645779670372e-06  3.711817503326960060e-06  2.593762654270698707e-03
1.054533192785948258e-06  6.027151977114074420e-06  2.189701724315629497e-02  -3.985207534766667739e-04  -9.083937422951030363e-03  5.454902658327975574e-06  -4.788106797187637213e-06  7.362577848300668464e-06  5.159686551652491182e-02  -9.939862178699722872e-05  -1.998632229108401274e-03  -1.222130174856348208e-05  4.070368591877691427e-06  -8.989870428944695828e-06  1.487436413747299062e-02  -3.458242255914438772e-03  -3.281585704089730153e-03  2.581300592138223696e-06
1.139792852625557281e-05  1.205061787438416302e-06  -1.523204583164386526e-04  3.946218137980835559e-03  5.425103074484775465e-06  -6.114528320031510361e-06  -1.046803390778707387e-05  3.926132676057383873e-06  -9.940699217949755409e-05  4.127544174667287236e-02  -1.485187567003325377e-04  -5.963110988239525852e-06  2.096442114105661474e-06  -3.877720397990109870e-06  3.286217838498870728e-03  4.847655436921280599e-04  -1.003610986478539312e-03  2.991546672601830007e-06
-2.789778186583351824e-06  1.907220620101170605e-05  8.931906711793058395e-03  -5.231696138409177438e-04  -1.361896017912370182e-03  2.528141764510265219e-05  -3.535538929901727922e-06  1.666898760971551185e-05  -1.998461953719729046e-03  -1.488734070392239096e-04  3.739413454740964093e-02  -2.142235536589733892e-05  4.790344613322658200e-06  -2.266627544763226914e-05  3.459816478928801672e-03  -1.472971179985551422e-03  4.944132845501115255e-04  -1.009774231304232494e-05
1.252970166823160814e-04  -7.282879705499828611e-03  -8.026445494755347557e-06  1.117840482897281112e-05  1.646970199458034238e-05  -1.457501570899174008e-03  3.864193503192735776e-04  1.854948973835403303e-03  -1.213920022348987074e-05  -6.023526280345457780e-06  -2.147492528368775806e-05  3.705053650052839154e-02  -2.601099375848764383e-03  -4.565808402478053682e-03  3.257537821442750496e-06  -5.635227841785265127e-06  -1.909023495982510841e-06  9.530737788594708694e-04
2.124604878209079145e-02  6.583795436404481487e-04  -3.798748919390835238e-06  -4.415443148700031579e-06  -1.889384260717728942e-05  -8.078454965941672672e-03  2.051382579236776804e-02  -5.964333017055210157e-03  4.049620621439347834e-06  2.072975262563651871e-06  4.441383234180093930e-06  -2.600923265020175287e-03  5.061747194104369851e-02  8.283835269950998214e-04  1.631868104758988867e-06  -1.312523160416426045e-06  2.037641517680714473e-05  -1.875722424601246547e-03
-7.637450665242290779e-04  3.512582709137743175e-02  -1.406678194017927692e-05  -2.041866794436550449e-05  1.473728668142605650e-05  -1.408048596663979144e-03  -2.336525807888152097e-03  2.050968305391651092e-02  -8.908146692080877950e-06  -3.539516268053104613e-06  -2.259791337422950157e-05  -4.565718115874785321e-03  8.286673932205187000e-04  4.433339288849885707e-02  1.328230586417033829e-05  -2.681600577981631476e-05  -3.191452559720206518e-06  -3.951149967927412420e-04
-3.539213419443649501e-07  -1.117155897254659940e-05  2.188878056323327950e-02  9.088159874425627560e-03  4.292373097395370892e-04  5.134160066329226981e-06  -9.072333300438265047e-07  -2.820025798775586020e-06  1.487438262267866927e-02  3.286231900289494998e-03  3.459803412799726703e-03  3.174751730693439297e-06  1.573669163602604772e-06  1.305873940780316291e-05  5.161070500763202673e-02  1.964799399509565333e-03  7.041263045802994181e-05  2.439840764618832935e-06
-1.966036220066602364e-05  2.223949367090205151e-05  -8.919449149973140978e-03  -1.376572054867068089e-03  -5.650441631628078153e-04  1.934589032323365772e-05  1.032266535881154500e-05  4.931835846616187414e-06  -3.458243752126531796e-03  4.844876188006810771e-04  -1.472957399968936225e-03  -5.682047455805020815e-06  -1.234922044517781234e-06  -2.677221535526927261e-05  1.964501970814874678e-03  3.748182311850700027e-02  -1.051800598883678847e-04  -5.842361394067302373e-06
-1.664669334054478045e-05  1.056593273756554821e-06  1.772127547408753169e-04  4.318352756418947409e-05  3.950545491899046420e-03  2.309044540444655152e-05  -6.284807675068690505e-06  3.660600584798944925e-06  -3.281668211960460206e-03  -1.003606398984665605e-03  4.945579583196287998e-04  -1.793900382277993883e-06  2.043785968585304074e-05  -3.251541374461612276e-06  7.035535547571192207e-05  -1.047208013981540826e-04  4.126707700245092064e-02  3.080199107654042084e-05
7.290064352428489783e-03  -1.004919214118726064e-04  4.531927305855704892e-06  8.470679454066191671e-06  -1.724704613180999722e-05  -1.443033820287450411e-03  4.572148139503357488e-03  2.593848450226049745e-03  2.587354885638821796e-06  2.808094127640388072e-06  -1.006628002301397407e-05  9.530604117034362482e-04  -1.875295921064120070e-03  -3.952441520784412020e-04  2.237824458764480675e-06  -5.832256602812234250e-06  3.044187450581387248e-05  3.702445177871840909e-02
