4.367095684439063069e-02  -4.927939130555447416e-04  -2.940614189415072878e-05  2.156116761980202319e-05  8.049422818448788485e-05  1.765133911049105407e-03  3.591524528164428270e-02  7.484389753619339388e-04  4.030723435223584466e-05  4.481979973998792999e-06  4.555405400642143702e-05  2.079243760364318750e-04  2.201400826341126660e-02  -8.605034116746020523e-04  -1.157475669685440145e-05  5.566700016010009868e-06  5.523526286079721884e-07  7.527533303989184833e-03
-4.928322965558161592e-04  4.366530689301047902e-02  2.619955977929313412e-05  8.483349380143303121e-05  -1.385312184958718392e-05  -1.748701533386559821e-03  -9.145034658290172825e-04  2.207265049077332397e-02  9.141713255331422374e-06  -9.925306077128114149e-06  7.089868182248198091e-06  -7.615664958468699661e-03  8.065997122227984992e-04  3.587295045758524120e-02  -8.949720240614219790e-06  -7.240497294303678353e-06  1.118866378952762864e-05  -1.147216214847253380e-04
-2.965167429187627954e-05  2.632980464284695883e-05  4.986316744200674361e-02  -2.196394990995488312e-03  2.364180055787523920e-03  -3.142227259507385836e-05  4.527815686319531429e-05  -9.402174783428325142e-06  2.278525867278419215e-02  -2.176421619166312403e-04  9.480428737361386304e-03  1.386885345508370267e-05  1.896376258936590822e-06  -3.032896622735031171e-05  2.271500332752684689e-02  -9.417543048064276959e-03  2.250497175927336946e-04  1.808189831447046673e-05
2.147870149172073978e-05  8.495732133045853177e-05  -2.196342893290377431e-03  3.626448313523521899e-02  -3.986205663376940622e-06  -2.116983685956870992e-05  2.444103257517937232e-05  -3.469652495313705921e-05  -5.647151862740713932e-04  4.227496643874506521e-03  -6.952703873664978218e-04  2.059763525459716853e-05  -1.250655078646634227e-05  -3.925172104595676161e-05  9.640157305989703954e-03  -1.319056293565318196e-03  1.171889613711438461e-05  2.979066376211218328e-05
8.025412637140786633e-05  -1.380845128291088579e-05  2.363670920051641651e-03  -4.196968931872581010e-06  3.588801501378843795e-02  -2.103387052374997167e-05  -5.630776168939837748e-05  -3.434493663348669987e-06  -9.719587736612907841e-03  3.993305308008969295e-05  -1.346321582768625390e-03  -4.286589011366076773e-05  5.643440668213070896e-07  3.290564961356796605e-05  5.816388203561829312e-04  -7.254084778333352683e-04  4.264134758494341274e-03  5.442026927586204253e-05
1.765261207088594493e-03  -1.748827943141318623e-03  -3.113240188838484131e-05  -2.146887568075575017e-05  -2.093684963168772570e-05  3.258590196843279968e-02  1.576412995116574121e-03  8.541115067056575735e-03  1.217239524275178327e-06  -3.716234969093923119e-05  -1.449400128873491042e-05  -1.434513800957120180e-03  -8.419286306121709362e-03  -1.673010893895030427e-03  2.648041839600377015e-05  -2.178712624005478657e-05  3.034748727063336398e-05  -1.308412818251695900e-03
3.591514271189898133e-02  -9.145187081748604565e-04  4.495737298061089782e-05  2.445844750773454524e-05  -5.670289836969562411e-05  1.576672068008284217e-03  4.359688138176247979e-02  9.796078325603064640e-04  -4.026164459683014951e-05  -3.210469151749388278e-06  -6.209728891641012243e-05  3.761206809882851007e-04  2.131794255921430972e-02  -2.220615661136082081e-03  6.373280280360410052e-06  -1.579957350462603434e-05  -4.293908861163417581e-06  5.092085118876704154e-03
7.484390875565058226e-04  2.207262808785676045e-02  -9.342423687458443628e-06  -3.471064549492063528e-05  -3.246929429679043568e-06  8.540795529147533413e-03  9.796060789129723469e-04  5.006053613320171625e-02  1.288161140763522137e-05  2.009684725782017546e-05  2.746930695609031741e-05  2.544844038781983366e-03  -6.238949900686818241e-03  2.131360864410017375e-02  -1.533075575481123187e-06  -5.111306665335900252e-07  5.118848340135649396e-06  2.631386466527155764e-03
4.004272948409483480e-05  9.213214050870317120e-06  2.278532958349351045e-02  -5.647266499124914321e-04  -9.718839813949949058e-03  1.463426141565439702e-06  -3.991138204617533994e-05  1.295581843813832035e-05  5.117918925727880930e-02  -1.173211853504202982e-04  -2.606150712432614858e-03  -3.143056904969480513e-05  2.990244323664626657e-06  -7.696784513757715636e-06  1.547793223398995048e-02  -3.732946592485365464e-03  -3.515938713605054524e-03  7.944470963214894521e-06
4.647584918808288717e-06  -9.913625706949853549e-06  -2.176877916789254506e-04  4.227491402968655727e-03  4.015143216154629720e-05  -3.700346483352873542e-05  -3.460945933403510239e-06  2.029322042076421166e-05  -1.173679017930330325e-04  4.110231178333928481e-02  -1.820789833402007573e-04  -2.527728713257807174e-05  5.914214157433370493e-06  -1.509028253513336876e-05  3.493987593253542693e-03  5.779263710782588147e-04  -1.071315405084301590e-03  6.594960040065662267e-06
4.582824223776713323e-05  7.044851913143175289e-06  9.481061718876020172e-03  -6.951303842149693770e-04  -1.346230067217675562e-03  -1.457483321367594317e-05  -6.243076172744393515e-05  2.750152999739638972e-05  -2.605490272825760917e-03  -1.820388862042581239e-04  3.611977144061784967e-02  -3.049492886439716160e-05  1.198102735974418787e-05  -1.880672709906335385e-05  3.728842503069059941e-03  -1.669234001682777741e-03  5.714655657269206634e-04  6.060043660857812271e-06
2.078172354252267370e-04  -7.615837669942259087e-03  1.334610167187662047e-05  2.075010713930370147e-05  -4.273929122001571837e-05  -1.434734681934837167e-03  3.762008714659904451e-04  2.544672561895985896e-03  -3.126110395793223965e-05  -2.521864155250609478e-05  -3.040062079726522115e-05  3.547977159573680039e-02  -2.648908827156060825e-03  -5.073740626209177589e-03  1.159795035826147175e-05  -3.054450919663544524e-06  -6.805373111271207741e-06  1.209252965682539862e-03
2.201427099502022838e-02  8.064566547739215972e-04  1.916312217400582561e-06  -1.243229593522773469e-05  6.577117395615206795e-07  -8.418859736615167191e-03  2.131790030277199224e-02  -6.238895356410399835e-03  3.057967521991939545e-06  5.946326933384665092e-06  1.185588803310677736e-05  -2.649417491473042216e-03  5.009428621510193802e-02  9.445463142050631103e-04  -1.656464032688928945e-05  3.499017897121069019e-05  -7.150294309980053932e-06  -2.483845479807057950e-03
-8.605746311285849583e-04  3.587253382004115115e-02  -3.028096075665227615e-05  -3.906141503000372926e-05  3.295981983172572807e-05  -1.673067444646991189e-03  -2.220576635450148377e-03  2.131332621931563212e-02  -7.682243684228147872e-06  -1.500419375220851881e-05  -1.881077938459237432e-05  -5.073634501762757688e-03  9.443631794764548951e-04  4.364515638016143451e-02  1.472213558665558842e-05  -3.651286198554302807e-06  -1.175075862764598900e-05  -4.383142449372229342e-04
-1.183250400624482145e-05  -9.189426980182996058e-06  2.271512771661898106e-02  9.640646177929557484e-03  5.818941689984765721e-04  2.683373484512499192e-05  6.326139742448126848e-06  -1.488817525580482884e-06  1.547789377111847067e-02  3.494005842378218943e-03  3.728302231805754458e-03  1.153559439695182674e-05  -1.654875969530088375e-05  1.472199250872884916e-05  5.122191246265930115e-02  2.553650231154755684e-03  1.225995164912531779e-04  -5.034076999060284926e-05
5.514556448857416818e-06  -7.316455184497020527e-06  -9.417255323041138354e-03  -1.319185965223759922e-03  -7.254709684571351022e-04  -2.181098896112315788e-05  -1.582020299383178372e-05  -1.891643994809923216e-07  -3.733106320032389836e-03  5.779220678857137881e-04  -1.669121656099999389e-03  -3.054071831373093133e-06  3.509998760697951095e-05  -3.588303598633416472e-06  2.553712823557016936e-03  3.623926645306661115e-02  -1.727692584292054158e-04  8.550442316017001741e-05
6.648348369491404641e-07  1.115305593387570344e-05  2.249170887694111349e-04  1.187234786279064512e-05  4.264176040859818731e-03  3.053340796258631414e-05  -4.580670649041893165e-06  5.195075196849147829e-06  -3.515840146513712731e-03  -1.071249592336093615e-03  5.718772048161087753e-04  -7.078586647083275864e-06  -7.125283373343825842e-06  -1.193086826250530412e-05  1.226464652724065037e-04  -1.728453469491221582e-04  4.101450494520645501e-02  -3.484263175153020834e-05
7.527735655473532031e-03  -1.146898216743730313e-04  1.818764430749165439e-05  3.012599580384541615e-05  5.440031299189789654e-05  -1.308576417706943350e-03  5.092145186048162298e-03  2.630928123015458756e-03  8.203182138004518794e-06  6.976632078461923427e-06  6.027829293475705960e-06  1.209255295398916925e-03  -2.483575214269244727e-03  -4.381046472039242206e-04  -4.983260782949216924e-05  8.528335402742466174e-05  -3.473189416339304402e-05  3.564440832564673423e-02
