4.363543500592598906e-02  -4.978167837126447944e-04  1.259294806938857546e-05  4.238545127512591370e-06  -2.581546791541495400e-05  1.677769730734041164e-03  3.598132700710908460e-02  7.686642630910960668e-04  -4.252080072193209954e-06  -1.720839887798222101e-07  -1.033962294672877877e-06  1.802060103336875754e-04  2.201276840753750921e-02  -8.981436529307124366e-04  -2.398825621511972433e-06  7.475815884541437946e-06  1.067368271481473108e-05  7.530629610153352811e-03
-4.979649988562360498e-04  4.367796633182959715e-02  2.338990396226818424e-05  5.421592446020135139e-05  -7.666793203972374371e-06  -1.796861337314488915e-03  -8.552551018043306683e-04  2.207627257311093466e-02  1.211505024908392795e-05  -1.392316279688146154e-05  1.373923890176754661e-05  -7.651665489175900510e-03  7.672928229316271784e-04  3.585424917103475356e-02  -2.298189596802932081e-05  4.808189065341437216e-05  1.034840184593278711e-05  -1.736529169600226118e-04
1.261453515393404528e-05  2.340902569067455211e-05  4.977720550418616996e-02  -2.292398082700507645e-03  2.428399022153273929e-03  -1.624075104550176768e-05  -4.518878817665282308e-06  2.621797870084697512e-06  2.279196757473139420e-02  -2.534169514416871691e-04  9.490171504403900962e-03  -1.179514027309669117e-05  3.499284648220679509e-06  -1.993627083930043308e-05  2.272866039674892313e-02  -9.390299852102695216e-03  2.183891057742236481e-04  1.591165024303777987e-05
4.178728661806099237e-06  5.442158944338156880e-05  -2.292474702413649888e-03  3.597779951670337928e-02  -5.769026330575044485e-05  3.912034980326879574e-06  2.572050497554596822e-05  -1.682158160325727809e-05  -6.123278264725481347e-04  4.228191099568913078e-03  -7.393651325566829354e-04  1.489978784142160969e-06  -1.583093228853981721e-05  -1.440184730569403157e-05  9.691645157067458466e-03  -1.312077070593632537e-03  1.739375262815340097e-05  -9.424375749981855969e-06
-2.570346279978167662e-05  -7.664051422206248491e-06  2.428101953557354389e-03  -5.766112435855735586e-05  3.586052014099969792e-02  -1.815783495297792132e-05  2.576643908997406686e-05  -8.595978635036867374e-07  -9.777102437416938796e-03  7.795453699299910498e-05  -1.454947151438209033e-03  8.074307037150989700e-07  5.300500667177944993e-06  5.040658006816685662e-06  5.594846182489510156e-04  -6.732207865128762934e-04  4.241163752170849961e-03  2.430763980397024709e-05
1.678099343136455835e-03  -1.797127282366719992e-03  -1.629749128255866117e-05  3.792247492725268780e-06  -1.812452433188338011e-05  3.270751117895113330e-02  1.627659906317222710e-03  8.571904411744360811e-03  1.230731369155550337e-05  -2.669908160490093015e-05  2.415127461865516087e-05  -1.535491223375294763e-03  -8.421934531932465801e-03  -1.672991769931714062e-03  1.907248107368351005e-05  -2.821038599270685507e-05  -2.091325576494647990e-06  -1.340772924806389295e-03
3.598106302007277046e-02  -8.550303613944113630e-04  -4.484924489792536793e-06  2.578151207577403253e-05  2.595270978008575112e-05  1.627974400202831075e-03  4.355533687868742149e-02  9.624448255499845097e-04  7.420251555021604897e-06  2.015567183628438189e-06  -5.395771489128715434e-06  3.847543859911347350e-04  2.130370817561771241e-02  -2.229249162481004767e-03  -2.208586619487122901e-06  -8.650741730773330493e-06  1.044323294716483812e-05  5.073579508465323601e-03
7.685219175473409318e-04  2.207629274178673356e-02  2.687371227304374314e-06  -1.682495307264932516e-05  -8.745254036788638566e-07  8.571290102803384367e-03  9.624209187662174751e-04  5.002600220938707015e-02  -5.788422317967164124e-06  2.149963981081581401e-05  -1.152154156242801372e-05  2.580253671784939976e-03  -6.245330185078622892e-03  2.134440855178369734e-02  -2.863720637487164651e-06  5.205568657372069272e-06  -3.686066401815664928e-06  2.644885108404285579e-03
-4.431812869666302860e-06  1.210789719326051263e-05  2.279198559521904144e-02  -6.122763504827278321e-04  -9.776751631424596828e-03  1.246743934343327635e-05  7.635486335123188318e-06  -5.683784285038681630e-06  5.117195899065318104e-02  -9.183655235804270682e-05  -2.587306767018647535e-03  7.213825997808070744e-06  -4.480004624702123536e-06  -3.379425890192107384e-06  1.548870300606009463e-02  -3.746683411002898600e-03  -3.517139538705990262e-03  -1.009193479950256627e-05
1.659849309953633961e-07  -1.435657701537488244e-05  -2.535057342141506381e-04  4.227917254256783469e-03  7.790975460056965456e-05  -2.663304714092415372e-05  1.434184849399123363e-06  2.150431588042429499e-05  -9.186942822068404802e-05  4.107044183759687994e-02  -1.439617955799032934e-04  -3.926922731823122753e-05  3.364884977867590219e-06  -8.422102685342452570e-06  3.499791922688454213e-03  5.800491620041861238e-04  -1.066908581991384431e-03  5.043889007040647140e-06
-1.128287101797537179e-06  1.367754596576481199e-05  9.490387838608525806e-03  -7.392739298776863878e-04  -1.455140196422500176e-03  2.420533985011205110e-05  -5.217644061174532285e-06  -1.106906873050864699e-05  -2.586878074442443450e-03  -1.441530812259081613e-04  3.624551760131861089e-02  2.566058736454242541e-05  6.870156254623812887e-07  -2.006792463765514787e-06  3.740590455039707971e-03  -1.691335836670950811e-03  5.522374296013421490e-04  -9.868714670955433806e-06
1.803557870497822166e-04  -7.651665750168124870e-03  -1.188900738501355423e-05  1.479101783163254337e-06  8.874382967337594136e-07  -1.535677743874438008e-03  3.848637114524807411e-04  2.579437740959455647e-03  7.025262948457539408e-06  -3.920574962236606089e-05  2.552482240500387754e-05  3.550824549186589602e-02  -2.616071730021185624e-03  -5.092408126566526881e-03  8.715104843235305427e-06  -5.664393759758620758e-06  -2.191336128154006118e-06  1.237547473008160500e-03
2.201278074014736963e-02  7.671444988938406128e-04  3.562456090382436166e-06  -1.586665622192889822e-05  5.300070911931066577e-06  -8.421732321016846268e-03  2.130401154637110578e-02  -6.245461686992223420e-03  -4.505172081589887640e-06  3.328562101162051637e-06  5.134165262211346255e-07  -2.616576113805301786e-03  5.010153453180388877e-02  9.860015949209040113e-04  -7.866349072583031090e-06  2.316157190572232802e-05  -2.482627188863422216e-05  -2.483116190264304367e-03
-8.979393548761338464e-04  3.585406391908760315e-02  -2.001679497286930177e-05  -1.428606088451386978e-05  5.091554178087853512e-06  -1.673386764575216521e-03  -2.229276721597124589e-03  2.134441497285748113e-02  -3.485700382163315834e-06  -8.769527817185639195e-06  -2.056875754658871019e-06  -5.092203407218454277e-03  9.858828127730972970e-04  4.361123568259950983e-02  2.536259082318588595e-05  -6.099083648469698311e-05  -7.265340674514305359e-06  -3.923998839772942313e-04
-2.574342455657878228e-06  -2.297174903740706171e-05  2.272861698460805491e-02  9.691460203504255813e-03  5.597567695481732442e-04  1.922611568037305168e-05  -1.996557776730550047e-06  -2.833087283222109996e-06  1.548864564546263180e-02  3.499759251621447492e-03  3.740228600730314407e-03  8.568265790635528373e-06  -7.803047221151201905e-06  2.553405865360214712e-05  5.123806188445177712e-02  2.497014479647975942e-03  1.418972329724266560e-04  -2.644584189125257564e-05
7.556397164035148972e-06  4.795559012043026155e-05  -9.390281277729837714e-03  -1.312256102435129966e-03  -6.732768437946095924e-04  -2.833109745712027877e-05  -8.638203860991445042e-06  5.265849309625159107e-06  -3.746667444961850318e-03  5.798720614302330188e-04  -1.691310032720304670e-03  -5.640284049192479842e-06  2.323971883946537840e-05  -6.094968423965463653e-05  2.496737435224517191e-03  3.635419147910549237e-02  -2.230391416042013094e-04  5.784853880486206769e-05
1.092191609288517391e-05  1.040921391763195666e-05  2.184147442738930314e-04  1.750981345667131358e-05  4.240815929994196445e-03  -2.166661598511351858e-06  1.029398491171335171e-05  -3.658254655618102523e-06  -3.516989528772779781e-03  -1.066859540128000782e-03  5.527030372708178173e-04  -2.248525628343404045e-06  -2.484226914950081325e-05  -7.232225634181607677e-06  1.419600800973473502e-04  -2.230996809832718744e-04  4.106008327697233812e-02  -4.666037332985997711e-05
7.530585169811174033e-03  -1.736618788340795957e-04  1.598732392173197800e-05  -9.391360845725706214e-06  2.431821799208219311e-05  -1.340579629984440862e-03  5.073601445603466951e-03  2.644585441291533775e-03  -9.972404956148719709e-06  5.003604395616350935e-06  -9.940708033380317991e-06  1.237589494339978117e-03  -2.483120371333684406e-03  -3.923316643969834965e-04  -2.664294293136676981e-05  5.786685584248914076e-05  -4.671069862255129409e-05  3.558654017315879270e-02
