4.694399336800172962e-02  -4.870593350803106934e-04  -1.814240082003235004e-05  -2.089078128355830390e-05  6.655744607767790683e-06  4.583382731564725134e-04  3.313077036481982401e-02  6.928259441010322641e-04  -8.893083834284099979e-06  -5.076007216453731940e-06  -6.791575546211050130e-05  -3.102990778419789479e-04  2.060590398152930408e-02  -5.808576447670632525e-04  -3.457498523597682556e-05  9.097518238133911863e-05  -7.962080394716800993e-06  7.551738984767361954e-03
-4.866863432026734835e-04  4.680074535869580693e-02  -2.297480472062511387e-04  -1.127293627332426643e-04  -1.382208562558554798e-05  -8.724394067792493089e-04  -1.981354046106037557e-04  2.046117367520777428e-02  1.043955767622859912e-05  -4.122804044442044216e-05  3.693462400977560577e-06  -7.369589273097680929e-03  4.866335386952056721e-04  3.303715202942140300e-02  2.244701060490786142e-04  -3.122126077186391092e-04  1.239820872993715720e-05  -1.749976093027219794e-06
-1.805059539724106362e-05  -2.301009457278569033e-04  5.154507412009572132e-02  -9.494621271641796693e-04  1.056721048538299948e-03  1.689451615683769053e-05  -4.254683455045234013e-05  -4.645062114338635517e-06  2.099573411977072659e-02  -1.081021474934766227e-04  8.373720353688666324e-03  -3.387316855138896378e-05  -3.153117370651810282e-05  2.131557116096610097e-04  2.096043509256148921e-02  -8.416753032823605721e-03  1.558648916480714008e-04  -5.160041336766168998e-06
-2.072575860607379079e-05  -1.128661109684509130e-04  -9.496022660964379813e-04  4.051616365335507230e-02  1.058531859247142004e-04  2.709127686755992030e-05  3.204149144430721934e-05  -7.023528755710737876e-05  -2.038441091348459173e-04  3.711714522435673787e-03  -2.737130653837247202e-04  8.882747844207200701e-05  -9.739157192921463007e-05  2.317879458321835790e-04  8.321029579504785056e-03  -1.558668853893515173e-03  9.338667050294619150e-05  -3.890960473035409971e-05
6.906107813038198757e-06  -1.419771245151394570e-05  1.057071538949439686e-03  1.056721098918790851e-04  4.010191722307426820e-02  5.444114741740010443e-07  -5.822547671036299653e-05  7.052999274452164075e-05  -8.554939908377169611e-03  5.577837460569048895e-05  -1.670622142779759883e-03  -1.561637418694828330e-06  2.135687777407667054e-05  -7.537732415175419222e-05  2.905314417430192395e-04  -4.196433963982435281e-04  3.668430969561268379e-03  -6.638640422145709896e-05
4.586920793537804558e-04  -8.721792285474746186e-04  1.715586178598532390e-05  2.689358448157798588e-05  4.505745384194584327e-07  3.891023103246295939e-02  1.219961033420942755e-03  7.696138309369857794e-03  -5.133740191370882980e-05  -1.874819506307803959e-05  2.776194363189708888e-07  -1.718120319004076474e-03  -7.630164740966756745e-03  -1.084176011997897530e-03  9.860958835814822969e-05  -9.410930780923593445e-05  2.793378144007094125e-05  -1.824635868008191164e-03
3.313099986155045029e-02  -1.979169586319493414e-04  -4.245733724065703461e-05  3.358636934748556574e-05  -5.876004103759082617e-05  1.219163121313114823e-03  4.670537014220581956e-02  4.460595849407812024e-04  2.410131009223414928e-05  1.760637727756617562e-06  8.044480851444096229e-05  5.493530903191843522e-04  1.954802746189774482e-02  -2.898468032318239629e-03  9.095591568680791244e-05  -1.801727744626212941e-04  -8.876472968647224819e-05  3.736513241083728402e-03
6.928738596747813314e-04  2.046077872212654497e-02  -4.503997584051669131e-06  -7.086977345744526922e-05  7.004259220704301173e-05  7.696424712691021103e-03  4.459171039618096402e-04  5.124418486474967283e-02  -4.574614735200380874e-06  3.600174795767654447e-05  -6.576601315571225788e-05  1.126482658162081306e-03  -5.675834886833370889e-03  1.974017171146682723e-02  7.908415510833303281e-07  -1.455994255171532357e-06  2.739278836890595581e-05  2.568364964278884235e-03
-9.064874293812946697e-06  9.796241763680797114e-06  2.099551413419016230e-02  -2.038190893095562456e-04  -8.554570695430313218e-03  -5.263942274281005240e-05  2.411710749853081159e-05  -4.787134950264289760e-06  5.218076390150989258e-02  7.299676039488758948e-05  -1.080123639140730032e-03  5.803790559475781346e-05  1.782077539483015329e-05  1.074320788099431811e-05  1.428048902228427550e-02  -3.192698951476093550e-03  -3.029583759188156106e-03  2.445332161697478309e-05
-4.707987152772136228e-06  -4.150654534845285045e-05  -1.079525309360229290e-04  3.711313153707088228e-03  5.586489509846428758e-05  -1.860203406604297470e-05  2.656249450514954205e-06  3.698390128132736973e-05  7.300958991500709359e-05  4.246084547874331289e-02  8.511405976974863793e-05  -6.570164118024825889e-05  -1.891302434643263905e-05  1.201518477752992066e-05  3.042197652283907400e-03  3.716720851644633467e-04  -8.995238215937158581e-04  -1.549585160166313979e-06
-6.817709377480025675e-05  3.315673819158329384e-06  8.373601911478095738e-03  -2.735785035649120609e-04  -1.670637301690864772e-03  1.006943597645034344e-06  7.979607978934135954e-05  -6.637706573635356717e-05  -1.080148905704389484e-03  8.533971469920852398e-05  4.044586984179482370e-02  9.105513613692195452e-05  -4.608339859825800978e-05  1.219281467624424518e-04  3.195700907801377576e-03  -1.324595683829999596e-03  4.153000504036876914e-04  1.983177768425676147e-06
-3.106925431888593971e-04  -7.369548552206988540e-03  -3.392056119195580092e-05  8.892278380245897203e-05  -1.503706087968577784e-06  -1.718033920653374170e-03  5.487492815507250769e-04  1.126614973919626544e-03  5.757540261499557261e-05  -6.521857783438561682e-05  9.067076624353090310e-05  4.000386366324277382e-02  -2.521536557488658972e-03  -3.799033845557442477e-03  -4.701779252757249300e-05  1.158974380223619713e-04  2.380267426338871051e-05  6.410242145205057637e-04
2.060605804201222704e-02  4.863600184820495755e-04  -3.153561842327678294e-05  -9.742225194574902984e-05  2.133335909904007538e-05  -7.630022822311836872e-03  1.954765782027948970e-02  -5.676000576064957510e-03  1.785905663948013022e-05  -1.912714022071615704e-05  -4.601139574381620006e-05  -2.521444072667248810e-03  5.124855294363261232e-02  7.264294740986799179e-04  -2.924822906859400701e-05  6.425375540082268718e-05  1.553944295435459924e-04  -1.225901910149206813e-03
-5.808114359368039955e-04  3.303651639769294296e-02  2.126625447785584100e-04  2.320842507608210663e-04  -7.511915127446224612e-05  -1.084081880351242403e-03  -2.898586084983054752e-03  1.973992143005015923e-02  1.036857718999287283e-05  1.246501744897740303e-05  1.216409243280767467e-04  -3.799014753793172709e-03  7.260515979922387529e-04  4.654445685713471531e-02  -2.176246470175427082e-04  2.364340881626321629e-04  -2.731929149511579244e-05  -3.748594300570678214e-04
-3.478098164039819512e-05  2.243306639311890406e-04  2.096014458905691089e-02  8.321092114100611323e-03  2.904607076828941994e-04  9.871835284940695904e-05  9.082811999542663199e-05  8.538111661158254439e-07  1.428013733572619515e-02  3.042465319532098537e-03  3.195343125187675992e-03  -4.692687830513000513e-05  -2.922980347606342368e-05  -2.175956624200941526e-04  5.203886600966423776e-02  1.343483345465215596e-03  -2.899326113182295732e-05  -3.106360392454278425e-05
9.038603067167171653e-05  -3.121892793187542041e-04  -8.416302259735265051e-03  -1.558643891063995557e-03  -4.199243468195827233e-04  -9.449339000724320736e-05  -1.793016474550883322e-04  -5.628560763261801644e-07  -3.192358525517988675e-03  3.711302276764764734e-04  -1.323938507167304662e-03  1.156682210117023927e-04  6.425969353727952220e-05  2.357611039022758565e-04  1.343890024889276766e-03  4.007437084285395829e-02  2.445435976453049691e-05  5.992205694348282010e-05
-7.724993072731358749e-06  1.217702467734510504e-05  1.558724582958782043e-04  9.345272181600403451e-05  3.668323011001199761e-03  2.696684698005538203e-05  -8.945965117521747871e-05  2.777817526409874998e-05  -3.029535833202889362e-03  -8.995245072097108252e-04  4.154577675988533930e-04  2.290711555345305634e-05  1.555256882292477337e-04  -2.781982727028634801e-05  -2.912164680581920563e-05  2.456515706059558737e-05  4.249595208886755571e-02  2.075800979085752238e-04
7.551979541894172226e-03  -1.327422847728527918e-06  -4.987659143117825072e-06  -3.893570980736288275e-05  -6.629615410897300937e-05  -1.824761843929062748e-03  3.736704774576746473e-03  2.568410046540198916e-03  2.445752658616253262e-05  -1.069707952079411189e-06  1.664698107371177394e-06  6.410337105626990120e-04  -1.226317348736848849e-03  -3.751389573566678575e-04  -3.105533603411629069e-05  6.109773087501196159e-05  2.080665951283157649e-04  3.979001815643432721e-02
