4.716462810990555699e-02  -3.524046778680365601e-04  -1.851683005182509157e-05  9.260465983245195175e-05  8.455664034586126440e-05  7.412381739750763905e-04  3.307491516005701265e-02  5.200660582301089036e-04  1.555001777118220099e-06  -7.050664758920388072e-06  -1.055204782064602629e-04  -1.154216321964418352e-04  2.058150736841487041e-02  -3.917933155006822553e-04  8.680772628302707751e-06  -1.364229915853462248e-04  4.551632381789611788e-05  7.433645940921304422e-03
-3.522122751889111229e-04  4.640783286293214543e-02  1.130564664169893778e-04  1.591791008708081409e-04  -5.584831296050513132e-05  -1.277197394525625375e-03  -5.091283834923973108e-04  2.078850724190086860e-02  1.786275279046396013e-05  -1.099639222495704986e-04  1.041269635779449996e-04  -7.537211191804187374e-03  6.523205557371357420e-04  3.326687631113345311e-02  -1.066165668525041960e-04  2.253064701763877738e-04  -3.616933598792066602e-07  2.286182241042511464e-04
-1.837062030501318088e-05  1.129236526930200497e-04  5.124856844620011287e-02  -7.177582519136968065e-04  1.510879380893994208e-03  -1.482938668850647980e-05  4.707421439673969098e-05  -3.558430758443997046e-05  2.127569238778117752e-02  -2.042341369951126517e-04  8.705956985403419390e-03  -1.065774826685581905e-04  9.661762258188748235e-06  -9.817389199601025474e-05  2.100621468290569949e-02  -8.360253748169609381e-03  1.616279056089221246e-04  1.303342746924006238e-04
9.295893204611776204e-05  1.588359603890986170e-04  -7.177844193224198425e-04  4.057870111337447128e-02  -1.436747591523845305e-04  7.958653451383891793e-05  4.802954768019750945e-05  -1.795575834521360536e-04  -3.382687392557137403e-04  3.678623826233457742e-03  -4.882037213190288001e-04  1.328019697303870459e-04  -9.523894796006156151e-05  -2.957986927690277475e-05  8.331731943097050314e-03  -1.510296163380908576e-03  8.066001948879526545e-05  2.277911157242013955e-05
8.395235594783542754e-05  -5.562081018797793776e-05  1.511399318203413564e-03  -1.436430291235771056e-04  3.946495355621539025e-02  -1.004653694668663160e-04  -1.454160937765189580e-04  6.400687050264641689e-05  -8.860682548698298536e-03  2.000290380563480902e-04  -2.038503541906485500e-03  3.953641493220114931e-05  8.151268077457703913e-05  -1.747182239806543191e-05  3.101318611894670176e-04  -4.920904040565496525e-04  3.751230632628183275e-03  1.150132615732843454e-04
7.414030788464343351e-04  -1.277257031605313811e-03  -1.530199524565355093e-05  7.943919614453228014e-05  -1.006011117371714034e-04  3.799896374184447145e-02  9.145093948259511033e-04  8.273583937874770186e-03  -3.819907563911623170e-05  -1.760939589251657228e-04  4.797474946519814570e-05  -2.192438648696911838e-03  -7.514626951100627887e-03  -1.299461966445946293e-03  1.132028977034694127e-04  4.433709709083980910e-05  -5.235587651803745514e-05  -1.523394409084252547e-03
3.307465381791678538e-02  -5.088211145810252363e-04  4.742560853696378123e-05  4.792053755215039786e-05  -1.452403644601906634e-04  9.145542820181743696e-04  4.686997095693012927e-02  5.934428556307432467e-04  4.140462211376411437e-05  1.641653270718665729e-06  1.098742606552654096e-04  4.915670322777323988e-04  1.966212702808707580e-02  -2.798858080267137977e-03  -4.016881884065065219e-05  9.163307951817612341e-05  5.300336945175571519e-05  3.820512999722955327e-03
5.199086867344064524e-04  2.078838391365044058e-02  -3.570557804560808141e-05  -1.794942642588840483e-04  6.410075203143185104e-05  8.273939641624103794e-03  5.935514162053130488e-04  5.114411375296966378e-02  3.159454335402808083e-05  1.464723092926634510e-04  -1.220289335092671958e-05  1.203110382753032901e-03  -5.706368655609719148e-03  1.973719462125724314e-02  -3.563518330850051324e-05  1.121249028338719762e-05  -2.547999725426284659e-05  2.561039570898757719e-03
1.594105976966665538e-06  1.789386324463659690e-05  2.127542819989436049e-02  -3.380436377213700172e-04  -8.860206440337589986e-03  -3.891796312354111183e-05  4.197652089144924257e-05  3.158413844525644022e-05  5.201782957362637710e-02  9.587506956263959707e-05  -1.320894960218132845e-03  1.275932187245073132e-05  -2.507615234827077704e-05  -3.261852149980916684e-06  1.434751859644466977e-02  -3.168333733162233788e-03  -3.074733852636285427e-03  -3.139891072389560967e-05
-7.129143630162834610e-06  -1.100292280677925971e-04  -2.039416758795354354e-04  3.678423330991177284e-03  1.998763767904910963e-04  -1.760367888078863256e-04  1.657492854787289309e-06  1.465983621971570948e-04  9.582979497062479055e-05  4.243432573091762000e-02  9.485364965324989141e-05  -1.710362095676672904e-04  5.133042822097672910e-05  -6.147807709595033427e-05  3.042769347547328879e-03  4.919238115141402962e-04  -8.880557136634110353e-04  4.912718778529585038e-06
-1.048305875293430319e-04  1.031788696310374223e-04  8.706023178129601581e-03  -4.879685780565577269e-04  -2.038447177336057386e-03  4.771153349969411316e-05  1.101468890387206922e-04  -1.231065962369165862e-05  -1.321328953531895889e-03  9.502210705469917051e-05  4.005451035239534358e-02  5.700353844238716957e-05  -8.676794850587600560e-06  -2.409410155835448603e-05  3.174069515487959459e-03  -1.139434400168143130e-03  4.454849238028618500e-04  -7.281582448143155925e-05
-1.156194197652418449e-04  -7.537317753154622844e-03  -1.065357259240903116e-04  1.328673634394617672e-04  3.958864177961882950e-05  -2.192558674758561359e-03  4.917102096137301480e-04  1.203507056274561327e-03  1.318579150097178238e-05  -1.701328184211371524e-04  5.705582898292791148e-05  3.992855702383533295e-02  -2.544816601490910123e-03  -3.906062794806830236e-03  5.678252274188766506e-05  -9.330113919187812304e-05  -1.915877327139063082e-06  5.858437233639059464e-04
2.058144673552831858e-02  6.523167848564666088e-04  9.539968912113637117e-06  -9.508283044975050617e-05  8.180406221222157168e-05  -7.514590906632406982e-03  1.966235224050175145e-02  -5.706349003033297021e-03  -2.496886781703662101e-05  5.098316515651312266e-05  -8.901225807315039210e-06  -2.544851829086830757e-03  5.128449729582004041e-02  5.998198307020857030e-04  1.167773451440820430e-05  2.545575605697846040e-05  -1.367856643838953916e-04  -1.110019176173305394e-03
-3.917186754355402815e-04  3.326643036061031206e-02  -9.809237327478890849e-05  -2.972830549487703598e-05  -1.724915379664258678e-05  -1.299346506124518649e-03  -2.798709695941554738e-03  1.973758367438057520e-02  -2.612091780082133169e-06  -6.142329601347055567e-05  -2.364307820355734903e-05  -3.906277847211222717e-03  5.996948062291958259e-04  4.641367446327747392e-02  1.466511060892771497e-04  -1.425848672688123642e-04  2.339913368156814209e-05  -4.496759264705024956e-04
8.601084395824338337e-06  -1.066082460093505113e-04  2.100648199127408064e-02  8.331933590359141481e-03  3.101037699720328509e-04  1.134724099708227528e-04  -4.035395548881577204e-05  -3.572724226384085003e-05  1.434751039485548073e-02  3.042612739354641840e-03  3.174025649966856402e-03  5.752424985128115083e-05  1.179160326028843787e-05  1.467309219214678773e-04  5.212872135380284405e-02  1.211740811930029933e-03  -4.394862613552226878e-05  -7.606889248591553842e-05
-1.361696344572010540e-04  2.255746197931398581e-04  -8.360279281640800933e-03  -1.510352682463775558e-03  -4.920476760020210845e-04  4.469613780125506017e-05  9.189462503276775527e-05  1.103248452156562224e-05  -3.168442985666139466e-03  4.919870107870785237e-04  -1.139459383956027564e-03  -9.357697826664696981e-05  2.612259508645154623e-05  -1.425171755368958551e-04  1.212391499458512906e-03  4.022280048348736425e-02  3.943763811988062784e-05  9.866948576967683000e-05
4.593075063693893433e-05  -7.627144773971964265e-07  1.619261425399887448e-04  8.099393583354162968e-05  3.750912339627029968e-03  -5.363021602117195853e-05  5.362370398187141853e-05  -2.542682349638181695e-05  -3.074697946550879711e-03  -8.881236329537427979e-04  4.456028735093804627e-04  -7.621405339963125997e-07  -1.367067165923700257e-04  2.299544172555490287e-05  -4.386153193839865575e-05  3.915580646382832181e-05  4.240208087658278030e-02  -1.675724639066235387e-04
7.433496893606731520e-03  2.286398758517109182e-04  1.304783429373943904e-04  2.278998641078703078e-05  1.150883493723380056e-04  -1.523217287410849347e-03  3.820573589696869745e-03  2.561053626530682571e-03  -3.112752884982486235e-05  5.398237945131048855e-06  -7.377207004095404563e-05  5.857210069119108070e-04  -1.110196763627928178e-03  -4.497296312256237488e-04  -7.708291474504207447e-05  9.953295491421179923e-05  -1.682604640093338230e-04  3.998841418367835715e-02
