4.579875137576584071e-02  -2.856644925951317120e-04  -4.787126037724534814e-05  3.159380668952965629e-05  2.292978262277583265e-04  1.125340778672692362e-03  3.446879009558937584e-02  6.232206908809593887e-04  3.638366802252926825e-05  2.209821611787967288e-05  2.344999959067212863e-05  -5.282857644472851511e-05  2.170819345301350581e-02  -6.673978767800263154e-04  9.940712726676022252e-06  -4.623879549708904545e-05  1.900881737753683153e-06  8.097420849820118061e-03
-2.860719511235637982e-04  4.627735608170292780e-02  3.247106059330160288e-04  3.906775160092827476e-04  -1.180022580111080157e-04  -1.181042608252217026e-03  -4.154962565413747397e-04  2.152144282554024207e-02  2.477208712704561522e-05  8.646430464073743850e-06  1.862605830242109362e-04  -7.583308244090814811e-03  4.966956955294807036e-04  3.416584714876257783e-02  -2.958564022000437720e-04  4.097095147520823932e-04  5.650647910110430326e-06  -1.791271409073454514e-04
-4.782121102644263955e-05  3.243772291694010544e-04  5.081817001657855382e-02  -1.549956145254602086e-03  1.221308361494940044e-03  9.171024804160384555e-05  1.266736333668580365e-04  3.599217566983425339e-06  2.207231846179550858e-02  -1.598603588691239021e-04  8.998167572655074026e-03  -1.882292760506076553e-04  -3.481107990232810376e-05  -2.815622519394704918e-04  2.237138831357663935e-02  -9.404434318152370478e-03  6.893873033144852546e-05  1.374210124074477272e-05
3.127911692201596345e-05  3.897725682511047891e-04  -1.549931975875516081e-03  3.907577162057598863e-02  5.490123979807805683e-05  8.936625466890384226e-05  -2.570032372400893821e-05  2.570711125276177363e-05  -3.853986345112382140e-04  4.325154450487816646e-03  -5.009994697331057300e-04  -2.780598542323185705e-05  -1.925504117770160677e-05  -3.340054931150988416e-04  9.312587324853911774e-03  -2.004786685019391626e-03  -2.125204733030986026e-05  2.235805417623039812e-05
2.287757953963926209e-04  -1.188761491667762260e-04  1.221394032590713326e-03  5.490018143846970325e-05  3.963638109548049682e-02  -3.541609023389143737e-04  -1.586983594653999146e-04  1.885066311793491978e-04  -8.936262852691239170e-03  4.746774066076940162e-05  -1.495782312873171569e-03  -1.814252989522167198e-05  5.732450982031746142e-05  -7.245163369776487744e-05  2.987564684704540631e-04  -3.801524603206653491e-04  4.123946053294717459e-03  -7.841215420350025375e-06
1.125395672627890623e-03  -1.181284301809653334e-03  9.137584707320492623e-05  8.906786293226548598e-05  -3.536502040021138708e-04  3.709715444324460792e-02  1.410902628098015992e-03  8.394319215499927711e-03  -1.595142561540901854e-04  -3.761494427238620396e-05  -2.651945462943665777e-06  -1.666778397655662792e-03  -8.482657478314427346e-03  -1.303579769268275405e-03  4.605693678730610755e-05  2.420663393340298248e-05  -2.018653628478312822e-05  -2.160089975802821811e-03
3.446861535582363550e-02  -4.159006033281280974e-04  1.270230238670956981e-04  -2.582268717304952947e-05  -1.585861711638694303e-04  1.411260778976284420e-03  4.557754663104171544e-02  7.399399508516198848e-04  -9.399315732677319740e-05  -5.454340998908587641e-05  -5.007776180310418909e-05  4.366041998111017423e-04  2.071996870215539813e-02  -2.894161104654653562e-03  -1.380145867607541509e-05  1.560642193083630570e-04  6.246836501475415253e-05  4.321723295661288392e-03
6.229746790465003330e-04  2.152126750451920784e-02  4.036027560273995683e-06  2.705983853882477496e-05  1.891141821163897776e-04  8.394377792732984900e-03  7.401305670744219014e-04  5.102967082495461076e-02  1.725010507313870959e-05  2.342673065663276741e-05  -5.031024955695736540e-05  1.082886529348812315e-03  -5.931503835881375697e-03  2.066280943020685351e-02  -8.681219222215955762e-05  -4.376919071668188178e-05  -3.939373081556337341e-05  2.609283801525651408e-03
3.622227513087293842e-05  2.491760531032097305e-05  2.207231765226212380e-02  -3.853259838886015603e-04  -8.936417763566125577e-03  -1.595597933763523348e-04  -9.367223975113832875e-05  1.734284118114580697e-05  5.195353524474890378e-02  -2.242651175665708263e-05  -1.471949476772097887e-03  9.402300567718742993e-05  -3.549278404112010006e-06  -4.880589010843198664e-05  1.522073551896609145e-02  -3.648219823898543861e-03  -3.325475541458253713e-03  -4.960573685880748812e-06
2.201294670344951899e-05  7.655441568116149839e-06  -1.597245077463997523e-04  4.325266362492521596e-03  4.715003099266616411e-05  -3.859738220853043978e-05  -5.461852589358518752e-05  2.302792553056599701e-05  -2.245444928296390607e-05  4.212304619794569882e-02  -3.180213569204505482e-05  1.934847611443360959e-05  6.087721414091596420e-05  -8.981984670008539846e-05  3.450596700921637790e-03  3.689575259129409613e-04  -1.062133810574878313e-03  -2.960673993522629791e-06
2.373218287090053693e-05  1.858451677634559256e-04  8.997704434455012362e-03  -5.008412241399869775e-04  -1.495522218060660238e-03  -2.691483406583666400e-06  -5.032122123565602395e-05  -5.091915298725236089e-05  -1.472571885049547532e-03  -3.180350633885541985e-05  3.962318094895167508e-02  1.644199069441568053e-04  1.359157197281159647e-05  -1.351169533384935007e-04  3.638262027672412285e-03  -1.671704515426596788e-03  4.960237340533034433e-04  -1.309135949062069501e-04
-5.296467387662439979e-05  -7.583096572681640932e-03  -1.883970153832410191e-04  -2.777364698949411119e-05  -1.804095309824253057e-05  -1.666703029313735965e-03  4.363509868104201704e-04  1.083425530048861846e-03  9.374789245900823375e-05  1.931128917166577115e-05  1.650531560680092310e-04  3.970730782895134231e-02  -2.751557368789488058e-03  -3.988740129611209953e-03  8.114425973504927204e-05  -5.059137279248664945e-05  -9.333563888178073605e-07  9.728050343615259749e-04
2.170797855711061736e-02  4.965287959617160126e-04  -3.470110150243546328e-05  -1.873761089931963615e-05  5.755725992960410403e-05  -8.482225400195031115e-03  2.071990779746539502e-02  -5.931469849608164181e-03  -3.494733790065604545e-06  6.098489478448265044e-05  1.348859473874742535e-05  -2.751678314330054630e-03  5.067903263916340162e-02  9.247079639419644248e-04  -2.664486322713474956e-05  -2.414969151653937907e-05  -1.716157102605347018e-04  -1.841251925884685890e-03
-6.672914130978748956e-04  3.416578920695673843e-02  -2.821010433584409034e-04  -3.337092329409193335e-04  -7.154838648079821098e-05  -1.303436563880920086e-03  -2.894275764556176588e-03  2.066266660139008671e-02  -4.865035100399282207e-05  -8.981300638678006373e-05  -1.351761296410634633e-04  -3.988916890432301146e-03  9.243645784810727243e-04  4.599398221581500745e-02  3.685042504126788410e-04  -2.955738297673089917e-04  2.151114927558653208e-05  -2.984397357999125423e-04
9.773126943909088784e-06  -2.955032179421668835e-04  2.237156740915469469e-02  9.312797176841008245e-03  2.982859898413997850e-04  4.518368897429919314e-05  -1.370325331627725867e-05  -8.683485556659181867e-05  1.522049356903471505e-02  3.450439379233644077e-03  3.638408553870652994e-03  8.194492538057765332e-05  -2.666831516028440492e-05  3.683983261314408963e-04  5.151880679806194324e-02  2.015726643251559893e-03  1.488323775141047486e-04  -1.600996084703281997e-05
-4.599504964033684017e-05  4.083292992927010012e-04  -9.404461723033040801e-03  -2.004733221761369980e-03  -3.797405274213804883e-04  2.397804168708543422e-05  1.551405209800937098e-04  -4.335122782618125914e-05  -3.648032636825353139e-03  3.689558012202332469e-04  -1.671634213323205638e-03  -5.128180631527757286e-05  -2.376888798619769221e-05  -2.947706748175578698e-04  2.015991254039900191e-03  3.887856827745522770e-02  -2.060046444116380121e-04  3.232675439364193098e-05
2.265676182036310149e-06  4.376193145755067761e-06  6.878698138611033172e-05  -2.138973062523460354e-05  4.123995202701009714e-03  -1.959459535866121073e-05  6.184053967787307335e-05  -4.019059856178189229e-05  -3.325703014988388301e-03  -1.062015400200284725e-03  4.961428032925499715e-04  -2.456606391897786642e-07  -1.714299628698006165e-04  2.148732516616955662e-05  1.485253631947101654e-04  -2.055993148702664648e-04  4.241222471507465758e-02  -1.700006467289214864e-04
8.097349015886797299e-03  -1.792382614828760628e-04  1.389678788473306061e-05  2.233230242025596100e-05  -8.213890946259962264e-06  -2.160298667967500922e-03  4.321866988986369090e-03  2.609216393031654237e-03  -5.047662570562632671e-06  -3.195200027723318402e-06  -1.315614077616191846e-04  9.727818117960570620e-04  -1.841797193722916016e-03  -2.987936136757012896e-04  -1.486969333986178042e-05  3.227222455087843951e-05  -1.705378990639990953e-04  3.861034443554239165e-02
