4.627805753781278481e-02  -9.170838211458054738e-05  -1.161031880688287356e-04  -5.031100119066197595e-05  8.548124893178527710e-05  8.091362875506446584e-04  3.394775694038310032e-02  5.027664839393781310e-04  8.596100659125519646e-05  1.063608223533469633e-04  5.782797155354680864e-05  4.758217832617794748e-05  2.119085184059395569e-02  -7.869061094479594615e-04  -1.896132977610700616e-05  -8.540854878745424408e-06  8.617580418592972902e-05  7.823720988813129620e-03
-9.163829158117397936e-05  4.624677745607843476e-02  8.606473609945181340e-05  1.202534223259757879e-04  -7.551762512038781550e-05  -1.351855981095127779e-03  -4.154395083028694451e-04  2.102875429553197756e-02  -3.795935165486093155e-05  -4.069474109663725781e-05  6.475568921640498905e-05  -7.335156736669931447e-03  3.998122788865256217e-04  3.388847234531973396e-02  -1.279547023674424203e-04  2.595361805341820489e-04  -1.873374770395748332e-05  -1.632598264272216494e-04
-1.161872080635982150e-04  8.635608977758793602e-05  5.117027024047798855e-02  -1.504749800142122585e-03  1.066091457564907969e-03  1.166556761271335564e-04  1.278128898783462380e-04  -1.102749389599807191e-05  2.173736391335455431e-02  -9.147015449876792217e-05  8.921369600082386733e-03  -2.117011692144841518e-04  -3.255728612077267745e-05  -8.060012440818711528e-05  2.165522807801694913e-02  -8.494034647339767860e-03  1.574481250213815133e-04  4.017668834460512065e-05
-5.052717833727398398e-05  1.204252311846837689e-04  -1.504607971102377368e-03  3.942223759752445933e-02  1.820141768049772979e-05  5.358747664908237323e-05  1.527752601153751892e-04  -8.278302026335388484e-05  -2.603532763058367776e-04  4.007427598694476845e-03  -3.957493761287524201e-04  -1.433825468090011855e-06  -6.299749269131514813e-05  -3.721795042431408811e-06  9.045786950813721264e-03  -1.581995629444831863e-03  1.013385652872400837e-04  6.880003245813677641e-07
8.524965809813320856e-05  -7.565098761912401036e-05  1.066525184095019419e-03  1.834829606697200257e-05  3.975255531212896348e-02  -1.391678068158703162e-04  -2.407840330845862221e-04  2.584117982593989063e-04  -8.919650595034696317e-03  -8.019485171470824001e-05  -1.764920193796089319e-03  -3.427587287027083368e-05  2.259589719040134941e-04  -1.786514861719159793e-04  4.043491471901777172e-04  -5.750945831408334251e-04  4.038600995989902361e-03  1.360609190837123702e-04
8.088472460218871238e-04  -1.351945566721904444e-03  1.166922039200911403e-04  5.359340791723438743e-05  -1.395312195850610204e-04  3.790082497288421032e-02  1.089236915899117336e-03  8.177450447421122023e-03  -2.699176669916984695e-04  -7.224655089451892582e-05  -7.562619118800216760e-05  -1.621737032661593097e-03  -7.787488185796883483e-03  -9.236279359267039746e-04  7.684848771644308492e-05  2.807161222152364938e-05  -1.155143059226610563e-04  -1.768296298654834951e-03
3.394810302441954308e-02  -4.154194669235896785e-04  1.271995964973056913e-04  1.525175171513286679e-04  -2.411570561102835018e-04  1.088349063346688529e-03  4.616165053081606323e-02  6.944586349564444219e-04  -5.825024498020553443e-05  -7.020686422178084750e-05  -2.363975675566125676e-05  2.894538152512408729e-04  2.022098214988624423e-02  -2.830736214448227768e-03  -4.401589252464233244e-06  4.326290432920591831e-07  4.531829146965801557e-05  4.179293085728513421e-03
5.028828039902064019e-04  2.102907665098896831e-02  -1.099613668673405224e-05  -8.280848596187659891e-05  2.583794151853726685e-04  8.177626106066183953e-03  6.943770812868997741e-04  5.117253422879020075e-02  9.752883709225051916e-06  2.173158199132977535e-05  -1.275931563155357476e-04  1.094230140314489050e-03  -5.811128456303421737e-03  2.025516856609641328e-02  -3.236232449881015977e-05  1.858784067275451353e-05  -1.695940616449908929e-05  2.482730873466618745e-03
8.636781838354702775e-05  -3.805632425091585422e-05  2.173736711903380761e-02  -2.601511080281304102e-04  -8.919743733363247676e-03  -2.715617920175274333e-04  -5.821037583328262689e-05  9.611688804762537453e-06  5.203113117534065302e-02  -1.482101329135551270e-04  -1.368203545285875391e-03  1.307462109208091096e-04  4.444109294921815351e-06  -1.900282854382178319e-05  1.482664893965535483e-02  -3.360809629450199620e-03  -3.192216251482052087e-03  -1.729024126372876802e-05
1.064122290730932683e-04  -4.053666547481437314e-05  -9.113300275681701494e-05  4.007721923448325299e-03  -8.031620237046934872e-05  -7.301348190385083606e-05  -7.013110846086306293e-05  2.178686086216939923e-05  -1.482105580728570700e-04  4.219353154582232424e-02  -2.322915657334479107e-04  -6.391385863798929165e-05  -1.055243433202288386e-05  1.535377279953514310e-05  3.326468378655026998e-03  4.402161793954302614e-04  -9.651927903118149308e-04  1.917956911663969995e-05
5.786962140729873678e-05  6.453914109468240564e-05  8.921251735381576647e-03  -3.960395699662563147e-04  -1.764949289398367498e-03  -7.534458585320305633e-05  -2.368228385293264903e-05  -1.277598470529702943e-04  -1.368818437522535724e-03  -2.324170720554303963e-04  3.983659250380396782e-02  2.325806163316893244e-04  -6.394042670339146668e-05  7.400162024441038228e-05  3.420172780563028245e-03  -1.249810692402354272e-03  5.233715422893613252e-04  -7.539334091077660625e-05
4.777816165046871566e-05  -7.335090209512056848e-03  -2.117899446567649902e-04  -4.280471962011759012e-07  -3.464558653857276118e-05  -1.621305368601993081e-03  2.893638618435220595e-04  1.094531465519495497e-03  1.307852488410061933e-04  -6.442593662796155781e-05  2.333639138399072784e-04  3.981176748713415731e-02  -2.673927833834900420e-03  -3.957342753187070850e-03  6.491865770511667799e-05  -6.504746489508454534e-06  -5.351989169082189042e-06  8.685936134369750140e-04
2.119125495060990294e-02  3.996414758504785998e-04  -3.240230634916897951e-05  -6.290797019815213588e-05  2.264313261419705547e-04  -7.787174794102891089e-03  2.022063016011801245e-02  -5.811137108556671538e-03  4.246680627268121991e-06  -1.061745152383615281e-05  -6.408542052796007728e-05  -2.673979356415619613e-03  5.108052699893406157e-02  9.088870065426323626e-04  -1.577606329418153406e-05  3.061889802169378134e-05  -1.465372729227090872e-04  -1.479017362463680169e-03
-7.869076926863734223e-04  3.388836539895997285e-02  -7.995116061183391227e-05  -3.434598994525475590e-06  -1.787678203490796055e-04  -9.235731076374846613e-04  -2.830633805907035051e-03  2.025537816301925531e-02  -1.895645179727373570e-05  1.530994909250230106e-05  7.396097992918327930e-05  -3.957570112553846983e-03  9.083782670714148381e-04  4.603211796978909365e-02  1.883597366876583622e-04  -2.339432165227842868e-04  1.308491583984256764e-05  -2.324205537233904910e-04
-1.885128384212449000e-05  -1.277528208057020448e-04  2.165495514558737900e-02  9.045581571451376257e-03  4.041938677352432084e-04  7.653724415322936132e-05  -4.323631912378400242e-06  -3.229421441949784256e-05  1.482648668752501592e-02  3.326296836340601228e-03  3.420153210272803938e-03  6.518320401113979841e-05  -1.566790584843945889e-05  1.882828610422735706e-04  5.194535971250982542e-02  1.193519447340003455e-03  3.356786859869461011e-05  -4.039993046059961804e-05
-8.154069796382103880e-06  2.595065453451488729e-04  -8.493520210550676783e-03  -1.581739437760666233e-03  -5.749991670256296298e-04  2.725390223543006893e-05  1.997104439806971272e-07  1.817494977970030788e-05  -3.360924490384129514e-03  4.404461354147060775e-04  -1.249999127546460491e-03  -6.343698680018432505e-06  3.058486892554373147e-05  -2.334789638106454866e-04  1.193812115113929715e-03  4.018956874477681157e-02  -5.515306206767552175e-05  3.503285159076527773e-05
8.614302262593483584e-05  -1.900782044720423711e-05  1.577075105434963813e-04  1.013008511042265609e-04  4.038256750233496471e-03  -1.144469002111895358e-04  4.496270841319861372e-05  -1.718746698011891098e-05  -3.192124305243640870e-03  -9.652582154014155424e-04  5.233047892219375207e-04  -4.589715271216374029e-06  -1.464570247877975849e-04  1.304252132455302349e-05  3.356401277392859510e-05  -5.511531443331277791e-05  4.230483969142635747e-02  -1.971528284923521144e-04
7.823520722889273221e-03  -1.633475588278997194e-04  3.992943552156259725e-05  8.815087208959925360e-07  1.365282466465958251e-04  -1.768080055960735827e-03  4.178843393745893323e-03  2.482754512188173161e-03  -1.747162912335595248e-05  1.935777950811080818e-05  -7.607336306580590962e-05  8.685767435769375716e-04  -1.479485838133852904e-03  -2.327421655755255688e-04  -4.082814630411427310e-05  3.457319558552629290e-05  -1.976916890526686033e-04  3.928967867752709148e-02
