4.621011508954562391e-02  -3.424510779121534183e-04  1.084681395517790738e-04  6.422033424046438540e-05  -1.660605392235094775e-04  1.208521736453334458e-03  3.423399883251655035e-02  5.797487975427330744e-04  -7.244621724868177605e-05  1.436501916026947649e-05  -7.037569019155533255e-05  4.683205383804943763e-05  2.157374854287680624e-02  -4.290962380166361985e-04  -1.881070586599619857e-05  -5.388323794518535718e-05  -3.613712161207898501e-05  7.666862640840050279e-03
-3.427456864944426577e-04  4.576556762208230239e-02  -2.981385909449475551e-05  -1.957133131781499185e-04  3.780425378830543369e-05  -1.351301175479690739e-03  -7.815573685854319223e-04  2.180649030349207998e-02  5.402254037657189104e-06  1.038082135615731765e-04  -1.993513415826731806e-05  -7.985453147925862527e-03  8.128647247274293835e-04  3.430565509229430154e-02  -8.645104291295493409e-06  -3.082713742315047701e-05  -7.762840319943855444e-05  2.603297042349427210e-04
1.086556239094418875e-04  -2.958615657411742161e-05  5.068222474110580661e-02  -1.080332771820451555e-03  2.087448846715643340e-03  -4.852052486580497582e-05  -1.129044322046956729e-04  -3.824673467222090584e-05  2.231505845357320203e-02  -2.150879010146514343e-04  8.882353248000716267e-03  6.063216849708829626e-06  -2.881680580022875462e-05  6.732702492855943471e-05  2.218242042128126812e-02  -9.197858426151088104e-03  2.514753014867214119e-04  7.030831902933573694e-05
6.423032174628608084e-05  -1.954751038063246417e-04  -1.080207241062652391e-03  3.977535244429573208e-02  -2.982743826985125867e-05  -3.791215650724991050e-04  1.199565356742952058e-04  2.506869207359659977e-05  -4.170598240748834792e-04  4.167065901851044543e-03  -6.059579081989430920e-04  -1.864377082920626056e-04  -1.314676903295573188e-04  -2.163665462174449062e-05  9.106108257451794169e-03  -1.732311135419179610e-03  8.024085034171534012e-05  -2.281432312670736957e-05
-1.667511804791323474e-04  3.725726490727219038e-05  2.087752839804009764e-03  -2.986100011162448958e-05  3.824288619307485843e-02  1.989005269363373541e-05  2.217442953146747696e-04  4.147110954894086513e-05  -9.612583199616086746e-03  1.635342775944222040e-04  -1.817561353409132994e-03  -1.630561943566279787e-05  -3.904690046347429117e-05  -8.475373102300007462e-05  4.621612729535301079e-04  -7.180061663455922314e-04  4.197055234423570716e-03  -8.456908512129499142e-05
1.208362321648605905e-03  -1.351970202023179083e-03  -4.843477309069983938e-05  -3.787098460044323843e-04  1.999546270314248803e-05  3.677636184262073060e-02  1.078832368055602326e-03  8.585470793495654160e-03  -4.377846771754367731e-05  1.567495225716365975e-04  -1.096938233117328168e-05  -2.121975009910363232e-03  -8.181877136406110959e-03  -1.531486242347251297e-03  1.078709145392386053e-04  -3.836584843774687361e-05  -1.843618893011859060e-05  -1.548701482065803926e-03
3.423440777176427890e-02  -7.813181477952940452e-04  -1.120716484286782695e-04  1.200015520435031735e-04  2.206648621658664777e-04  1.078491202235037309e-03  4.592258598215350623e-02  7.776416805235080191e-04  1.265081723620626404e-04  1.148351143534122247e-05  2.570489498990520853e-05  4.219681994893481050e-04  2.065053446781610000e-02  -2.622091159934706976e-03  -3.712364319963247473e-05  2.334866697409128348e-05  9.261675163957954867e-06  4.272337755835125574e-03
5.798839635442388672e-04  2.180659356378329694e-02  -3.806655404495933644e-05  2.514768598242101517e-05  4.117854742515948116e-05  8.585035289265156508e-03  7.777274368739044326e-04  5.104559654682937209e-02  -2.549030951686758527e-05  -7.383397036785289318e-05  -1.468060773716115660e-05  1.332703564714064759e-03  -5.935918562453267218e-03  2.055625670779254871e-02  2.094162280656458589e-05  -6.256462192675688570e-06  -1.579908677507618135e-05  2.693174604628945871e-03
-7.263524693804967786e-05  5.456346817309077730e-06  2.231540097473754675e-02  -4.169364773663559922e-04  -9.612630295141125561e-03  -4.482825117317551847e-05  1.265604187250532822e-04  -2.539776055226870363e-05  5.179609208646097918e-02  8.746580117630084955e-06  -1.327849472971245372e-03  4.498101054120792810e-06  -4.054512132707849617e-05  -1.421544025184496268e-05  1.515983753080000704e-02  -3.524700796989306117e-03  -3.403868723047189827e-03  -1.999728104307695538e-05
1.474846019733760260e-05  1.033093029780200831e-04  -2.153043843560909106e-04  4.167102547898404383e-03  1.637844503805458622e-04  1.563478157066188270e-04  1.103489002062870747e-05  -7.373217091227024901e-05  8.642917494404459092e-06  4.217270289916687925e-02  -3.072339223669528938e-05  8.670995749568424717e-05  -3.991531929422778281e-05  4.087242906316253997e-05  3.317711558395160937e-03  6.071711037432889072e-04  -9.608717056506180937e-04  -3.574208509337165052e-05
-6.997710879871096423e-05  -2.095554514938591131e-05  8.881814894364264967e-03  -6.067344546744493985e-04  -1.817869768355371684e-03  -1.078789933607030607e-05  2.552214427095039791e-05  -1.455495584549220344e-05  -1.328707026422272942e-03  -3.056924569768395747e-05  3.989838109736351668e-02  -1.363392230574070145e-06  -6.445575987664363507e-06  -2.478395303651898185e-05  3.476855349559993414e-03  -1.276469990269828506e-03  5.368848476248504675e-04  -2.348384431745615189e-05
4.708042375384692958e-05  -7.985702163581260421e-03  6.061381253334098352e-06  -1.864679052910192341e-04  -1.713222101545597197e-05  -2.121704935320586471e-03  4.214856295763456267e-04  1.333165488292134679e-03  4.791920218990316287e-06  8.642231493852510862e-05  -7.846072129393599428e-07  3.932869736020303680e-02  -2.689128116855033293e-03  -4.286439756451951820e-03  -1.942057750000766072e-05  -8.912642847353062931e-06  8.553610180015451382e-06  8.648250652342704065e-04
2.157418823211489090e-02  8.127684337405261970e-04  -2.850878846196942929e-05  -1.315840841737111252e-04  -3.908216575112466793e-05  -8.182211734007665410e-03  2.065037690089208816e-02  -5.935969213451413803e-03  -4.050659484156817494e-05  -4.010569104594645514e-05  -6.047960192012921450e-06  -2.689534402848766433e-03  5.087309137951984139e-02  5.658771472114498477e-04  1.741467118441029934e-05  4.573324913557159260e-05  3.290492779116359378e-05  -1.399101985400895247e-03
-4.290109444035753220e-04  3.430569351148552576e-02  6.732144859726591640e-05  -2.193760404174888425e-05  -8.439709126284396018e-05  -1.530976435352611031e-03  -2.622052428859553055e-03  2.055641462721504234e-02  -1.416959755877202190e-05  4.103679874336993915e-05  -2.450391468899991906e-05  -4.286586989629686574e-03  5.658755389322439643e-04  4.584787086306841425e-02  -5.244687286581108934e-05  4.097941630895199437e-05  6.518378888766712155e-05  -5.365994123490159520e-04
-1.872824629757564128e-05  -8.530498821557028942e-06  2.218172029252808708e-02  9.106159172716876346e-03  4.627498933182563738e-04  1.081630514483187101e-04  -3.725106916632053166e-05  2.090252192550439626e-05  1.515974893064725611e-02  3.317699735460341408e-03  3.476168393029771455e-03  -1.915253801329932254e-05  1.751269535851598743e-05  -5.239870379057626855e-05  5.182312373957970869e-02  1.704554401114641553e-03  -7.518674596971913673e-05  -6.681888918436826243e-05
-5.390495731890911974e-05  -3.186540383420734691e-05  -9.197576819648852972e-03  -1.731574216447172299e-03  -7.190007369730562784e-04  -3.784084644570400477e-05  2.329800977952065799e-05  -6.130464658522490070e-06  -3.524572691762138579e-03  6.068439252745375751e-04  -1.275962893250344411e-03  -7.967733130049191938e-06  4.578767840112772100e-05  4.004241524045166329e-05  1.704825577644081963e-03  3.922363282358102415e-02  8.487649468409320008e-05  1.167457298267568575e-04
-3.605471354341445602e-05  -7.782575248531657837e-05  2.512769088986792853e-04  7.978553090151457308e-05  4.197413144909031488e-03  -1.839804478974562153e-05  9.333124853625783600e-06  -1.562851938644803487e-05  -3.403948288388483189e-03  -9.608207776636504141e-04  5.367490658708417607e-04  8.042310867744967797e-06  3.277820300178961008e-05  6.512255341648733715e-05  -7.521248746720878074e-05  8.489612869999447705e-05  4.213931808459945444e-02  8.489392788752500932e-05
7.666169412199484202e-03  2.603949822240044973e-04  7.016112933590934074e-05  -2.390460873023844392e-05  -8.388370275002413068e-05  -1.548720289005124911e-03  4.272287806159948305e-03  2.692491857182838580e-03  -1.969275607287927912e-05  -3.621869323545484431e-05  -2.249720348106230665e-05  8.647515239478451542e-04  -1.399601798581349152e-03  -5.361639944047595814e-04  -6.689874688541184360e-05  1.175109127311122121e-04  8.440947822404837179e-05  3.927372814622155650e-02
