4.590288708671506901e-02  -2.117319270238018209e-04  1.777577930575960805e-05  1.400956002424524179e-05  1.503410587870504392e-04  1.452153889987296831e-03  3.403140321574226607e-02  3.663336714342809407e-04  -3.876777128332908434e-05  -6.180528119888325199e-05  -4.198001910577418106e-05  3.408303701966634998e-04  2.152977570809301230e-02  -3.916768243700907270e-04  -2.512851147321280311e-05  9.852784528032089038e-05  -8.574466520193544316e-05  8.116876645921120709e-03
-2.115998989683335078e-04  4.657633029243322259e-02  1.301405197989632283e-04  1.833336458004343841e-04  1.523647899876827937e-04  -7.698521257796456111e-04  -7.444051799156043998e-04  2.137175608677039859e-02  9.791405225325799970e-06  1.830573687038477323e-05  -1.627072580356445813e-04  -7.647663203938569881e-03  6.663715739584550029e-04  3.387519278258119965e-02  -1.077454993004837227e-04  2.427919187672927012e-05  1.250208612935991541e-05  2.313520068042640649e-05
1.761904991536852890e-05  1.304215392220658466e-04  5.086386775341477512e-02  -1.570943795939784126e-03  1.415187983093127346e-03  -1.284447424675162796e-04  -1.802929765329649390e-05  1.274450715284699252e-05  2.187325223163417640e-02  -1.480717068562668773e-04  8.852138317719894511e-03  2.474096817850773714e-04  6.385014903297449914e-05  -1.550364996841114412e-04  2.222031323227456612e-02  -9.494303037763931682e-03  -4.656128606516706181e-06  -6.398990473186570564e-05
1.391570824598030571e-05  1.831041276825592283e-04  -1.571319834411765435e-03  3.896147732350797172e-02  1.209954126980605565e-04  6.337671568520097389e-05  -1.199380813278893854e-04  5.882580541304764323e-05  -4.744935844937789911e-04  4.132520503972700147e-03  -6.207512354168591906e-04  1.964420502494042544e-05  1.140009926482882127e-04  -2.060319585963314834e-04  9.457459428823913536e-03  -2.364492648916547823e-03  -1.260718719201032090e-04  1.119854491926543515e-05
1.504713976316188781e-04  1.525317227865000515e-04  1.415461684570348344e-03  1.208362043709642502e-04  3.974579446641716973e-02  8.419048314714308047e-05  1.073624247744406308e-04  -2.663456563433879223e-04  -9.063482159715769565e-03  6.224970910026486810e-05  -1.619969769825189672e-03  -4.287952063293074807e-06  -2.444937544441504141e-04  1.516932463252926549e-04  1.765251388501243724e-04  -2.421758676591788438e-04  3.937701818704650997e-03  -1.726585149939335786e-04
1.452128733181346377e-03  -7.697019893271689296e-04  -1.273952473958841157e-04  6.370165497033531093e-05  8.357470365861452660e-05  3.736809408948498640e-02  1.201729654407747080e-03  7.964119210272319060e-03  2.100777874199129659e-04  -5.553607161943894746e-05  -9.092058117413834544e-05  -1.666811879948992174e-03  -8.538797318458529392e-03  -1.333234711526895544e-03  -9.662772487481424775e-05  2.220508496846381906e-05  1.646794194962387307e-04  -2.401641626537699692e-03
3.403122140630690518e-02  -7.442826732788740320e-04  -1.800600703979235345e-05  -1.196559783822970187e-04  1.071767709546583950e-04  1.201499577545975207e-03  4.571080195150439146e-02  1.057832211852935888e-03  4.550065003980263332e-05  9.834884938793749508e-05  9.292788848366253726e-05  1.700489049998247094e-04  2.079183184457446612e-02  -2.972868221107014680e-03  -5.172982781011570182e-05  4.783220542459477661e-06  -2.269903567081051722e-05  4.556082072824347608e-03
3.659537310744328956e-04  2.137253318420359940e-02  1.270515992629019733e-05  5.871341061942921767e-05  -2.662211494347494303e-04  7.964570394805666267e-03  1.058445971468235155e-03  5.104632275044537065e-02  -3.322986339739931441e-05  7.402030668666323017e-06  1.287085218283424200e-04  1.232725543503216878e-03  -5.961411710043413616e-03  2.038162912071539781e-02  4.825986404860622340e-05  -5.640141481329947733e-06  -1.598105869593294492e-06  2.399069580184487026e-03
-3.854213088785551065e-05  9.910760044025767961e-06  2.187332589309646039e-02  -4.739169948680222811e-04  -9.063583843406696969e-03  2.109893100464717546e-04  4.578385747471112080e-05  -3.322665730441191212e-05  5.193329191525533628e-02  -1.756347856985219830e-04  -1.420237940645082417e-03  -1.775981003284889277e-04  -1.949383693574070688e-05  2.290529575242075487e-05  1.510315098465106129e-02  -3.574854166207773378e-03  -3.282643915714965679e-03  6.548839311491439397e-05
-6.252455520461688637e-05  1.831676764474570796e-05  -1.475159569791584604e-04  4.132778696121840005e-03  6.214595032333122674e-05  -5.555927389070657041e-05  9.785509006364304389e-05  7.247961435081664005e-06  -1.756360667697712274e-04  4.218854990168258851e-02  -2.758630115218092750e-04  -4.525840110201208397e-05  -3.219139960315836737e-05  -1.206657328933880111e-06  3.371981210353063117e-03  4.214516090617059503e-04  -1.027681574292072355e-03  2.300399136441563474e-05
-4.224576287366356555e-05  -1.635124696215549032e-04  8.852472879110560508e-03  -6.208689072387620946e-04  -1.619938749113888346e-03  -9.212190808778608631e-05  9.293934582323463110e-05  1.286125552358263183e-04  -1.420542797017402929e-03  -2.760551769193379432e-04  3.975214231925763148e-02  -2.869014456363080164e-04  1.782223395157827049e-05  -7.181140494055621908e-05  3.573025857175368952e-03  -1.458802491601771589e-03  4.711611284308358963e-04  1.538284414934255363e-04
3.408182312118605861e-04  -7.647428711736270132e-03  2.471299588163549917e-04  1.972492717056843948e-05  -3.882197074246162222e-06  -1.666670388800868107e-03  1.704306847689508590e-04  1.233254732613019546e-03  -1.776253894718249023e-04  -4.539707399097360523e-05  -2.876281183002924726e-04  3.949399471124621919e-02  -2.712764690240960196e-03  -3.932864367955582127e-03  2.448070788896275534e-05  -6.555821797958542971e-05  -2.339879527395229163e-05  1.042068333896977719e-03
2.152926304541205246e-02  6.667278059898304205e-04  6.386875632363222795e-05  1.140132995071611725e-04  -2.443181788605450688e-04  -8.538323239252304173e-03  2.079201117309615807e-02  -5.960806870975002107e-03  -1.929001658693818279e-05  -3.142816632159761920e-05  1.784678195933942077e-05  -2.712761636175391611e-03  5.048514169000613283e-02  7.413235146508506939e-04  5.054856188826919365e-05  -8.123714008889718313e-05  9.120520699240890899e-05  -2.157244801757739194e-03
-3.915580878949294743e-04  3.387501863910491462e-02  -1.546272095551301745e-04  -2.057575321863502611e-04  1.511887929996894497e-04  -1.332540919742273558e-03  -2.973104570520777607e-03  2.038171544193281837e-02  2.272846219858449301e-05  -1.496270844459825899e-06  -7.087836958623093097e-05  -3.933076691839163842e-03  7.416400060630381000e-04  4.639620371389406583e-02  6.294756549875336654e-05  -2.877220516038994313e-05  2.128508970157983338e-05  -3.458326486912997508e-04
-2.521158927980335899e-05  -1.084156670770441679e-04  2.222022178748491936e-02  9.456965265012598140e-03  1.765223544264494268e-04  -9.716369270062120598e-05  -5.178914628499881869e-05  4.823234743591254761e-05  1.510280143311785138e-02  3.371839120871639693e-03  3.572743995056259798e-03  2.500601139703277309e-05  5.054401407752208251e-05  6.330141983273756753e-05  5.147896613996076620e-02  2.125887709016177282e-03  2.165936603248361019e-04  5.612167250995486295e-05
9.699629982660071237e-05  2.447744367317137592e-05  -9.494123646561129434e-03  -2.364227453048467226e-03  -2.421329906984241677e-04  2.297059011725267625e-05  4.100812564213343064e-06  -5.925659856029756199e-06  -3.574514941966151337e-03  4.214348106215309907e-04  -1.458714237950007632e-03  -6.589790738856305991e-05  -8.215520688776827159e-05  -2.809407592227820182e-05  2.126482716059099453e-03  3.875764969068594412e-02  -3.193094485080947469e-04  -1.040855139629583105e-04
-8.548508299918738300e-05  1.200679887153614962e-05  -4.164266487350238986e-06  -1.260446890246974202e-04  3.937142395889946071e-03  1.643808566180469174e-04  -2.269203683089454445e-05  -1.681358101636483488e-06  -3.282563993543953767e-03  -1.027586139850806103e-03  4.712673826917863408e-04  -2.260683206729328058e-05  9.091872427621743708e-05  2.102052402617875134e-05  2.166225594397095105e-04  -3.194235016358178397e-04  4.250038182550953253e-02  1.409559101863595040e-04
8.116181137766841427e-03  2.297196082517078991e-05  -6.439648712304137839e-05  1.093890409438157841e-05  -1.725433941338410607e-04  -2.401376494648557128e-03  4.555925159965321103e-03  2.399410988228921696e-03  6.555390593683190035e-05  2.317116290996331298e-05  1.539415011496495520e-04  1.042078923835662368e-03  -2.157155634303630897e-03  -3.465434990352881284e-04  5.559838060233932992e-05  -1.041755864185326411e-04  1.408158625087942302e-04  3.824296556017743598e-02
