4.553742511493702461e-02  -4.606445095272625211e-04  1.674517147909497571e-04  -2.518984946519066539e-05  -1.121162817156418036e-04  1.073649141909849194e-03  3.493836526124011882e-02  6.877648979132262993e-04  -1.598330026606601978e-04  -6.601829597786191150e-06  -1.493619815720218327e-04  5.554147086025589187e-05  2.222467552805590038e-02  -6.352888281333299433e-04  -2.046182748370255387e-05  4.014756531733082337e-05  -1.400879541162963348e-04  8.178902199852325708e-03
-4.609565573746016013e-04  4.552299937970244459e-02  -4.297325893078701194e-05  -1.755299686257480029e-04  -1.112441732567263155e-04  -1.379873587333464409e-03  -6.828093383577682777e-04  2.233634397945053265e-02  1.468277809780482012e-05  1.400006330101902056e-04  9.647857760112305209e-05  -8.002358714194435577e-03  7.798030569484529261e-04  3.485524881227085314e-02  8.464554700090506131e-05  -1.825386344270542869e-04  -7.552137086205580122e-06  1.025816249303601179e-04
1.672930268278835552e-04  -4.295819695134415399e-05  5.065504165300340617e-02  -1.577083462534546862e-03  1.676291916843760960e-03  8.007992067714325105e-05  -2.282529596399392592e-04  -1.250181878948438401e-05  2.273695877023114084e-02  -2.978667230503002808e-04  9.200434944407384283e-03  1.788049034459642710e-05  -3.786789347988493530e-05  9.600656493237608201e-05  2.285751081558083306e-02  -9.303432416970151483e-03  2.541735123525645703e-04  -5.338438090940041884e-05
-2.505097484819239652e-05  -1.757135402081764532e-04  -1.577323649145313074e-03  3.861327709717828766e-02  -3.058141816181125268e-05  -2.658496724683550574e-04  -7.940959655830907035e-05  1.836666899141355320e-04  -4.753987336688753583e-04  4.585986500490221544e-03  -7.281848133466747256e-04  -1.301171774046297382e-04  2.378093057397792100e-05  -6.525561128282734622e-05  9.661725429822685604e-03  -1.683955447024463020e-03  1.868026759910269537e-04  -1.098032625892326749e-05
-1.122447300733569174e-04  -1.112273811713106582e-04  1.676582472485024008e-03  -3.063191299740650317e-05  3.848544978821352713e-02  -1.609734754133633451e-04  3.235246389418187799e-04  6.773659650069966786e-05  -9.414748657642975360e-03  7.955586395441547514e-05  -1.403152055578598539e-03  -6.957715083936786670e-05  -9.691863419970041488e-05  6.244715370424720283e-07  4.575441037799802104e-04  -6.102220118587580074e-04  4.680004134698649565e-03  -2.146647985579987151e-04
1.073063382010683905e-03  -1.380420061198482954e-03  8.021047863780807793e-05  -2.657643322916529460e-04  -1.608113638663043990e-04  3.660526286659664813e-02  1.194517421928095085e-03  8.910102444063592794e-03  -6.377602531583258108e-05  1.974689323654762075e-04  4.845570969146791517e-06  -1.926231020542874079e-03  -8.258538026010195029e-03  -1.546424553412393188e-03  1.605469061763562533e-05  -8.946226538750952644e-05  1.068668116258644199e-04  -1.680091199541175776e-03
3.493822783465083681e-02  -6.828308318702134942e-04  -2.282852784895873484e-04  -7.932419489284548873e-05  3.231223885805604838e-04  1.194471034598573690e-03  4.537185310049381137e-02  7.359496790347268410e-04  1.530642219177529560e-04  -2.142365942003743223e-05  3.706332943047100785e-05  5.117076404358923865e-04  2.124941487209667038e-02  -2.578888487481205243e-03  -7.066616859217091672e-06  1.498484323651135257e-04  1.401297253586594754e-05  4.750632902520991394e-03
6.877611356148190204e-04  2.233657170939800513e-02  -1.224071035893724201e-05  1.839696746165110912e-04  6.760532397679474669e-05  8.910216114779332189e-03  7.359727189523435076e-04  5.085573149258072745e-02  1.744150218217258326e-05  3.689872463742232379e-05  3.271522546639805512e-05  1.413464258930505852e-03  -6.094621847796501991e-03  2.114456158863718682e-02  -2.588111790740284390e-05  -1.122206443773048035e-04  1.426649787623360664e-05  2.635123150478718528e-03
-1.601013197138074346e-04  1.482296915740814794e-05  2.273730588879800674e-02  -4.751575311954291461e-04  -9.414728978151093788e-03  -6.411457762194460884e-05  1.532838940280242899e-04  1.735068700216352969e-05  5.176613743814754975e-02  -5.531845278911584065e-05  -1.622152232616751351e-03  1.784338162923051438e-05  -9.704647278328420074e-06  -1.091836070002333764e-04  1.559255019145902067e-02  -3.660979052062124112e-03  -3.509001653391054677e-03  -4.314273007414521694e-05
-6.736055268398111965e-06  1.398730120415973138e-04  -2.974722761597408142e-04  4.586211372016389676e-03  7.890282756610655565e-05  1.976110966334285429e-04  -2.145884770962176074e-05  3.690239330650341387e-05  -5.535529474625430752e-05  4.185359368555198467e-02  -8.081691593464381104e-05  -3.651638469204744386e-05  -1.064578705950703092e-05  -9.241640597069503995e-05  3.624288167302552703e-03  5.805509566652139420e-04  -1.016527037250581668e-03  -1.009767911995928114e-04
-1.492289244695071330e-04  9.620015758374803267e-05  9.199867141866243173e-03  -7.281237643000912146e-04  -1.402721888568131403e-03  4.647759863039121469e-06  3.680794875868657911e-05  3.241140503552288103e-05  -1.622474962156717632e-03  -8.105775457601315740e-05  3.921469945000497642e-02  6.782802529981896362e-05  9.013492869267620528e-06  -2.635099271138103519e-04  3.692833236771561091e-03  -1.435420172651498969e-03  5.987334777770936603e-04  -1.673552280880128589e-04
5.560499235552123431e-05  -8.002045062923859864e-03  1.788329803478905927e-05  -1.304435917744989760e-04  -6.871113754257325091e-05  -1.926433808409023932e-03  5.120122545042170206e-04  1.414051740261616699e-03  1.790282006750695598e-05  -3.627981808335480513e-05  6.774104688404046037e-05  3.898934795957201965e-02  -2.795894566623652235e-03  -4.464597593388091971e-03  2.694660672531881070e-06  6.463246606443269373e-05  -2.590676922246079209e-05  1.122715814339900241e-03
2.222428821319016173e-02  7.802525533816779884e-04  -3.774201609612631592e-05  2.394567791398576249e-05  -9.682127167141812280e-05  -8.258735953686461087e-03  2.124951248384258223e-02  -6.094541017947733771e-03  -9.558864417270853252e-06  -1.056032830822970529e-05  7.629420389464685150e-06  -2.795973852450465459e-03  5.057166696571317038e-02  8.013498360023324930e-04  4.236923785709132837e-07  -7.729251882186797271e-05  1.933676612840414758e-04  -1.974768743746351841e-03
-6.351902888998875148e-04  3.485507014010815613e-02  9.627349596795124276e-05  -6.440301689270161998e-05  5.055236700862094929e-07  -1.546424619094570116e-03  -2.578869104652170303e-03  2.114500946092058228e-02  -1.091524114943675394e-04  -9.316412833659349984e-05  -2.632117187704895904e-04  -4.463988822777466281e-03  8.017892045369917446e-04  4.547758642712673716e-02  -9.728312797598477309e-05  1.998927432718272949e-04  1.107795307054716029e-06  -4.470095560842939032e-04
-2.049913731067358515e-05  8.454409449054613396e-05  2.285728463752729686e-02  9.661716185892057704e-03  4.575817883150714595e-04  1.639029180704089988e-05  -7.000994990180523269e-06  -2.591343876589713733e-05  1.559262875289586271e-02  3.624220655253409303e-03  3.692624498626588189e-03  2.954342225249181841e-06  1.207954548785757361e-07  -9.725706208902280055e-05  5.163744986406198362e-02  1.730557585481365835e-03  -1.172576766498789288e-04  5.226647723225272973e-05
4.017385080274526202e-05  -1.825889856856326371e-04  -9.303216889977015264e-03  -1.683852861852608383e-03  -6.102235295388674149e-04  -8.946986304241286495e-05  1.500985846147954962e-04  -1.126027187162102614e-04  -3.661261264284730241e-03  5.806065892358759162e-04  -1.435614952236550015e-03  6.519674581607993254e-05  -7.761585291184567767e-05  1.995199412679754807e-04  1.731015340563740647e-03  3.912016479396159679e-02  1.053731299184029356e-04  -6.039486963597386695e-06
-1.400712055750892538e-04  -7.618741647735497753e-06  2.536129922698882825e-04  1.864334776518745507e-04  4.680368305090238518e-03  1.066575585895677405e-04  1.395727276716123629e-05  1.401997909591815375e-05  -3.509019434234050567e-03  -1.016567021129164729e-03  5.986860487787059757e-04  -2.576369834115356468e-05  1.937612476792620049e-04  2.823032444000284040e-07  -1.171521458317333731e-04  1.051948642234114446e-04  4.196515587676247216e-02  3.132003087914074523e-04
8.178650025905970927e-03  1.029703768979811526e-04  -5.316153845057448011e-05  -1.080094428499748328e-05  -2.154596309399306030e-04  -1.679741879781685874e-03  4.750119414095873606e-03  2.634993370696733263e-03  -4.261143490711074753e-05  -1.006542801585231595e-04  -1.672368294249547394e-04  1.122630043127526836e-03  -1.975010381551465903e-03  -4.473332086021971558e-04  5.260942805787223328e-05  -5.357226896077613078e-06  3.129896665616097354e-04  3.814964224845786983e-02
