4.668805092008337237e-02  -3.364854900663623565e-04  -6.838622808421340054e-05  -1.779289591192098700e-05  -2.015802639071830106e-05  1.113927617217558763e-03  3.306378893358003640e-02  6.356262700847794406e-04  8.468070464647794917e-05  -9.906730890493618174e-06  1.117411638400194184e-04  -1.511090349965658593e-04  2.092250301783281363e-02  -5.934733240029487801e-04  -1.666060670887394273e-05  8.786873592332915901e-05  8.063889606472613152e-05  7.911811745673506813e-03
-3.359530181036572455e-04  4.722113990049883747e-02  -1.071185380771870141e-04  -6.930139442613161382e-05  9.380558732236749853e-05  -1.192492005215466805e-03  -1.900443432868305740e-04  2.060708056087228943e-02  7.037657061501153358e-06  -1.470036660850636805e-05  -1.604872093811118513e-04  -7.438690204833883768e-03  4.747261259844369886e-04  3.279014804380692150e-02  3.132592087714654647e-05  -3.295426258417566908e-06  2.337526737995012616e-05  1.929348841855444758e-05
-6.856931138404853741e-05  -1.071999002986520231e-04  5.095134642297891731e-02  -1.753546420220075674e-03  1.245481855900928796e-03  -9.143083013247828490e-05  7.310781853491029236e-05  8.357038385251214090e-07  2.109331306770280759e-02  -5.885128181405997885e-05  8.354399363658962518e-03  1.550013416528993196e-04  2.727636902783432983e-05  3.850121797456830248e-06  2.133434685426864943e-02  -8.917050729314070223e-03  1.777071330818918180e-04  -4.101792824855113289e-06
-1.773173997910081838e-05  -6.920177745733049218e-05  -1.754182103494726207e-03  3.943076847062997048e-02  6.048693810125907119e-05  8.127252945352659772e-05  3.014841017514331820e-05  -5.201129401460053542e-05  -2.383990671442267348e-04  3.668899190518486175e-03  -3.600543945814212534e-04  2.883030771767629128e-05  -9.157193007523080868e-06  1.439054073552514172e-04  9.056656806370988813e-03  -2.338738027066578941e-03  1.533758450455290502e-04  4.898285423953446044e-06
-2.057591488068358988e-05  9.436126431444089903e-05  1.245510856512874751e-03  6.033269677750773241e-05  3.984812961484757859e-02  2.830873334146986908e-04  -1.260519723101904673e-04  -5.223480176171602741e-05  -8.768524931494296390e-03  -4.612138846571705344e-05  -1.778025535668609864e-03  -3.738851110832542375e-05  4.372618025507282529e-05  3.676978955743425093e-05  4.185569208354776886e-04  -5.782897458859932206e-04  3.547424267376070479e-03  5.655664738221243167e-05
1.115059975409604491e-03  -1.192112952052124582e-03  -9.122428272954098423e-05  8.125207603872338703e-05  2.825859361438858453e-04  3.734740429167453246e-02  1.489375907996412247e-03  7.845262955929851317e-03  6.526102282964837964e-05  -8.236666775696481864e-06  -5.828769603328359388e-05  -1.733773993362750865e-03  -8.210887040825586014e-03  -1.140457225342637448e-03  -4.264186463305145628e-05  -6.819382467495946596e-06  -6.505359732439230252e-05  -2.460296336781200854e-03
3.306329009459634677e-02  -1.901255811422330772e-04  7.332667124912194210e-05  2.999292147676688668e-05  -1.261945295674034024e-04  1.488300557889712418e-03  4.663922539975551285e-02  5.990181622227113822e-04  -5.705742758225193273e-05  4.865744277966837724e-05  -2.402344581609796656e-05  3.448093548198752616e-04  1.977117341638097783e-02  -3.001091744688415535e-03  1.525467489354658963e-05  -1.164367411400329792e-04  1.232874513014142764e-05  3.975845343221685868e-03
6.357836449710383905e-04  2.060735215455732072e-02  1.027884984928287009e-06  -5.190200257188577764e-05  -5.219952915571067644e-05  7.845745913788417653e-03  5.993028389598003018e-04  5.128542060367263095e-02  -1.048785479359177429e-04  -6.879036959511720343e-05  -2.673639144021165470e-05  9.991860396225541504e-04  -5.745051988488902861e-03  1.975775320580108393e-02  4.638971618408936127e-05  1.875854788356106552e-05  -3.434847324558339067e-05  2.397383976772572440e-03
8.482103906318963352e-05  7.557962019028503367e-06  2.109359974078531264e-02  -2.382518789132123443e-04  -8.768715198690258533e-03  6.711720480046012068e-05  -5.711368843026816872e-05  -1.049424235157956476e-04  5.216973126184009518e-02  -6.749909848216678328e-05  -1.061534127126062543e-03  -3.639643368159349384e-05  -4.469127769725301982e-05  8.292668109915123879e-05  1.445362188239337001e-02  -3.312003314934375015e-03  -3.030269782589298851e-03  2.280719241515991987e-05
-1.002288171304630586e-05  -1.419209722978962279e-05  -5.878068224480985062e-05  3.668977000843296268e-03  -4.598839381827179702e-05  -8.660622240159373408e-06  4.930494096620615182e-05  -6.892776356780575767e-05  -6.745895023124802003e-05  4.239391265629150612e-02  -1.087215926109163713e-04  3.268489707891797282e-05  -4.510322629123476553e-05  6.181450166890945896e-05  3.126242592112922925e-03  3.413021896189904103e-04  -9.349505058153836489e-04  4.435772333734385467e-05
1.115837069562355011e-04  -1.603489643132850024e-04  8.354453169534082485e-03  -3.600526266455106295e-04  -1.777923688889387855e-03  -5.817032026329824255e-05  -2.405922426137072239e-05  -2.660233716901570301e-05  -1.061944533378668702e-03  -1.087864463031176028e-04  4.044609578748022821e-02  -1.045819343490129755e-04  -2.938864012588172816e-05  1.154222941174152579e-04  3.286731605880709520e-03  -1.345998505484106772e-03  4.601120417893388506e-04  1.552619698709858129e-04
-1.515408093286576695e-04  -7.438659942405990294e-03  1.546432176102170263e-04  2.901787114855057775e-05  -3.798234932811441204e-05  -1.733780207082934871e-03  3.450247359243224939e-04  1.000318725172289662e-03  -3.595972464904418606e-05  3.235621890882421376e-05  -1.046897782262277906e-04  4.018989234372707248e-02  -2.548636283331306290e-03  -3.684355562263660379e-03  -1.019608347586554313e-05  -1.740309343783146966e-07  1.145846997346875808e-05  7.517486751045784682e-04
2.092283326514846747e-02  4.744666701395721916e-04  2.735553068344119288e-05  -9.207059448419733388e-06  4.325195692758128607e-05  -8.209890476289725611e-03  1.977092851322963252e-02  -5.744975287038529485e-03  -4.465013544909763812e-05  -4.509525363971071666e-05  -2.951313138686436716e-05  -2.549011942647908847e-03  5.089685909907230160e-02  7.774613983264390144e-04  1.911439881089963881e-05  1.209440463084936636e-05  -6.999762978307012308e-05  -1.680447697943222374e-03
-5.938177137659852913e-04  3.279000262878307981e-02  3.989772962286364339e-06  1.440719755970815109e-04  3.641160368310036958e-05  -1.140296214201435296e-03  -3.001235963155450895e-03  1.975717840598194275e-02  8.254554416583167477e-05  6.195940083603926774e-05  1.154552371161276885e-04  -3.684540717044757375e-03  7.769109535324216550e-04  4.700132803455945446e-02  -6.228710160858567609e-05  -1.508773042268038177e-06  5.966626101018975547e-06  -3.330094613683479273e-04
-1.687124852545727506e-05  3.135483484944619805e-05  2.133410455314618814e-02  9.056106027981816048e-03  4.180705088677505498e-04  -4.328933520602497721e-05  1.547257859329286551e-05  4.626314343288111258e-05  1.445378559381194430e-02  3.126411781365807940e-03  3.286897959268047370e-03  -1.045999512150996571e-05  1.922938829955779584e-05  -6.278652924195891058e-05  5.174460312727760525e-02  1.755319214744432282e-03  -4.185736592040249494e-05  3.966151217041645854e-06
8.795694972961581588e-05  -3.685223397285408124e-06  -8.917030084429176592e-03  -2.338587361691454609e-03  -5.781549791033541597e-04  -6.455405772527894049e-06  -1.156361417734206557e-04  1.928128051593889800e-05  -3.312060332774652803e-03  3.409840114272842627e-04  -1.345716076601364197e-03  1.401049443579509138e-07  1.198352165560713544e-05  -1.270392156991827586e-06  1.755958553211227000e-03  3.945801417475452988e-02  4.019524049591742158e-05  -4.139907927066564311e-07
8.053925222119235955e-05  2.348956285985874276e-05  1.775568709328511664e-04  1.530389660974404984e-04  3.547131046111984265e-03  -6.452504361484561813e-05  1.236073180482620340e-05  -3.438202806403523043e-05  -3.030316224728806223e-03  -9.348982343606147697e-04  4.601280432455696922e-04  1.118617394107739844e-05  -7.008491834447675936e-05  5.596868356517014221e-06  -4.177478886623472922e-05  4.003470652823406709e-05  4.258333206435405138e-02  -8.921555802420763094e-05
7.912271346271386799e-03  1.937111182995116755e-05  -4.112185176853731075e-06  5.196357245561838373e-06  5.679970593310320205e-05  -2.459894750627798429e-03  3.975800376824598255e-03  2.397147415845405499e-03  2.325664596911237715e-05  4.396227044882395003e-05  1.557015140974660466e-04  7.517045862491964978e-04  -1.681039574739699683e-03  -3.336358286988859749e-04  4.156788694320763351e-06  -3.504330468896631428e-07  -8.876003199437651925e-05  3.921429956894017382e-02
