4.699844241788132121e-02  2.575244691979727612e-04  -2.545170184844269367e-04  -7.989301138233635994e-05  1.723686244743082019e-04  1.335503455425868496e-03  3.297123796939945006e-02  2.087165437660988923e-04  2.374672561044236332e-04  9.589082036177697634e-07  2.595078861902601385e-04  2.456462776301281689e-04  2.048169802315621957e-02  -5.083527743971627154e-04  -3.827765650759745063e-05  1.380370246604457299e-04  9.129121036648214543e-05  7.342501227192840471e-03
2.574617796506337738e-04  4.693273971073168294e-02  -6.512474584121102537e-05  -1.135927361800968425e-04  2.843017312014729399e-05  -1.251713141827136408e-03  -5.083150043143724959e-04  2.049654944021550573e-02  -6.132968979748996974e-05  -5.218212664168028612e-05  -1.225236830881115528e-04  -7.511608480229634184e-03  1.554285710737972088e-04  3.307678074683939595e-02  6.100461294436537599e-05  6.245453746743664068e-05  -8.007719020864672798e-06  -3.031601595578898678e-04
-2.544175927290314929e-04  -6.495858234095416904e-05  5.119526868562477434e-02  -1.183669960772113601e-03  1.113782643090644982e-03  9.822809975325354497e-05  1.817721320377657245e-04  -2.404680789296367207e-06  2.109468805712874304e-02  -5.907998443383989407e-05  8.643216728493826467e-03  5.526100510991219326e-05  -8.185819176398779448e-06  5.525024286605097472e-05  2.101912331291053843e-02  -8.476485369429416494e-03  7.191672367438692944e-05  -1.985395993536449659e-04
-8.005269944282643693e-05  -1.130613944090231215e-04  -1.184071074379061369e-03  3.999861867216984029e-02  -1.322284252132248958e-04  2.947384332832015904e-04  -6.298189902905432594e-05  2.061745034569583687e-07  -2.609838892281023982e-04  3.577792992562252652e-03  -3.994865466202498811e-04  4.361455154510045711e-05  1.257493900229085060e-04  2.221640920719437473e-04  8.591114409282285536e-03  -1.797840840699233955e-03  1.639420435027807201e-05  -4.699892968814858147e-05
1.719670336544020482e-04  2.819968663879445295e-05  1.113633763541378068e-03  -1.324061088711094806e-04  4.012512946213749737e-02  1.853122260966574863e-04  -3.631444001545316123e-04  1.448691539300819969e-05  -8.618959491123512340e-03  6.743410127003283617e-06  -1.922834409082663579e-03  -6.056565414540978287e-05  1.460084496556948014e-04  -9.805298774040449166e-06  2.630323643631030149e-04  -4.036356970648971847e-04  3.610202650699879251e-03  2.403338756551505397e-04
1.335706866725656613e-03  -1.251626710897154335e-03  9.814633873864042775e-05  2.948296220929046748e-04  1.854001412448460129e-04  3.789366065969143604e-02  8.484270141881724604e-04  7.850654022636561341e-03  5.305229359158819449e-06  -2.685484559561816830e-05  -2.484589952051789326e-05  -1.867578527758905317e-03  -7.996641180955006700e-03  -7.545861896183646451e-04  -9.841900675417283081e-05  5.351680486688444330e-06  -1.245912682513773966e-04  -1.874663801323090068e-03
3.297154247527191856e-02  -5.076297612732796590e-04  1.816720456628783363e-04  -6.349485862901013537e-05  -3.636081934204809314e-04  8.484263923628612746e-04  4.692962624605476196e-02  9.681088786009110683e-04  -2.278029169854989657e-04  1.272200571453139046e-06  -2.041822139314386085e-04  -6.325630123994572694e-05  1.960462900356417862e-02  -3.230395707501602931e-03  6.730604766305564037e-05  6.240804336352935003e-07  2.785565760573490465e-05  3.667086105136580388e-03
2.085315002126311896e-04  2.049690757435697341e-02  -2.503279011513918201e-06  3.851328365272875643e-07  1.508572347448488365e-05  7.850495139098450509e-03  9.681058520792100615e-04  5.115206442754302585e-02  2.763787235360313499e-05  -3.313904554039606189e-05  2.659902949706329406e-05  1.421992683512555110e-03  -5.702530034868514251e-03  1.965321861532578693e-02  -3.317633919419537236e-06  -6.565061148774301925e-05  -4.990284659040913553e-05  2.412748460024724192e-03
2.376935099386677649e-04  -6.138533382159290920e-05  2.109475459655145782e-02  -2.610159128004937946e-04  -8.619336725087379039e-03  3.789802820427580723e-06  -2.283807119382420077e-04  2.796986066191445422e-05  5.194347256748772096e-02  -1.606672071070670631e-04  -1.483697981097695240e-03  -5.003133488577577641e-05  1.483712766919467961e-05  7.342875617027577100e-05  1.437864781457068655e-02  -3.270061388637308421e-03  -3.082553109652490242e-03  4.918979845916715093e-05
1.476119975799642593e-06  -5.273395259552657365e-05  -5.930100798846716070e-05  3.577494473251655819e-03  6.471449411994824292e-06  -2.823763977285532659e-05  1.111651275042505223e-06  -3.294442360729734649e-05  -1.610100452466238898e-04  4.255244508752249744e-02  -2.298544591102411559e-04  7.244781415062376880e-06  -7.696592819492360376e-06  2.115972370532333868e-05  3.054717276220254331e-03  3.978651406530678194e-04  -9.736336148151795685e-04  1.917396122499100196e-05
2.604399378664122491e-04  -1.230488896989626740e-04  8.643188454434172149e-03  -3.997799496842712819e-04  -1.922928550236732877e-03  -2.499962365805186336e-05  -2.044013338836792189e-04  2.653173271669112733e-05  -1.484142239286562713e-03  -2.294626741844489289e-04  3.985400443052591890e-02  -5.222495938798549139e-05  -4.361765536153493705e-05  1.132061393939276750e-04  3.279383576029640951e-03  -1.252414336838630427e-03  3.616930882199979381e-04  -3.692448382150085559e-05
2.454081168801807377e-04  -7.511187480103901845e-03  5.527177004713785060e-05  4.340532095624084145e-05  -6.116871001723614811e-05  -1.867247261503834693e-03  -6.192481829705049354e-05  1.422443934795771621e-03  -4.963960156740189358e-05  7.664445465219760063e-06  -5.220919816895025148e-05  3.959850418016118423e-02  -2.294915046689822383e-03  -3.817468490497265710e-03  -2.459390536124137007e-05  1.522185379384289076e-04  5.747473910649476277e-05  9.337072803617059479e-04
2.048186043182002522e-02  1.553091462381540595e-04  -8.371963397516361184e-06  1.257238638325119528e-04  1.465191540617477182e-04  -7.997162197030375022e-03  1.960402756782037362e-02  -5.702546807208082671e-03  1.449957976512205599e-05  -7.974737439123592305e-06  -4.362726565611113052e-05  -2.294641864876593128e-03  5.129098735028731620e-02  9.596102363632003432e-04  -3.944782719884263694e-05  -6.987399446897766609e-05  -1.113493302228782107e-04  -1.117373429588919406e-03
-5.079128861923560547e-04  3.307673110995393989e-02  5.539578748487067518e-05  2.217508609557710276e-04  -1.041454923616895456e-05  -7.538773905130235218e-04  -3.230409408026882739e-03  1.965387768505313243e-02  7.324308512718614658e-05  2.140110343869222999e-05  1.128274310106434989e-04  -3.818196420167773233e-03  9.598790901885729350e-04  4.679921557831558110e-02  -3.533016417357342658e-05  -5.476542824256594905e-05  3.416258064055796914e-05  4.964443694901361385e-05
-3.838839467828371316e-05  6.109785894885322104e-05  2.101935720751389736e-02  8.590967987134264655e-03  2.624863173945978889e-04  -9.790469769356119876e-05  6.728191170301798011e-05  -3.082197586786611794e-06  1.437874044766681431e-02  3.054768333175527772e-03  3.279788989898404627e-03  -2.494989925820069454e-05  -3.928939514266810722e-05  -3.526515635628700313e-05  5.211196539944624312e-02  1.220594622243465280e-03  1.569546188902304611e-04  5.230982116473995556e-05
1.386453703252688886e-04  6.225410018085958364e-05  -8.476667289482634274e-03  -1.797767075963726873e-03  -4.035583766255412342e-04  5.276193256571951035e-06  4.265463360868501142e-07  -6.576712661768093523e-05  -3.270463177541972372e-03  3.976987850482685116e-04  -1.252591913841897067e-03  1.519339123032679344e-04  -6.987452674648006793e-05  -5.542069646583499713e-05  1.220994849842128296e-03  4.022147434593029147e-02  -2.292840750389688899e-04  -1.361858716060999148e-04
9.130732621901166814e-05  -7.835336656814722195e-06  7.173441588577236826e-05  1.650531385141898371e-05  3.610500254416373379e-03  -1.246907282307597661e-04  2.810733266909010741e-05  -5.012581407981043130e-05  -3.082266628054076800e-03  -9.737129092827464865e-04  3.616435819189314782e-04  5.713306936128538863e-05  -1.114981448862730862e-04  3.425957107001139349e-05  1.568875333605073753e-04  -2.291763039514405575e-04  4.246182081862349966e-02  -1.311247731050354886e-04
7.342013420740102145e-03  -3.029947787441056653e-04  -1.985729795786162432e-04  -4.694180378202257895e-05  2.409784176326104969e-04  -1.874594612187585390e-03  3.666232414808778210e-03  2.413113031735323721e-03  4.896731058633085155e-05  1.915008226047632163e-05  -3.637616613868097017e-05  9.339176672699645802e-04  -1.117644238998313430e-03  4.871336900102886928e-05  5.242174491686700576e-05  -1.367104655620656351e-04  -1.301572077652507443e-04  4.004671511271384876e-02
