4.629764865938035268e-02  -9.777162272212486542e-05  2.705742033967810140e-04  -1.015689542117790097e-04  -2.221848453466563353e-04  1.315836597118545280e-03  3.430684969367573528e-02  4.803208219015667798e-04  -2.646368500787248113e-04  -2.255395934967048100e-06  -2.120710852709327128e-04  1.607949752109599654e-04  2.171764781421583329e-02  -4.785051576841391836e-04  5.341520351309707012e-05  4.788241883816424471e-05  -6.355755880054438545e-05  7.753954546513922193e-03
-9.779102969809344396e-05  4.548325857432328895e-02  1.103806827454718360e-04  3.809868966920997236e-05  -3.990241089267039808e-05  -1.478754834848253555e-03  -7.079649295107884885e-04  2.203180370834637025e-02  3.530047253173103328e-05  5.986860419619098654e-05  8.666148743781798937e-05  -8.325164384421957289e-03  4.641439792763018450e-04  3.467091909968848112e-02  -1.116235415466727111e-04  6.139092946074027298e-05  3.103602377895380092e-05  -2.338836774534594292e-04
2.710822573800163518e-04  1.107384280162135185e-04  5.051846474272604637e-02  -1.198015822053613740e-03  1.996041862860745142e-03  9.072776385766898521e-05  -2.494187595749317640e-04  8.649790919585733653e-05  2.276581202466492967e-02  -1.639096228330107305e-04  9.905958110299950894e-03  -1.005157065937187255e-04  4.941391791033726696e-05  -1.189700375423779870e-04  2.242644980811474981e-02  -9.209686470942493250e-03  4.843095773393219536e-05  -4.394457564690264082e-05
-1.019625104528082746e-04  3.785788946491612246e-05  -1.198111873351719254e-03  3.946837947327729718e-02  -3.956007007841628976e-05  -6.334583865946083144e-05  -1.138096196154653753e-04  2.306880074197722866e-04  -4.965532203120615095e-04  4.142372617296144824e-03  -6.644470406538348752e-04  -1.698033417201299763e-04  2.290659922711468712e-04  -2.824988289251576315e-04  9.344630993660970816e-03  -1.697456812382073035e-03  -1.061467562575367876e-04  8.544711217434123739e-05
-2.218005455600277880e-04  -3.974775570065131817e-05  1.996641138161313073e-03  -3.947909060255953888e-05  3.848281015809596611e-02  -1.426973193704745169e-04  3.645470670472489966e-04  -2.555337490468465717e-06  -9.771441810096910194e-03  1.207658755024258599e-04  -2.482954979664123586e-03  2.782485286183096238e-05  -8.413790198954843849e-05  1.389270434947824961e-05  3.506913210626338160e-04  -5.135942023842106569e-04  4.378071602854283727e-03  -1.215617092569317608e-04
1.315332939275593938e-03  -1.479287453611918346e-03  9.051188065423477233e-05  -6.346269690167204126e-05  -1.426662590273225463e-04  3.649713119079412565e-02  1.165256499629763708e-03  8.860044683040167041e-03  2.464524039758301348e-05  8.758270321058853080e-05  2.237398351809455612e-05  -2.600427550276702450e-03  -8.335914887313779567e-03  -1.438932743193898104e-03  -1.717259404570170176e-04  -2.787543585251306733e-05  4.536564130667366260e-05  -1.538428545436657099e-03
3.430669427318212145e-02  -7.072839185801134063e-04  -2.490124114078963100e-04  -1.138531389738703847e-04  3.645653715333387794e-04  1.165391868488937013e-03  4.608465678088352613e-02  9.967134725799237441e-04  2.104442373464645373e-04  -1.024765601599894614e-05  2.059714509578565575e-04  2.102246699745473151e-04  2.089101312571402941e-02  -2.914028322087727080e-03  -1.015187302631049468e-05  4.596084485138090544e-05  -1.457813157159519024e-05  4.250113064372207025e-03
4.790721626100435775e-04  2.203209476131922848e-02  8.665696285852132622e-05  2.307550329760258497e-04  -2.738041322515491179e-06  8.859340403244939446e-03  9.976808835637778362e-04  5.032161411240634874e-02  -1.058685686522515653e-05  -6.615318575990943149e-06  -6.266160816766553536e-05  2.367997569670206130e-03  -6.044400768835133698e-03  2.105418923404823311e-02  -2.617359541319185952e-05  -3.470047742925461410e-06  3.768700476950791569e-05  2.671658219008391649e-03
-2.654670431841510501e-04  3.517677909862906621e-05  2.276575089685163242e-02  -4.963687725248800732e-04  -9.771225817557037396e-03  2.472114107580217617e-05  2.108271450522893997e-04  -1.047364937175071898e-05  5.124295710103187601e-02  -1.941340235192029375e-05  -2.446390040564208352e-03  7.603657513024497118e-05  3.706895714417911177e-05  -6.731392020654720281e-05  1.543734080959051520e-02  -3.741590697067545112e-03  -3.583330014588308882e-03  -4.257553444232710236e-05
-2.039851627386092564e-06  5.955447497027448872e-05  -1.641505996850966165e-04  4.142188298763272575e-03  1.209301083172847435e-04  8.742289731738912503e-05  -1.120543993089887317e-05  -6.109872495121985882e-06  -1.948059475327112107e-05  4.248288078167136717e-02  -5.615702740646864643e-05  1.118874552210003616e-05  -2.221431503179772214e-06  8.759416932962074795e-06  3.344333363597461282e-03  5.881791508467143319e-04  -1.060936054659153242e-03  -7.126086383716991892e-06
-2.124276660749943178e-04  8.705804150790432425e-05  9.905896586764464246e-03  -6.646035576026856429e-04  -2.482962418138699896e-03  2.298650971265667133e-05  2.050592187924576244e-04  -6.242436934983115315e-05  -2.447047167721869317e-03  -5.595018091449051941e-05  3.819896845984525197e-02  1.262310602084860966e-04  -2.377236470451807955e-05  -3.711685594230317508e-05  3.679921675102407197e-03  -1.450342982087657372e-03  4.515966659852925394e-04  -8.721702548475870095e-05
1.611640047503471872e-04  -8.325129700469306379e-03  -1.003868469598958912e-04  -1.704081148289173832e-04  2.802197768198784646e-05  -2.600113628972224381e-03  2.103195325552401854e-04  2.368882194930624265e-03  7.601886883867964794e-05  1.121121063154807822e-05  1.263514792586635407e-04  3.787502556776409235e-02  -2.396933256929493702e-03  -4.767964251034531240e-03  3.878930005110509567e-06  6.610567069825480603e-05  -1.645540185933159233e-05  1.209373979275351479e-03
2.171787672872653452e-02  4.638224659034432314e-04  4.942718610771243149e-05  2.289712972341620748e-04  -8.417496173414976720e-05  -8.336188235971021820e-03  2.089083460304008710e-02  -6.044343145136659400e-03  3.711062756149243911e-05  -2.629311809256419242e-06  -2.433416833925197993e-05  -2.397107252687699641e-03  5.091999091044864534e-02  9.306721101859472900e-04  -2.928011114838436114e-05  -6.617973983807490907e-05  5.689967858679004974e-05  -1.413891196012311002e-03
-4.785088014819557749e-04  3.467108317445383864e-02  -1.186299268214582766e-04  -2.825850546320476031e-04  1.377763384826196525e-05  -1.438954322943745198e-03  -2.913105992691245646e-03  2.105454044590246432e-02  -6.772492489288245952e-05  9.425787241906741375e-06  -3.780802211195089592e-05  -4.767515104553276574e-03  9.305632365293570012e-04  4.549102513902815448e-02  1.258262945857698922e-04  -1.179725120379587739e-04  -6.972108711454115862e-05  -1.281031013020902140e-04
5.355698183231681744e-05  -1.120582694214598363e-04  2.242659227145349377e-02  9.344632850539101240e-03  3.505751578027449349e-04  -1.721236152036309769e-04  -1.016044833563888884e-05  -2.650302008925932730e-05  1.543738484290387535e-02  3.344415462762010890e-03  3.679603826166952165e-03  3.760263821570795777e-06  -2.921378788720646209e-05  1.264391528216701136e-04  5.179011278514761285e-02  1.658018670846243608e-03  3.181633744424765329e-04  1.045772143408209694e-04
4.768806075805590266e-05  6.050862771615328467e-05  -9.210178570189613695e-03  -1.697530511033929629e-03  -5.138284686966782845e-04  -2.646243549116800072e-05  4.548626516481107940e-05  -2.907542838488182224e-06  -3.741831825369319915e-03  5.881884697606750345e-04  -1.450009986767708927e-03  6.617102809594794556e-05  -6.552029493375022924e-05  -1.190830405204096982e-04  1.658227277449722016e-03  3.925636347835460144e-02  -4.891432980510642325e-04  -1.964162329034338549e-04
-6.342856137760759737e-05  3.151728786199456628e-05  4.809933184253092670e-05  -1.062894298090600047e-04  4.378319345624312464e-03  4.700741315341993573e-05  -1.536095732638614831e-05  3.774587024036381864e-05  -3.583427078498249707e-03  -1.060979339796060085e-03  4.517076099609239228e-04  -1.697085090461086259e-05  5.720872118202113002e-05  -6.955842336034425929e-05  3.182571140558129838e-04  -4.891696777828710794e-04  4.199768412989667021e-02  4.087548942948817293e-05
7.753973315328150685e-03  -2.340197639801939100e-04  -4.436755773843150655e-05  8.582990430611804654e-05  -1.216182258663211704e-04  -1.537955009065108611e-03  4.249945607551581725e-03  2.671901069234703437e-03  -4.214774212183823343e-05  -7.578255485990610245e-06  -8.649528281023896343e-05  1.209123538931029026e-03  -1.414368017854439981e-03  -1.283454052943476759e-04  1.052817443045881611e-04  -1.953749859756590858e-04  4.052483527693542082e-05  3.912409563376137434e-02
