4.656372770738939626e-02  -1.518983299935297365e-04  2.066853348950342477e-04  1.102615348873930246e-04  -2.408454463517956687e-04  1.247136285709946621e-03  3.356899375733552598e-02  4.224710723652832546e-04  -2.128186116943364399e-04  5.090991885938223816e-06  -3.855617369412107768e-04  7.853977937549248953e-05  2.082713800746233829e-02  -3.377062896354069213e-04  9.111760458807303793e-06  -1.852427172188701634e-04  4.886331277468483055e-05  7.265614407258159588e-03
-1.514469568119692407e-04  4.632894348231871018e-02  -1.743376312080458955e-04  -2.039628686858560461e-04  -6.996022794029104635e-05  -8.130929434748614560e-04  -7.297149484475951063e-04  2.098610072670771889e-02  2.632881806802744908e-05  -5.627244755579063830e-05  1.589186603753551196e-04  -7.721780992408876568e-03  5.518571600030527978e-04  3.379999527840374385e-02  8.355762615149009995e-05  -4.310619255083796056e-06  -2.649728938848943302e-05  7.429322990489381680e-05
2.069198999469778490e-04  -1.748980885021011197e-04  5.121878664502775569e-02  -8.969352850337884188e-04  1.283253607404884894e-03  -5.428787824113680776e-05  -2.092473644740569440e-04  -1.889139018109049694e-05  2.153215819649757085e-02  -1.616844595828803165e-04  8.694964923161551881e-03  -1.168813812960641478e-04  -6.382852003287666759e-06  1.266702038976477945e-04  2.142468171987530617e-02  -8.733877962228398656e-03  1.266076097148776422e-04  2.111760259194790863e-04
1.108431657331602235e-04  -2.032896790193734413e-04  -8.970622636318334973e-04  4.011812836632374507e-02  -1.083464075896756022e-04  -2.354775631539837819e-04  8.963719104407774294e-05  -1.522729901636810633e-04  -3.579154282234954998e-04  3.888827208403441288e-03  -5.132002781106469310e-04  1.396416312287927601e-04  -2.322798808543458473e-04  2.320463127875855127e-04  8.590101280842803166e-03  -1.629776847707738088e-03  2.000532222533375572e-05  -3.030353977409028029e-05
-2.404847751784459117e-04  -7.028385807661668289e-05  1.283735213839197909e-03  -1.083666809632403711e-04  3.978701885329097299e-02  -2.544803678300726441e-05  1.319144285363587808e-04  1.753711386124962219e-04  -8.875500848715621796e-03  1.348133421527484199e-04  -1.771891410967781121e-03  -2.569941976215824552e-05  7.235512857698843305e-05  -5.635310326765664043e-05  2.802547926386459798e-04  -4.129505863644918279e-04  3.886730664189267520e-03  6.097076144025775023e-05
1.246888003920916359e-03  -8.133234153102414030e-04  -5.338118524590579621e-05  -2.355886690361923676e-04  -2.556474758209823064e-05  3.808760536842518973e-02  9.522436645800618502e-04  7.817067376163494910e-03  -1.704223458854515355e-04  -7.855721526249264568e-05  6.997058850985355706e-05  -1.874232238757770697e-03  -8.107615042108955519e-03  -1.082495267183519391e-03  2.240416206114983545e-04  -5.346691782391857804e-06  -1.046209303541547432e-04  -1.622267272160485491e-03
3.356858135565068957e-02  -7.296064489226249247e-04  -2.084692871936698322e-04  8.969645498797138787e-05  1.316780560891472787e-04  9.523669056897545934e-04  4.631943328223863537e-02  8.458852499485282339e-04  2.742516622668967458e-04  -1.334306337537599624e-05  2.779681629973602573e-04  3.138212064751844327e-04  2.004121193345597546e-02  -2.834425744474106286e-03  1.820024762858366945e-05  3.135846374121178639e-06  5.347439524276968899e-05  3.822693027108272929e-03
4.221624589216339991e-04  2.098534107703799514e-02  -1.877656509079045637e-05  -1.532380777726816449e-04  1.755984528247596583e-04  7.816016550569107948e-03  8.457422790270920348e-04  5.105634338902729358e-02  -3.695280412482114741e-05  1.780786056271460062e-04  -9.907591274453008594e-05  1.476061220438877521e-03  -5.789352873760861620e-03  2.001670240440924300e-02  -2.110964246910656869e-05  1.368812497626035362e-05  -2.074444441192145773e-05  2.651091063054142154e-03
-2.124881167941315653e-04  2.613912677656935003e-05  2.153196313378118870e-02  -3.577514380898707603e-04  -8.875455479831498296e-03  -1.703312403900590611e-04  2.737763800947197934e-04  -3.664986685581271807e-05  5.187512749584439337e-02  1.987891326570066872e-05  -1.418186407302618164e-03  1.195921802315840952e-04  -5.081967262855647275e-05  1.615563282491345856e-06  1.462152773755053328e-02  -3.307904342682074957e-03  -3.214192871114371439e-03  -6.006198378386691067e-05
4.738275640640478624e-06  -5.630559852603744483e-05  -1.615590645863906546e-04  3.888851211288618572e-03  1.348281162686246150e-04  -7.905766375104712534e-05  -1.227449615388823081e-05  1.780760723185705865e-04  2.008646540061139742e-05  4.242396975387844466e-02  1.261984704807939352e-05  -2.260453086783339733e-04  1.871448118904436375e-05  -5.410336742281121109e-05  3.089946633983822136e-03  5.362391897323889661e-04  -9.296570073188183689e-04  7.015996774042321772e-06
-3.853073022756312721e-04  1.579313738275458124e-04  8.694714316277494734e-03  -5.130058905679583253e-04  -1.771892073868751565e-03  6.972305623657230715e-05  2.777154299505319303e-04  -9.896865593861977738e-05  -1.418173635136250237e-03  1.250378161151503831e-05  3.988338873055725237e-02  2.132578460055438668e-04  6.018892251835224499e-06  -6.228696213239772557e-05  3.268104490753908405e-03  -1.211547199875906292e-03  4.463543923712124414e-04  -7.053643379150945786e-05
7.870453844961177218e-05  -7.721721410704250090e-03  -1.163740639195468549e-04  1.401382131064665476e-04  -2.582643154328191664e-05  -1.873846197985882438e-03  3.137841562402775546e-04  1.475958683413796995e-03  1.193274084232234821e-04  -2.261462554157306522e-04  2.132055016030939972e-04  3.935565844932108898e-02  -2.507259702740426144e-03  -4.118789492016077490e-03  2.218768751053729670e-05  -9.255367265103147951e-05  -3.345777382122729693e-06  7.511909840915446859e-04
2.082696863467909179e-02  5.526759827924050510e-04  -6.197622611651191022e-06  -2.319694255330520473e-04  7.235130584066106396e-05  -8.107847759418466971e-03  2.004164171175732215e-02  -5.789407181680175131e-03  -5.153665921814781146e-05  1.861059497587256532e-05  5.246710441403396226e-06  -2.507366791481305431e-03  5.123776257418138219e-02  6.150574117885866448e-04  1.724229639433774540e-05  9.523165721476805051e-05  -7.892354324895133337e-05  -9.299815392619902856e-04
-3.381945150517767762e-04  3.379975497181373495e-02  1.261435680451092973e-04  2.322454768669833839e-04  -5.627672865539056320e-05  -1.081953291423793598e-03  -2.834537078279057536e-03  2.001657356338697180e-02  1.503143685590224018e-06  -5.417455849597688943e-05  -6.259256326679770571e-05  -4.118750532982750831e-03  6.156729922614761607e-04  4.620731980312585419e-02  -6.313870561470853987e-05  3.672490965729569950e-05  3.745342115987832974e-05  -3.856631793084364904e-04
9.066937324726523703e-06  8.417382954233737762e-05  2.142469696545523661e-02  8.590199981620196337e-03  2.801953838710986551e-04  2.249562678069882884e-04  1.812932633367090338e-05  -2.094569730653186577e-05  1.462156985293565359e-02  3.090104370482371111e-03  3.267847277994806801e-03  2.252156716482873658e-05  1.721138869943374255e-05  -6.314278585297379944e-05  5.211833302454979555e-02  1.272828522937592471e-03  4.578361011244466109e-05  -1.196311509543083730e-04
-1.854929313514302146e-04  -3.360241819543567941e-06  -8.733539963170411716e-03  -1.629666025497887539e-03  -4.130781341063916728e-04  -6.909551015979722099e-06  3.672603963538545533e-06  1.364699280410054165e-05  -3.307660807353648372e-03  5.361994000852521531e-04  -1.211088557479142415e-03  -9.277406624121344535e-05  9.543079392529190894e-05  3.677139001019523852e-05  1.273203872582201251e-03  4.002507539611348253e-02  -9.306002428947702566e-05  2.086784777634401481e-04
4.897011983392673794e-05  -2.673441772754202891e-05  1.266359069566939607e-04  2.011165875915956161e-05  3.886866511124372533e-03  -1.043471262659795469e-04  5.353342777921841746e-05  -2.076221002685350235e-05  -3.214376775253716817e-03  -9.296694378599779226e-04  4.463514902420885112e-04  -3.487271101482144854e-06  -7.900747447470851670e-05  3.774519434862848419e-05  4.587680842154959822e-05  -9.312625951348126355e-05  4.230981640511823766e-02  -7.244864590681122614e-05
7.265689562269635887e-03  7.485697686393029849e-05  2.114351423776773538e-04  -3.027785273461664771e-05  6.084550252031107313e-05  -1.622470712810436966e-03  3.822976850506318216e-03  2.650939516010387791e-03  -6.015223205736476157e-05  5.416068387739671842e-06  -7.179872924205527062e-05  7.511237980312132937e-04  -9.301747898067297578e-04  -3.860112293887781694e-04  -1.195429031170872194e-04  2.071887451911526767e-04  -7.293281595541525311e-05  4.017795485541383882e-02
