4.594632398256175837e-02  -2.182944730647636662e-04  -1.958032973547527478e-05  5.201198542505769585e-05  8.246216151400098302e-05  1.049183767392230029e-03  3.437230499040212772e-02  4.448726755747092580e-04  1.293242132758640093e-06  5.330425581560026689e-05  -2.277664784908096788e-05  1.789716231918884928e-04  2.150371179159806662e-02  -6.093330516337927159e-04  2.727832113540067994e-05  -1.173932105511748625e-04  5.029295158704668770e-05  7.893694526985106305e-03
-2.184215640474978376e-04  4.628244190582001677e-02  2.349048111148175093e-04  2.075296149371616008e-04  -9.005697136543132060e-05  -1.051559652702561140e-03  -5.461849722713925338e-04  2.135732686294735533e-02  5.080106603103594874e-05  -8.499558001392891486e-07  1.429467900977949928e-04  -7.483575673218270316e-03  5.669546515138362006e-04  3.413538933316692670e-02  -2.583469787095548698e-04  3.738753179463966082e-04  3.176822077561820346e-05  -5.585539922935844762e-05
-1.962879802949894428e-05  2.349561584373359012e-04  5.105904068518922478e-02  -1.362347251333628686e-03  1.058102478285207664e-03  3.167702682684845662e-05  7.094629984343097621e-05  2.940976368265441280e-05  2.200273061887461981e-02  -7.411807560876084041e-05  9.081410647402509903e-03  -2.388279730260481034e-04  -5.810588372663649283e-05  -1.856376910060434531e-04  2.211281558305669762e-02  -9.143844807985700845e-03  6.187419194734867871e-05  9.043103663054079288e-05
5.215257543468493270e-05  2.069681294974418779e-04  -1.362748966252126702e-03  3.940983879984080729e-02  1.228142138580076714e-04  -1.248771665612596210e-04  1.239863457130751937e-04  -4.547901398825605191e-05  -3.067504690065642192e-04  4.270048649402653426e-03  -4.152627633972692908e-04  -5.297622027490733905e-05  -1.571811720511049964e-04  -2.628322595251900823e-04  9.003505080521497644e-03  -1.719134119789156008e-03  9.048889139294040261e-06  -1.146474712038421451e-05
8.305236551915906552e-05  -8.994553515322606168e-05  1.057828431923472272e-03  1.226994896615069919e-04  3.986232353504584602e-02  -2.260300673645649922e-04  -2.461357045837522914e-05  8.138468427075831995e-05  -8.798678548537289257e-03  -6.115022823230875301e-05  -1.564684769957129301e-03  7.133682757430435560e-05  9.924721561588839135e-05  -6.775349007577997917e-05  2.857210409046367851e-04  -3.812022721592637944e-04  4.221280625194617428e-03  3.947795372505497351e-05
1.048985826137691134e-03  -1.051538040505964116e-03  3.192446770249739873e-05  -1.248033749246164361e-04  -2.257941093724536395e-04  3.758436209750528473e-02  1.187762102174304149e-03  8.290439602273966951e-03  -1.119609026078994114e-04  -3.895912592856791130e-05  2.717192362375361504e-05  -1.627871287187519127e-03  -8.258236344956926267e-03  -1.269608008343567134e-03  1.088507366475628712e-04  1.005588535262381261e-05  -8.759493197587750934e-05  -1.942160115091137859e-03
3.437170343693761454e-02  -5.459360876626125330e-04  7.122187244381891823e-05  1.236598936089985685e-04  -2.449722505020719514e-05  1.187879861239092821e-03  4.573481797692000028e-02  8.768260000152928177e-04  1.885621651155240254e-06  -4.700920146001701376e-05  -2.351972819971132875e-05  2.349138289457783173e-04  2.065702135512464260e-02  -2.858710009825721383e-03  -4.884661848106031768e-05  7.862049882266420751e-05  5.284889469739575279e-05  4.414408555123460962e-03
4.446355868918705793e-04  2.135740354389348283e-02  2.940743496698324671e-05  -4.533888322200791218e-05  8.142296132678380962e-05  8.290570752462634446e-03  8.773271002085529470e-04  5.110182984253310023e-02  1.223324274936780711e-05  4.734002135684952734e-05  -4.650523645630128537e-05  1.114209216519914747e-03  -5.857852234537422667e-03  2.047778939724965996e-02  -4.510273183753321099e-05  -1.524420779816138201e-05  -5.250136571691649886e-05  2.518190131950290116e-03
1.407746445714071761e-06  5.081382492642199479e-05  2.200303404433951587e-02  -3.064828447536888860e-04  -8.798596779844652938e-03  -1.117769303475610565e-04  1.745158683453139524e-06  1.227399538943431681e-05  5.194240938392870321e-02  -1.747379753025291992e-04  -1.563623112958034298e-03  9.019495943698767283e-05  -4.900739018521022564e-05  -6.173677160664464670e-05  1.507001837595758030e-02  -3.492685234038975413e-03  -3.292691411212501050e-03  -5.690570336866890278e-05
5.299988404462701176e-05  -6.159452044146585998e-07  -7.411300434932719999e-05  4.270058083502972085e-03  -6.124845853699219678e-05  -3.841542446462383348e-05  -4.706802623494783908e-05  4.745034904787608711e-05  -1.746818349969282258e-04  4.211527468766399634e-02  -2.692557643727501362e-04  -3.600910708720704925e-05  1.710535960129861473e-05  -3.080762140109972335e-05  3.411944551907789957e-03  4.720675874660544861e-04  -1.027334393027410720e-03  -2.456697100413822801e-06
-2.244090553508581461e-05  1.435599357669042030e-04  9.081446533014618516e-03  -4.152279817654098548e-04  -1.564536376352299420e-03  2.547174015839954352e-05  -2.355334970079667065e-05  -4.638929868500610293e-05  -1.564051617883678797e-03  -2.693711320947641294e-04  3.949037952456633388e-02  1.471195735309081213e-04  -2.079573833083298546e-05  -3.005941137146887635e-05  3.524551133658073657e-03  -1.352448959668682430e-03  5.368431385391587247e-04  -1.089859827884375869e-04
1.790725089755688135e-04  -7.483491897012903293e-03  -2.391985505224094070e-04  -5.258618884622084114e-05  7.058302786275173627e-05  -1.627696092657443657e-03  2.347924814652893740e-04  1.114222231239768218e-03  9.090738887270167449e-05  -3.663922679676595074e-05  1.459637213950412899e-04  3.968587592636275280e-02  -2.784279271687517283e-03  -3.954188419465018249e-03  5.116500861707231539e-05  -4.751263599287025422e-05  1.610627776138936026e-05  9.025974634716982942e-04
2.150385383101969042e-02  5.663693298777574322e-04  -5.811688167347887169e-05  -1.572031915995577450e-04  9.904364947982042286e-05  -8.258045041219644333e-03  2.065694887520721709e-02  -5.857775976262695646e-03  -4.898735345246068315e-05  1.704745441104015249e-05  -2.063673068035150050e-05  -2.784180747130794113e-03  5.080465283232211970e-02  7.945088025364322511e-04  -1.442068343560936313e-06  5.933612291762953452e-05  -2.258041085287785968e-04  -1.740268894278884345e-03
-6.092489273085527042e-04  3.413575904050394211e-02  -1.859574516157182060e-04  -2.628320043551293827e-04  -6.775916479039666000e-05  -1.269740559013229474e-03  -2.858511446814072064e-03  2.047802329645385597e-02  -6.166935827488726483e-05  -3.105452833784355199e-05  -3.014722722934426590e-05  -3.954024245357783129e-03  7.942990292303378150e-04  4.602520168339688245e-02  2.905169874448229519e-04  -2.515644326704344390e-04  -2.530742205864213178e-05  -3.344978110577438127e-04
2.691483307506533929e-05  -2.583151629179958894e-04  2.211260523488357832e-02  9.003799490060334157e-03  2.855869610420241726e-04  1.090774770950819192e-04  -4.865350572420191924e-05  -4.515033027823756593e-05  1.507022983798925533e-02  3.411581579353412802e-03  3.524825271243220252e-03  5.074376094931677418e-05  -1.498649681720025912e-06  2.904207113307151976e-04  5.168363228035687679e-02  1.785797043531821369e-03  9.740862190777300079e-05  -5.708162846643132578e-05
-1.163659090793272389e-04  3.745351210113735609e-04  -9.143908551483236752e-03  -1.719135783193542245e-03  -3.807873644896173602e-04  9.794846659040204174e-06  7.811785969188561618e-05  -1.490011502509031451e-05  -3.493280622849911053e-03  4.720884678793731137e-04  -1.353266129960522049e-03  -4.685784441055454956e-05  5.926736525881494758e-05  -2.507696143070407531e-04  1.786073424731438822e-03  3.919562311514866032e-02  -1.556444253667392573e-04  1.517190545801054113e-04
4.952557342784724985e-05  3.208599086636790076e-05  6.147920797139285918e-05  8.766876118828602203e-06  4.221392326452262818e-03  -8.781778836629215951e-05  5.302741031311835370e-05  -5.233606446159010664e-05  -3.292975502400622475e-03  -1.027283772484566043e-03  5.363662091852368754e-04  1.647744772495864806e-05  -2.264284398941653455e-04  -2.521553102364059557e-05  9.737604212690706266e-05  -1.557990292168408915e-04  4.230511041624119423e-02  -2.790319470378339558e-04
7.893571915255012672e-03  -5.674460030159034191e-05  9.075079941376581235e-05  -1.190712583656577990e-05  4.028481781075493010e-05  -1.942318196796219030e-03  4.414629930452302654e-03  2.518183153247607539e-03  -5.586265944374582692e-05  -1.924902769652410370e-06  -1.099777266574794354e-04  9.027823782837202972e-04  -1.740681562097108875e-03  -3.343089310710916566e-04  -5.624445433832488893e-05  1.523025824521374578e-04  -2.783724926475843859e-04  3.887378930065570060e-02
