4.604478927056993021e-02  -4.517196720254292312e-04  -9.036791879647900058e-05  -3.919607469804165217e-05  5.249002115528777471e-05  1.163926029603867774e-03  3.435664634811028822e-02  5.999172665803942026e-04  4.220141497566308312e-05  -1.989100031831152548e-05  -8.538606839324667185e-05  1.023371789491213694e-04  2.181065613228918426e-02  -3.894164407048085431e-04  -5.791899997443985138e-05  1.983872844079928534e-04  7.911838717948032761e-05  7.878493436801518868e-03
-4.526714345393394374e-04  4.586211188431220387e-02  -6.414891409639129568e-05  8.027058733300884968e-05  -2.181257325563475827e-05  -1.067361578562836923e-03  -6.407227001368391659e-04  2.205642377475286464e-02  -6.909312973891622891e-06  -1.651040331573542597e-04  -6.025461215066747989e-05  -8.317102883756184381e-03  7.100296656730125224e-04  3.453797674577352428e-02  8.021379627562700459e-05  -2.035467923108535282e-05  2.996833907142032637e-05  7.994234911351972422e-05
-9.026572134536335536e-05  -6.412081606617408462e-05  5.065548880899437695e-02  -1.552329028213508214e-03  1.625465572144898499e-03  7.229793178585126542e-05  6.240600184969831725e-05  1.799412786720266003e-05  2.263992213726929298e-02  -1.145263123162543819e-04  9.783170915714525795e-03  -4.524089700209280929e-05  -7.748873626946862516e-05  7.544144565683368660e-05  2.243126122981294046e-02  -9.139075454144352309e-03  7.627961952473681520e-05  -2.196127550454957144e-04
-3.865573617404255836e-05  8.042788080917926319e-05  -1.552272577936960381e-03  3.898953514854388430e-02  2.593327745710082748e-04  4.310030890403463376e-04  1.721685962531273117e-06  -2.108498369696008444e-04  -3.912811214440381990e-04  4.257986009962073763e-03  -4.841845679632334897e-04  2.170721240608297089e-04  -9.536841445768965688e-05  2.766513174596507349e-04  9.397219409185399164e-03  -1.671878949273618385e-03  -7.165184686114777195e-05  -1.549834408713570571e-04
5.241093828287711584e-05  -2.205240915510501117e-05  1.625641417352028089e-03  2.599295394142435759e-04  3.905534692904783639e-02  1.919688146769392336e-04  -2.891637580343663929e-04  8.815925909198534124e-05  -9.325499844705478422e-03  -3.848788021228807485e-07  -2.038868136314991950e-03  3.574043854545624794e-06  1.445445430079769929e-04  -1.743747308646261923e-05  3.085543767868851131e-04  -3.818767766278398520e-04  4.515929810895252111e-03  1.165925999347300796e-04
1.163393903351221496e-03  -1.068829792526484416e-03  7.209693359712621109e-05  4.310822244195457761e-04  1.922100015282048947e-04  3.677606710554844754e-02  1.465650269334876866e-03  8.765987102041194329e-03  -4.962214950213463742e-05  -2.111057125064829646e-04  -3.101574155896130486e-05  -2.382951224967943919e-03  -8.430236125623448082e-03  -1.632502416641747880e-03  7.626413414508985259e-05  -1.601802014471787093e-04  -1.088058569303018637e-04  -1.780463272223710078e-03
3.435699291196385452e-02  -6.408163211137127670e-04  6.185869769117463926e-05  1.123384789421227472e-06  -2.901387603176553039e-04  1.465952328451160984e-03  4.582005072823121250e-02  8.679836955162724106e-04  -2.554618239839505890e-05  -1.652477048512034912e-05  5.749187038439389425e-05  3.948436571492196169e-04  2.095266821823976028e-02  -2.847117122316391094e-03  6.928730139759002084e-05  3.210330749348870046e-06  2.048185166242198391e-06  4.260756086479198027e-03
5.999960493685471121e-04  2.205672797720625855e-02  1.868647050230219561e-05  -2.102182962432817760e-04  8.840618848834497494e-05  8.765174001940054596e-03  8.681762712108912188e-04  5.047824580631509600e-02  -7.661497743618379163e-06  2.871463533994523935e-04  -3.403552598872160124e-05  2.075421061663430908e-03  -5.990834191052687996e-03  2.092916724319714150e-02  -8.093058129346878998e-05  -3.976227930081324767e-05  -1.197630850078975057e-05  2.731417461349363533e-03
4.215990089062667288e-05  -6.903881220444193543e-06  2.264006548480805570e-02  -3.911253677848747462e-04  -9.325455105340794970e-03  -4.919278528140307467e-05  -2.533491566107605366e-05  -7.433856008257475749e-06  5.130965926447798170e-02  -9.788048907101027090e-05  -2.472711810959887617e-03  1.924282865006163030e-05  -1.645801664828888149e-05  2.493045497352069787e-05  1.542895244170706427e-02  -3.776295932643947140e-03  -3.537323337950960388e-03  -2.061926259774646541e-05
-2.006777592301746367e-05  -1.648059204119211771e-04  -1.146817128751548981e-04  4.257330944989728971e-03  -6.400706766538035071e-07  -2.103526924356938742e-04  -1.587071552913058055e-05  2.870471605296928013e-04  -9.747318742648358758e-05  4.238514280056913247e-02  -1.378160430576916859e-04  -3.757874122525824796e-04  8.526400400145822461e-05  -1.005677160827495622e-04  3.407057781602368992e-03  4.821806425914960405e-04  -1.085527556691853615e-03  2.652145572700349667e-05
-8.459054037064024406e-05  -6.057450182677565651e-05  9.783254572863860424e-03  -4.840329524235715045e-04  -2.038126856639436383e-03  -3.114127697686788586e-05  5.887783051081216625e-05  -3.355115349408064343e-05  -2.472812225137733990e-03  -1.384965950653793741e-04  3.808776622780445792e-02  4.598456648317252347e-05  -1.409716478912773295e-05  4.369580714175663727e-05  3.773832600249367539e-03  -1.823762951094283881e-03  3.612699895485570276e-04  -4.894127632677349273e-05
1.024521055096442760e-04  -8.317232462212904159e-03  -4.568817843508791326e-05  2.167164978478707199e-04  4.123606272797903012e-06  -2.382285673827215424e-03  3.951361630141120621e-04  2.076192846653451048e-03  1.842138293269841409e-05  -3.760164083761982677e-04  4.572902203251790886e-05  3.822370416134105581e-02  -2.632301679957180923e-03  -4.445079675220918458e-03  -1.260554140733391120e-06  1.808660454172746903e-04  7.742763509545680443e-05  1.047378879667299357e-03
2.181101376155852520e-02  7.099040930658253624e-04  -7.716197126042540063e-05  -9.577148056566842419e-05  1.447969098119688603e-04  -8.430724824047261534e-03  2.095250949619638370e-02  -5.990866623572544368e-03  -1.616534485536184212e-05  8.542606989947729753e-05  -1.375209571354765087e-05  -2.632633938702133060e-03  5.083472349806894552e-02  6.915666950126501998e-04  -6.103117444256924134e-05  -3.835105576879358765e-05  -1.944667854303627617e-05  -1.449133895561380498e-03
-3.891782005149013474e-04  3.453806048679732704e-02  7.481918469347288031e-05  2.762845634017078956e-04  -1.730396106572656745e-05  -1.632047597971919995e-03  -2.847216107266888584e-03  2.092963310287967657e-02  2.533782609841469242e-05  -1.002915962363191662e-04  4.388555254371516592e-05  -4.445212771656635760e-03  6.914692849925055092e-04  4.560464844616488739e-02  -2.932646084066671039e-05  -3.582937078775383854e-05  -3.722755382644507343e-05  -4.694441219210623438e-04
-5.770594528719484437e-05  8.014852991165374754e-05  2.243120697435756900e-02  9.397098061070991576e-03  3.083691313617715189e-04  7.614699604299653450e-05  6.938359184178324673e-05  -8.094169565151640888e-05  1.542886095548157491e-02  3.407090964390464393e-03  3.773456908677517464e-03  -1.326542441883977804e-06  -6.105179660585237681e-05  -2.944574458348882571e-05  5.181546747157805138e-02  1.568477780106925217e-03  7.365893489957177191e-05  7.386404849760272624e-05
1.972632930633378236e-04  -2.047888857717159288e-05  -9.138544120478906546e-03  -1.671702639720473813e-03  -3.815910397208659459e-04  -1.604562326580329860e-04  3.274153294126965273e-06  -3.924516775991045663e-05  -3.776225087701320839e-03  4.817258429350448575e-04  -1.823468118613028434e-03  1.803992824488497688e-04  -3.843152922193434723e-05  -3.587048700472661932e-05  1.568907429724960721e-03  3.943653673588926739e-02  -8.496864747956481333e-05  -1.188079580399505427e-04
7.913954512434933578e-05  2.956697874895586269e-05  7.583564740014634472e-05  -7.191464597421173301e-05  4.515621885650021247e-03  -1.098169169237091404e-04  1.985086616429671865e-06  -1.170339625756709101e-05  -3.536897626076164220e-03  -1.085562870327982628e-03  3.623682970222740288e-04  7.682714822874136228e-05  -1.923240545733790566e-05  -3.721935036506506233e-05  7.342861705567000393e-05  -8.457171494451415448e-05  4.200662918604428087e-02  -4.396429806197474756e-05
7.878042936862844278e-03  8.016810431757250639e-05  -2.199189239470976409e-04  -1.554446698739662990e-04  1.153733696151869895e-04  -1.780291095697497054e-03  4.260641875334250303e-03  2.730965713885809970e-03  -1.960237536390791114e-05  2.748020219906731874e-05  -4.891348580008173902e-05  1.047665730372515213e-03  -1.449666262138293122e-03  -4.692497129549403983e-04  7.428261571153437447e-05  -1.176743607538329465e-04  -4.391325453099958716e-05  3.909891132963493054e-02
