4.658240624426095156e-02  -5.279193626589412196e-05  2.076255097807781292e-04  -3.496407893304482761e-06  -1.214430305085198328e-04  1.043842530943144171e-03  3.370743741592957532e-02  2.273505712663950794e-04  -1.811890475175327716e-04  2.247346960948786328e-06  -1.552728499941655746e-04  4.407792108645798416e-04  2.084044909939952728e-02  -4.178894637775806397e-04  4.072169066121111619e-05  -5.933143696503812595e-05  -9.613733721897464561e-05  7.393008620355425407e-03
-5.281122784004470250e-05  4.646134380093436267e-02  3.148362097574274196e-06  -9.691725540959655928e-06  -1.978327988908478902e-05  -9.877093134324148142e-04  -6.273380020601729582e-04  2.101584396424793430e-02  2.637421484516162172e-05  4.974992297555692536e-05  7.281158680863971625e-05  -7.603772265699837961e-03  4.459776617180550413e-04  3.379093012410541025e-02  -5.431915786457137664e-06  -5.941030452014565375e-05  -1.322493326032902503e-05  -7.221285388436331470e-05
2.069731429891089145e-04  3.322299592163826912e-06  5.120238551080053685e-02  -1.169860191016091613e-03  1.189131250362752404e-03  -3.369031693804235694e-06  -1.728454266161210133e-04  3.462911400272964176e-06  2.164256509156895283e-02  -2.424645369189419458e-05  9.042138791740025883e-03  -1.170825594161423816e-05  4.375944819070966914e-05  -1.240885584656294998e-05  2.143434521668550335e-02  -8.482616236952622568e-03  1.417334916769203994e-05  9.804929016809848857e-05
-3.753019151797447231e-06  -9.953429649458961145e-06  -1.170179794420965133e-03  3.987365964708405874e-02  1.408635694738847655e-04  -1.711652019479021996e-04  -4.552972041438629213e-05  9.455149002732723810e-05  -2.379913200837468666e-04  3.903457158282403611e-03  -3.029879730243275650e-04  -5.309955801094136927e-05  8.239898952686687842e-05  -1.436262872628717440e-04  8.624464830433218807e-03  -1.450630571697790082e-03  -6.126767554502682734e-05  8.622351690024315297e-05
-1.210590270126478635e-04  -1.981557410669667395e-05  1.189120355874178324e-03  1.408547962855233760e-04  3.985130381600877209e-02  -1.993519133205874899e-04  3.473666992306572560e-04  2.863480762926680213e-05  -8.659849996813817966e-03  -9.316748733923822996e-05  -1.786101855590345108e-03  3.494663044727128615e-06  -1.254797963161083049e-04  -2.792231691956730832e-05  2.015000032370375558e-04  -2.609927994755378389e-04  4.188552263612978568e-03  -2.022141626202953347e-04
1.043803698765259462e-03  -9.878516498708013634e-04  -3.090551771318020388e-06  -1.711087431364227078e-04  -1.993550493060100852e-04  3.789215924088713133e-02  1.031128842450632337e-03  8.245635532665437223e-03  -2.153648917633182864e-05  2.114131172553176686e-05  -1.805385838172781366e-06  -1.965226113303609589e-03  -7.882189491135197998e-03  -1.262542081866940488e-03  -5.832795137038187378e-05  6.467034917357308745e-05  1.330967834195401515e-04  -1.595380399979727699e-03
3.370757981983930202e-02  -6.271566892948022501e-04  -1.728331301180625955e-04  -4.512099230935684441e-05  3.475170196852978119e-04  1.030843841898668655e-03  4.628120621589704858e-02  1.015237917499470493e-03  1.473385788562504265e-04  1.305058199066332943e-05  1.039362902190901224e-04  -1.057178596001006788e-05  2.018647724329402857e-02  -3.071404366730596212e-03  -4.584083245516914362e-05  5.043326192520758010e-05  -6.891937469860004729e-06  3.958226390943609535e-03
2.272964641237166324e-04  2.101612706387172985e-02  3.422957085236584092e-06  9.438189095511422704e-05  2.840187419987835117e-05  8.245819755943021440e-03  1.015029224296838239e-03  5.105948898881521036e-02  -2.937251921879058798e-05  1.205314507265331723e-05  -3.165159197094454571e-05  1.306490418835246428e-03  -5.719835830898471925e-03  2.010914333830220169e-02  7.520345071976828397e-06  -2.264894860609896948e-05  3.593219978385311063e-06  2.543441744101880824e-03
-1.812454501053192986e-04  2.651118999815290289e-05  2.164256238617616804e-02  -2.376338616505102531e-04  -8.659884185946601504e-03  -2.141799572254754423e-05  1.473801613297977351e-04  -2.937383902514233318e-05  5.184719268902750894e-02  -2.491533341602945460e-04  -1.696324455160148643e-03  3.838757676472007358e-05  -8.432653295992703394e-06  -1.351756669332187608e-05  1.478180460570864031e-02  -3.452267485160373864e-03  -3.276495245831477499e-03  3.714804198329505742e-06
1.755599088711305921e-06  5.025523000206550843e-05  -2.435463034761305937e-05  3.903496261028758293e-03  -9.321315496944057675e-05  2.213330177364808597e-05  1.293818185647317409e-05  1.188204873618115630e-05  -2.494539390809494077e-04  4.240299561733274630e-02  -3.570743564051915772e-04  -1.529252567405818891e-05  -1.624450277012989987e-05  2.994706064602168292e-06  3.255140163431576115e-03  4.139889153271546283e-04  -1.037246620498726533e-03  6.429849727731549650e-06
-1.565194251049676223e-04  7.364301678857427375e-05  9.041964051593347207e-03  -3.028700681060104744e-04  -1.786026629740002569e-03  -1.425450568606312528e-06  1.033411960789690052e-04  -3.190792573277068442e-05  -1.696760077170969766e-03  -3.567016005154430487e-04  3.940899695070398945e-02  6.887107310639907953e-05  8.260937499416323200e-06  -5.285558381648913849e-05  3.499830780164625392e-03  -1.490471988053708452e-03  3.403462435176792715e-04  1.820891759534664213e-06
4.406421803306896038e-04  -7.602945607029231410e-03  -1.198061132351046335e-05  -5.341721297536816297e-05  3.532448630007444424e-06  -1.965354604756326500e-03  -9.124736365417922406e-06  1.306876042973421914e-03  3.841655880679750588e-05  -1.606974434997727983e-05  6.839049025004773899e-05  3.963352316804642783e-02  -2.605790922427433671e-03  -3.794447006399406450e-03  1.414489594057212245e-05  -4.820208045733465280e-05  -4.052557880958922924e-05  8.702368697431049367e-04
2.084055937388136839e-02  4.459721165953811823e-04  4.397513067935062607e-05  8.241979174126372147e-05  -1.256933889470436983e-04  -7.882184655039694773e-03  2.018626554973622714e-02  -5.720074618471400300e-03  -8.526830327121062862e-06  -1.626188755052820895e-05  8.255499625997583528e-06  -2.605635984594673396e-03  5.126004885904408143e-02  8.074458715555669257e-04  2.823058998553981235e-05  -3.276860030961554321e-05  1.010569923156818709e-04  -1.168362518380519546e-03
-4.180885869294604902e-04  3.379067935298282060e-02  -1.275565438177701394e-05  -1.432538512915883884e-04  -2.788133346067098140e-05  -1.262446588902889095e-03  -3.070552663003317442e-03  2.010955415531407581e-02  -1.345633007949029547e-05  2.936951810632913076e-06  -5.373361625397605340e-05  -3.794302216907322663e-03  8.070185981953364226e-04  4.617622601175250252e-02  -2.047635461694520222e-05  9.246924759448266163e-05  2.757868399483929284e-05  -2.103131197743315971e-04
4.068001002867856116e-05  -5.679246921391461396e-06  2.143467920211516303e-02  8.624571452933554525e-03  2.012102289943196068e-04  -5.770067343336716270e-05  -4.587113973362994213e-05  7.535242622242361646e-06  1.478191418927978472e-02  3.254911325923135357e-03  3.499885943783151779e-03  1.426774491405424216e-05  2.823668823578976504e-05  -2.036093747202999231e-05  5.208548059319566964e-02  1.227189606512070659e-03  1.572034899375413756e-04  7.198108325838498433e-06
-5.971405164669452115e-05  -5.941214947067417301e-05  -8.482335929123636237e-03  -1.450512300886588370e-03  -2.607716864427798704e-04  6.507652669532428848e-05  5.050712070302380488e-05  -2.315845271453530074e-05  -3.452333036735239554e-03  4.140587948113781972e-04  -1.490301566358327289e-03  -4.873527882554835693e-05  -3.286962060677336219e-05  9.273358669636120634e-05  1.227591659233439421e-03  4.010586806504908702e-02  -2.240499016054751566e-04  -1.780716296688259739e-05
-9.665410376496673883e-05  -1.296646112419593002e-05  1.407209553498103908e-05  -6.130920478495672490e-05  4.188422798374608416e-03  1.344095861612124704e-04  -6.925712704718459226e-06  3.457945335137224615e-06  -3.276584157185373578e-03  -1.037442584957304998e-03  3.403506744950534030e-04  -4.065603126605597253e-05  1.010138964613944192e-04  2.777190607518460673e-05  1.570688061836350753e-04  -2.241117481170942977e-04  4.216053424834759894e-02  1.670557682457659860e-04
7.392687289103882543e-03  -7.232139819913882453e-05  9.832856578868747811e-05  8.656907126609281688e-05  -2.023063586915579797e-04  -1.595302117530059734e-03  3.957818328480283004e-03  2.543413354064154308e-03  3.955206935240928474e-06  5.615734489230606770e-06  2.709068305055922959e-06  8.704250927466094124e-04  -1.168765187053100001e-03  -2.104894005984521801e-04  6.905585121234798513e-06  -1.919674018051154522e-05  1.673765489518558465e-04  3.981892609407899908e-02
