4.697909232302321242e-02  -6.820863460976157237e-05  -2.472701450216844492e-04  5.622786800935618696e-05  2.627905598627299031e-04  7.257007185537294510e-04  3.298877343735816259e-02  3.896479508447602057e-04  2.501776685032555464e-04  -2.344233320714243354e-05  2.827177895799712131e-04  4.158853270824285585e-05  2.017709023065486496e-02  -5.241632851321034910e-04  -5.555985121815928078e-05  1.221122001248040430e-05  2.727996391070429039e-05  7.224129017474385794e-03
-6.818688902726608467e-05  4.698250071900288150e-02  -1.903507707062752872e-05  1.185427361839223940e-04  -1.400665473366017249e-05  -1.017439993269941964e-03  -2.738683992111144434e-04  2.016072442823623606e-02  -8.261323941955547103e-07  -3.341851471966471505e-05  1.001910659947213828e-04  -7.241350086450083767e-03  2.344417788435710173e-04  3.300474428275738253e-02  4.894436401414797101e-05  -6.928093587976928507e-05  -3.581328287607903743e-05  -1.198069742790543358e-04
-2.470449430948951216e-04  -1.914799761779416499e-05  5.148798264409534114e-02  -1.127406032374781309e-03  8.670755771196394330e-04  -1.682439968000040988e-05  2.844333275584603419e-04  -3.672552008544471353e-05  2.071974260740971213e-02  -8.951116923099254542e-05  8.105408835296786310e-03  -1.094493346700979244e-04  -3.061792509004882353e-05  3.877266535059863259e-05  2.071419026906932623e-02  -8.006119046142288684e-03  1.725953578293985412e-04  9.238703616024540642e-05
5.671684706866585146e-05  1.184253716561548724e-04  -1.127497921049580880e-03  4.016887811634785310e-02  -1.671751762623478819e-04  1.332605852509737024e-05  4.424367924556780812e-05  -6.115401400632014236e-05  -1.996987679079963033e-04  3.596768660299965500e-03  -2.762453728324415101e-04  5.628368643810978698e-05  -6.781610971639905451e-05  5.148111892493115898e-05  8.426683353513811023e-03  -1.542205993044574574e-03  1.399600797802849801e-04  2.483945628510518251e-05
2.630043385715967073e-04  -1.452367774822306075e-05  8.671905267395967065e-04  -1.672925940988907257e-04  4.031591007416962524e-02  -1.422795224852262379e-04  -3.276748459131516669e-04  1.371599805814809286e-04  -8.257091250590766277e-03  3.461697158510411356e-06  -1.514811028623132098e-03  -1.609928439941392723e-05  8.134277945085609414e-05  -1.347775491298290791e-04  3.253638000596541691e-04  -4.296993240286586888e-04  3.651313781696431324e-03  5.013075506075000403e-05
7.258924764799644337e-04  -1.017552013598699333e-03  -1.628760666882096865e-05  1.338510964424487025e-05  -1.422569594185653472e-04  3.888975483381795772e-02  9.318711324633384982e-04  7.656620606748456431e-03  -1.275229565228122401e-04  -4.613901716805687267e-05  -1.147397418044092269e-05  -1.648036358337207205e-03  -7.453115716514842858e-03  -7.182806890204429832e-04  1.459249348318754239e-04  -1.884842739002385019e-05  2.750385382062446317e-05  -1.621443334049283216e-03
3.298926354852288467e-02  -2.733571898957669766e-04  2.850340108994842592e-04  4.399967450027703921e-05  -3.282530314902039749e-04  9.318687487346463075e-04  4.673486551301415937e-02  7.315730868159059288e-04  -2.633018412368304858e-04  2.827771620748798027e-05  -2.183188658257906268e-04  2.315648033514115377e-04  1.941833326965811124e-02  -3.156993908841852770e-03  2.288002295346089354e-05  -1.433573146048946968e-04  -7.126023382340774431e-05  3.607986464203164281e-03
3.895694718160680773e-04  2.016053304710716323e-02  -3.703329564486215742e-05  -6.085734069390034794e-05  1.377637974302983910e-04  7.656422636033711343e-03  7.316296810579933380e-04  5.146797033516002651e-02  1.879930015946385726e-05  -6.792799869272131029e-05  -9.292199740501647532e-05  8.796993892721165567e-04  -5.619061471764858796e-03  1.947986969770705221e-02  2.651140515270277988e-05  1.240777633254098060e-05  2.992729207057794497e-05  2.509864466487536205e-03
2.502234294622531332e-04  -7.470646974565894697e-07  2.071978022897635538e-02  -1.996919553231008687e-04  -8.257295875173473187e-03  -1.274821237210892785e-04  -2.632751594181652354e-04  1.888331856914102593e-05  5.220102378368430412e-02  -7.331904305530184413e-05  -9.775460191519538215e-04  8.656681033701399961e-05  3.437152964138587746e-05  4.537923323312630759e-05  1.415162105901564618e-02  -3.118049504487116052e-03  -2.996008617623711814e-03  5.864882311694087017e-05
-2.402469969513774194e-05  -3.288254011637721606e-05  -8.984130213695881251e-05  3.596420229095716702e-03  3.625603587247735169e-06  -4.565837135645067876e-05  2.862537283959674554e-05  -6.879203169349600066e-05  -7.320846888900239434e-05  4.246064224405265292e-02  -1.063013314477405890e-04  1.057828658646482213e-04  -1.511461194133095282e-05  4.290886162407696038e-05  3.013704108022965001e-03  3.605218452402670325e-04  -9.069877526107640153e-04  -6.767128352552895156e-06
2.823091285878534832e-04  1.004352195157469119e-04  8.104831309179031176e-03  -2.763962071160167076e-04  -1.514742198550260996e-03  -1.164615671980807854e-05  -2.180639474481385284e-04  -9.176778715934168684e-05  -9.778069470130874245e-04  -1.062755173250704986e-04  4.066727814888355247e-02  1.652463349028655273e-04  -1.398977607576009095e-05  1.575520107623859219e-04  3.110244983855243658e-03  -1.215811210009587213e-03  3.800966643773038916e-04  2.959612483013447233e-05
4.152037113558946016e-05  -7.240897217874065622e-03  -1.092938221427694842e-04  5.718888490972919453e-05  -1.661927078243297313e-05  -1.647450957002462909e-03  2.312211256446132176e-04  8.798480717274133117e-04  8.627423235081280563e-05  1.044060372421355259e-04  1.658395082347733133e-04  4.037454666917082713e-02  -2.492643376663848231e-03  -3.596429993734793617e-03  -4.111461655876339470e-05  1.427127509408486055e-05  -2.355465802068036201e-06  6.778492734876663322e-04
2.017696323080055143e-02  2.338404796643278128e-04  -3.117695378281611464e-05  -6.757245443920216661e-05  8.200292326074975862e-05  -7.453185510750900966e-03  1.941822034062265154e-02  -5.619068889716783387e-03  3.446359877375030045e-05  -1.466143098928690658e-05  -1.421357788067539948e-05  -2.492667725267368357e-03  5.149466815324105218e-02  8.508986204729103529e-04  3.775317211671731126e-05  3.404846181428131146e-05  5.344296191830505372e-05  -8.862792287915215519e-04
-5.240816325633168571e-04  3.300485937325405017e-02  3.870027556622051651e-05  5.215639239752331509e-05  -1.351603768870439804e-04  -7.184809597758657360e-04  -3.156748751800807825e-03  1.947996005061599506e-02  4.538283621603468972e-05  4.287979403043382527e-05  1.575895803291625175e-04  -3.595939604809026465e-03  8.505657508091483184e-04  4.664585699467015123e-02  -3.928943901242723063e-05  6.040593849292133797e-05  2.944018056394199519e-05  -2.484075508524687505e-04
-5.577664652763978395e-05  4.895110418031521225e-05  2.071453678387945307e-02  8.426778808110473723e-03  3.251430574608171514e-04  1.449605870095332341e-04  2.279515078802505574e-05  2.654971612004236448e-05  1.415207031114468217e-02  3.013739286870263743e-03  3.110495649669803211e-03  -4.123744872906078408e-05  3.764884410873005322e-05  -3.913405941972057656e-05  5.225069299393737127e-02  8.468672682857447025e-04  3.278597652656142422e-06  -6.032504850850414839e-05
1.250401432620617008e-05  -6.831513400802829235e-05  -8.006484728573036447e-03  -1.542036982983743332e-03  -4.294744136668410717e-04  -1.911022966485885206e-05  -1.436305216834163334e-04  1.178533331217898418e-05  -3.118371062090375800e-03  3.602623546371291527e-04  -1.216224735208165089e-03  1.428479143938749722e-05  3.459307820330254307e-05  6.166342269095509551e-05  8.470706969714861733e-04  4.086949200453642017e-02  -1.688998870984421792e-05  1.042582885016525709e-04
2.725143344938955742e-05  -3.557760104877491411e-05  1.725588066997123032e-04  1.400745665404967406e-04  3.651071259354474186e-03  2.680468998635249369e-05  -7.171083355720359715e-05  3.002943253054766700e-05  -2.996136856441908650e-03  -9.069757247767024902e-04  3.800650360700895294e-04  -3.162797355828574682e-06  5.318668889046943786e-05  2.917103373432714919e-05  3.308874124522474420e-06  -1.718110135116298359e-05  4.241479232271202354e-02  7.163270212025933388e-05
7.224395882341179062e-03  -1.200383608858004151e-04  9.257035794069387927e-05  2.511020890007470348e-05  5.031855383175053598e-05  -1.621518841954883161e-03  3.607322866645583468e-03  2.509784546931820726e-03  5.865476553305557785e-05  -7.679831629180069888e-06  2.974547571608352725e-05  6.778974754702466214e-04  -8.867583556240407096e-04  -2.482344380459100466e-04  -6.017962179700484329e-05  1.044531147025811574e-04  7.160344583675806761e-05  4.036357738184156996e-02
