4.603277064803931035e-02  -4.704813726237457938e-04  -1.016139240957770497e-04  4.743168262327162270e-05  2.174600118864281431e-04  1.163241077454824210e-03  3.390828130819066588e-02  6.869004274991776047e-04  1.675779936814161472e-04  5.577869748515155811e-05  2.821798485994004625e-04  -5.547396949620078807e-07  2.143586707564122673e-02  -6.117488160840151012e-04  -1.215681678814156094e-05  -1.057427641658078801e-04  -6.174406691581962989e-05  7.771560613133612731e-03
-4.704890983515079691e-04  4.648207382929531867e-02  -2.173948090772355530e-05  7.682108178142620357e-06  -1.671272617369988221e-05  -8.869129185723301874e-04  -4.073875330296915600e-04  2.130905449654149283e-02  4.468727029738652488e-05  5.176895978546139696e-05  1.078693870539257821e-04  -7.850995626197333072e-03  5.533677047703361961e-04  3.374102434580805721e-02  7.231855344064046661e-06  -4.366353941611771501e-05  -1.357345573889582193e-05  -1.059175681236259795e-04
-1.013085964565362473e-04  -2.145598700902722687e-05  5.076523248436548563e-02  -2.068530289281813629e-03  1.629190780967410728e-03  -9.155645151378464196e-05  2.200032308798041810e-04  -3.588379636008569236e-05  2.176751238701083932e-02  -5.202612314922336919e-05  8.595111307241033727e-03  -7.562251116222165604e-05  -2.222840768368031028e-05  -1.220972800659118105e-05  2.188074652110857249e-02  -8.739512205690242244e-03  7.522635367412828795e-05  1.484391242915087999e-04
4.745292978393070738e-05  8.247891259941741396e-06  -2.068997336746853863e-03  3.869131669970079374e-02  4.331606342563412747e-04  -2.487992076694548892e-04  1.257613178568792764e-04  9.499485089608548992e-06  -3.421998374199861190e-04  4.018399379461323230e-03  -4.376427548943451359e-04  -4.555037551530446212e-05  -6.672395226594676526e-05  -1.078489973693747532e-04  9.397740509671716203e-03  -1.894589218179906342e-03  -7.865455039310662944e-05  4.649795347022060905e-05
2.178215287393271021e-04  -1.725144469904542146e-05  1.628713022265321697e-03  4.333464018247775882e-04  3.936977776638884291e-02  -2.298900343385024559e-04  -4.225288424187304941e-05  1.887929375274630635e-05  -9.257329469092428001e-03  -1.084110575603036399e-04  -1.706721439918854619e-03  1.817484498677585800e-05  -8.891011306860807965e-05  -5.901500505357291991e-05  3.436429899057644698e-04  -4.488960820045863418e-04  3.922234328352493769e-03  -1.385091261472121810e-04
1.163828335912579868e-03  -8.860600254366991172e-04  -9.000274394598361638e-05  -2.482901372168346520e-04  -2.301897308595330781e-04  3.724026395156283809e-02  1.680992041779453671e-03  7.884977585240907430e-03  2.461904463839648387e-06  5.807762616739555589e-05  4.027311931039889389e-05  -1.741749003595567972e-03  -8.488102041956784374e-03  -1.341557798186258140e-03  5.532658538251846499e-05  8.257174362702663414e-05  1.642862606807820604e-04  -2.204288746975636721e-03
3.390815024689174118e-02  -4.075002059405535490e-04  2.202079062481145707e-04  1.263070271921141563e-04  -4.181569591318535963e-05  1.680951398829044199e-03  4.589779966943304673e-02  7.255270053913427620e-04  -2.186512723932579512e-04  -2.825577336806320995e-07  -2.411628378191332225e-04  3.294248046636272698e-04  2.036831651250287784e-02  -2.848996132655211375e-03  -5.719959417778868241e-05  -6.041563849519124491e-05  -8.054894767020533185e-05  4.098330308869085545e-03
6.870886644343532183e-04  2.130932642525963649e-02  -3.619849138465807602e-05  8.888466525457298811e-06  1.894955356965130082e-05  7.884753359114595253e-03  7.257864024236002683e-04  5.100717935263339442e-02  -1.740509727876493522e-05  -1.826610468260093294e-04  -8.874139746586666639e-05  1.412938485006092664e-03  -5.870600035322543625e-03  2.041473873731665736e-02  7.559008356795950459e-05  -6.372130202945771177e-07  1.942811204205194411e-05  2.640593399947727821e-03
1.677648729766619484e-04  4.494728223240132407e-05  2.176771972297655844e-02  -3.414915497787858380e-04  -9.257191696257700483e-03  2.430619658711013028e-06  -2.189393278080727318e-04  -1.735825659411275722e-05  5.189998653101921683e-02  -1.487497949674379018e-04  -1.261462901992446532e-03  5.908083021610157845e-05  3.150558114232859367e-06  2.904944027641805486e-05  1.501891284922338317e-02  -3.540707177757834636e-03  -3.313457381326114469e-03  4.880432633526305449e-05
5.563062185246526743e-05  5.103048151407079422e-05  -5.208900148906175833e-05  4.018539674924334094e-03  -1.087723301996175348e-04  5.758102938972645482e-05  -1.140857347152003369e-07  -1.823489949708386934e-04  -1.486414669772016740e-04  4.227155859102469521e-02  -2.035294651730961237e-04  2.330145010266404797e-04  -6.153012285127615116e-05  1.112278995111916851e-04  3.306289191801959747e-03  4.131758562939631999e-04  -1.020108229711239869e-03  -1.132058926803525956e-06
2.822224429369025382e-04  1.078769253144589070e-04  8.595208493127996785e-03  -4.374891398625288920e-04  -1.705903081505816135e-03  4.031888021914611556e-05  -2.410302722843372632e-04  -8.817187633002728181e-05  -1.262137203581476744e-03  -2.035151357145083490e-04  4.008616531626794238e-02  1.002008989997994857e-04  -2.146877695085949936e-05  1.677750978732884385e-04  3.511251572189598609e-03  -1.459481520531463739e-03  4.211201731218808513e-04  6.079543236066925634e-05
-5.422318412576492776e-07  -7.850921182896620013e-03  -7.652188092562240080e-05  -4.547775214027039982e-05  1.797068461597383160e-05  -1.741198333461390453e-03  3.295437814106355373e-04  1.413433331365457173e-03  5.836584234000522295e-05  2.322299453948719272e-04  1.001491451774132830e-04  3.933329790266857501e-02  -2.550613685526558882e-03  -4.123500068251589705e-03  -4.462550581218633901e-05  -7.185346097376879137e-05  -4.048744254268243160e-05  9.522796968512845699e-04
2.143569075371223182e-02  5.535175415388960893e-04  -2.319455287549701360e-05  -6.726223859411475557e-05  -8.814392387953259628e-05  -8.487970354844429077e-03  2.036887458350881280e-02  -5.871070119125665863e-03  2.997518224612767066e-06  -6.112975340620328639e-05  -2.171602762934519247e-05  -2.550504328055927354e-03  5.105635767990641949e-02  8.010675979588312463e-04  9.719094658971627490e-05  2.190306327277188604e-05  1.094553839808209907e-04  -1.280491056764799596e-03
-6.116068095136340758e-04  3.374098376709148972e-02  -1.219506510422552588e-05  -1.075892598264613880e-04  -5.897086322937458437e-05  -1.341211929241040374e-03  -2.849052856561718611e-03  2.041476563693506857e-02  2.896982661620528437e-05  1.108743638082508142e-04  1.675972059239659638e-04  -4.123664157720013240e-03  8.007395806122033543e-04  4.612980351628519909e-02  -5.285267634920424437e-05  1.254894528072136308e-04  1.761597586610619834e-05  -3.295165151023844870e-04
-1.217805712086755805e-05  7.228621166029428082e-06  2.188088872439853186e-02  9.397709467573976683e-03  3.436660766173339093e-04  5.533669102910865009e-05  -5.722306945687475840e-05  7.556178504573175380e-05  1.501889783260040856e-02  3.306337003422871700e-03  3.510977643607157781e-03  -4.511696244752953707e-05  9.706795691770715305e-05  -5.294769262451850947e-05  5.185328949363149365e-02  1.354030926762093490e-03  1.597419782582397418e-04  -4.691719816766716310e-05
-1.060336468356302302e-04  -4.382015214011406886e-05  -8.739068934530015015e-03  -1.894665045305902714e-03  -4.494851755126523280e-04  8.225620357540499379e-05  -6.049085530055792252e-05  -2.849773519176275591e-07  -3.540553058412104249e-03  4.131709706797660341e-04  -1.459479701479177768e-03  -7.166574828663203802e-05  2.196736033546106264e-05  1.256349476002787996e-04  1.354555363234550419e-03  3.995549618421634364e-02  -2.276833913786497124e-04  1.124066429066277904e-04
-6.124029169762332085e-05  -1.192325004412569322e-05  7.553725617447683272e-05  -7.826540384083841169e-05  3.922265385719801885e-03  1.638607143128193366e-04  -8.079881966488198304e-05  1.953139219579003150e-05  -3.313682802562598496e-03  -1.020113100318673300e-03  4.212268636193077084e-04  -4.039548210546241937e-05  1.093222720689411147e-04  1.701993582430895931e-05  1.594898147293615214e-04  -2.276564719535316655e-04  4.227616697310478816e-02  1.571754822012054638e-04
7.771361665899300178e-03  -1.059480071649414199e-04  1.480977091494413466e-04  4.697846559024465866e-05  -1.395244793156758553e-04  -2.204510594852895911e-03  4.098363842355822947e-03  2.640342065000252092e-03  4.769965898469000269e-05  -8.459179589236285994e-07  6.210955397183912921e-05  9.521947992647369257e-04  -1.280693142917820222e-03  -3.298182886784454117e-04  -4.671983740711952246e-05  1.117884124330069439e-04  1.568071042388540035e-04  3.949756905759145564e-02
