4.567854452674441346e-02  -3.129082852187339728e-04  1.089209002557440777e-05  5.074535767760890832e-05  6.047023076874189987e-05  1.311295322602202195e-03  3.443579776504475387e-02  7.086516509126190811e-04  -3.533731579499240746e-05  7.380003410948965175e-05  -3.632211859489034621e-05  -9.758138680000995611e-06  2.200401977950804111e-02  -7.818576258344230815e-04  -3.263539326707908021e-05  -8.012223789303396960e-05  -6.303685121586226438e-06  8.092371212489462770e-03
-3.127816882948217313e-04  4.614172814470043210e-02  2.342574004736762243e-04  2.982738731374688971e-04  4.772367810937926011e-05  -1.274100193859402071e-03  -4.313862181750251581e-04  2.164887083770686976e-02  2.038609212890163584e-05  -2.123524953523586416e-05  4.463191206704773475e-05  -7.828392927516011901e-03  6.309548256939880940e-04  3.430044019517299730e-02  -2.053088078107084824e-04  2.306299567079715966e-04  -5.577943505784093808e-05  1.029237989187896347e-04
1.098957003307289123e-05  2.347493868719323286e-04  5.063373810501901884e-02  -1.949404353649392390e-03  1.361490919474036979e-03  -6.784683202333545600e-05  4.823073991616789048e-05  7.079610321385041283e-06  2.229020696114867792e-02  -1.089430871723353668e-04  8.812256390938848216e-03  -1.413298743611431823e-04  -1.297779108122933312e-05  -1.685270093420690777e-04  2.253540007482357152e-02  -9.564199413436579034e-03  4.018115474438403332e-04  1.537032350786815527e-04
5.053157181037865676e-05  2.982085512049876879e-04  -1.949564038882821209e-03  3.870195873790546054e-02  -7.637590344567630216e-05  -1.061185430178807179e-04  1.749543070048125283e-04  -9.606874280449044523e-05  -2.676216096753137653e-04  4.334934186920443890e-03  -4.772759835556593757e-04  -6.458611490232375284e-07  -1.785656833253242983e-04  -2.176609276259874166e-04  9.629883505161149562e-03  -2.202823624268914360e-03  3.624107556256585825e-04  -4.077983162475581170e-05
6.055724586953847030e-05  4.757654777433753329e-05  1.362059765230846670e-03  -7.643930558595418299e-05  3.900637663199495869e-02  -1.660319118007705169e-04  2.289662170863629354e-06  4.281963349627800248e-06  -9.477394662333082573e-03  -6.493956813397071866e-05  -1.657477990457680798e-03  6.089746488359747492e-05  -1.077707143675669588e-05  -1.260860363926281675e-04  6.712200296246919554e-04  -9.525791899130101785e-04  4.140982382428224154e-03  -9.827237012249090745e-05
1.311163643279367229e-03  -1.274267588005314512e-03  -6.657983906759998760e-05  -1.064285742939371311e-04  -1.657942747819589379e-04  3.666252227619451465e-02  1.568279739258913964e-03  8.088493250697484024e-03  -5.110680239086254253e-05  -8.009065320670487233e-05  -3.569598013472502572e-05  -1.525091754070265551e-03  -8.697834475660774431e-03  -1.042781642918058204e-03  1.775926455626654615e-04  -9.091060333507173765e-06  1.487214597914437709e-05  -2.225461245568042656e-03
3.443643233431053358e-02  -4.315943815816661549e-04  4.811360864360527420e-05  1.753141337282347666e-04  2.714681461854505484e-06  1.568283925514613042e-03  4.571868509578887185e-02  6.646426830707128502e-04  7.043068584381640611e-05  -1.587502584478231433e-05  9.739348943784998389e-05  3.500092566709479261e-04  2.074591769017799722e-02  -2.614186101578798004e-03  -4.574989797329318165e-05  -2.563452394304553743e-05  -1.967308249628126637e-05  4.530984762213198860e-03
7.087849277788342908e-04  2.164933641723082794e-02  7.071489425131569674e-06  -9.610008400517199120e-05  4.200952577301360259e-06  8.088284127539212970e-03  6.646228150720130505e-04  5.102758561612809329e-02  5.031153410839665857e-06  3.616467686716096802e-05  -2.726480361913249367e-05  1.354741044152997466e-03  -5.992676029704596154e-03  2.072564342471701695e-02  6.270098460487974234e-06  3.795970520088610354e-05  -1.217699699054859691e-05  2.590968182801477865e-03
-3.558778103463241220e-05  2.082993480806408004e-05  2.229028514130246622e-02  -2.674903936679214511e-04  -9.477510155566293976e-03  -5.136111974558485189e-05  7.052814634985728138e-05  4.975261592695790180e-06  5.196427735823321015e-02  -8.716579503912823756e-05  -1.235643343759394676e-03  2.423338607396160826e-05  -1.193177811820284436e-05  -4.411645431942035045e-05  1.524272524456367524e-02  -3.556082762018224902e-03  -3.315221996967747647e-03  -1.153554772239092606e-05
7.393506689253017338e-05  -2.153063682862931533e-05  -1.092356206082410335e-04  4.335030169110580707e-03  -6.480707592022837431e-05  -7.991160997670777616e-05  -1.595092629301083568e-05  3.632311376759222771e-05  -8.716839902360636885e-05  4.203017571034103894e-02  -1.675568651747790883e-04  -8.826310665639784366e-05  -2.590758538382309490e-05  -5.469006335719890199e-06  3.440916395395001489e-03  5.175558531350309913e-04  -9.377357966613699899e-04  -5.957021757537283939e-06
-3.624047908814682478e-05  4.566550038680587437e-05  8.812435639311038543e-03  -4.770469148374620371e-04  -1.657300847165438934e-03  -3.592297621284012402e-05  9.769475269128076662e-05  -2.718862376750620505e-05  -1.235837087545773845e-03  -1.675457870788623271e-04  3.991779287263150233e-02  2.635639350727460642e-05  -4.841714570765637011e-05  5.314866090613445986e-06  3.516396644734994751e-03  -1.276429361838942204e-03  6.643182026222189214e-04  -2.053031507096071028e-05
-9.684604436787760113e-06  -7.828027123740380344e-03  -1.406090397183676821e-04  -3.762256426081657867e-07  6.133028585788850482e-05  -1.525429825872919986e-03  3.502159000436498733e-04  1.355402619764723392e-03  2.422309347480200049e-05  -8.767379007930873843e-05  2.608204448543271421e-05  3.921678146168319085e-02  -2.703434246567479327e-03  -4.302954565578668428e-03  7.039221386249044704e-05  -7.626693201859963134e-05  6.884316955041232802e-06  9.818960222116302188e-04
2.200437897362572670e-02  6.304497625518924470e-04  -1.293074022646181310e-05  -1.784787067884477092e-04  -1.075745746322722706e-05  -8.697136043627221036e-03  2.074548999706135599e-02  -5.992739658041040460e-03  -1.189923179952248230e-05  -2.603097903107360817e-05  -4.795295593455170839e-05  -2.703830004755671933e-03  5.061723313404465491e-02  7.427380298969931413e-04  6.637226222545971387e-06  1.043484222424548655e-04  -2.423161396120357880e-05  -1.893281558491299778e-03
-7.813169199168386661e-04  3.430091557109030131e-02  -1.681624989210846969e-04  -2.172181970536452987e-04  -1.260060070467318633e-04  -1.043089580983071847e-03  -2.614577551384913295e-03  2.072580917544409457e-02  -4.396447563658982793e-05  -4.588216467899564325e-06  5.679403776056582152e-06  -4.302698188570540025e-03  7.421187292087786996e-04  4.601169881192095773e-02  2.215901019428884275e-04  -2.278984407047290363e-04  5.316812612003022801e-05  -5.158984524456871300e-04
-3.242365603912754070e-05  -2.065890506082087284e-04  2.253519500764331746e-02  9.629805051187502116e-03  6.708631483212711220e-04  1.790830825996203330e-04  -4.577449970276900365e-05  6.369224208377112281e-06  1.524264255832322515e-02  3.440805614015573968e-03  3.516685818918237338e-03  7.052265306387570966e-05  6.703265107735492686e-06  2.216462953191000512e-04  5.151807656033521865e-02  2.048419203560489319e-03  -2.262562335661862860e-04  -1.280330057539140812e-04
-7.983517253820527780e-05  2.313002131593236996e-04  -9.564689969790011667e-03  -2.203015180081159628e-03  -9.527896805250372567e-04  -1.002498972009368240e-05  -2.554576002439435493e-05  3.802080830182684370e-05  -3.555905062002158879e-03  5.175791495993927686e-04  -1.276902468870335901e-03  -7.634879478827736861e-05  1.044739155648468656e-04  -2.289446435200821067e-04  2.049411997835003107e-03  3.879766793233546673e-02  2.664970599873134902e-04  1.996527488968434971e-04
-6.457797808941196666e-06  -5.533208002095317969e-05  4.014197459052021061e-04  3.622738901132055607e-04  4.141015910543596745e-03  1.506637096927912055e-05  -1.985110605819634407e-05  -1.209685850296265103e-05  -3.315251069968909968e-03  -9.377131749189246803e-04  6.642617939120815584e-04  7.056105315145347456e-06  -2.431363278591696341e-05  5.267716241158907112e-05  -2.264867824880843099e-04  2.666180820009902953e-04  4.229779126273833234e-02  -2.391178680644962554e-05
8.092191171748671155e-03  1.028795835156613833e-04  1.528537299577783538e-04  -4.110988431141963917e-05  -9.882309028699082752e-05  -2.225443036631076770e-03  4.530518103054925576e-03  2.590568889081891566e-03  -1.153463839721972957e-05  -5.703219073258515227e-06  -2.079568083970423532e-05  9.818032990719081400e-04  -1.893596792046339751e-03  -5.157916345597675064e-04  -1.277534441667566056e-04  1.998072312735670627e-04  -2.400085038931421404e-05  3.849743133148168100e-02
