4.658119136771035618e-02  -1.445652823661326550e-04  3.637572172350927416e-05  -1.463312379130852681e-05  3.378662665190748697e-05  1.124234918560058959e-03  3.317479861790628010e-02  4.294204312616199128e-04  -9.555896989608593940e-05  -3.312696564711075655e-05  -2.029971747075475365e-04  2.372109817959518638e-05  2.041990564550418691e-02  -5.147748468345833203e-04  2.466937611816668216e-05  5.170241959516345861e-05  -2.128067301595335111e-05  7.218020539024362810e-03
-1.450940816154770892e-04  4.712088128410184956e-02  -4.877271749547044656e-05  3.288123675470192570e-06  -3.275622391376131461e-05  -7.475929411210252345e-04  -3.571053056939757519e-04  2.030439915641821247e-02  -1.165718239089117335e-05  -3.718190460565654477e-05  -2.115530172463888861e-05  -7.443418193897858096e-03  3.454113295222860890e-04  3.297097357182412342e-02  4.629060678498567985e-05  -4.696714127107744333e-05  9.692144243274079961e-06  3.914078029621001527e-06
3.665084989417613010e-05  -4.880334109689529683e-05  5.137768132709000929e-02  -1.436534357030157553e-03  8.128139198249958054e-04  5.709259526676768959e-05  -9.958664638508300966e-05  -1.178264852073890950e-05  2.078901713462396120e-02  -1.097403448404590879e-04  8.007870319382413143e-03  6.689410581259917494e-05  1.299951628932988706e-05  4.414107846809631544e-05  2.095297973749195644e-02  -8.249406114152285641e-03  2.162285212269178048e-04  -6.000636083380792967e-05
-1.453140415486194998e-05  2.813872157309432120e-06  -1.436656561368407185e-03  3.961464328076134966e-02  -1.909599028420669352e-04  1.985763095029748483e-04  -1.072133353734655217e-04  -4.577391792056816555e-05  -2.459634769582428964e-04  3.670654852650024128e-03  -3.893969563665330828e-04  8.306217559496231588e-05  6.199921680455761075e-05  8.906096549276023547e-05  8.687141974914663542e-03  -1.764526066465580420e-03  1.853652414400986520e-04  2.260561747213024814e-05
3.376031507035943925e-05  -3.308930838466670138e-05  8.129859722759750183e-04  -1.909776157788926096e-04  4.040922927202721116e-02  -3.210378267502537704e-06  -3.790114015009154617e-05  3.865722179247373628e-05  -8.436302482009314097e-03  9.839591770537254570e-06  -1.473832707313055355e-03  -1.962211718917050701e-05  2.789165918197771083e-05  -3.728492283022193984e-06  3.596640056520256047e-04  -4.927245252439592686e-04  3.575542783818968628e-03  -6.705973791136524077e-05
1.124474528423208275e-03  -7.476980932662627508e-04  5.685949751901255895e-05  1.974890392557558650e-04  -2.956779721329022144e-06  3.861280739859608568e-02  1.084803687020484408e-03  7.293222217921314053e-03  1.086240562816317417e-05  -6.490504409278079385e-05  -7.819947113200865807e-06  -1.491219307762438372e-03  -7.977245235134483928e-03  -6.762137203385512304e-04  -8.043485997999397816e-05  5.193628822972123906e-06  2.029147069125326975e-05  -1.886000295941776600e-03
3.317461113219689200e-02  -3.573370183599459396e-04  -9.907324108148889705e-05  -1.067593065076977751e-04  -3.770553646604548823e-05  1.084851353034552721e-03  4.651683277414300072e-02  6.765917058701590228e-04  1.037111401789099128e-04  1.800073482724661163e-05  1.760002201891007262e-04  2.505068640472011415e-04  1.947637796316864164e-02  -2.968115396570129936e-03  5.409112285822716330e-06  1.164252455095692555e-04  4.485003510990924860e-05  3.703297088308138939e-03
4.292981464948314517e-04  2.030457242549989216e-02  -1.180159916325056361e-05  -4.582529328634744723e-05  3.856893108609933457e-05  7.293210882223334808e-03  6.769071363166867007e-04  5.142857865353593627e-02  -1.110023339404557519e-07  1.180084017392955565e-04  2.911921073048260420e-05  1.099150608821434800e-03  -5.615739679303569792e-03  1.950645769568576729e-02  -3.324800452508028622e-05  -1.533943231763160395e-05  -1.975550466421337266e-05  2.538076939087407016e-03
-9.590216286499768340e-05  -1.169124693610833295e-05  2.078921844086740328e-02  -2.458014875305569681e-04  -8.436267113250531247e-03  1.136135369601241150e-05  1.041118766969360149e-04  -1.514318233788778858e-07  5.220688629933496056e-02  -6.795138497477070381e-05  -9.033231040400222954e-04  -2.931761904242190090e-05  -1.212439285382009024e-06  -4.025137152492091981e-05  1.422774891327465742e-02  -3.154230313373244509e-03  -3.034299592549062619e-03  -3.426395834727707874e-05
-3.349684008887408865e-05  -3.800342881381106754e-05  -1.098986918369621599e-04  3.670531796258086257e-03  1.033994674274017067e-05  -6.501525452369648491e-05  1.748635355059679342e-05  1.181186372101090829e-04  -6.796148062691174583e-05  4.239693429360252841e-02  -9.857656697427346520e-05  -1.734231394673669863e-04  2.892389609990775133e-05  -8.550439836719371100e-05  3.055334173262323153e-03  3.800097041826973961e-04  -9.087239859356764779e-04  4.757373327699068032e-06
-2.024139622831978966e-04  -2.177762933725473890e-05  8.007606188195945385e-03  -3.896851948122556490e-04  -1.474133002621605924e-03  -7.975521586100615100e-06  1.756905038653719180e-04  2.904434181588579536e-05  -9.035832241480674151e-04  -9.853561327102373067e-05  4.075433482676771302e-02  -4.686405709344489817e-05  9.605005103062709161e-06  -1.391182368352725902e-04  3.145215644347448911e-03  -1.187990913275368187e-03  3.909022019412573823e-04  -3.859563707516037231e-05
2.398006601561559583e-05  -7.443617825359941445e-03  6.687310558628551858e-05  8.296297438285349206e-05  -2.052608894734519611e-05  -1.491096558773211426e-03  2.502013738947570865e-04  1.099251183893202623e-03  -2.919647919205470881e-05  -1.738763592196555406e-04  -4.793841167114919687e-05  4.005890696865208739e-02  -2.462802410057053030e-03  -3.738930075841717139e-03  5.123564617340588636e-05  -1.291888093093785537e-05  -1.933360542672894538e-05  6.414715324743579120e-04
2.041994491772400680e-02  3.452779742956348466e-04  1.322083728210698454e-05  6.203075819403023792e-05  2.793670960299859553e-05  -7.977558631910783293e-03  1.947632667826380490e-02  -5.615831510061746260e-03  -1.160154200471736376e-06  2.808242006026222888e-05  9.028812729608134684e-06  -2.462973394306410251e-03  5.146323084073217008e-02  7.120254147050435536e-04  -5.642391303911916891e-05  -2.981758221612446942e-05  8.788495237639086559e-06  -8.564210074911779305e-04
-5.143675218042363792e-04  3.297076109653752918e-02  4.424065087874489994e-05  8.917415733601347734e-05  -3.594557169268348742e-06  -6.764713337426875609e-04  -2.968180034311285534e-03  1.950668637357037827e-02  -4.017876251775342740e-05  -8.520184627417839236e-05  -1.388502703391050655e-04  -3.739163836945422030e-03  7.123705928452090524e-04  4.680991196896758938e-02  -1.962959674980612298e-05  4.949200737199557835e-05  2.997432682820886584e-07  -3.624015689648819784e-04
2.498980043929638828e-05  4.626595793512392271e-05  2.095284891973530489e-02  8.687064218096715584e-03  3.594768645046866537e-04  -8.027644096789681588e-05  5.599340225451679922e-06  -3.326148124439634883e-05  1.422777753713941849e-02  3.055261852818614860e-03  3.145483329646653423e-03  5.153719036280374503e-05  -5.643441960263415513e-05  -1.987800029483073402e-05  5.218489484075742452e-02  9.330163786671953098e-04  -3.910643840839419735e-05  3.312159988074789643e-05
5.022581086588557994e-05  -4.741753554816983371e-05  -8.249335176146488022e-03  -1.764227869833655564e-03  -4.925839269742819443e-04  5.604785901047777420e-06  1.171777728921070516e-04  -1.554962393056745569e-05  -3.154224752503158920e-03  3.800761833160149535e-04  -1.188419801669403407e-03  -1.300556937250572685e-05  -2.845929742776347535e-05  4.973816849380042500e-05  9.331750949315005495e-04  4.071986335110312771e-02  2.466555571321214657e-05  -9.703894627818267172e-05
-2.101878686294896852e-05  8.564639875963892191e-06  2.161508428611411202e-04  1.852170513056609717e-04  3.575188748864708502e-03  2.050019592098522919e-05  4.492110219083000227e-05  -1.995207050303575007e-05  -3.034315122965509839e-03  -9.087099556125816362e-04  3.908057836620850768e-04  -1.823956105947610633e-05  9.133722235892245640e-06  -8.547442228217551070e-08  -3.901057158908584409e-05  2.455243897454977594e-05  4.242603012914345634e-02  2.104354292060939789e-05
7.218201611940856105e-03  4.377543717513219902e-06  -6.039464907605974375e-05  2.321149339152487993e-05  -6.691196159231369304e-05  -1.886118088022715198e-03  3.703214439589533422e-03  2.537806954191404365e-03  -3.414104137169098914e-05  5.567730083757001853e-06  -3.878076662261018562e-05  6.415374689318082812e-04  -8.568704862206493822e-04  -3.626343294554875470e-04  3.310688377824569969e-05  -9.608321100363136438e-05  2.085686710713065690e-05  4.042243107874033542e-02
