4.646601268497561887e-02  -1.418448907528774836e-04  1.144784974533035902e-04  8.881215901040987674e-05  7.906540114074511643e-07  7.373581504307450329e-04  3.388065095131159721e-02  4.969536661586436118e-04  -1.346489548141518045e-04  -1.727558157547717856e-05  -1.795609096880096487e-04  9.400950191033530180e-05  2.122716231582525911e-02  -7.859620834348447207e-04  1.766240217915965982e-05  -1.059510979308331637e-04  -8.903331264802927800e-05  7.701914642452106080e-03
-1.417821963789922426e-04  4.612789744936891811e-02  5.483790755173832020e-05  1.154269842488067811e-04  1.720950887098922810e-05  -1.355390506261484060e-03  -4.575354763579203565e-04  2.105837080881423767e-02  -7.805684924213781396e-06  -4.198102623916864432e-05  -7.387048257543559458e-05  -7.431013622602138449e-03  3.683389758767754486e-04  3.388633826089598733e-02  7.791451137422677017e-06  -8.718211452671593043e-05  3.193051850158314787e-05  -2.616730415152851061e-04
1.143662457475468736e-04  5.458524785335182219e-05  5.112736480316554255e-02  -1.432670820483982008e-03  1.442185749431255243e-03  -1.207956287659885867e-04  -7.883400346108376648e-05  -3.902441873098271263e-05  2.177558636784932347e-02  1.060735711156637899e-05  8.818251188310786276e-03  7.482645949347219334e-05  4.074464444726087038e-05  -1.066851315554139379e-05  2.152164278707168962e-02  -8.452421364802736523e-03  1.439383812253361330e-04  1.852635644339662455e-04
8.862415381794168444e-05  1.155522899203054898e-04  -1.433296187155492412e-03  3.973516680353387370e-02  2.675437218363557941e-04  -1.225107813205402124e-04  4.293445529654193587e-05  -1.074173833145675378e-04  -1.319707201912311673e-04  3.994335493474394927e-03  -2.234678020940244797e-04  9.783216237957305242e-05  -1.273784484467539464e-04  -6.355698364941540540e-05  8.744230698684180361e-03  -1.371091297320128433e-03  7.766382048385935292e-05  2.566455823266340636e-05
9.913564446939041299e-07  1.708399525597430947e-05  1.442246355232342566e-03  2.675128996643994254e-04  3.924678588135826346e-02  -7.099489251146050793e-05  1.330573878142158370e-04  -6.662191504217157589e-05  -9.135167839846310145e-03  -1.967095472027722333e-04  -1.850878259630511346e-03  1.034992448444101880e-05  -1.592219381214385495e-04  3.487503572942447886e-05  3.933329794190712709e-04  -5.385414675899677416e-04  4.072630095515490309e-03  -2.071349999942582022e-04
7.374696999132740764e-04  -1.355294209145658634e-03  -1.192333118534970071e-04  -1.223577805271921083e-04  -7.139765946363980465e-05  3.774034960908625308e-02  1.172075885425246647e-03  8.162188300576023181e-03  2.970429829142310924e-05  -7.316269128302026257e-05  -8.207139880468574799e-05  -1.710123709818549666e-03  -7.943313452063454835e-03  -1.071693348188650086e-03  1.029698031920635819e-04  -6.878334528377908578e-06  1.729973001903921403e-04  -1.759171844057671108e-03
3.388053650812098555e-02  -4.575046051253241057e-04  -7.902180876927149896e-05  4.309777265517049388e-05  1.336279297874015171e-04  1.170820750029918532e-03  4.631151065725828270e-02  6.902531300809613491e-04  1.567792419212453089e-04  5.153046346908442314e-05  2.019793449358749462e-04  2.245419278142289058e-04  2.013564715492191515e-02  -2.824544760492683597e-03  -6.618804431893273040e-05  -3.229378612334310217e-06  -1.760287979562229237e-05  3.997875016757601076e-03
4.967277290539446862e-04  2.105875313555843203e-02  -3.902143182286967591e-05  -1.075635792005061873e-04  -6.650915832515494396e-05  8.162133413499471010e-03  6.900407407563588676e-04  5.114476095294440833e-02  -3.410525503075524840e-05  4.774899457792588055e-05  7.981828087338311200e-06  1.304925715672772745e-03  -5.809845664425404566e-03  2.026919819600350031e-02  6.096460200664330093e-05  1.159066750451683040e-05  -9.410848691644167586e-07  2.538341349303236891e-03
-1.346315826167591100e-04  -7.373195807561332669e-06  2.177577234256340005e-02  -1.312710814385660389e-04  -9.135338754177454654e-03  3.145259445132119879e-05  1.568676664515718678e-04  -3.386503856457890709e-05  5.196301474279940019e-02  -2.804107925844402248e-04  -1.374549233963177908e-03  -3.870467156950088390e-05  -2.623836933060784665e-05  1.422380085656231957e-05  1.490117354614547626e-02  -3.479685391281305690e-03  -3.249413072683330315e-03  2.331952525510757140e-05
-1.690010595158851370e-05  -4.159265952647754345e-05  1.029094831427785110e-05  3.994067677329375329e-03  -1.965788230987245279e-04  -7.324822752485709632e-05  5.129085014801723592e-05  4.781706130197915154e-05  -2.805868656377348189e-04  4.220298603471231424e-02  -3.964426591225352482e-04  -1.125259422356030014e-04  -1.633482775491081491e-05  2.763204739396149946e-05  3.345398532387184980e-03  3.841751730071663734e-04  -1.016142503355311469e-03  4.943507027305427918e-05
-1.798615514250977946e-04  -7.386452742604815804e-05  8.817973019576293495e-03  -2.232784430310030095e-04  -1.850943677444360450e-03  -8.187624336945500047e-05  2.021873332188711637e-04  8.005529029224719539e-06  -1.375185455272694450e-03  -3.964310213838678071e-04  3.989575750742055393e-02  -7.956444997332903671e-05  3.035462416625132534e-05  3.750150477716064135e-05  3.567340966663342695e-03  -1.468266485419709609e-03  4.087623372546931536e-04  1.562488386930125804e-04
9.488753908171083148e-05  -7.430686029608735317e-03  7.391675649743338291e-05  9.779383689643238024e-05  1.090568397866730160e-05  -1.709923748627435562e-03  2.246870483106900283e-04  1.305451929463253983e-03  -3.836581510608715533e-05  -1.125286973234518068e-04  -7.947639924383015765e-05  3.949512216342000726e-02  -2.566076139279297764e-03  -4.063025629779918810e-03  8.403605552435281039e-07  -8.535116279961538525e-05  -3.833132777098169152e-05  9.220677628391445472e-04
2.122750516203065693e-02  3.681771797654310248e-04  4.078093904598356997e-05  -1.272491928974633436e-04  -1.593992497091154827e-04  -7.943126044413311576e-03  2.013512372791109728e-02  -5.809811863393022670e-03  -2.622759720628398269e-05  -1.615710668702914987e-05  3.032267621562040338e-05  -2.566388438496176611e-03  5.115918856136794646e-02  9.719188617830034661e-04  3.423652393255917126e-05  6.984912017260911580e-05  1.105258577704441950e-04  -1.276598252970695489e-03
-7.857079265574303537e-04  3.388641273589760444e-02  -1.076977166885524740e-05  -6.335621780807087653e-05  3.487251214165881477e-05  -1.071580226254767237e-03  -2.823915521349478538e-03  2.026931071778020552e-02  1.447256919557136723e-05  2.714273175722858462e-05  3.734991684638978165e-05  -4.063322548476010557e-03  9.714413788318404346e-04  4.595318663560397920e-02  -7.863242853739577023e-05  1.181964701214062593e-04  1.397967457830696438e-06  -1.208800635321162216e-04
1.778411431318886320e-05  7.699508114274566719e-06  2.152186275969065338e-02  8.744197397972072391e-03  3.930300267100376608e-04  1.031784837206359821e-04  -6.615445353825455009e-05  6.098626774869218381e-05  1.490127075623225855e-02  3.345140778903672816e-03  3.567935108310757442e-03  1.083846974538222776e-06  3.408455303776576390e-05  -7.882381673183702837e-05  5.200283941225658513e-02  1.242696549739107266e-03  1.152704170901989528e-04  -9.829268334277093202e-05
-1.058939674828238598e-04  -8.742120065501132601e-05  -8.452526809942852506e-03  -1.371123145726000411e-03  -5.385298974027151204e-04  -6.546569437174732857e-06  -3.318177498150772878e-06  1.158592828496862115e-05  -3.479554739851773749e-03  3.842218496897352041e-04  -1.468214904348936036e-03  -8.548235003700257659e-05  6.988142543355409849e-05  1.187479594232116197e-04  1.242962462869484294e-03  4.007823746928104031e-02  -1.914785894393113781e-04  1.694222016545680626e-04
-8.923160677356246581e-05  3.219647541611340643e-05  1.437287893176123594e-04  7.747286302942161520e-05  4.072664471209074509e-03  1.744080404491029170e-04  -1.763222779033186808e-05  -7.795862511478507796e-07  -3.249458597185315295e-03  -1.016157854783044214e-03  4.087292767941032995e-04  -3.894303833704585512e-05  1.105553112056397098e-04  1.302460380649044587e-06  1.152406329332760090e-04  -1.913575881762070844e-04  4.224011173892073395e-02  1.642061135466123451e-04
7.701954851129043551e-03  -2.616886206406026510e-04  1.846836041752807891e-04  2.541671745996437921e-05  -2.076201904236699364e-04  -1.759068823184276520e-03  3.997296975275998858e-03  2.538318000708528633e-03  2.354111230546307955e-05  5.030401514716054898e-05  1.562528986631120593e-04  9.219899175875433941e-04  -1.277000558277275677e-03  -1.211348383296945185e-04  -9.830522026542380827e-05  1.699390871834536806e-04  1.647524418572983602e-04  3.958270678890748323e-02
