4.668537117758508187e-02  -1.781980242745132166e-04  -2.814723818766425359e-05  1.464104867302461641e-05  5.808358340386413104e-05  6.404661262474995592e-04  3.343151220797491857e-02  4.076275437639577761e-04  2.875692723886968751e-05  5.150998604862564057e-06  6.894446499253177954e-05  1.405686309003990485e-04  2.058357878453392562e-02  -6.041781184220281799e-04  2.545784649528955081e-05  -5.664173548186647871e-05  3.415042483649100796e-06  7.395296498879330195e-03
-1.782807294892247308e-04  4.681194348126652138e-02  1.999583801516699889e-04  1.669065066570156355e-04  -7.992757769729096697e-06  -7.904239283351236758e-04  -4.145274130436884825e-04  2.044798299482222109e-02  4.540303016393029874e-05  1.689370636592432877e-05  9.088846353696121688e-05  -7.136543510200050143e-03  4.018895018061603187e-04  3.330045992224845569e-02  -2.277581671422656282e-04  3.108554365677356477e-04  -3.137955489786801775e-06  -1.309012316234186863e-04
-2.833733867330683317e-05  1.997009951794614642e-04  5.157060153185188955e-02  -1.006168224827485832e-03  8.573298431933803424e-04  3.702928102595533520e-05  5.004155086382175893e-05  4.482077540746032832e-05  2.107026819720047087e-02  -5.413194249191273489e-05  8.491930347855601927e-03  -1.163089821477853396e-04  3.673674032616200701e-06  -2.299328396094119640e-04  2.101732196850230119e-02  -8.287504097528958225e-03  9.102786609169436925e-05  -3.985045227755611808e-05
1.420089210906333172e-05  1.662073135760128422e-04  -1.006605174706337548e-03  4.018588973274488108e-02  1.186854406366635428e-04  4.001720209843519547e-05  -1.650408805823647357e-05  3.599636046959204752e-05  -1.830649986734082465e-04  3.870392724776265322e-03  -2.963463146775615264e-04  -8.413499423127519415e-05  6.253250268073940398e-05  -2.797652051204725437e-04  8.335020134066154288e-03  -1.423893677218795008e-03  2.758572097712788776e-05  4.964395697280736596e-06
5.838421539557345658e-05  -7.855480749490215183e-06  8.567958351510188012e-04  1.181275393118980398e-04  4.043812667944739897e-02  -1.001728381693611222e-04  -8.428531946807516650e-06  -3.818443917196021747e-05  -8.352760907314637356e-03  -4.512751319982235681e-05  -1.545800763056052757e-03  5.889303620173237392e-05  4.088090498787456806e-06  3.685323472447625271e-05  2.345628336545737939e-04  -3.721656096184754767e-04  3.759642926400948246e-03  9.283143068570140987e-05
6.411997386859313907e-04  -7.901444553708813047e-04  3.706781371527284553e-05  3.995076325568933215e-05  -9.943758470412577784e-05  3.891813432286909263e-02  1.001614632347893295e-03  7.695822049447184794e-03  4.571010093498039306e-05  2.491247094387680115e-06  6.288295718864263641e-05  -1.529041369683479873e-03  -7.670264112878132610e-03  -9.677746924195130239e-04  -5.886543353149839282e-05  3.368959768937400200e-05  -3.640968495030596987e-05  -1.687970872405625830e-03
3.343149638942342211e-02  -4.147139216738760393e-04  5.006024736696043013e-05  -1.682908401045987850e-05  -8.187331533129872473e-06  1.001452622697849345e-03  4.648523867541625582e-02  6.308056857165157032e-04  -2.437295312959857866e-05  -6.609819003669068169e-06  -5.549884791603253560e-05  2.560021661623018197e-04  1.966388892416110964e-02  -2.848038263156290380e-03  -6.579849668839898315e-05  1.571199057218650998e-04  5.965849135500937738e-05  3.890849784027049924e-03
4.072428070672416385e-04  2.044741478553651140e-02  4.491927270207988603e-05  3.593550165399454972e-05  -3.830003618365398284e-05  7.696097407972148086e-03  6.306684212145371267e-04  5.140169461265351597e-02  1.059869896208783319e-05  -1.033160184733361910e-05  -7.483385272394648895e-06  9.011589810073262563e-04  -5.635990307998848224e-03  1.968194021570771751e-02  -2.384342061700240811e-05  -1.430258694834026897e-05  -1.799843340482905040e-05  2.521921628814087924e-03
2.871212054632913299e-05  4.552146311027090283e-05  2.107022550737968486e-02  -1.829265815301090098e-04  -8.352852272172571826e-03  4.538186050153363981e-05  -2.460498164492694946e-05  1.072680153129312178e-05  5.219834976979951385e-02  -1.117451773285334303e-04  -1.160158647776021951e-03  8.691525061474173158e-06  -1.656845999803043115e-05  -2.132625443976223379e-05  1.439062828802322933e-02  -3.249118808263049864e-03  -3.070989101090706649e-03  -3.577564200759851407e-05
5.272821173808573611e-06  1.677973450690674968e-05  -5.436941398489833076e-05  3.869984223979027957e-03  -4.538517738656197537e-05  1.500298083315611241e-06  -6.686445314557379758e-06  -1.051261274574759965e-05  -1.117228476866638764e-04  4.229907903096930682e-02  -1.744361521573172175e-04  3.086864286242302032e-05  1.546757370987939063e-05  -2.679263393525826786e-05  3.129723414577296157e-03  3.858406409537088150e-04  -9.332274685943381517e-04  -2.469724638029250816e-05
6.893228937054439573e-05  9.128282853635601699e-05  8.492259148981193967e-03  -2.960964794629071810e-04  -1.545889146474264085e-03  6.342352350993316328e-05  -5.549157932822853829e-05  -8.013575624288139760e-06  -1.159951717757708297e-03  -1.745364357437848425e-04  4.026825768654660603e-02  3.381713568725988806e-05  -2.370231474404046633e-05  -3.218116558685163296e-05  3.243002570706217998e-03  -1.238212829052718874e-03  4.302355779436685119e-04  -1.131893077602093831e-04
1.407366773473838048e-04  -7.135965256758633642e-03  -1.169179348232143271e-04  -8.405146234313595657e-05  5.830966669134611850e-05  -1.529095218503568818e-03  2.564316382292885360e-04  9.013085946501200223e-04  9.011164503134247835e-06  3.119226901214049413e-05  3.397505026683021425e-05  4.027662838764806824e-02  -2.614975910331513147e-03  -3.661990547729521844e-03  3.953419005060846119e-05  -2.313244722958886061e-05  6.417789730558659314e-06  6.699882517937177625e-04
2.058373937456491748e-02  4.016790245015242370e-04  3.555935745759022923e-06  6.246052376986308799e-05  3.732057016158021782e-06  -7.670042325688842394e-03  1.966372370865207206e-02  -5.636023616174616092e-03  -1.648447453176259852e-05  1.557961825215424599e-05  -2.340407760133966577e-05  -2.615034536596350274e-03  5.135012466422572697e-02  7.174963161839475979e-04  8.695739227942155295e-06  -5.379299772964243756e-05  -1.495350581636598801e-04  -1.203353660597069556e-03
-6.039182753979449548e-04  3.329981332444462844e-02  -2.303930664496977286e-04  -2.797568631841898523e-04  3.658421802717475198e-05  -9.678357497289414788e-04  -2.848090839481031301e-03  1.968175037150091122e-02  -2.135820978371671559e-05  -2.686383919178134952e-05  -3.251866299493982822e-05  -3.661869157389284653e-03  7.172332459284925859e-04  4.653744110624353364e-02  2.467828216814410103e-04  -2.245979300605615160e-04  9.189516574152405839e-06  -2.555076091942937839e-04
2.546776767834602756e-05  -2.276811702413234569e-04  2.101747981982223304e-02  8.335342806156277942e-03  2.348338355172277980e-04  -5.921052840439980901e-05  -6.571342749664162814e-05  -2.401627183097790167e-05  1.439046940774709252e-02  3.129582739031863594e-03  3.242507106104921231e-03  3.948478425584786165e-05  8.661501844444478330e-06  2.467128301879413467e-04  5.207211959022740172e-02  1.212784536334999370e-03  8.698846338063100016e-05  2.655808585541500372e-05
-5.576781261674173569e-05  3.117644151953448666e-04  -8.287163672828647132e-03  -1.423942119507243167e-03  -3.729808738168263749e-04  3.362351286121011753e-05  1.568647523678340166e-04  -1.496032323216640739e-05  -3.249040375960827055e-03  3.855797700662577112e-04  -1.237932436877362810e-03  -2.302934010480307754e-05  -5.376044011088892244e-05  -2.238165209850698906e-04  1.213092520187394495e-03  4.025136343145723633e-02  -1.362671735323366410e-04  -3.929825803986761949e-05
3.198723751000868043e-06  -3.092164575288046837e-06  9.097596058481897876e-05  2.747911079060549262e-05  3.759570607072737838e-03  -3.655446600968676103e-05  5.980644681232835706e-05  -1.830157577081552271e-05  -3.071014192632594720e-03  -9.332082479584311724e-04  4.301242453936526540e-04  6.217397674070785485e-06  -1.499200398798755532e-04  9.187839484436618396e-06  8.700604582182861781e-05  -1.362194924621231145e-04  4.241679198920569882e-02  -1.896551304181652803e-04
7.395586625958712815e-03  -1.311275462511603599e-04  -3.989455499259713473e-05  5.029434938290456886e-06  9.159697143643671241e-05  -1.687698962182098165e-03  3.890687904822197080e-03  2.521960241451221604e-03  -3.544504621503374316e-05  -2.426118224666126431e-05  -1.120613784870697798e-04  6.699075044177037544e-04  -1.203307502775645150e-03  -2.554743988988014149e-04  2.654401461607649890e-05  -3.938864714562373339e-05  -1.887094790275098096e-04  3.980575009251485080e-02
