4.642821947867234456e-02  -1.054605812207578663e-04  -1.455941140199557514e-04  -4.051251942841203687e-06  7.904394610165055009e-05  8.088475562447705299e-04  3.384556260305381786e-02  3.589936392411168507e-04  1.516789392416061013e-04  6.336269229683524124e-06  2.362263807584495342e-04  3.141675843752461802e-04  2.108059337450072027e-02  -5.179393986683614821e-04  -2.109463637438019205e-05  6.378460642082638395e-06  -1.583569669838276481e-06  7.670431341828752927e-03
-1.053284793738245900e-04  4.640561532297846764e-02  5.352829891864410261e-05  5.467518259579219780e-06  3.055115579049933584e-05  -8.682646467521613681e-04  -5.788061828178058844e-04  2.112782647782580209e-02  -2.398471553662228262e-05  2.482936107867389716e-05  -3.657195137537263961e-05  -7.582773462845171161e-03  3.401884752370348407e-04  3.385847220628453169e-02  -2.647418627974398083e-05  5.070204411153774279e-05  -1.258899725338235848e-05  -3.977333259146472073e-04
-1.456759992149598551e-04  5.353643774225978871e-05  5.129383080315565169e-02  -1.081280342891949861e-03  1.112249949403055571e-03  2.600771746497247669e-05  1.240000726493390240e-04  -6.321073941195973299e-07  2.172560615774122433e-02  -2.564358606165639351e-05  9.028498137298624979e-03  -2.131040283936978997e-05  7.621949692965184808e-06  -3.186926806812872588e-05  2.169938809865213161e-02  -8.941912826708739437e-03  -4.729503297606210753e-05  -5.216872299414109719e-05
-3.982347336034619665e-06  5.525118531440710644e-06  -1.081352245479760051e-03  4.001138759207696627e-02  2.208944613844775694e-04  4.045292041667893394e-05  7.537337491322116013e-06  2.389182406207550699e-05  -2.413565993515476922e-04  3.951014004118771385e-03  -3.568719869110037989e-04  -1.000823336105032988e-04  2.435077384905817949e-05  -7.074575700530169294e-06  8.778966153306248799e-03  -1.715446820823453939e-03  -1.615943066841313627e-04  -2.101232879965872179e-05
7.881454512798763933e-05  3.033541764134908267e-05  1.112721621908514813e-03  2.210266134947064059e-04  3.998017287001446457e-02  2.733302531996935882e-06  -1.363868280187642361e-04  -3.912569260106807964e-05  -8.698852005773947266e-03  -6.988662789672842773e-05  -1.686681513237828093e-03  3.349843728959355009e-05  5.431600182179002451e-07  2.625326014486970390e-05  1.655445634399424341e-04  -2.341496516443709343e-04  4.077578439761897142e-03  1.188981609961068260e-04
8.091704909938333794e-04  -8.682798828643259297e-04  2.597905852755427297e-05  4.054635087001112677e-05  2.154538862552341737e-06  3.833690687206041392e-02  1.099396583570089484e-03  8.124305894774039652e-03  2.882338374202495076e-05  7.466930371324838431e-05  3.347584142622590949e-05  -1.861471465428819359e-03  -7.951597020048124104e-03  -1.103250287075693576e-03  7.948762678600845740e-06  -3.920569334808815976e-05  -2.428325102259689615e-06  -1.792133382475003716e-03
3.384517559827985439e-02  -5.787493690559235553e-04  1.237649767554627016e-04  8.155953977715525735e-06  -1.360411104235677174e-04  1.099046259095261095e-03  4.621123436946509427e-02  8.712478770025753943e-04  -1.274026508332291180e-04  -2.549858691448011932e-06  -1.495127463949476939e-04  1.485479845172507228e-04  2.029766663682455036e-02  -3.007544665024838599e-03  -3.075347569219559675e-05  8.094128752309448158e-05  1.854679489233708410e-05  4.033155824077289987e-03
3.588518976283878894e-04  2.112790482601258069e-02  -4.901865888903553291e-07  2.385298891162953379e-05  -3.914465508570474011e-05  8.124145994748536298e-03  8.713896081562634956e-04  5.096599022999622614e-02  1.036091488980889306e-05  -1.511716290028306897e-04  -5.567645206653401788e-06  1.576133047046231672e-03  -5.848354803561613136e-03  2.031442214019487172e-02  3.955679462074712373e-05  -1.928306622589913210e-05  1.178684327999919345e-05  2.532473815907157304e-03
1.520285141259516797e-04  -2.334559980465813133e-05  2.172525667174611541e-02  -2.414822012389224745e-04  -8.699137894019019421e-03  2.856513435668388170e-05  -1.272373198272174052e-04  1.015911930745637766e-05  5.175295428291125377e-02  -2.712732032556175671e-04  -1.818216463322908137e-03  -1.430205187941450094e-05  2.028756693670911721e-05  5.292828175293788753e-05  1.490793991404962618e-02  -3.499616579946374442e-03  -3.285910766880251101e-03  4.951164432525428794e-06
6.419465106949828401e-06  2.457795397783648676e-05  -2.557949639525959040e-05  3.951157905722571875e-03  -6.984267921038629808e-05  7.516697995070961366e-05  -2.969798412190020924e-06  -1.512557845957035799e-04  -2.712651038277875937e-04  4.237925961962434734e-02  -3.999236743798289975e-04  1.910011526294018165e-04  -1.870504205262677995e-05  6.154649396562511391e-05  3.274571176347471774e-03  4.072826597225724372e-04  -1.035584003460126700e-03  -2.479986596150011961e-05
2.369734968134884023e-04  -3.566195367001381844e-05  9.028062287507068392e-03  -3.573836546867905826e-04  -1.686718446985280197e-03  3.306934036717893138e-05  -1.493680382111704308e-04  -7.254601638421340635e-06  -1.818563883682878862e-03  -3.998430697510624429e-04  3.921156838761470642e-02  -6.752958936228827143e-05  -2.101786798082640967e-05  1.138067951536715319e-04  3.538490679860866427e-03  -1.415124676635024512e-03  3.953386602534367375e-04  -2.337742559777520243e-05
3.138968514356852259e-04  -7.582357124994045135e-03  -2.176711802513731843e-05  -1.006497572310219367e-04  3.364205435095011257e-05  -1.861304982759187871e-03  1.492049807520919014e-04  1.576600479072699963e-03  -1.417229743575442423e-05  1.905876409939777957e-04  -6.851211609958529224e-05  3.911324816746427485e-02  -2.527991679818766216e-03  -4.155472441500384327e-03  -3.191664864054132749e-05  4.409070576030458806e-05  5.901296512060435578e-06  9.974146547247050767e-04
2.107993980940177717e-02  3.401720350466064810e-04  7.748488416524547943e-06  2.465528708522409667e-05  9.780900649595921506e-07  -7.951993850432716518e-03  2.029797410880849334e-02  -5.848243569679273737e-03  2.029042862994211423e-05  -1.883881180087377164e-05  -2.232937873792022960e-05  -2.527896563006204120e-03  5.097403563422709533e-02  8.998296123370485731e-04  1.963209461738508140e-06  -2.373600921060192405e-05  -3.537291613120564597e-05  -1.529402143487844021e-03
-5.181010724392581292e-04  3.385838606606592083e-02  -3.182292735140694308e-05  -6.840456144020689764e-06  2.636697154166909687e-05  -1.102899920225443439e-03  -3.007696228919162947e-03  2.031459379266675747e-02  5.307536647207812991e-05  6.117190562372820455e-05  1.131916235553692934e-04  -4.155119065850863477e-03  9.002897281367350148e-04  4.620626389493550507e-02  -6.971322416154406126e-07  -4.099660028491555069e-05  9.619952841586335411e-06  -9.228258172165913287e-05
-2.095873722390295216e-05  -2.660111800608722706e-05  2.169962782751470171e-02  8.779012406450507899e-03  1.652551223152442530e-04  8.094282024553496816e-06  -3.121572638963600728e-05  3.965371571952588323e-05  1.490781774953493094e-02  3.274655154064423125e-03  3.538136711907178492e-03  -3.269287308885626963e-05  1.615941621245676990e-06  -5.850352605438589054e-07  5.184587615279077216e-02  1.648239688564838087e-03  3.218521388963878479e-04  -8.914561059850957718e-06
6.464024739029523678e-06  5.075024682651482083e-05  -8.941863211504197384e-03  -1.714866960808130326e-03  -2.342156424113959361e-04  -3.907968269213671862e-05  8.013419110934300678e-05  -1.947312376307081436e-05  -3.499433616744820723e-03  4.073463459572249437e-04  -1.415156444152174771e-03  4.457974569966471093e-05  -2.388117850940139368e-05  -4.021581329297770296e-05  1.648700905704809450e-03  3.950767982310416510e-02  -4.567063697216520849e-04  7.847605525986129811e-06
-1.649414440808054724e-06  -1.243242328250097270e-05  -4.715451555109721136e-05  -1.616990636229918691e-04  4.077295856656036784e-03  -3.067327223964241571e-06  1.839453747405471411e-05  1.129857349745877381e-05  -3.286127085242224102e-03  -1.035589665665313623e-03  3.954210739223224945e-04  5.884370128266519761e-06  -3.487492101912865132e-05  9.903782589042729631e-06  3.220569504337064356e-04  -4.569138725359128596e-04  4.232010035517876079e-02  -6.608125115751250502e-05
7.669943198953371385e-03  -3.978336980088905393e-04  -5.251489515759516963e-05  -2.113634093943106093e-05  1.196043730496561096e-04  -1.791950844423105711e-03  4.033446302201567149e-03  2.532673237702592461e-03  5.084091928216220087e-06  -2.520465807148241269e-05  -2.264573912686974246e-05  9.976356536703968620e-04  -1.529663280834762029e-03  -9.297674878590953700e-05  -8.206005580826591705e-06  8.033932668388582915e-06  -6.558174297932389211e-05  3.913148122723610067e-02
