4.706686511778050003e-02  -6.275741741844131959e-05  5.951756499507158125e-05  -3.716496674564721437e-06  3.000802344439695819e-05  5.741169690366259562e-04  3.283678622708446904e-02  4.962588421367382374e-04  -8.311080695401653593e-06  -2.690370004416277111e-05  -6.693736623768540119e-05  -6.141889477641915046e-05  2.026927672616241419e-02  -7.263732174281068701e-04  -3.414591779298031322e-05  1.031801258519781696e-04  1.163517515142147615e-05  7.429340529755358059e-03
-6.262322910702928722e-05  4.721394179931553275e-02  -1.720872697397790639e-04  -6.249273721976361304e-05  5.387435432250255109e-06  -1.154556032670401699e-03  -1.851859311210638610e-04  2.005195915007733712e-02  -2.005652776615429836e-05  -4.887366775767986419e-05  -4.731347704129357852e-05  -7.028134546849372326e-03  1.586318447960936276e-04  3.258833533408769106e-02  1.757355317018277185e-04  -2.316076835241699563e-04  8.321681771193086593e-06  -3.808926934078702103e-04
5.939761602761603108e-05  -1.719771173462636437e-04  5.150429178963820270e-02  -1.098284087340084753e-03  1.073873537788717566e-03  -2.976913778780049621e-05  4.359296168602379757e-06  -3.662629809500707768e-05  2.065052928537408281e-02  -8.243710409775299752e-06  8.066737282388092983e-03  1.198958553069439119e-04  -1.490137623868270914e-05  1.314399319380329966e-04  2.063026564853438771e-02  -8.225009617308851745e-03  9.940375742084782613e-05  -4.759591254331190522e-05
-3.419037438695095849e-06  -6.273337002956224544e-05  -1.098210320035963297e-03  4.044251915637168265e-02  1.124584334384242848e-04  1.622570628962506959e-04  -6.591420629020635887e-05  -4.642204210890234700e-05  -1.261546319902315900e-04  3.580237972005855581e-03  -1.887311169948746234e-04  1.434337616986850221e-04  5.688793777845552928e-05  1.963228184535783702e-04  8.312526155475258305e-03  -1.672288680188480266e-03  2.323816214250603253e-05  6.028435533411868709e-07
2.987050016429601079e-05  5.067987587914775660e-06  1.074060086549307597e-03  1.127926141933323969e-04  4.013476682329198547e-02  1.059258858466969130e-04  -7.900521072883238049e-05  1.906084918545149367e-05  -8.410318195251226606e-03  -8.534087794545619553e-05  -1.625351512343028385e-03  -5.840336237076150657e-05  -4.346284917616347363e-06  -4.333743219294079547e-06  3.000954751000486638e-04  -4.215791062169114566e-04  3.448696896876713314e-03  -3.995497639181053336e-05
5.739933691743960955e-04  -1.154541536053138757e-03  -2.958550230476411668e-05  1.619222608132378407e-04  1.056973264679414811e-04  3.875194301239903716e-02  1.128758512125180909e-03  7.613487322397250769e-03  9.343103775907695958e-06  -7.352748805250947399e-05  -4.042524333368109922e-05  -1.586523207468137995e-03  -7.499086464043399486e-03  -7.992425779829776976e-04  -5.235318325653268872e-05  -1.715826554597512927e-05  3.628821944227465649e-05  -1.864588952480161071e-03
3.283709215035015422e-02  -1.849755407601573931e-04  4.221113120672890880e-06  -6.632482571450524470e-05  -7.946871796673560283e-05  1.128462171622392728e-03  4.685508872454587775e-02  6.022167768917139740e-04  -4.466135093999091067e-06  2.292020179236231421e-05  9.343960574865712383e-05  2.579769577353580728e-04  1.928710664607556288e-02  -3.103751064220136666e-03  4.530006407428352065e-05  -6.391126286276817856e-05  -2.905860736572725005e-05  3.539072747873571543e-03
4.963598086095455690e-04  2.005150098207439738e-02  -3.660707032379559832e-05  -4.639228029019990988e-05  1.927093928857294305e-05  7.613501106470577096e-03  6.023267079061314254e-04  5.151062435500838171e-02  -1.947155021630816402e-05  5.053450095583131600e-05  -4.491861670311419510e-06  7.826404242816657102e-04  -5.611248380440141299e-03  1.943347529807706864e-02  1.308719508174550089e-06  1.281743900332271237e-05  6.738447205296401992e-06  2.447529208652483683e-03
-8.148204292973260421e-06  -2.008257145661089161e-05  2.065047706282068310e-02  -1.261202609957599082e-04  -8.410143640923982422e-03  9.164988517606174133e-06  -4.857663262120424392e-06  -1.940062876661473307e-05  5.228495972306718143e-02  -1.017335645724999258e-04  -8.419114494275213318e-04  -3.404921525317750697e-06  -6.422972167265653779e-06  3.948637188320259166e-05  1.413697457184341644e-02  -3.182819462396263132e-03  -2.965201729563415965e-03  -5.861334434702691201e-06
-2.700864227543045473e-05  -4.847963166901551635e-05  -8.255949559520243304e-06  3.580112862597905742e-03  -8.535853838520708094e-05  -7.373916318711024802e-05  2.228579319916748524e-05  5.063553347187621062e-05  -1.015536718559107441e-04  4.243383951945399468e-02  -1.403811404466742793e-04  -6.633592466491327613e-05  5.664670929292957412e-06  -2.595952887291924074e-06  3.001031613983295553e-03  3.097265315753320062e-04  -9.149123742979238571e-04  2.236866369076937529e-05
-6.783212743776911532e-05  -4.699412513032940166e-05  8.066587274631109583e-03  -1.893039856174873518e-04  -1.625464427519804573e-03  -4.051706205089731681e-05  9.361597712090384635e-05  -4.194850208173077702e-06  -8.422229063980069983e-04  -1.404431090105597447e-04  4.087139470180731204e-02  -2.567878445064392866e-05  -1.297762498211126651e-05  4.634857276153185130e-05  3.142264080807089400e-03  -1.274604390167878836e-03  3.949967410265161879e-04  3.928274658423282521e-05
-6.106849038917424699e-05  -7.028357426014057198e-03  1.202142935289427812e-04  1.440047110756577050e-04  -5.871348397860608474e-05  -1.586400475419383078e-03  2.575836707234967389e-04  7.828674635494200108e-04  -3.576550124257343546e-06  -6.612312987076654264e-05  -2.586063731510544728e-05  4.057879256523350131e-02  -2.458748373115572476e-03  -3.538632693167916184e-03  -3.437725120401921488e-05  3.923208609977744715e-06  -1.009141186735628621e-05  7.111740111417332250e-04
2.026950816177394699e-02  1.585474752814797661e-04  -1.487127077601874580e-05  5.675608734304165009e-05  -4.617316387937368242e-06  -7.499178084867299393e-03  1.928674082490670905e-02  -5.610703872517155619e-03  -6.489137675234336563e-06  5.554941443021511722e-06  -1.207592141193959642e-05  -2.458858349094035761e-03  5.130703839916177927e-02  9.791521220159065536e-04  3.629281187348744228e-05  -6.630776247479354944e-05  7.698388555037669870e-05  -1.189556985779753650e-03
-7.260492738773154531e-04  3.258901435316810535e-02  1.317413748251574550e-04  1.961546286945870920e-04  -4.253474171369267004e-06  -7.993664423483937305e-04  -3.103902980345842229e-03  1.943365564507266649e-02  3.941652194024080708e-05  -2.673736987877110175e-06  4.645259389742454047e-05  -3.539245143232815690e-03  9.791408154335421755e-04  4.695002157859096831e-02  -1.471520422864944320e-04  1.735160215024325625e-04  -8.661051657187899904e-07  -2.425113922918491544e-05
-3.421140810663153201e-05  1.757546281085424164e-04  2.063027263503786762e-02  8.312381719730871019e-03  2.997970090384336058e-04  -5.264368564070391154e-05  4.538431091361611253e-05  9.073891015153245175e-07  1.413706191272944869e-02  3.001077908262610085e-03  3.142417547399230758e-03  -3.377528283515810007e-05  3.629809062222318289e-05  -1.471489911268489899e-04  5.210488901984337146e-02  1.228467141904611773e-03  1.352994773814148008e-04  8.441236529758955852e-05
1.026025414162446461e-04  -2.318620522388006031e-04  -8.224847154410163882e-03  -1.671850440332376580e-03  -4.215284440009809536e-04  -1.781385314045572880e-05  -6.350907595659986053e-05  1.338656586656581412e-05  -3.183018753652705046e-03  3.091986585857666001e-04  -1.274529379557900024e-03  4.083758292512580803e-06  -6.625093395435617874e-05  1.727215275692305725e-04  1.229045778702301216e-03  4.028545551794968788e-02  -1.924728776143188192e-04  -1.321352286971515699e-04
1.164356909084711267e-05  8.570645731719664311e-06  9.961282130298039896e-05  2.297067440256615623e-05  3.448615503264855931e-03  3.669249427640952242e-05  -2.919130070327702556e-05  6.433307308298187496e-06  -2.965171554633984526e-03  -9.148535556470595905e-04  3.953690438764918109e-04  -1.018109253850326935e-05  7.677151856877849497e-05  -9.777458222058689907e-07  1.349067459390145625e-04  -1.920635718083012504e-04  4.256643378161058255e-02  1.002580038548157463e-04
7.428941571214039280e-03  -3.809411928859196225e-04  -4.747769850429506728e-05  1.226965161589599733e-06  -3.984266890714107810e-05  -1.864815556610070453e-03  3.538743022524452799e-03  2.447970204914924706e-03  -6.016092221415780876e-06  2.280340426243733970e-05  3.941414823044239171e-05  7.108777262454618303e-04  -1.190071027663307419e-03  -2.521455037845529731e-05  8.360296868849584860e-05  -1.321175116735011043e-04  9.998247212440289247e-05  3.995917920849145766e-02
