4.530342186933899312e-02  -4.975938502649834795e-04  7.922775559935724479e-05  -6.406471497074512635e-05  -1.198335019962344330e-04  1.809454984262203912e-03  3.470739093748265863e-02  8.330028939575121871e-04  -1.239201248783963261e-04  -6.546720102842330693e-05  -1.348949846061788828e-04  -1.944589613554600558e-04  2.246905620459423505e-02  -5.248544685295473532e-04  5.925934830333534783e-05  5.040554400398374925e-05  -7.123264350439047871e-05  8.499102601736120699e-03
-4.973570516056801533e-04  4.604705570990629687e-02  -2.387208014434107051e-04  -2.754959052119436555e-04  -3.227207880514118327e-05  -1.083954260503339640e-03  -6.192026814498174849e-04  2.230961993036940927e-02  -7.356635595247827923e-06  -5.255507737498171420e-05  -2.966007999756231655e-05  -8.119081553824269645e-03  7.810141777811465888e-04  3.473142829913461460e-02  2.666441623687036775e-04  -3.494947877433574675e-04  -3.455169250423769165e-05  7.919800471977301703e-05
7.926642988829490693e-05  -2.390047155987435820e-04  5.018389552767395234e-02  -2.340493724429815528e-03  1.455970742415530752e-03  8.711632393951392311e-05  -1.208692224090594151e-04  -5.164274736976730133e-05  2.278243437589138123e-02  -3.467254113351920749e-04  9.562031396875775649e-03  3.881303599943959729e-05  1.110595197023659250e-05  3.286242282850159076e-04  2.318866671758424564e-02  -9.802350919685095046e-03  1.662863520903979612e-04  2.148133395296182113e-05
-6.400876560864814883e-05  -2.754983894390931670e-04  -2.341139446171558360e-03  3.744213522018505214e-02  -6.857430810916968582e-05  1.355962731134566591e-05  -1.004269899548536709e-05  -5.212991050709620737e-06  -6.474149768076203773e-04  4.618947097692917107e-03  -8.520979845732205979e-04  -3.221911248931176092e-05  6.116158082865748833e-05  2.442374953104625799e-04  1.027718511093036503e-02  -2.430478680996262658e-03  7.501436957242464871e-05  8.837036717304463647e-05
-1.199449424336311370e-04  -3.220242855858702923e-05  1.456032160569278042e-03  -6.858345938994046646e-05  3.940358674465607031e-02  -3.738529658087878148e-05  1.295528306674165880e-04  8.808880154257481352e-05  -9.426477616876429225e-03  2.614256413437368782e-04  -1.686502045924470486e-03  -1.428328798629918256e-05  1.915464724812509134e-05  -1.465685244588429688e-04  3.371481096676025324e-04  -4.225249159096149923e-04  4.272533158406611846e-03  -1.202437855535848349e-04
1.809430167688788529e-03  -1.084118757956431143e-03  8.665877704618363275e-05  1.339783314411480835e-05  -3.753866996763145401e-05  3.569439359914100551e-02  1.761707998418318016e-03  8.512328530081119185e-03  6.514663919607061471e-05  1.550397479634501322e-05  4.502351005689859883e-05  -1.763556146634011682e-03  -9.220729849510025250e-03  -1.506350178123125024e-03  -6.980914670517789468e-05  -5.081032943892441429e-06  1.314075318965797837e-04  -2.577400073854903620e-03
3.470803093621765978e-02  -6.192907694263580102e-04  -1.213786956890054155e-04  -1.031904704632789703e-05  1.293779697338699915e-04  1.762107221674429850e-03  4.529453294579882661e-02  8.258874709715253179e-04  4.004578498587783403e-05  3.629668940234242959e-05  9.217971671125714181e-05  5.686189195875730913e-04  2.136980302015473523e-02  -2.725059759284308766e-03  6.177470286426803021e-05  -1.800421841649865057e-04  -1.924431461520957566e-04  4.680466586149319499e-03
8.327272441320023857e-04  2.231010172300062350e-02  -5.141947060967050619e-05  -4.719024168363111641e-06  8.806031305977201501e-05  8.512444587316942562e-03  8.260446855371075033e-04  5.054961313870103001e-02  4.039550493066156115e-05  8.151162230661040335e-05  -7.707199085540630433e-05  1.690687519597311103e-03  -6.182315088816277976e-03  2.116487151707753187e-02  -2.818146433640048617e-05  1.162537982685030714e-06  7.743724987905344071e-05  2.645015052296705287e-03
-1.239721369864301185e-04  -7.364404327344021036e-06  2.278242422623518934e-02  -6.474723774200016749e-04  -9.426228316565230664e-03  6.531571837547601545e-05  4.013440869836022853e-05  4.050935354408327909e-05  5.157322654221688923e-02  1.947500409944177575e-04  -2.073156913718081709e-03  2.784394704499935859e-05  4.636583739004603147e-05  -3.016531455594245736e-05  1.568574461201664716e-02  -3.863573422961238870e-03  -3.483704912004263136e-03  -7.125269560678926450e-06
-6.580698706290055797e-05  -5.281158976392600902e-05  -3.465221067706457511e-04  4.619075969363368485e-03  2.612776337719940043e-04  1.549889786589295923e-05  3.630611892431524789e-05  8.193159427592359512e-05  1.947533315672911845e-04  4.202816232682893283e-02  2.625936164472643668e-04  -6.495215648986658126e-05  2.265853551841835918e-05  2.260758197263137032e-05  3.560658948439500513e-03  4.609845506496512593e-04  -1.070057299628855490e-03  -2.797267682362169017e-05
-1.352248459246309397e-04  -2.959213206645244014e-05  9.562322052410816842e-03  -8.517795677655700098e-04  -1.686352536599891811e-03  4.522565976296548038e-05  9.158700391777117996e-05  -7.623741545754257718e-05  -2.073700955268364347e-03  2.630071814997953883e-04  3.858696099846018607e-02  2.941104671309747112e-05  -6.343155229696453325e-05  1.495670728141548246e-04  3.801084473131171107e-03  -1.843426559789329263e-03  5.481892821134640246e-04  -5.647921869888825579e-05
-1.949283979463407575e-04  -8.118805289914687515e-03  3.802065443101973631e-05  -3.314262446346503000e-05  -1.344351502227705323e-05  -1.763585682055484379e-03  5.677888846760749701e-04  1.691337541640333718e-03  2.820757405416607271e-05  -6.466869452052901712e-05  2.900418710695826921e-05  3.860912597658019974e-02  -2.768389524076573377e-03  -4.368118149102385647e-03  -8.852537227022182090e-05  1.709802071497478686e-04  4.435426668728620293e-05  1.163393556606271253e-03
2.246904799867861444e-02  7.813591906294328369e-04  1.137463229461408190e-05  6.155158901464876254e-05  1.935130178346379704e-05  -9.220515291261891649e-03  2.136918604009965458e-02  -6.182132466586489836e-03  4.629403395361407085e-05  2.265759464972472487e-05  -6.259524167813851337e-05  -2.769160590799418613e-03  5.035471965684788775e-02  7.328576278470492599e-04  -7.959419160052985914e-05  6.370991226369902643e-05  3.051573261524600936e-04  -2.094660759502557992e-03
-5.248922337887811963e-04  3.473108815201563643e-02  3.283042162135571150e-04  2.442921626105963324e-04  -1.465536371823417789e-04  -1.505914238743217160e-03  -2.725092250582652424e-03  2.116504416025608709e-02  -3.043362256021330659e-05  2.210366628521426906e-05  1.499517656938436445e-04  -4.368246068366353485e-03  7.329906003668252516e-04  4.575337386205829970e-02  -2.674219149609616502e-04  2.708915138891570770e-04  -5.076692576467107366e-05  -5.602806489900510672e-04
5.927609707828885481e-05  2.667540751382724089e-04  2.318825224816173716e-02  1.027687435704817930e-02  3.366985325331244981e-04  -6.949932526087461003e-05  6.123144223171780875e-05  -2.821832893023842051e-05  1.568570179518412322e-02  3.560601400362321898e-03  3.801437676897610838e-03  -8.844967067788980450e-05  -7.935254294307134311e-05  -2.676768226295228809e-04  5.132747386669193196e-02  2.136366574176315220e-03  2.444874209275563049e-05  2.039359679720332687e-05
5.081202041538736503e-05  -3.489656715452673827e-04  -9.802124194902592930e-03  -2.430167184360347739e-03  -4.226167034283473704e-04  -4.790022552271029738e-06  -1.793139009498983269e-04  1.721139470500099847e-06  -3.863556894003738421e-03  4.611205842823204730e-04  -1.843350068983814214e-03  1.709080755707497151e-04  6.346476770160688950e-05  2.704887077051890912e-04  2.136984478346608176e-03  3.860296777059115531e-02  -4.252570114195407665e-05  -3.574351210893296396e-05
-7.133882196178799469e-05  -3.470166733651564256e-05  1.657064494465177926e-04  7.499567847653051489e-05  4.272326351496105561e-03  1.322619725791934504e-04  -1.924942464321658287e-04  7.775599554005912552e-05  -3.483620573468218431e-03  -1.070044451097775916e-03  5.487719157059001932e-04  4.457758418149425898e-05  3.049248428890460319e-04  -5.104354322051444099e-05  2.452683665741641817e-05  -4.249745580975639047e-05  4.230468166867449448e-02  3.291311860346918597e-04
8.498593205277236648e-03  7.914262585928501985e-05  2.167379889983314949e-05  8.875994376285224611e-05  -1.209017905997272188e-04  -2.577255744280656288e-03  4.681101475469543090e-03  2.644873814594142850e-03  -6.799486070854675248e-06  -2.735830755532297690e-05  -5.673827365928975943e-05  1.163505562280486936e-03  -2.095695102529117858e-03  -5.605660702537529827e-04  2.030252529148959982e-05  -3.576993483567094642e-05  3.292477348807061610e-04  3.806824205918232784e-02
