4.665811052960860267e-02  -4.541010956726608690e-04  3.097417438266637975e-05  7.953186355345394549e-05  -1.120073694965032185e-04  6.709567658466058637e-04  3.339433036480779493e-02  6.361050426416241547e-04  -5.216625485092871412e-06  -4.079616318783854776e-05  4.722351422246422273e-05  -1.525653583380972189e-04  2.075932600036367245e-02  -5.541764892799517063e-04  -2.593613862364041597e-05  -1.658688599105140226e-05  -6.079301243712743760e-05  7.511304608597206382e-03
-4.541156279925077119e-04  4.657085971104145405e-02  -1.193004458249041338e-04  -1.155708650235553418e-04  7.238486438132308621e-05  -8.297790945346394465e-04  -5.128292410186231559e-04  2.076153566045854659e-02  4.488127905178454095e-05  4.427656129566532282e-05  -1.159958942693917362e-04  -7.299063676489527322e-03  6.505966409133686311e-04  3.335322978626577978e-02  1.192541601929127478e-04  -2.576455187863365662e-04  3.028397217990761619e-05  8.106165222816766260e-05
3.107981325023813287e-05  -1.194964263877741509e-04  5.145796870509963122e-02  -1.189604071419826355e-03  1.119995783519514392e-03  -1.268435905569177311e-04  -7.046441670293353342e-05  -5.032189406052201556e-05  2.119103251114034386e-02  -1.517680225757231252e-04  8.512202010670179980e-03  1.912430501916930988e-04  7.557019110425361202e-06  1.321467652946167184e-04  2.116378330670209626e-02  -8.284843704810159956e-03  1.049595324897553288e-04  1.298797838840420322e-05
7.933359813334514771e-05  -1.155925689869259350e-04  -1.190202613606859781e-03  4.000071387746399060e-02  2.247450032063057625e-04  -1.548127345596174453e-04  2.423720822989664864e-05  -2.594200276140054762e-05  -2.799833819483592040e-04  3.777076943543480631e-03  -4.564197438187992057e-04  -8.468546653211310535e-05  -1.234954377510762960e-04  6.692148528361902655e-05  8.603780067789147668e-03  -1.495100491947574982e-03  4.926545517945831734e-05  -4.579697149846734554e-05
-1.118657746492627728e-04  7.249130870823233840e-05  1.119957478726359102e-03  2.246568037409657893e-04  4.010102704822992442e-02  1.534868848801632167e-04  1.200375226389842717e-04  -1.227835936997620210e-04  -8.576188736144130242e-03  6.205133130862711826e-05  -1.604864715000684427e-03  -1.243665735515231883e-06  -1.514910639564246190e-04  9.055051039366033812e-05  2.302056040206112064e-04  -3.770459727841480538e-04  3.848246253138743085e-03  -9.617147230513565961e-05
6.706113951963737748e-04  -8.293367007031334989e-04  -1.272039999329650914e-04  -1.550329048135118642e-04  1.539294874324186426e-04  3.853710172780798471e-02  1.120621316226585312e-03  7.850644786241135070e-03  1.733878649169627562e-04  7.950811512175004893e-05  3.920725533225867879e-05  -1.678172223206505489e-03  -7.630760583416150780e-03  -1.224698072458072070e-03  8.644023441093205012e-05  -7.805752457177451552e-05  6.758737526999356222e-05  -1.677006635407418070e-03
3.339415541214775518e-02  -5.127400280732588057e-04  -6.999530474960644663e-05  2.439462763635965703e-05  1.202930464264073777e-04  1.119716886610942199e-03  4.646763557484701046e-02  5.103456449317202723e-04  1.300355257467943437e-06  5.197229266539177517e-05  -5.881625934438160989e-05  4.752200387510214282e-04  1.978230620950379576e-02  -2.667298103437697882e-03  3.850992880534602285e-05  -7.486017685451754685e-05  -2.922273188834168908e-05  3.965076756193231834e-03
6.360283460380313078e-04  2.076178879703775154e-02  -5.029399038738039052e-05  -2.589975209713452065e-05  -1.227500663289532098e-04  7.850710129885543620e-03  5.104854718928871545e-04  5.127893766811507381e-02  -6.464970845767879361e-06  -7.964550978475141388e-05  7.602004484962567542e-05  1.059240850376581356e-03  -5.695441796929206525e-03  1.977403356252768404e-02  2.611438718079782699e-05  2.512116157548469362e-05  2.484036602705115646e-05  2.528652544801626711e-03
-5.242029943352974558e-06  4.503502594546545345e-05  2.119107010107155672e-02  -2.798147137229302318e-04  -8.576276318090060233e-03  1.743951150179907505e-04  1.555328106540155931e-06  -6.385032204330234636e-06  5.216114775668865416e-02  3.707655707492372245e-05  -1.179621442420827025e-03  -1.321735334363830611e-04  -9.024293474357444496e-06  -1.560755776923891569e-05  1.441574375656495821e-02  -3.186902835356941310e-03  -3.083435871406167966e-03  3.306073785614090075e-06
-4.076620218245695642e-05  4.499107772854340630e-05  -1.519845641791280034e-04  3.776939704144198235e-03  6.207709199754241904e-05  7.958688056356804589e-05  5.190060061202470882e-05  -7.971612435636314556e-05  3.696959224816573629e-05  4.234971566001120846e-02  1.290522485944251054e-05  9.149872295492958853e-05  -2.592906317318857557e-05  2.229453313182734765e-05  3.120860999240136421e-03  4.786408469382266479e-04  -8.897120424001791475e-04  -2.321220408684754040e-05
4.850765157612638861e-05  -1.167886858878721540e-04  8.512334799751952036e-03  -4.565543809427747950e-04  -1.604772825406988171e-03  3.929277184609490057e-05  -5.845502981811047995e-05  7.625768844058894501e-05  -1.180122672597605895e-03  1.296986778168559612e-05  4.021545454735256375e-02  -2.073738361439914557e-04  2.889112045824857169e-05  -9.248846240916525532e-06  3.229033907362874583e-03  -1.102662637046233386e-03  4.887763312485059576e-04  7.187957544583531780e-05
-1.525779017065452190e-04  -7.298842653725553555e-03  1.913804852176838767e-04  -8.467637204198134285e-05  -1.129132802125828544e-06  -1.677997896578581859e-03  4.750843429474609775e-04  1.059726777727328269e-03  -1.318016053603470491e-04  9.114173216534992780e-05  -2.078837753762506613e-04  4.003514333143814996e-02  -2.610163963573274969e-03  -3.890224801118560231e-03  -2.848392735348280089e-05  2.404620214169303927e-05  -5.225289224864676277e-06  6.298502657857538069e-04
2.075933330561822998e-02  6.503654060735969194e-04  6.977838740911120997e-06  -1.235535441423331218e-04  -1.512289864140973182e-04  -7.630858370612197093e-03  1.978213782735517914e-02  -5.695496436090125361e-03  -8.748859483239863514e-06  -2.572288144496992626e-05  2.747821707783068668e-05  -2.610254924304226259e-03  5.129713544971459954e-02  6.045180679322226334e-04  -1.882982434726631989e-05  7.609300701059597955e-05  1.224242602777409210e-04  -1.179427725836966305e-03
-5.541325687066013831e-04  3.335372307783694007e-02  1.318143431223765490e-04  6.705052728080666694e-05  9.022142121415982659e-05  -1.223831144160097582e-03  -2.666991718786432351e-03  1.977440584287570857e-02  -1.560516522661778175e-05  2.260710345647401804e-05  -9.359941352731011486e-06  -3.890075525956260098e-03  6.042346764061831688e-04  4.643076077324327644e-02  -1.568632915342161531e-04  1.790592397460776398e-04  -2.607257252142902875e-05  -3.613216439697783866e-04
-2.567323425974558378e-05  1.189985793475887302e-04  2.116352964343392457e-02  8.603734590476983315e-03  2.301012422709725145e-04  8.652097681505679775e-05  3.782899391044180728e-05  2.604703939941246365e-05  1.441581128397024548e-02  3.120740431569570764e-03  3.228998150239021595e-03  -2.802546254389892111e-05  -1.863750266770490961e-05  -1.561954412744997469e-04  5.212820065639312689e-02  1.060438613710760298e-03  -1.788119624438641424e-06  -6.432704943558154650e-05
-1.772490353590469993e-05  -2.562881856257134459e-04  -8.284127981845393687e-03  -1.495084664851551890e-03  -3.769819475199193246e-04  -7.837301652035355635e-05  -7.521128156964565991e-05  2.522718509320595403e-05  -3.186906363372188009e-03  4.785478189374788765e-04  -1.102625184923893779e-03  2.377966980434235853e-05  7.542661898277399171e-05  1.779155316491838580e-04  1.060684825393467005e-03  4.042070080323699466e-02  -4.199689345296023186e-05  1.211072538452820656e-04
-6.045242722674945752e-05  3.048507464546025396e-05  1.050455259469465795e-04  4.935137457136360670e-05  3.848258128048334756e-03  6.768594724064196252e-05  -2.927396139706291427e-05  2.501238124461951625e-05  -3.083401125601955423e-03  -8.896939855176822128e-04  4.888060792156440765e-04  -4.604956478700313128e-06  1.231157819572804239e-04  -2.619627771752110036e-05  -1.760388458034924195e-06  -4.201687395744451217e-05  4.234354284275522462e-02  1.682846770274413692e-04
7.511235607332420253e-03  8.065147853668378712e-05  1.243998363000771353e-05  -4.562491910712894211e-05  -9.648395932822672499e-05  -1.677142993082252889e-03  3.964869000847828090e-03  2.528707540999370999e-03  3.775356746699615652e-06  -2.345869296336998267e-05  7.218038511823658026e-05  6.299006387091440288e-04  -1.179610159918299079e-03  -3.607289125999516553e-04  -6.450608824149514729e-05  1.209223254509273756e-04  1.678908326456272720e-04  3.987462327695265318e-02
