4.599030965753949513e-02  -3.722198687709890358e-04  7.072081371417319128e-05  1.592885768194190845e-06  4.163101499447345160e-05  1.180334744536428934e-03  3.465590155006929851e-02  7.583924850138833162e-04  -8.147033543657867779e-05  -3.224331238924315927e-07  -8.535653172775598332e-05  -1.291832158433260103e-05  2.211603863578242776e-02  -7.268866508419324782e-04  5.051774038952765226e-05  -2.574796464438965196e-05  -1.385548142828694567e-05  7.777576212046581269e-03
-3.722743088349941116e-04  4.530354358458635322e-02  8.746969528754638110e-05  1.680945769700608737e-04  -5.626680069538346983e-05  -1.756245063380270461e-03  -6.069058100578306322e-04  2.223059183051641352e-02  -1.441061502828871036e-06  -9.753633107047284445e-05  2.354625069581640229e-05  -8.280504278820531930e-03  6.781047836543133275e-04  3.472413928936179256e-02  -4.360473127106478437e-05  7.752277042814569887e-05  5.578072331704203574e-05  1.034901912812033910e-05
7.095525202893339541e-05  8.734235823901988812e-05  5.031783193890287942e-02  -1.375775493456059739e-03  2.445933148852537896e-03  4.753251360644522062e-05  1.329723744277035911e-05  -2.208071702659075288e-05  2.296383961456155073e-02  -9.662071107602302118e-05  9.262180505677838210e-03  -5.850674628705216024e-05  -2.780881409231055904e-06  -3.810217145422140766e-05  2.256996238866637930e-02  -9.373868984273199881e-03  3.279045854590570039e-04  3.982461602188316423e-06
1.479480013432125933e-06  1.679828299604216020e-04  -1.375899217808018455e-03  3.956345118532910571e-02  1.158468568268600208e-04  1.630008665343944283e-04  2.691128962394984358e-06  -6.384344995144881289e-05  -2.944421868115672573e-04  4.342893903591001949e-03  -4.262399287803775544e-04  5.446627872157370386e-05  7.366883224264349347e-05  -1.211288674294294562e-04  9.267329510754672428e-03  -1.594079132252319972e-03  1.198684588103022489e-04  6.517514185062300250e-05
4.165027771748142001e-05  -5.638065090585541150e-05  2.446253209449001341e-03  1.159309903805021868e-04  3.738397922977818033e-02  -1.348298576714913833e-04  -6.624416535463357515e-06  5.902130503364309551e-05  -1.019788837055010319e-02  1.159219879121470264e-05  -2.104281174003675130e-03  3.308828510084749734e-05  3.757851042613284334e-05  -3.864671998729954583e-05  6.712152519240007203e-04  -9.696518533233879468e-04  4.440138017301969477e-03  -6.162904061520368037e-05
1.180214188323756071e-03  -1.756371001025652714e-03  4.712829665091024386e-05  1.628366216254910695e-04  -1.350567534795107884e-04  3.586870949255440560e-02  1.516967923352249186e-03  8.849678862181185532e-03  -3.198768854756940818e-05  -1.588702045459059310e-04  -4.122859684118522424e-05  -2.264758822411816995e-03  -8.524410510693953766e-03  -1.527575401566643202e-03  -8.749442860561340248e-05  7.777483319154556048e-05  7.692536303740957863e-06  -1.563102980429466804e-03
3.465616316659003021e-02  -6.066005046575976114e-04  1.338132988733741875e-05  2.715516825709221564e-06  -6.069215769106649261e-06  1.516347014136678511e-03  4.566338681731109406e-02  7.460309514271732225e-04  9.238621097333181474e-05  1.647039411202250029e-05  1.382057862857470653e-04  4.474515468460907308e-04  2.098446683753728281e-02  -2.646431654940663205e-03  -5.654890326799099726e-05  5.581392253423009481e-05  3.698782499447867355e-05  4.245900585478975565e-03
7.587270493621923410e-04  2.223064486730922176e-02  -2.200505404938167314e-05  -6.379952061188868574e-05  5.924219397765928611e-05  8.849303491017666834e-03  7.460762406974071319e-04  5.072769990259029527e-02  1.679418828982342217e-05  1.259450941681465618e-04  -1.677128715115695047e-05  1.738667332835121607e-03  -6.010661398312058291e-03  2.118343084772862303e-02  -2.530752997338927066e-05  -1.239040500907972851e-05  -3.505831272814492294e-05  2.844994985341878831e-03
-8.137638752664696346e-05  -1.336961190493704063e-06  2.296438407719820357e-02  -2.939995395038660897e-04  -1.019763430067345024e-02  -3.162161845339971962e-05  9.247712112306955728e-05  1.700558763860326842e-05  5.152500101852998393e-02  -7.577457428231780935e-05  -1.565784861014272869e-03  -9.772220780538340898e-06  -8.467228962764109941e-06  -3.552922497130138566e-05  1.561074522809780679e-02  -3.820718584146497957e-03  -3.680221755454566104e-03  2.049358575075170696e-05
-6.178640142892060103e-07  -9.757464803199705295e-05  -9.685499731783789735e-05  4.342686732588204625e-03  1.181938636326818805e-05  -1.593641811408952802e-04  1.611061797232572984e-05  1.264063985934717009e-04  -7.575869848050211755e-05  4.215216481927653441e-02  -1.323415152673067805e-04  -1.706126607682505799e-04  3.868500529209095685e-05  -2.152730941621579602e-05  3.442619333715598619e-03  6.008335783621969461e-04  -1.064140091693826671e-03  2.823896885976911520e-05
-8.602495576749374213e-05  2.363714894608943113e-05  9.262362844457193087e-03  -4.262103240083684754e-04  -2.104750328014606212e-03  -4.092729511361600201e-05  1.381372797010571108e-04  -1.670630409700432449e-05  -1.566508771156936578e-03  -1.322293079876824874e-04  3.946898904931629704e-02  1.136413106539489745e-05  -2.619585922361121493e-05  2.899502704551014842e-07  3.678497331420525762e-03  -1.472167604695513851e-03  5.241710025060015163e-04  -1.960218787576646770e-05
-1.356247495139864636e-05  -8.280628460281824754e-03  -5.751272016024301821e-05  5.490256313427161936e-05  3.348047360820331233e-05  -2.264224192560353090e-03  4.474078698657758531e-04  1.739160361996501579e-03  -9.724006650224310176e-06  -1.699801450253643530e-04  1.255751407069957981e-05  3.864704021521071786e-02  -2.645046231615147056e-03  -4.653623286255048272e-03  5.357978504884604938e-05  -5.426521054094776361e-05  -3.193007735783187889e-05  1.022202952325080606e-03
2.211680605260716442e-02  6.776606946339629395e-04  -2.849346321706507405e-06  7.364166229195685386e-05  3.760003512138552177e-05  -8.524760648106411570e-03  2.098408972169566594e-02  -6.010685311925558286e-03  -8.483193827534294085e-06  3.890666052504365393e-05  -2.580168056992538937e-05  -2.645167363513639680e-03  5.082152923307230868e-02  8.527557643749456798e-04  1.854961228508844953e-05  -4.870210482710123887e-05  -4.931383831428559774e-05  -1.326772728342976359e-03
-7.269959716758707608e-04  3.472394779703807943e-02  -3.818132701662608483e-05  -1.209131462104482346e-04  -3.895755782636909422e-05  -1.527231299577061279e-03  -2.646605168309041842e-03  2.118379906606240523e-02  -3.523340417951658981e-05  -2.134266406331630200e-05  -4.978994253033462785e-07  -4.653374852792309911e-03  8.523654534272531030e-04  4.535862699725813629e-02  1.817784598283922075e-05  2.571173416912332418e-05  -2.025437334036287639e-05  -4.095671070010535836e-04
5.053083514450520638e-05  -4.341885395952982911e-05  2.257004106492951218e-02  9.267436557703923397e-03  6.710011094210594071e-04  -8.755715356787513394e-05  -5.620484467067959124e-05  -2.519814375110733960e-05  1.561060624648800618e-02  3.442626521338587164e-03  3.678500315825064797e-03  5.339983390799226201e-05  1.852111476639929980e-05  1.817160525160431767e-05  5.172532310581762910e-02  1.916380729784945228e-03  5.417654156032408963e-05  2.902493636357800894e-05
-2.583602731547894433e-05  7.736588040826022710e-05  -9.373720950337642230e-03  -1.593837787303974693e-03  -9.692854051871132052e-04  7.766819167410858073e-05  5.422397564023159419e-05  -1.231675555686526247e-05  -3.820342857829790717e-03  6.005307773301973330e-04  -1.472151616684734413e-03  -5.360781243083165829e-05  -4.882723739106536770e-05  2.604035712010518375e-05  1.916634451750477914e-03  3.882593704094409320e-02  -1.058900046300496710e-04  -7.120025108020129015e-05
-1.394436607576072424e-05  5.583345273442993429e-05  3.277804136685547693e-04  1.196930952763654315e-04  4.440332404333086937e-03  8.573216783093765627e-06  3.705822616538529866e-05  -3.505394564853512272e-05  -3.680359417230638294e-03  -1.064321077298218841e-03  5.241897743025662835e-04  -3.279962399122465311e-05  -4.954053995247937865e-05  -1.985356010474276242e-05  5.418349893639836729e-05  -1.058133302222091402e-04  4.188158349511750256e-02  2.235449320374043811e-05
7.777333239288031219e-03  1.039311539195127570e-05  3.755474521588327155e-06  6.490591624101712837e-05  -6.231168523428772150e-05  -1.563136381735623272e-03  4.245758594423118884e-03  2.844501324668534392e-03  2.039234097632050622e-05  2.962296080458935417e-05  -1.977196375063610033e-05  1.022851630731596694e-03  -1.327387922220107756e-03  -4.095734506267013626e-04  2.908492599733263339e-05  -7.052676373433339337e-05  2.281437170857644734e-05  3.916502427417731247e-02
