4.698939733916489281e-02  -2.773118833700799132e-04  3.522690003261408050e-04  -9.536568958309535717e-05  -3.627632208166884438e-04  7.322168337637382238e-04  3.323160523739407402e-02  4.294036367192269527e-04  -3.273353624019378818e-04  -1.195586392975046704e-05  -3.896781774912167298e-04  2.907653047284793058e-05  2.058324790421314776e-02  -3.392537367493838577e-04  1.466506116400479054e-05  1.225096995327066109e-04  -2.685538279122293688e-05  7.461349203591090967e-03
-2.766272215251942856e-04  4.641156738856690167e-02  -1.079712406387052887e-05  -8.106745109578297553e-05  -9.212780329354778967e-05  -1.061151485225976998e-03  -5.375628782900882278e-04  2.081960660823994544e-02  -5.653860241552986591e-07  -1.184661546532467693e-05  4.773197843009039412e-05  -7.532256742670986535e-03  4.903062244096210174e-04  3.346941837064119907e-02  5.086083077151566526e-05  -1.097114149888633893e-04  2.817315453574324412e-05  -2.873879710103556903e-05
3.520926885439269283e-04  -1.080371383587256496e-05  5.117081001818250818e-02  -1.081711449502529556e-03  1.574634807130741035e-03  1.681433416776372935e-04  -3.517819658510597876e-04  3.167521089061687704e-05  2.135567313227114059e-02  -1.570054832909065809e-04  8.602631410750221502e-03  -8.376857873518339453e-05  -9.069454221632583692e-06  9.877182593925693595e-05  2.113770180096059131e-02  -8.236906124629114756e-03  7.900877447363080226e-05  -1.481768124238340976e-04
-9.568586542426286794e-05  -8.120921033262481277e-05  -1.081532597235098031e-03  4.014649343259369535e-02  6.393717584009221016e-05  5.986535448411560130e-05  -6.352220835678292355e-05  8.759663899229083554e-05  -3.236512159354533783e-04  3.624062847175648586e-03  -4.660137123427359439e-04  -6.676229719909598998e-05  1.338966720668703018e-04  1.096663534622573032e-05  8.707372543956872282e-03  -1.536472407549129308e-03  -2.921265009159689158e-05  -2.308355029306647128e-05
-3.618351599885569832e-04  -9.209755054526066196e-05  1.574860783014801844e-03  6.382911363301169323e-05  3.942119293554534332e-02  -1.015099329817676282e-04  3.870467688398657354e-04  7.224975100205167640e-05  -8.894585931714497212e-03  8.790671745216485210e-05  -1.888382743570983947e-03  1.070431081867666181e-07  -1.857133560157290793e-06  -1.109961822859789943e-05  2.587943473452887781e-04  -3.752545189450868222e-04  3.855894364349495788e-03  -3.170912951179815427e-06
7.320319010308141538e-04  -1.060948942992838255e-03  1.674168363544110310e-04  6.004714179749843535e-05  -1.020162196132697019e-04  3.826601883531021570e-02  9.591143460182217310e-04  8.198065459391445930e-03  -4.915600998905057009e-05  5.455721007000935752e-06  2.994341245323829881e-05  -2.096352067611460812e-03  -7.462509577336727887e-03  -1.273548512749561558e-03  -9.811726909774443604e-05  -8.959138566330157691e-05  -1.879129707537857254e-05  -1.481103967630084672e-03
3.323136430213932679e-02  -5.375240710732691763e-04  -3.520409081337269879e-04  -6.341054349181595524e-05  3.872296898667735177e-04  9.589216777246858904e-04  4.665696391469362908e-02  6.934931669238877938e-04  3.408335059843890119e-04  -1.910813261356709077e-05  3.395409102521574404e-04  3.675375910760227366e-04  1.978501126962121937e-02  -2.938149713152079200e-03  8.704582976095317178e-06  1.905446207937867416e-05  -2.644429930870220539e-05  3.760106605114775600e-03
4.292323579266262034e-04  2.081845087510137901e-02  3.200036651670900336e-05  8.852539090233493943e-05  7.261563490022382059e-05  8.197441273870115577e-03  6.933340947251572829e-04  5.123925848791716781e-02  4.205059080601421755e-05  1.388243919926131578e-04  -3.013215732030495163e-05  1.225078250685901829e-03  -5.663310958330566337e-03  1.981038764891353623e-02  -7.309982031121516738e-05  -2.769156727069129682e-05  3.400710874101615916e-05  2.554376810981068453e-03
-3.275729827656551378e-04  -5.116852191887893165e-07  2.135564840267169251e-02  -3.233597557605093556e-04  -8.894627139406145050e-03  -4.944646169027348294e-05  3.410599677050993772e-04  4.200221246268827320e-05  5.191338000622407189e-02  -1.353162841600937064e-05  -1.339634277799351585e-03  3.512847660853439042e-05  9.384465986148217810e-06  -5.521556206790537413e-05  1.450315592450421992e-02  -3.292717933073828832e-03  -3.170277348535005969e-03  -4.020187617308042862e-05
-1.204843773559132715e-05  -1.118722919971747836e-05  -1.571344793248875241e-04  3.624129726469434761e-03  8.799080048659015650e-05  5.731188605540857991e-06  -1.903417890676010804e-05  1.383948271341863012e-04  -1.341625366163863163e-05  4.248848415361915903e-02  -3.726174684961742285e-05  -1.643189099399921648e-04  3.884724595170427743e-05  -3.399003048824868325e-05  3.095088615609829785e-03  4.141546699652544632e-04  -9.527146970672070291e-04  -1.372432885291104417e-05
-3.894190639414415577e-04  4.812631669479418837e-05  8.601587373528382652e-03  -4.664874582437695573e-04  -1.888323247071941376e-03  2.980706354028417692e-05  3.394674772051927141e-04  -3.015725981397788079e-05  -1.339800787043161912e-03  -3.728589879920638666e-05  4.007925634862786329e-02  9.515640110080620957e-05  -4.089744125833918537e-05  -2.616600195325355472e-05  3.300786151211507289e-03  -1.308584505511464074e-03  3.648887787363401221e-04  -1.388643007363021440e-04
2.910218901883087451e-05  -7.531837389431642743e-03  -8.387098627878060528e-05  -6.767236209442220715e-05  -1.044816541126759864e-07  -2.096325414918079940e-03  3.674076391053372704e-04  1.224791624726538327e-03  3.522106593305211601e-05  -1.637978087598807660e-04  9.566742936018948263e-05  3.977078554441466213e-02  -2.548302432739574328e-03  -3.956872929460407244e-03  1.295846213442258788e-05  1.459532232170221672e-04  2.978954689016557168e-05  7.378948320150563586e-04
2.058321313768847471e-02  4.902787910265708760e-04  -9.079784271927720553e-06  1.337565190349175961e-04  -1.637797194955296252e-06  -7.462781929064822399e-03  1.978484548582010866e-02  -5.663080518897368673e-03  9.430552250561240828e-06  3.894356885946714369e-05  -4.079909355945686038e-05  -2.548407013278239982e-03  5.137175082523406239e-02  6.742660359532482708e-04  -3.100645495341855360e-05  -8.923224979602026937e-05  5.682773193415800695e-05  -1.078678278740009388e-03
-3.397530528625990480e-04  3.346952392103089841e-02  9.836749407432538600e-05  1.157272391026385826e-05  -1.115953131387759985e-05  -1.273371668817958402e-03  -2.938403545297428761e-03  1.980995633284113669e-02  -5.521220108470846748e-05  -3.301791073318681495e-05  -2.455525670626517346e-05  -3.956649144092258541e-03  6.741361527138440505e-04  4.631928778090536880e-02  -2.649982922542644422e-05  1.216735663285859408e-05  -6.594521856763264065e-05  -2.592044331308773764e-04
1.496391427437378283e-05  5.084690854140636799e-05  2.113788375695573388e-02  8.707285735857155096e-03  2.584427157500269047e-04  -9.835249397027116380e-05  8.849642185958825173e-06  -7.313696100830761231e-05  1.450336591856435028e-02  3.095043687301830479e-03  3.301101958148867400e-03  1.291536192422203994e-05  -3.103284934523217698e-05  -2.659807767196228144e-05  5.216840822419842316e-02  9.835787104841931059e-04  9.851422319888144109e-05  1.206353359580596433e-04
1.227859224645882607e-04  -1.097661049227095781e-04  -8.237373776253085339e-03  -1.535883564719360507e-03  -3.750075756179579848e-04  -8.925209403407294631e-05  1.927901091202410843e-05  -2.698378105539645492e-05  -3.292769027037122619e-03  4.141406679084675899e-04  -1.308568514907202784e-03  1.468531124016650001e-04  -8.921801468375263903e-05  1.192800047344635026e-05  9.839838230737629147e-04  4.055395647800966868e-02  -1.428103734770623154e-04  -2.018902843529981044e-04
-2.694717307656452910e-05  2.818331622023956631e-05  7.885508426268011560e-05  -2.957864406153499413e-05  3.856106790681982331e-03  -1.921375724493866674e-05  -2.638144645457172067e-05  3.357442351059611372e-05  -3.170315123643113481e-03  -9.527501460226864933e-04  3.649278417151613539e-04  3.023751239826808089e-05  5.679287331307031193e-05  -6.613832598128570263e-05  9.852806505196568855e-05  -1.427649470302575765e-04  4.230787640661335530e-02  4.799357779486924767e-05
7.461428126444013230e-03  -2.908309140357206795e-05  -1.491030193033132732e-04  -2.329499032279360295e-05  -3.349788541968993339e-06  -1.481039859797550831e-03  3.760017960409122936e-03  2.554207801421739046e-03  -4.009731918183248665e-05  -1.312818139773922016e-05  -1.413960204182989006e-04  7.379904577376870554e-04  -1.078659382329586868e-03  -2.589025059323055264e-04  1.209116690799984722e-04  -2.017797572218268747e-04  4.755577124783965531e-05  4.002268369955215566e-02
