4.629712068433668865e-02  -3.777991551599357953e-04  4.387339489777840248e-05  1.856695858046615988e-06  2.146154644871574812e-05  9.486749211178638862e-04  3.372299559344666547e-02  4.887272347272854584e-04  -8.827147448216722937e-05  -8.116917188030337417e-05  -1.764435699592459554e-04  1.102119118967103295e-04  2.101617217298840795e-02  -3.798115015547747896e-04  -1.886741093759162049e-05  1.554372176991441351e-04  3.495651169669867331e-05  7.705974450939336202e-03
-3.777159028454956150e-04  4.653454056236937253e-02  1.227938728652619232e-04  1.808961485509718138e-04  -9.068935000324941762e-05  -6.017249514727856380e-04  -6.078933899254558310e-04  2.102800366441826344e-02  5.646365921372695890e-05  -5.105306665014887444e-05  9.303947112776179095e-05  -7.495883871948650495e-03  5.711517121634008360e-04  3.375793696838622765e-02  -1.149373651872691787e-04  1.669059503278679283e-04  5.474120809684058451e-05  -1.053947829374776279e-04
4.408990392709300491e-05  1.231952710605627101e-04  5.121264423323976245e-02  -1.511738598994797223e-03  1.277568514842973568e-03  6.386236229838507868e-05  -8.786411618050783885e-05  1.691218422115940131e-05  2.137629071995536187e-02  -1.356842679480649240e-04  8.402233099990701753e-03  3.271469862711429496e-05  -3.246986784528344677e-05  -1.301014660724840802e-04  2.165811075144569858e-02  -8.611856500986093954e-03  -1.515542208300866720e-05  -2.024988648385222872e-04
2.372982360581918354e-06  1.812225901102697116e-04  -1.511863339529845654e-03  3.922040789227548147e-02  3.020538827888972024e-04  2.452485205314353317e-04  -1.815444304041199323e-04  1.894883177503558927e-05  -3.642205128224179460e-04  4.068021436256083131e-03  -4.949701084318729226e-04  7.468337760833247717e-05  6.642471392802378133e-05  -8.824288051881405703e-05  9.102840340166739458e-03  -1.788494988637846133e-03  -1.490213306170860581e-04  -4.509531171081850102e-05
2.207525744283855308e-05  -9.055082783039080404e-05  1.277944525649367174e-03  3.021127696422268457e-04  3.997479188215133372e-02  1.279391450163519297e-05  -2.854077889146765807e-05  8.192736492264925813e-05  -8.607646291931968230e-03  9.358167926487771064e-06  -1.354504376770466036e-03  -5.667265644252612573e-05  5.753793320781912745e-05  6.987968996704356798e-05  1.435530319162064527e-04  -1.584022905500321460e-04  3.980636089844879870e-03  5.567277151044865830e-05
9.483299638044155426e-04  -6.017304109049878514e-04  6.423940251545475692e-05  2.447697654682294793e-04  1.300868116032835731e-05  3.822549195223324398e-02  1.267738290612781043e-03  7.854631054123364584e-03  3.870068689731842224e-05  -8.897712874683957700e-05  4.065856988308053413e-05  -1.700416187965182648e-03  -8.001711520886826620e-03  -1.345281126306244364e-03  -6.022617236331711654e-05  -7.330158614389091932e-05  -7.052689721890342974e-05  -1.891765745753660761e-03
3.372378328526094704e-02  -6.080925280888748938e-04  -8.801547929192722229e-05  -1.814921692054884638e-04  -2.857106183132294069e-05  1.267997581190048869e-03  4.599560705734215271e-02  8.001976785066032202e-04  5.377963752818248883e-05  2.739952394576801741e-05  9.983834652474805275e-05  3.348635497674621003e-04  2.025790716861241431e-02  -2.902773556059221223e-03  7.121977871027871071e-05  4.154616417964923062e-05  2.106421502819758965e-05  4.022430162915051691e-03
4.886311759889440170e-04  2.102843507303499282e-02  1.687870129438987624e-05  1.900031585502865304e-05  8.195537161765981875e-05  7.854713446451765460e-03  8.003286680466579215e-04  5.123749363207869695e-02  1.736125177051426618e-05  1.899540348476894494e-04  5.093233857446826075e-06  1.154113983497260425e-03  -5.761229773833884647e-03  2.011034592252413170e-02  -1.074391666628126188e-04  -1.337023588241404902e-06  1.431184132071101205e-05  2.574884675327451453e-03
-8.804007099340099493e-05  5.649386144229015722e-05  2.137631023021242110e-02  -3.640759469431919366e-04  -8.607655581935892350e-03  3.886112867381924583e-05  5.351133199333657947e-05  1.741415834878745113e-05  5.206795416511621893e-02  -1.031998839597571705e-04  -1.226700229961275122e-03  -2.399056744290573547e-05  2.623319591706120930e-06  -5.807286207059990510e-05  1.478630762798248920e-02  -3.428866403939731522e-03  -3.247722870280620767e-03  -4.634787881385836353e-05
-8.119454608445998191e-05  -5.082217053687287429e-05  -1.352982866931855808e-04  4.068460327448529534e-03  9.303383694064409315e-06  -8.837992448585781015e-05  2.723679271316575078e-05  1.898667259673241393e-04  -1.032421446381107859e-04  4.218176731016170383e-02  -1.527463027444592126e-04  -2.166710207647277596e-04  6.563539582504994668e-05  -1.423619342254994790e-04  3.273910251317435714e-03  3.937286902510968756e-04  -9.933332430212709653e-04  -2.544453180203112510e-05
-1.766263794715580032e-04  9.271097081039916376e-05  8.402339140330295983e-03  -4.955360960965364157e-04  -1.354532585064200734e-03  4.158605757707298331e-05  9.948411949798587268e-05  5.283817607743728964e-06  -1.227068786176590187e-03  -1.525916784063775051e-04  4.011084653217923679e-02  2.497901986809504611e-05  1.870480377764900817e-06  -1.589001560103128633e-04  3.420191462726608709e-03  -1.414262326011829626e-03  3.999300270344653793e-04  -1.098095395908391515e-04
1.103231627233384462e-04  -7.496340927288268514e-03  3.297210409078134557e-05  7.507735135404623955e-05  -5.643811812160745654e-05  -1.700384594904939643e-03  3.343069741592484740e-04  1.154271122762320825e-03  -2.381510065035524613e-05  -2.166159279059308559e-04  2.616156659391275402e-05  3.975217183947527683e-02  -2.642305768605615092e-03  -3.966974558835606977e-03  5.689933774026141567e-05  5.661760442951056912e-05  2.397940526887698865e-05  8.396375729998917410e-04
2.101607678798952591e-02  5.715532920219245803e-04  -3.239843343338646910e-05  6.619460221586218962e-05  5.784507751350124571e-05  -8.001131965753787573e-03  2.025733230853382291e-02  -5.761185852108041509e-03  2.212848999916978586e-06  6.548958571515563947e-05  1.422864918939525103e-06  -2.642858877527483503e-03  5.111573404721479752e-02  7.149661756607413087e-04  -5.953674420723872895e-05  -7.093635406921628816e-05  -6.303997726076340585e-05  -1.300902606088322807e-03
-3.794832491583038101e-04  3.375816683034146143e-02  -1.301814021521456967e-04  -8.788476995061694969e-05  6.990420693327850979e-05  -1.344718882228164393e-03  -2.903031378446711396e-03  2.011067935409085669e-02  -5.826105052761199830e-05  -1.419461495582021121e-04  -1.586991552516665502e-04  -3.967519445988642798e-03  7.152597136014139526e-04  4.619831763079972758e-02  1.805825506467118892e-04  -1.858501996276316903e-04  -6.655233357180048053e-05  -2.734394442336138655e-04
-1.898452681206537607e-05  -1.150038983342134102e-04  2.165781836319271778e-02  9.102524216977584195e-03  1.434980605599016443e-04  -6.071570205693999170e-05  7.122505109858431763e-05  -1.073364460738544259e-04  1.478642744629934599e-02  3.273793005672026753e-03  3.420181003711162890e-03  5.759905094195453445e-05  -5.981720224175064276e-05  1.804381891528043910e-04  5.194691579833705941e-02  1.190295442175817080e-03  1.902790482074857045e-04  1.057200996133022912e-04
1.552304269153195184e-04  1.670218194176156009e-04  -8.611158517110428096e-03  -1.787861450380517567e-03  -1.586095934189413854e-04  -7.260397758175829658e-05  4.131279000678245833e-05  -1.735934686137227396e-06  -3.429073239525719501e-03  3.937871832118123552e-04  -1.414231474590440900e-03  5.805632805147342484e-05  -7.056463616171687581e-05  -1.858796473263520132e-04  1.190754878398351917e-03  4.024088839534640388e-02  -2.751309385422011540e-04  -1.854511298561496203e-04
3.472996705059881170e-05  5.469058800337633599e-05  -1.485728198634848007e-05  -1.492678018459132547e-04  3.980540408041255591e-03  -7.017088716950123394e-05  2.107974809049367845e-05  1.415715056175130242e-05  -3.247854329821990571e-03  -9.933429463979742344e-04  3.999689482406578183e-04  2.400066255406168764e-05  -6.303426446624896945e-05  -6.715332637279211299e-05  1.902061276390090911e-04  -2.749695428392404258e-04  4.230033439957287672e-02  -9.805724137078501257e-05
7.705727437683327838e-03  -1.056031366975581650e-04  -2.021815557234701789e-04  -4.446541706023046919e-05  5.598265072900099831e-05  -1.891657616414670322e-03  4.022483746360033113e-03  2.574626295622197726e-03  -4.630753653044046667e-05  -2.473379737108433328e-05  -1.114962347237877878e-04  8.398583590188746012e-04  -1.301379242923106621e-03  -2.734789461580625558e-04  1.051203240558197316e-04  -1.839411528689456306e-04  -9.875009388890888318e-05  3.956564076030898852e-02
