4.614280989645334202e-02  -1.828585497826696292e-04  1.473388373948666420e-04  -1.768278954875024685e-05  -2.106230319083801596e-04  1.353620915618490355e-03  3.370247493709860320e-02  4.245666731272057493e-04  -1.237328423221947013e-04  -7.621354175794380081e-05  -7.605724636753744851e-05  1.593765951325031200e-04  2.094402857152271105e-02  -4.778579640599866694e-04  4.063748775764693209e-05  7.416504412651116652e-05  3.051314273635478329e-07  7.577569440123488147e-03
-1.830058350207835571e-04  4.677215809317025047e-02  2.617390759262820097e-06  -1.000833060099404475e-04  -1.037753411460703111e-04  -8.477146087728449145e-04  -5.697489199140598785e-04  2.094644829102482175e-02  4.422080816568900631e-05  7.542038951380323033e-05  1.631372082863166001e-04  -7.500834581495705380e-03  4.924712540370528632e-04  3.353059660796649938e-02  -3.099211877470219861e-06  -8.706769017411222172e-07  -2.183405079654279874e-05  -6.757485419452837025e-05
1.472473568514179711e-04  2.670162411490537519e-06  5.098234163742074859e-02  -1.828549807933015255e-03  1.175691965573513482e-03  1.438031749878862064e-04  -1.738777875396244315e-04  3.159127004841897300e-05  2.127039105806638464e-02  -1.247501390393855245e-04  8.372665411387028231e-03  -1.203434446488320055e-04  -1.040249056086437213e-05  7.106429256635114625e-05  2.160347061411843975e-02  -8.535775392389746349e-03  2.626473192015139362e-05  -5.738767567927787323e-05
-1.799390330557546256e-05  -1.000118295761738026e-04  -1.828521128861602865e-03  3.883329163963091663e-02  1.769943884831554548e-04  -4.249541697681699919e-05  -1.279449856252305273e-04  1.723239205545146115e-04  -3.926154668531454104e-04  3.923649361718936461e-03  -5.379482034265712764e-04  -1.275957392186130124e-04  1.347958284126126230e-04  -2.922232401379918523e-05  9.246285776304137213e-03  -1.922316986456211289e-03  -7.465583527175181195e-05  5.814560568617238638e-05
-2.099521886088149116e-04  -1.033380651726253723e-04  1.175869096440416810e-03  1.772392221530883665e-04  4.020207263210896081e-02  -1.362165477154995128e-04  2.179055712083215635e-04  1.376654957720979124e-04  -8.569057341757153543e-03  3.115609836965549345e-07  -1.412972776588090028e-03  1.030101562181700134e-05  7.337219150734322886e-05  -8.929624849926204116e-05  2.012157953749955518e-04  -2.608258754241392775e-04  3.823152410503919719e-03  -2.921688718440868730e-05
1.353730994901403703e-03  -8.474269318497097822e-04  1.435699562277995456e-04  -4.272849778861112762e-05  -1.363402847208599385e-04  3.752189325141740833e-02  1.278392048206167296e-03  7.919067841291056037e-03  -3.838982700763612753e-05  1.794955880429719298e-04  8.483822696279327564e-05  -1.665501306018228557e-03  -8.221528622209652373e-03  -1.203467690281072918e-03  -9.917098168481540193e-05  -2.805822778299340312e-05  -5.408190378736516435e-05  -1.995758131341720740e-03
3.370247137779857488e-02  -5.700637718113872555e-04  -1.741289341003052812e-04  -1.278064722797433105e-04  2.179425866914418153e-04  1.278212614785466167e-03  4.598721422013864191e-02  8.829275391577133059e-04  7.635812367667415678e-05  2.398192675649987221e-06  -1.481478775550279427e-05  1.709237814733667474e-04  2.011136646816023832e-02  -2.974060508423846151e-03  5.788432245591811737e-05  -2.868246707500591772e-05  -3.306772155120269851e-05  3.991801252041998066e-03
4.242054655785411420e-04  2.094669952639277577e-02  3.162167722264059042e-05  1.722383913306313246e-04  1.375994834450038323e-04  7.919150085742251641e-03  8.834285111646722347e-04  5.126499297449775561e-02  4.529686599018215997e-05  5.282999841861129082e-06  -3.097005364535816496e-05  9.618792161405920887e-04  -5.757409835908063045e-03  1.997758926572820032e-02  -1.050768398215075247e-04  -1.787343743705024600e-05  2.067028844305902275e-05  2.535134770865401111e-03
-1.243989414057784023e-04  4.453683978700667358e-05  2.127079669383362057e-02  -3.925163184622508538e-04  -8.569380206402068753e-03  -3.814505724560573178e-05  7.659301019798022683e-05  4.523574186546587165e-05  5.212617082246040479e-02  -1.319289765072650380e-04  -1.136389515292747076e-03  7.217958767394463797e-05  3.353117225667274007e-05  -1.062560906634540058e-04  1.471678415418517863e-02  -3.380627063387277396e-03  -3.180577931697509044e-03  -4.612794649437217061e-05
-7.663485244221585329e-05  7.500905707341496342e-05  -1.246811678837923387e-04  3.924070491782818450e-03  1.758351756839107984e-07  1.795063978696887050e-04  2.301320031346402829e-06  5.543894456276272274e-06  -1.317657465594864277e-04  4.224211991925561072e-02  -1.881492435514306547e-04  3.538139691039594701e-05  4.844486702821213723e-05  -6.170039450874934006e-05  3.258751738062761784e-03  3.856445982126546334e-04  -1.002430360754963780e-03  -6.451614847012919322e-05
-7.601517555779423695e-05  1.631924135997030081e-04  8.372694187263657675e-03  -5.386217130852272378e-04  -1.412991525934293021e-03  8.514079733523894538e-05  -1.506960750655563288e-05  -3.073801391717463942e-05  -1.136759881906968667e-03  -1.884099797790820901e-04  4.026243749444634312e-02  1.431584167376962185e-04  3.740819301430054153e-06  -1.427011840020489639e-04  3.404633316485907585e-03  -1.380646691560177960e-03  4.133775678762031296e-04  -1.705523050743543720e-04
1.592666174054655685e-04  -7.500596674146534602e-03  -1.201157795637237388e-04  -1.275250484464845319e-04  1.041194890669711866e-05  -1.665394072046274708e-03  1.712127516019107138e-04  9.623005981910266867e-04  7.244840112920043437e-05  3.512373554845133925e-05  1.431411448870702273e-04  4.013544303926605550e-02  -2.596549425839042927e-03  -3.757384227279276893e-03  1.362112900236839059e-05  1.054067915482516810e-04  3.618703689586478574e-05  8.467464180093089163e-04
2.094401080915288607e-02  4.923685169829114224e-04  -1.041798656713303850e-05  1.347079865977336005e-04  7.335891187626443716e-05  -8.221498404506590377e-03  2.011135362331896437e-02  -5.757357421306047614e-03  3.364330059803988433e-05  4.880285924494583583e-05  3.932794576357760965e-06  -2.596537395682736466e-03  5.123017057985246314e-02  7.602980024076227842e-04  -8.633220916544009460e-05  -1.598210979398058897e-05  2.663633307223783748e-05  -1.123239377612815200e-03
-4.775613532910033760e-04  3.353032632341367003e-02  7.113388942510393193e-05  -2.926173006773010645e-05  -8.922479948194115109e-05  -1.203051363104486703e-03  -2.974447156184394699e-03  1.997790183900522917e-02  -1.059083426420222887e-04  -6.244834081834972064e-05  -1.438198279201289382e-04  -3.757680531878512808e-03  7.602563479459317850e-04  4.641107643908022606e-02  3.063794686027224775e-05  -2.666821105642360560e-05  -2.098097502454751912e-05  -2.639797341955680719e-04
4.113873884441074022e-05  -3.059834589760677429e-06  2.160353359994669070e-02  9.246255546616285320e-03  2.008933134058707296e-04  -1.002938406946838679e-04  5.787589838303092843e-05  -1.051322017792015516e-04  1.471672985068003640e-02  3.258830027301767070e-03  3.404707157902599722e-03  1.362406335355146173e-05  -8.626227920943815766e-05  3.060368545461186496e-05  5.195519622446281849e-02  1.104006104318352608e-03  1.336782960199479236e-04  5.492956895501964883e-05
7.380238073791516311e-05  -1.834469401755467242e-06  -8.536107704222830467e-03  -1.921413630270047811e-03  -2.601901319299161977e-04  -2.792114473897031995e-05  -2.835801477607488325e-05  -1.793451133088140576e-05  -3.380552821640589543e-03  3.856609715690380216e-04  -1.381056577267057587e-03  1.060339856146464094e-04  -1.634413659024418593e-05  -2.604647273652442328e-05  1.103767805382159040e-03  4.041600673067236721e-02  -1.810782123610585239e-04  -1.114063055584222435e-04
-9.379021203351912809e-08  -2.269734986658764582e-05  2.629891787707092063e-05  -7.480359161951139195e-05  3.823036722727607070e-03  -5.434607021778548871e-05  -3.370023497427193876e-05  2.101167102261233542e-05  -3.180643181789912042e-03  -1.002323793714402205e-03  4.133798045823034654e-04  3.664489527307736262e-05  2.672440410131328428e-05  -1.989250175621611679e-05  1.336105325369913279e-04  -1.811040297199128298e-04  4.236522284617071782e-02  2.349425992652907393e-05
7.577625742755798866e-03  -6.787486369057102876e-05  -5.738751740592378111e-05  5.740796442510629155e-05  -2.924188872656622660e-05  -1.995689176850437650e-03  3.991556791433641116e-03  2.535158458525168385e-03  -4.591823380967032447e-05  -6.455688585223153149e-05  -1.707120007969402332e-04  8.466734396583115371e-04  -1.123518044839673857e-03  -2.640287020031849936e-04  5.507165052437232734e-05  -1.114526840861476627e-04  2.337944890085554825e-05  3.984359026595148123e-02
