4.542759793993942502e-02  -1.553767121447885175e-04  -8.791358514923979580e-05  5.630256958445421641e-06  8.758417551534288079e-05  1.264652655638789794e-03  3.504679256118697905e-02  4.712345598108376682e-04  -1.222371637130923198e-05  -1.176955369863662182e-05  -1.052387611726052360e-04  2.430991010960430068e-04  2.219823481402230167e-02  -6.306471538612238052e-04  1.001537324627516162e-05  3.077950507411444708e-05  3.383145304691632249e-05  8.233680995619699697e-03
-1.557832021477794412e-04  4.565581725878843644e-02  -5.085103806257872176e-05  9.013240225107966447e-05  8.409960321545671995e-05  -1.225251985576073996e-03  -7.317049866737446737e-04  2.222227654007832842e-02  1.579565944069750671e-05  -1.139705403050964076e-04  -1.488801048486054085e-04  -7.927036164965905671e-03  4.966876823495155373e-04  3.487213242514115158e-02  3.085066968408793961e-05  -2.531096137465822958e-05  2.589022715125904620e-05  -2.754038096680045365e-04
-8.820062563117868836e-05  -5.089197220476669476e-05  5.073459436275955942e-02  -1.345042525737449521e-03  1.685375381191143128e-03  -1.029826438590893464e-04  6.319530145059443368e-05  -2.146611621420126427e-05  2.274737571512518500e-02  -2.175342147847023067e-04  9.270115160565662107e-03  1.989948649540258015e-04  2.614779674129380917e-05  1.765455029266199100e-05  2.292511794934963543e-02  -9.710196749868098970e-03  3.346384077562295959e-05  -5.224359242813630700e-06
5.600931005039460459e-06  9.013270164508931635e-05  -1.344979725350949713e-03  3.889591620458464349e-02  2.013353770617942932e-05  2.467529174161053624e-04  6.529987040037361511e-05  -1.969435295656189375e-04  -4.859945401014019797e-04  4.631678125773157698e-03  -6.174751481550741798e-04  1.578971008893424223e-04  -8.877207807715420829e-05  1.372884945554950849e-04  9.582812074292281976e-03  -1.884535770898056227e-03  -1.612253555288373295e-04  -4.932515129633792498e-05
8.731606164209935897e-05  8.421871544471167903e-05  1.685766455164544294e-03  2.080390038454281313e-05  3.875447903693523405e-02  2.704555718508444128e-04  -1.794328706330680125e-04  -1.359683901025719190e-04  -9.423554323005459837e-03  1.397669276965745786e-04  -1.429318763979576818e-03  -1.366792084414303660e-05  -2.166587816614186547e-05  8.653367724438967119e-05  2.448795967985964743e-04  -3.123291217084360515e-04  4.438523630258333144e-03  9.143591819399688670e-06
1.264609364873657202e-03  -1.225188382486542757e-03  -1.021163166075349986e-04  2.465267856393814089e-04  2.704530082388920792e-04  3.680822093867766598e-02  1.160142314736297862e-03  8.750804714241755197e-03  1.645333499275547246e-04  -1.778967851560670399e-04  1.001828338089744383e-05  -1.857726381863405562e-03  -8.520366338783003091e-03  -1.291046379241435468e-03  -1.296829515724492138e-05  5.569033357474308110e-06  -3.712642694152307947e-05  -1.856473257319359591e-03
3.504675903383263486e-02  -7.321279364490786059e-04  6.337121520758792943e-05  6.509940661926613865e-05  -1.789965192603920684e-04  1.160407085272458384e-03  4.518759631689047568e-02  9.988434362889343603e-04  7.100873769788325698e-05  2.722762123422317089e-05  1.225222904269677841e-04  2.797638400343009472e-04  2.133182005636103176e-02  -2.801690653528259630e-03  4.791187357885227944e-06  -6.760035197419154930e-05  2.743783842975184981e-05  4.726374574008106871e-03
4.705164478933250008e-04  2.222287765232451584e-02  -2.147154319880342722e-05  -1.968359784054493731e-04  -1.360266266696826193e-04  8.751109721031848782e-03  9.997190847775107910e-04  5.078171856091269476e-02  -4.428252211209207303e-05  1.521354391880059696e-04  7.775605362192119932e-05  1.519311921817603122e-03  -6.162088266695776168e-03  2.117481897988678086e-02  -1.502698653540200294e-05  3.998504694696271972e-05  -3.112941465894335084e-05  2.483849802089511342e-03
-1.195052903280862301e-05  1.589120007105053434e-05  2.274737095065403059e-02  -4.859812365746335482e-04  -9.423446858814518018e-03  1.642072095019017565e-04  7.095657718674254987e-05  -4.423538657340674133e-05  5.170418670484144830e-02  -1.209724015972372561e-04  -1.680593786660251237e-03  -1.484008301279230010e-04  -5.500656827181845841e-05  2.962864002877684897e-05  1.578656288081996609e-02  -4.038036440346086040e-03  -3.646085020463719559e-03  8.066399289199528599e-06
-1.220090413719790884e-05  -1.144294323039814291e-04  -2.171284711329818829e-04  4.631693644065721857e-03  1.393023503413542367e-04  -1.771994583825295063e-04  2.684822503520407157e-05  1.521992495789580566e-04  -1.211724825433803057e-04  4.196039465772181259e-02  -1.891723688833504987e-04  -2.407156904771970266e-04  4.787395855621162633e-05  -5.704520165647195050e-05  3.623302030064640133e-03  3.367335044438284270e-04  -1.171342421489230366e-03  5.682792239297797330e-05
-1.051319517191497171e-04  -1.499630312916332120e-04  9.270055212097682434e-03  -6.180095333609879555e-04  -1.429258651955945267e-03  9.738627584477723543e-06  1.226246407272381627e-04  7.746086296133198484e-05  -1.681018858896840421e-03  -1.891977892238055014e-04  3.917379942880854643e-02  -2.482923720333944889e-04  3.524209886278355247e-05  -3.409408443845139138e-05  3.911504318210779450e-03  -1.904131762230884192e-03  4.600091009351806710e-04  1.497667250428472553e-04
2.432087069834877775e-04  -7.927044745129112335e-03  1.983482377900197904e-04  1.578767177871119381e-04  -1.332663676885366351e-05  -1.857929719190575283e-03  2.795382028871337622e-04  1.519854765610502683e-03  -1.476724437762300698e-04  -2.410947041076519500e-04  -2.485695944874685009e-04  3.879877261600647026e-02  -2.685661437103430919e-03  -4.400172341290238195e-03  6.369731420400855191e-05  -8.639499116394318366e-05  9.312423930638402981e-06  1.340771661063117374e-03
2.219788712814377632e-02  4.964501889720689554e-04  2.595204047419783720e-05  -8.836697400463782218e-05  -2.153238391535059040e-05  -8.520264911683063727e-03  2.133206621056413232e-02  -6.161855293818021932e-03  -5.515043966643524303e-05  4.806573700905700225e-05  3.435841423206700151e-05  -2.685738546960942698e-03  5.038457536958449584e-02  9.326493281248796107e-04  5.993316202179117798e-06  2.899432743181012056e-05  -6.086359985422992372e-05  -2.364797631278169141e-03
-6.302580181409263380e-04  3.487224591013284719e-02  1.784456629137775723e-05  1.370619530778257342e-04  8.668764515258133333e-05  -1.290382774728191179e-03  -2.802215115496943000e-03  2.117548283415930307e-02  2.957896566288251283e-05  -5.663374288094473236e-05  -3.307086304522880913e-05  -4.400296624895924658e-03  9.324255119509229162e-04  4.567974298638148578e-02  -3.772998943649097484e-05  2.136473116712556402e-05  3.600330129960891954e-06  -2.209075243099909900e-04
9.654650420038004893e-06  3.097465355394514610e-05  2.292505204826628118e-02  9.582782444166203575e-03  2.442367847168626675e-04  -1.264648995722097803e-05  5.021965684331744666e-06  -1.495923980840849800e-05  1.578653382393560914e-02  3.623240203572848477e-03  3.911667083699436019e-03  6.354586594140628365e-05  5.334029603452305438e-06  -3.771695238103859828e-05  5.133877261929344071e-02  2.387474095262052693e-03  4.406003125393995017e-04  -1.321597359201712541e-05
2.951205030283739734e-05  -2.624628135028449303e-05  -9.709510389757255305e-03  -1.884785945118373036e-03  -3.120721044904836922e-04  6.219244022481775738e-06  -6.845018151533377991e-05  3.965438862173841059e-05  -4.037773207269500751e-03  3.368859670494275533e-04  -1.904463537986601568e-03  -8.611048760145137643e-05  2.871250389387225462e-05  2.050233682464998338e-05  2.387908961977733367e-03  3.824044206864148088e-02  -6.038445569480876659e-04  7.595647741701430384e-05
3.380050704487111825e-05  2.556654130599654627e-05  3.384501982949561527e-05  -1.614010618687684992e-04  4.437848829975679643e-03  -3.684188416002045471e-05  2.794052884490893878e-05  -3.137644504043585170e-05  -3.646322018578003737e-03  -1.171180511846665060e-03  4.602779281502784609e-04  8.863664288335361088e-06  -6.050803548762306427e-05  3.423923310372602607e-06  4.405410679028015685e-04  -6.030950339540664448e-04  4.218637839956059649e-02  -6.043598759122083839e-05
8.233553170497882531e-03  -2.757152009630815153e-04  -5.639427833974575160e-06  -4.849396348317025870e-05  8.518962153399422112e-06  -1.855596955805769539e-03  4.726318217668536159e-03  2.483925387179497339e-03  8.539073789211902032e-06  5.685635610529062663e-05  1.506148666751326256e-04  1.340686062144886680e-03  -2.365012097092624842e-03  -2.209204578460309098e-04  -1.195156177069920968e-05  7.524526196964370672e-05  -6.014206851678617220e-05  3.753104252976906946e-02
