4.626987668718972324e-02  -4.305064050812006668e-04  2.814255874411770791e-05  4.238771886498900556e-05  3.349317717839999585e-05  9.033179785786279049e-04  3.391287528116230382e-02  6.105067218367336412e-04  2.706761381917158779e-05  -4.221386307572053533e-05  1.178529552918505298e-04  -3.557935872151309856e-05  2.122343489110336753e-02  -5.522689775334365401e-04  -2.542637477321628908e-05  5.790958922533778964e-05  -1.420432567593535333e-04  7.618434676024085118e-03
-4.304009390157987648e-04  4.631944802972576963e-02  -9.453238035100167982e-06  2.342724656529630839e-05  8.832815845778954514e-05  -7.982864441024564630e-04  -5.502129483846107628e-04  2.108198802156004137e-02  3.387262681853755547e-05  8.264341484211975013e-05  -4.921437271429576700e-05  -7.501998616278922165e-03  6.939026219451986145e-04  3.391556686717488861e-02  3.645258570828942778e-05  -1.704050422025378975e-04  -3.395175193427546554e-05  1.685804494487612914e-04
2.807433109337530071e-05  -9.446868712483207024e-06  5.131143754175610666e-02  -1.129642630329786342e-03  1.103195717898363759e-03  -6.525289009675651862e-05  2.551815016796762087e-06  -3.417515451043967757e-05  2.160997564198700524e-02  -1.166020726664981097e-04  8.616360225724824240e-03  1.623624847809105253e-04  -1.097723525304596635e-05  -2.031965829290680842e-05  2.167696523026775221e-02  -8.858074509063906116e-03  1.823930226622480142e-04  -1.466746457842924272e-04
4.218951331940306866e-05  2.345550819798773541e-05  -1.130129791724778518e-03  3.985956108968146533e-02  1.125959020153261762e-04  -2.614958128354452559e-05  -5.290832789019867812e-05  6.592268055777152460e-05  -2.646079956145457588e-04  4.164759319232125626e-03  -3.992982948496597408e-04  -1.255637708491139548e-04  4.693666262771972554e-06  -1.002332927510720827e-04  8.668092462522937122e-03  -1.566212462942715615e-03  7.550988287816681310e-05  -8.202285671787462921e-05
3.349710085571771991e-05  8.819435678529492827e-05  1.103221680939450375e-03  1.126175207634597081e-04  3.982649395995391944e-02  -2.299734937444722300e-05  8.997617972938959504e-05  -8.902293848167862963e-05  -8.736915690850015695e-03  4.403219336861586631e-05  -1.503878465198118684e-03  -2.433732160821652993e-05  -2.182350656869354918e-04  7.781489800264882839e-05  3.364705318010344790e-04  -5.417323387680314864e-04  4.059315868081716724e-03  -1.495699323501084447e-04
9.038389833005204500e-04  -7.977819617432867997e-04  -6.472377779018063351e-05  -2.611499859463235968e-05  -2.316489044118303140e-05  3.813735890012133478e-02  1.228230112820645481e-03  7.872615960436242163e-03  1.544395999485940357e-04  9.265637244386936702e-05  1.614444990830146427e-05  -1.597188943934786925e-03  -8.150398942928984564e-03  -1.161839028574505623e-03  -1.780161649709181157e-05  -5.232158008621010797e-05  1.784910808653428736e-04  -1.834381373961426875e-03
3.391263792428744067e-02  -5.506039269048772743e-04  2.510873737501949912e-06  -5.290257378811730985e-05  8.985561509863006994e-05  1.227760980317387863e-03  4.610101096436938078e-02  6.364046658530948027e-04  -6.092514930963713365e-05  3.983466066767455809e-05  -9.579060360253546964e-05  3.924883181851622190e-04  2.021419267727960975e-02  -2.627476610889223872e-03  -2.621216746358791262e-06  8.026778003024248750e-05  -4.019891193032942432e-05  4.195318820101088565e-03
6.101345534249855498e-04  2.108221428426721583e-02  -3.418547836712696928e-05  6.586552301669885924e-05  -8.888067321542136000e-05  7.872604177581623078e-03  6.365815791244176878e-04  5.121022244536647949e-02  2.437502734140238507e-06  -9.837331904160741118e-05  6.227365742864443359e-05  1.162362690469932432e-03  -5.759872857770195233e-03  2.016886356184286605e-02  -5.243729833398071168e-06  -9.159621006847802591e-06  4.867535824212554363e-05  2.634780784326371406e-03
2.706609646928822725e-05  3.433044559752408735e-05  2.161023991206547853e-02  -2.643490288486772307e-04  -8.737095730765438023e-03  1.548719326682739938e-04  -6.086933877441207683e-05  2.425235822614642062e-06  5.209832729484512731e-02  -5.198453966654248625e-07  -1.206124345789512300e-03  -1.074854647563137884e-04  1.312203051504407509e-05  -7.324254934843151538e-06  1.472346371227986790e-02  -3.294887772113404712e-03  -3.207492829779797112e-03  1.124913755289829142e-05
-4.218642670127897116e-05  8.310641297272188324e-05  -1.167241442454989436e-04  4.164534858207988299e-03  4.406415794108256589e-05  9.250405795172795078e-05  4.020007385088961806e-05  -9.816143325575348250e-05  -6.825972571459606515e-07  4.216447704103324506e-02  -4.477529344523258124e-05  1.467871307560717170e-04  -1.301088282359948955e-06  -9.392974254322037367e-06  3.240882928924292139e-03  5.257494757805403424e-04  -9.246208396684717093e-04  -4.321096715733693225e-05
1.182438970820783258e-04  -4.988392574520821672e-05  8.615883795418046928e-03  -3.994099128814832802e-04  -1.503523296657780037e-03  1.556146538645632334e-05  -9.606912169792645334e-05  6.252741710279795836e-05  -1.206751575126482510e-03  -4.464297856851319896e-05  4.010694705739174110e-02  -1.218102996327157075e-04  3.730711467246463280e-05  -6.934189754160142430e-05  3.298907006917112944e-03  -1.130714787023647536e-03  5.478834277141838259e-04  8.435317740632856351e-06
-3.546289670854141168e-05  -7.501972144260701456e-03  1.623629619973369486e-04  -1.256714706675297411e-04  -2.442318979692359969e-05  -1.596848400633514966e-03  3.918721234387746960e-04  1.162838263127010437e-03  -1.071485356755289567e-04  1.467139707538483485e-04  -1.222446647218805701e-04  3.974197399231237798e-02  -2.694994743045932110e-03  -4.062826537329166689e-03  -3.635431076993420513e-05  3.903573504532905497e-05  -1.101695572545266028e-05  6.794764781812535296e-04
2.122367610687116851e-02  6.939567940383932184e-04  -1.116340781742138662e-05  4.762481556446499171e-06  -2.182158468082615163e-04  -8.150289896390860642e-03  2.021389000811270667e-02  -5.759861674545925861e-03  1.332522669826175773e-05  -1.262874453603638015e-06  3.721766034045519465e-05  -2.695487737959937399e-03  5.105433998397911760e-02  5.196126380731672448e-04  -2.480877188368458149e-06  -5.535802437454458603e-05  1.938592942572706513e-04  -1.362467378619461756e-03
-5.520710095647178399e-04  3.391531193305444974e-02  -2.035689420660139024e-05  -1.003048496548941378e-04  7.816721271085797309e-05  -1.161557886088950388e-03  -2.628195265452409890e-03  2.016911897952613705e-02  -7.235327503355245961e-06  -8.975951881535156637e-06  -6.878065909511824733e-05  -4.062839944321458216e-03  5.197086868567470617e-04  4.612380952680992380e-02  -5.776103322450170015e-05  1.175623291740810833e-04  3.805886776288926909e-05  -5.675050528149811705e-04
-2.557740892156631920e-05  3.677795012335333607e-05  2.167680901510131083e-02  8.668287986892429103e-03  3.364564525770097824e-04  -1.778995277296958858e-05  -2.509103679250661765e-06  -5.301437189642720008e-06  1.472380640760811814e-02  3.240614805457235365e-03  3.298978440212085254e-03  -3.639685238888282020e-05  -2.430669869475629482e-06  -5.773221873596663824e-05  5.191832162979328341e-02  1.518502580536627584e-03  -6.385207096615451374e-05  5.196926835027601793e-05
5.759566814104535203e-05  -1.689645894533193973e-04  -8.858179012193061544e-03  -1.565956738790642670e-03  -5.418686936090797140e-04  -5.258322639683372902e-05  8.019834593540901477e-05  -9.046161051700822516e-06  -3.295117928137038330e-03  5.255444636892783478e-04  -1.130733438657868144e-03  3.910806552484920377e-05  -5.548027380297423461e-05  1.178976147582839107e-04  1.518716290416190912e-03  3.960767918160012363e-02  7.727307135794337517e-05  -9.438314728055800980e-05
-1.419713981301878208e-04  -3.359872040311143171e-05  1.819058435387403781e-04  7.528068274306237348e-05  4.059560050531762186e-03  1.794788474961451531e-04  -4.026751161212871222e-05  4.871313912377472861e-05  -3.207497423596931529e-03  -9.246841851844854205e-04  5.477168992698302173e-04  -1.083032660736965190e-05  1.940643320747601364e-04  3.831784051060850669e-05  -6.398262316430939169e-05  7.707755014841394714e-05  4.227232680415936306e-02  2.658944623104271630e-04
7.618722942095715323e-03  1.680346107496678918e-04  -1.471606736575097605e-04  -8.245660117995420489e-05  -1.487531156381513206e-04  -1.834674736057544673e-03  4.194934071394828407e-03  2.634532474671993311e-03  1.167597934691346398e-05  -4.305180105647735437e-05  7.550333614561056532e-06  6.794271132581295716e-04  -1.362765115775759145e-03  -5.672818571309782730e-04  5.186172589688373667e-05  -9.351979145081990377e-05  2.650061184798266746e-04  3.951383150980480180e-02
