4.626832059655052592e-02  5.136073033888698575e-05  -2.094419072292655977e-07  -3.598967975508477092e-05  -2.417882214587013898e-05  1.185445736655311869e-03  3.360431617383983355e-02  3.912695833874423827e-04  -2.549861210604486542e-05  -2.374917613144620203e-05  -1.090803570847099650e-04  8.388722823930289650e-05  2.096879412216727870e-02  -6.369110324270354367e-04  9.586206519851717299e-06  8.720208542638126995e-05  1.033686851875383436e-04  7.896570181243381739e-03
5.190099635138882534e-05  4.709669837423229033e-02  6.905673414338143307e-05  2.800741736975277378e-05  7.613860043156209039e-05  -1.081675639577246023e-03  -2.742348132318991297e-04  2.061928338528059776e-02  -3.097240588860625482e-05  -3.741338800269023470e-05  -1.720966725218817442e-04  -7.357079971137818475e-03  1.772539834218382312e-04  3.328013772989706770e-02  -9.367559388747352797e-05  1.986086240924984036e-04  -1.546154615031554097e-05  -3.246382317686852758e-04
-1.703449165925225429e-08  6.933254356602604510e-05  5.118174356996427893e-02  -1.574353333064119160e-03  8.169023067884460939e-04  -2.994731111448132463e-05  -8.892705240795296126e-06  -2.940927629438609158e-05  2.123986827202557770e-02  -8.301515478861372030e-05  8.453358306705002767e-03  1.805209112330600227e-04  3.367662843692139209e-05  -7.721469099502200760e-05  2.154914615631545530e-02  -8.915793904188246827e-03  1.447519910602885064e-04  -1.176003297580980408e-05
-3.596262298559913526e-05  2.808816810951358668e-05  -1.574793551956773369e-03  3.925167072831617365e-02  -1.394330154017295114e-04  1.182859830052956218e-04  -1.422615756276899692e-05  -3.924923209927511195e-05  -2.758529851954880574e-04  3.926720396862598203e-03  -4.095792509195812585e-04  3.390147810277563753e-05  3.501409513556354429e-05  4.626160664247748640e-05  9.081146851172592488e-03  -2.163660058620983911e-03  9.266915101996606717e-05  2.426652934782849090e-05
-2.430033302191378117e-05  7.613331445894720110e-05  8.168336368937013968e-04  -1.394351529403421220e-04  4.034791877693519324e-02  2.529689357846319746e-04  -1.042554269237720883e-04  2.760382247976277329e-05  -8.560003933010432858e-03  -2.443772295249962330e-05  -1.511090006753316528e-03  -1.059155547818108008e-04  1.028875705890996972e-04  -3.858345350244686502e-05  3.221134891190190609e-04  -4.414598640936039098e-04  3.704089516202245698e-03  4.975833383278045703e-05
1.186286353742196280e-03  -1.081596525537150029e-03  -3.044137115824351543e-05  1.179722632006695532e-04  2.533101427241563584e-04  3.804037223054791694e-02  1.174265762958621269e-03  7.648296682253607516e-03  1.350817424977259546e-05  -6.938259016674038187e-05  -1.011034969306371669e-04  -1.405666476952342498e-03  -8.289638052958759121e-03  -7.085211248588801133e-04  -6.219598617725537344e-05  2.641917331664811108e-05  -1.393001002978634640e-04  -2.413484763567928099e-03
3.360366389790609559e-02  -2.736107874498260799e-04  -8.681100026073761827e-06  -1.413580553608907145e-05  -1.047335739207615977e-04  1.174374044859304586e-03  4.626324907601972458e-02  7.649528802108026323e-04  2.052665998543921403e-05  3.165992907386178551e-05  8.955594981424281947e-05  1.528910406921598979e-04  1.999431266077901503e-02  -3.140519803226665772e-03  1.123456912764874201e-05  -6.086866853892587275e-05  4.834562397815594091e-05  4.065934134586363970e-03
3.912174840807305432e-04  2.061927077775951508e-02  -2.956070125778902850e-05  -3.869409104721968271e-05  2.753962683449612527e-05  7.648443955800655197e-03  7.648979216034907389e-04  5.131256020090880360e-02  -2.250408358031111560e-05  6.199438776849818184e-05  6.253880450762012587e-05  1.143009259767531222e-03  -5.755697988947676078e-03  1.994216469648809470e-02  -3.432765191140728112e-05  4.771385464495596991e-05  -5.202331588237327074e-05  2.414934346709592550e-03
-2.558627458796422881e-05  -3.121631323565169812e-05  2.123994864480320890e-02  -2.756816559481062214e-04  -8.560207909796528278e-03  1.365421663496547489e-05  2.056054142135428945e-05  -2.243834600539616650e-05  5.211093510999448980e-02  -1.583169719526190901e-04  -1.213858727450787059e-03  -9.822934250613976691e-05  -3.614160503406317252e-05  -1.360373852045855807e-05  1.461521469054099208e-02  -3.371302884108045086e-03  -3.110429076805630924e-03  1.043063400046129013e-06
-2.266371425797481030e-05  -3.706986656414925485e-05  -8.291295614758247738e-05  3.926818426107656426e-03  -2.445053302996422356e-05  -7.003281142498594177e-05  3.302430322895613267e-05  6.242762674584122402e-05  -1.581993399549473656e-04  4.224692209367734985e-02  -2.357051434988746827e-04  -1.149110516358712767e-04  1.285481834741505112e-05  -1.567080017304650258e-05  3.245995774936447694e-03  3.333164614330088324e-04  -9.796905751763597403e-04  6.752252568692002814e-05
-1.087106859614308537e-04  -1.724138354470931020e-04  8.453466926951739083e-03  -4.094655299773603614e-04  -1.511114163069323486e-03  -1.006618273274402975e-04  9.035642651225139332e-05  6.434285421344458221e-05  -1.214175332434534824e-03  -2.357161756777572715e-04  4.017660627808893742e-02  -1.401089800220695265e-04  3.220033952156544060e-05  -5.239631983397410181e-05  3.382756748529723231e-03  -1.381024535658857341e-03  4.153590422794627732e-04  1.328595245468813368e-04
8.351674439014764441e-05  -7.356435895786414374e-03  1.805991314719717473e-04  3.376355105017450728e-05  -1.061824951896396128e-04  -1.405444405069269627e-03  1.537482832144717237e-04  1.143349981436025866e-03  -9.851521727808624422e-05  -1.146077779548487026e-04  -1.390916681191483445e-04  3.986325919320130029e-02  -2.470075647666374486e-03  -3.825401806413158880e-03  4.420497071032062242e-05  -3.460480832070273323e-05  2.481349765981087372e-05  9.554046547659222292e-04
2.096932380854196407e-02  1.765552755943183686e-04  3.363211130237776819e-05  3.538943080727242695e-05  1.027691335446731681e-04  -8.289983570757141970e-03  1.999388288388439031e-02  -5.755804055480075176e-03  -3.584615238380940320e-05  1.283887075424839031e-05  3.238758334545073394e-05  -2.469943289327678187e-03  5.091752418869923552e-02  1.015585612642412334e-03  -2.634457597457714244e-05  1.136879255249995737e-05  -1.617596097002859800e-04  -1.711661119836584621e-03
-6.370409228071310156e-04  3.328018891458345285e-02  -7.690558262441043731e-05  4.696485078247069142e-05  -3.815254496756367370e-05  -7.085942944732325811e-04  -3.140146471219273580e-03  1.994210643040839406e-02  -1.369140617717230997e-05  -1.565820660153979205e-05  -5.234130806962186802e-05  -3.825358780302513632e-03  1.014801473474664277e-03  4.677493969503439264e-02  1.340277674290413993e-04  -2.267092041570070964e-04  2.280582335610315152e-05  -4.970988585414409599e-05
9.297758445163931449e-06  -9.395363501599321215e-05  2.154899849912673970e-02  9.080873275166623584e-03  3.218159056468414096e-04  -6.219480230641057897e-05  1.153968297227704615e-05  -3.439225625528596469e-05  1.461544955696060001e-02  3.246054732727896540e-03  3.383044193555052176e-03  4.510120282519540101e-05  -2.663100526927427098e-05  1.345849306505955256e-04  5.176606316996932439e-02  1.635805462425219152e-03  6.380129248182522556e-05  2.409603855222114619e-05
8.761062137731744862e-05  1.986161628052100791e-04  -8.915901326990254699e-03  -2.163681721452208068e-03  -4.414167758742960478e-04  2.633822598728767104e-05  -5.965141757972646186e-05  4.792783933888911926e-05  -3.371179032737833033e-03  3.332663099148192617e-04  -1.381029197170077554e-03  -3.397327040237424673e-05  1.096036419631143480e-05  -2.268609413387620186e-04  1.636436403419047527e-03  3.960568502256214124e-02  -9.559455637480094659e-05  -5.175420289946233384e-05
1.031208950884637452e-04  -1.550123360763523952e-05  1.446803157262651230e-04  9.280396143480701063e-05  3.703892480521000456e-03  -1.390780971312180524e-04  4.896661981334187130e-05  -5.235661212662706064e-05  -3.110395850720281286e-03  -9.796170973790721548e-04  4.155016807553494219e-04  2.547487141414319313e-05  -1.623179904652880315e-04  2.239195438654021178e-05  6.382058745365506590e-05  -9.566892053186627483e-05  4.254429229707885896e-02  -2.210259234453278740e-04
7.897414809725696386e-03  -3.256480088168475849e-04  -1.204452820100861069e-05  2.495696712443241439e-05  5.005039804576588025e-05  -2.414255137219453815e-03  4.065577102544537871e-03  2.414665922540447113e-03  1.116496835565746731e-06  6.758350034048688990e-05  1.319690119865968108e-04  9.559040742584141298e-04  -1.712245854049113157e-03  -4.872694803204087176e-05  2.433136194521458141e-05  -5.113514750895488414e-05  -2.203797933716536775e-04  3.905123594027180151e-02
