4.589424367552510237e-02  -2.481621657027002726e-04  -3.168277812621750648e-04  -1.301260225606581966e-04  4.144768407952869032e-04  1.394101550706759946e-03  3.469117540509734920e-02  4.924952942960847012e-04  2.812642387408677150e-04  -1.622527201538573428e-06  3.823257457280129063e-04  3.208425496423083947e-04  2.206605326947249507e-02  -4.713004515542583580e-04  -8.592672821253553698e-05  2.367444700196707217e-04  1.272888689859045472e-05  7.828248243054294897e-03
-2.480485404334479465e-04  4.543643845995905955e-02  1.098582088427376633e-04  2.997655120196602457e-04  8.351351604595642615e-05  -1.441966276877062981e-03  -7.966080497958832104e-04  2.238448892292119533e-02  -1.096354183508394813e-05  1.852020469715221916e-05  1.367989794627565676e-05  -8.430172491335492790e-03  6.716086373625469340e-04  3.488234511649836861e-02  -6.240840148636817475e-05  7.445115266346107854e-05  -4.993786184855539246e-05  5.220505156268473760e-05
-3.162050086551314201e-04  1.095955501461747742e-04  5.045582507211133355e-02  -1.502343885016814776e-03  2.061140674204996887e-03  5.121290394796897832e-05  2.658731906812257127e-04  6.732759994748742903e-05  2.299455864198438754e-02  -1.095784597347782821e-04  9.649562171390986889e-03  -2.267274665492690798e-05  2.120824467812676880e-06  -1.754303007966674329e-04  2.274569460951954281e-02  -9.269017595460619235e-03  1.865778017792526361e-04  -1.741921609989055205e-04
-1.304636534952673273e-04  2.987737467394470316e-04  -1.502653169850368857e-03  3.891599325346702110e-02  8.136523462597094580e-05  3.976627758833259732e-04  -1.284900217534667153e-04  9.987463609675033196e-05  -4.699088056866803503e-04  4.355340498991456741e-03  -5.719979945833122796e-04  4.205782953366193612e-05  1.945812106401355280e-04  -2.025670106713030208e-04  9.554867658948494602e-03  -1.592694637187886406e-03  -1.366652758398182992e-05  7.216656814234837893e-07
4.139816047551386595e-04  8.298255338154070433e-05  2.061094054057803666e-03  8.098994420093613960e-05  3.808720064489661689e-02  -1.455564489117750491e-04  -2.884238515505243216e-04  -4.145396771500060537e-05  -9.861283988923021798e-03  -3.087468955361981370e-05  -2.047723712626314720e-03  -3.955684249329326094e-05  -1.050163904369489379e-06  -5.384150554207954088e-05  4.773784171224510365e-04  -5.859703071291927400e-04  4.670594750252869513e-03  3.694901865493012763e-05
1.393648293725368833e-03  -1.442371533709789705e-03  5.115402119685571119e-05  3.975499959489097400e-04  -1.457065821877208606e-04  3.616449900945867962e-02  1.338607981841806981e-03  8.900105748452853682e-03  4.700003350177962190e-05  3.405773383753090571e-05  6.880732012938796803e-07  -2.332572402157060895e-03  -8.498302764835416467e-03  -1.622010811993222562e-03  -3.839189024611525531e-05  -7.556370174739278790e-05  2.780581275756383196e-05  -1.548183475893893804e-03
3.469120945321366167e-02  -7.963883738782197037e-04  2.670275714294724012e-04  -1.279803994646362599e-04  -2.892963522989167946e-04  1.338773754737637971e-03  4.557942695776653896e-02  1.084268420678251342e-03  -3.930558406655212012e-04  -4.703673228239124430e-06  -3.086143551602787602e-04  2.309004612834753131e-04  2.124799030649195467e-02  -2.882173045232457997e-03  1.028413016924726805e-04  -1.499037658031015467e-04  -1.396860897075935710e-04  4.319680500616694153e-03
4.921054500815292892e-04  2.238479525616993843e-02  6.710331139570462977e-05  1.003799677919267261e-04  -4.083353108432998300e-05  8.899635478230647281e-03  1.083919264044253938e-03  5.044344755063750324e-02  5.049967480488410927e-05  -1.738474326900119710e-04  5.829071327739295101e-06  2.017950937789830292e-03  -6.090955636330206736e-03  2.131546729532931769e-02  -5.882365101591702629e-06  -1.719191544606775163e-05  5.625157098240864622e-05  2.809073717528729180e-03
2.812099156312781924e-04  -1.097012790413570295e-05  2.299508122805534946e-02  -4.694091783285268631e-04  -9.861660051032906590e-03  4.795513842059787756e-05  -3.931002774210087054e-04  5.047647417874687512e-05  5.134302977798173989e-02  -2.314653558565977771e-04  -2.152129908390823521e-03  -5.057805126929231830e-06  9.495171833785301981e-05  1.373498022486202632e-05  1.578131032503559197e-02  -3.862431821324104151e-03  -3.672129543825770545e-03  1.008926872696439415e-04
-1.907442667969728236e-06  1.938548456065597201e-05  -1.092443310878973188e-04  4.355291116902941170e-03  -3.157047470856956328e-05  3.354765237719550727e-05  -4.520430912002442273e-06  -1.732339394652651979e-04  -2.312191440026716406e-04  4.224116847847422113e-02  -3.122828268074866144e-04  2.064162167189004043e-04  -3.052951598669159802e-05  1.714095971373302967e-05  3.556848850193989470e-03  5.462646779867576371e-04  -1.127678017788735125e-03  -1.278897154097552485e-05
3.810185204189046426e-04  1.479572142790298834e-05  9.649413835274079851e-03  -5.719235572613933947e-04  -2.047799735950075941e-03  -7.428480129089297735e-08  -3.082217723713348741e-04  6.164091794307360806e-06  -2.152924436203756779e-03  -3.129447993545640444e-04  3.859449570785541961e-02  -3.569001218318743431e-05  -3.195882831599262692e-05  8.150673181484666585e-05  3.928785357925241271e-03  -1.809376878554270693e-03  3.741311626039424496e-04  1.646785062639373793e-05
3.213100329859573884e-04  -8.430158474099943428e-03  -2.271319759274880785e-05  4.207411689406340269e-05  -3.954453934605864514e-05  -2.331955134085234808e-03  2.317275807779308600e-04  2.018531999091801102e-03  -5.183450415982751157e-06  2.071517549021191236e-04  -3.603542910025188883e-05  3.815357633377892271e-02  -2.629765864371464215e-03  -4.530190516737560638e-03  -1.448265107635983255e-05  1.499980925735249187e-04  4.873188704001430859e-05  1.212479076126598112e-03
2.206551427766629062e-02  6.716771004371430587e-04  2.015540200377022986e-06  1.944528067846330659e-04  -2.823944818552770447e-07  -8.498642683336318782e-03  2.124771059243070817e-02  -6.090796046257921856e-03  9.478943280730462025e-05  -3.085251907204706576e-05  -3.196250633896579468e-05  -2.629761068546862188e-03  5.079913238593870839e-02  9.234223860186613949e-04  -3.141704945996336108e-05  -6.352684646199904610e-05  2.838569885569982513e-05  -1.430165658523187104e-03
-4.716133431851945220e-04  3.488197910590321027e-02  -1.756361452270225839e-04  -2.019671714320310594e-04  -5.492080149000532142e-05  -1.621501303925741797e-03  -2.881868362277272087e-03  2.131584732146499586e-02  1.379119683036270536e-05  1.714127869090673447e-05  8.222647089183054200e-05  -4.530164735438381787e-03  9.238567551540916283e-04  4.526038214927015357e-02  1.465726363106065601e-04  -1.034161409844601908e-04  1.554632045125392427e-06  -4.220861576059849142e-04
-8.592227534688492237e-05  -6.241832124488571145e-05  2.274560479547121927e-02  9.554891506883341976e-03  4.773848003540519898e-04  -3.804409768359124749e-05  1.029736202556233297e-04  -5.836971651964993246e-06  1.578135237855156359e-02  3.556693816132089955e-03  3.928501358633193496e-03  -1.414672539184739029e-05  -3.134986102215604693e-05  1.466012639334516470e-04  5.174454495927733461e-02  1.663361008370602741e-03  1.036979812548716483e-04  5.400682369005879800e-05
2.364377091607743606e-04  7.496273164225401582e-05  -9.268502623941883914e-03  -1.592366448768626867e-03  -5.860331064403864710e-04  -7.579884399248041802e-05  -1.501999339394703324e-04  -1.569118532057656168e-05  -3.862510706245340843e-03  5.461174299887756401e-04  -1.809480814408859174e-03  1.508126951249710173e-04  -6.445402251158424765e-05  -1.021316098330333436e-04  1.663865218819377380e-03  3.922135578692238084e-02  -1.434106612980438151e-04  -1.418066137121151888e-04
1.232817390804274952e-05  -5.056187698422292539e-05  1.862748690616849198e-04  -1.401142685436755514e-05  4.670925796568759988e-03  2.742345180007467925e-05  -1.394774812037406113e-04  5.614694931788129744e-05  -3.672075214510859935e-03  -1.127734486668686498e-03  3.745406405554725171e-04  4.925295508616207634e-05  2.735890211891137629e-05  1.381356926522117510e-06  1.036640493529066920e-04  -1.432169071907402188e-04  4.186689989630062309e-02  -1.544681367122761152e-05
7.827481560715039352e-03  5.238305441271591328e-05  -1.742939614754353262e-04  7.750145840674819054e-07  3.697274108067136850e-05  -1.548331577704077514e-03  4.319232912917816102e-03  2.808870090293528066e-03  1.004971408726167234e-04  -1.252477619054151679e-05  1.674339499978955565e-05  1.212553250946778443e-03  -1.430468317831924902e-03  -4.223844999962372707e-04  5.357536906262247791e-05  -1.418108692239764056e-04  -1.585631712865833391e-05  3.886826684828242895e-02
