4.559702972737991050e-02  -3.246460999098590267e-04  -4.068100005163737714e-05  8.872660387522988132e-05  1.253833581465046564e-04  1.327449482366013962e-03  3.494527892654882700e-02  6.594116352807040653e-04  -1.288786114287030535e-06  -8.623093925694330227e-06  -2.221952514157612732e-05  -8.712829053684171968e-05  2.246143985148933361e-02  -5.807867148800042794e-04  2.329776276818515250e-05  -1.166285245864289517e-04  4.750306494325996847e-06  8.603261876015330656e-03
-3.251947136552530608e-04  4.575970227763345027e-02  2.308589502290061754e-04  2.525678488952254178e-04  -5.825475149767613529e-05  -1.260638415541083437e-03  -5.414978827927904165e-04  2.220599462909606317e-02  5.272764351755494295e-05  2.127137676219617574e-05  1.175874666083581233e-04  -7.983807476949681889e-03  6.466082722421186190e-04  3.486020298702445508e-02  -2.102304008483824255e-04  2.562287798665622792e-04  -2.297439348815437587e-06  -1.024399025310722839e-04
-4.054110449345794389e-05  2.310935238356100121e-04  5.056132199130696642e-02  -1.490302064537020032e-03  1.454198579478965326e-03  -2.076914741474296665e-05  5.872530666356046234e-05  -1.856828768551649429e-05  2.290825283524758685e-02  -3.118757351801262814e-04  9.476550537088518009e-03  -1.033718363940310301e-04  -9.778788645252161998e-08  -1.837574213079045478e-04  2.324437406333245901e-02  -1.019280916055048843e-02  1.588485222083318418e-04  1.347251736050591293e-04
8.905805578855074045e-05  2.513748829787994070e-04  -1.490247826636888380e-03  3.847014030115732119e-02  -2.333309534779303622e-04  -6.718218284145427920e-05  5.271046101695722985e-05  -4.624039015221746316e-05  -5.453698460133727223e-04  4.943118890217740487e-03  -6.592092647292725847e-04  -3.361368930676396919e-05  -1.468533479775470439e-04  -2.191253493018161501e-04  9.657281082554456525e-03  -2.157570944751025822e-03  1.574307536566686775e-05  8.134625657044085748e-06
1.251357848062010516e-04  -5.825588084652019857e-05  1.454431854088262957e-03  -2.334620452266976398e-04  3.891524409561337300e-02  -2.237403677481372222e-04  -3.490310295304059114e-05  6.520420469663729319e-05  -9.530829067732228890e-03  2.555064503038811680e-04  -1.635712752303722459e-03  1.469349185269955995e-05  -3.723627654654721190e-05  -1.462806856999710218e-05  3.690635117450398852e-04  -4.365152698538921116e-04  4.466060501617967644e-03  -7.978287331886250121e-05
1.327209712899239192e-03  -1.260393503039116715e-03  -2.030339593142141925e-05  -6.711744907749163879e-05  -2.233397819072605343e-04  3.644816284846998100e-02  1.489679067266949869e-03  8.502172462221324264e-03  -3.011530579198430971e-05  -2.783130322469833258e-06  3.440367072699491611e-05  -1.590232255978149285e-03  -8.913373534651191851e-03  -1.386900697032062433e-03  1.276262279355388932e-04  1.344810976833601956e-05  -2.703762936461617699e-05  -2.354614741803695826e-03
3.494534287314873811e-02  -5.418222819869330078e-04  5.856139410173438460e-05  5.258846164867004831e-05  -3.487142478206045685e-05  1.489669609263816370e-03  4.531613358147752041e-02  8.965870684791601812e-04  -1.041675799060575076e-05  -2.230191711286661223e-05  -1.411100302011207307e-05  5.294442308870015833e-04  2.149082784444662775e-02  -2.919116992587203648e-03  -9.396111247037197827e-06  6.096905486046014022e-05  3.067047970968547039e-05  4.622359509124999467e-03
6.595737277492558183e-04  2.220530025786375192e-02  -1.865113171611516206e-05  -4.610722834772220492e-05  6.517206225642761201e-05  8.502609242722858687e-03  8.961379148680127023e-04  5.064395366867970733e-02  1.146492194092292761e-05  1.869461417931362961e-05  -5.587903883031233605e-06  1.705809504047334441e-03  -6.129043738603766507e-03  2.134795721373487082e-02  -5.743286364716142440e-05  2.333935516975815463e-05  -9.990192409258330194e-06  2.613405583755526191e-03
-1.329833289688720276e-06  5.286317791905526708e-05  2.290828927048501121e-02  -5.448318859860656156e-04  -9.530799738983347993e-03  -3.017959070263720193e-05  -1.026481346458125697e-05  1.136152267373162212e-05  5.166262018738414230e-02  1.703923258804335638e-04  -1.906946051913819239e-03  2.030198052510992217e-05  -1.495544562127855038e-05  -5.874172788626111748e-05  1.576138965407954812e-02  -3.935466469105976597e-03  -3.546637820366609333e-03  -2.722241309737584376e-05
-8.928406938956486868e-06  2.045102677234901788e-05  -3.119055035366646920e-04  4.942914167403818747e-03  2.556515315660938992e-04  -2.398688790658954998e-06  -2.216552121952169077e-05  1.860495023556853504e-05  1.702775092973410180e-04  4.179525644171024068e-02  2.093395947305932330e-04  1.707685302632942339e-05  4.681805411955255346e-05  -8.186448299210048480e-05  3.666448106700337037e-03  3.688359876938968594e-04  -1.087902592190366589e-03  -1.279360359531047846e-05
-2.167721493662442308e-05  1.173900188513930614e-04  9.476779863667116402e-03  -6.586499794550817934e-04  -1.635613576631836418e-03  3.403151871220369648e-05  -1.421060707728842074e-05  -5.586905210820075151e-06  -1.907387377635755103e-03  2.096783141118121162e-04  3.886944482688681896e-02  4.965845255227353285e-05  5.804545583331153737e-05  -1.187249250775072152e-04  3.886942404084876672e-03  -1.993772166020138167e-03  5.175131960803288841e-04  -7.690101775533653256e-06
-8.745425585130629364e-05  -7.983303814495549752e-03  -1.036263896423464235e-04  -3.341576193296399197e-05  1.532912007681109915e-05  -1.590917941275343762e-03  5.302990004499824172e-04  1.705667010584408687e-03  2.022628971810392414e-05  1.702281990777167856e-05  4.979798402718626393e-05  3.837535361528733591e-02  -2.847412185534876645e-03  -4.389179885591464741e-03  7.303540772578402424e-05  -1.228017669709012506e-04  -1.694939798317099718e-06  1.232327911613992268e-03
2.246173042089525188e-02  6.463748841315133508e-04  -7.617951767894208397e-08  -1.467304873875390186e-04  -3.741260273936573589e-05  -8.912557291383833499e-03  2.149001472575178331e-02  -6.128825940779627016e-03  -1.494083724022507502e-05  4.688108232630109777e-05  5.820459081253013861e-05  -2.848612163174138196e-03  5.015347330551576249e-02  9.538482529138561780e-04  -3.007888366835909344e-05  7.244072307272024719e-05  -1.230628206277568372e-04  -2.413127744236686755e-03
-5.802672444218719356e-04  3.485988564650484289e-02  -1.837891197078704185e-04  -2.196359878088669643e-04  -1.561732428677528901e-05  -1.386489446850174348e-03  -2.919282504486205455e-03  2.134737769681139055e-02  -5.853523430678888375e-05  -8.200041434604206988e-05  -1.183815506665285202e-04  -4.388659945328542492e-03  9.533729811994211571e-04  4.561643226860701700e-02  2.455633510953967539e-04  -1.815014274931752542e-04  6.010726779156589869e-06  -3.970905547425958347e-04
2.355498506900041477e-05  -2.104869306030604493e-04  2.324414666828483744e-02  9.657409744919106045e-03  3.688099182814860060e-04  1.276560068134577558e-04  -9.276443477149077675e-06  -5.734350112282252869e-05  1.576120587775940371e-02  3.666294385369580494e-03  3.886983032981994844e-03  7.270837258300747862e-05  -3.000215869398626108e-05  2.453767856222753541e-04  5.112786813284282000e-02  2.701319582372476401e-03  6.785228759564228816e-05  -9.246516449230714836e-05
-1.174388437432378438e-04  2.547679941011746782e-04  -1.019245663411317074e-02  -2.157165542410640225e-03  -4.362151789008500771e-04  1.337894932962571979e-05  6.058649633596651372e-05  2.344500914624767659e-05  -3.934985396926331432e-03  3.688375663631108213e-04  -1.993787919741454775e-03  -1.223048864903818341e-04  7.248495288575828742e-05  -1.821752951824655168e-04  2.701908299247195860e-03  3.772557392752105138e-02  -9.411088204335705978e-05  1.901766346313756798e-04
4.962188911606990388e-06  -2.367425169615305607e-06  1.584682463364098627e-04  1.573183133289764193e-05  4.466274192361800212e-03  -2.647800553445506884e-05  3.081598013195013829e-05  -9.849649438886459450e-06  -3.546715429649730921e-03  -1.088009460538513599e-03  5.176446077368896141e-04  -1.744133533016799568e-06  -1.234306799626142925e-04  6.392208766262159456e-06  6.755818969332369060e-05  -9.389415090916136675e-05  4.239105263385040123e-02  -1.492674611900407663e-04
8.603419018310446212e-03  -1.025105352741793435e-04  1.351602941778714075e-04  7.659041882784569299e-06  -8.050535040961969866e-05  -2.354379037594443811e-03  4.622612139027042384e-03  2.613481829624646723e-03  -2.737055456207697525e-05  -1.251267321229300001e-05  -8.235686228574190293e-06  1.232017908944370473e-03  -2.413977762786615865e-03  -3.972063057808825938e-04  -9.272708694752563100e-05  1.912462058810428776e-04  -1.491360267549819815e-04  3.763010568577471182e-02
