4.575849791347100931e-02  -5.121256772175256490e-04  1.730992107118183929e-05  2.850300961973885832e-05  -1.275797309792062889e-04  1.328095694474245095e-03  3.426055990161274573e-02  7.522177395899538530e-04  6.198894108042004312e-05  3.298629743601510009e-05  1.991232924033011002e-05  -1.357503995635761746e-04  2.173464086797638473e-02  -5.480003218142235830e-04  -3.945590756713394757e-05  2.094428370807961700e-05  1.020167473697574647e-04  8.019570983253430235e-03
-5.120331637723204207e-04  4.623217292728430683e-02  9.978545462156594584e-06  -9.811749750563513082e-06  -9.296798121549955049e-05  -1.003520673050496996e-03  -5.659561148938476371e-04  2.170808130786231610e-02  -2.626732709346623910e-05  3.841175659547996083e-05  -3.412391431584719207e-06  -7.745303002204294296e-03  6.995275556424813794e-04  3.420585331626230935e-02  -2.649347398250806007e-05  1.136622256227955494e-04  4.192233476286775877e-05  2.474805129666498926e-05
1.689684715165883937e-05  9.622380899262081139e-06  5.066189598826672386e-02  -2.059940316203838842e-03  1.380188436249156232e-03  2.416771032267518504e-05  -4.607308476344616795e-06  -3.813314170711518103e-05  2.201189861351834920e-02  -2.396501547667627711e-04  8.917418606769200728e-03  7.283857719710544226e-05  -5.358225047900751984e-05  2.244955915403505279e-06  2.235251826201506767e-02  -8.927372260445478810e-03  6.337750193951671089e-05  -6.779693698186358385e-05
2.831687505828632746e-05  -9.863678089524214855e-06  -2.059914960922519436e-03  3.818774144367432372e-02  2.294663445913687602e-04  2.243217298221948885e-05  -1.994265162161119889e-05  3.901188866576222191e-06  -5.162282414024243950e-04  4.293012180111819252e-03  -7.396569790742096124e-04  2.767824854890984584e-07  -7.989265394237631045e-05  1.283837030769896742e-04  9.673952750346916096e-03  -1.928563339588194045e-03  -3.879400580764223765e-05  -4.221949910776215582e-05
-1.277284963653906513e-04  -9.279016281108072269e-05  1.380259080362945031e-03  2.295477119317159754e-04  3.964170362090842226e-02  2.033987544899953893e-04  -1.910747131248612801e-04  1.602664433463403797e-04  -8.931796942679759432e-03  6.615499825797249050e-05  -1.448538396672285162e-03  -1.136342731426290422e-04  1.622142311670181879e-04  4.612164239767899793e-05  2.549542004737216606e-04  -3.401604452596143852e-04  4.182135693614441943e-03  1.557418786088401541e-04
1.328300131023704613e-03  -1.003607347572647640e-03  2.417179310280718612e-05  2.269931648440969094e-05  2.038076444817452559e-04  3.673018880259064367e-02  1.560353622896872320e-03  8.361862214551318839e-03  -1.648690904451132551e-04  4.768329133987007278e-05  -4.785179408573134039e-05  -1.756927208697633752e-03  -8.533648576276871289e-03  -1.492343219034005268e-03  6.335573134795435715e-05  -4.628974538826152724e-05  -2.026660038380159517e-04  -2.120028505247267565e-03
3.426071059664709262e-02  -5.658343657346216011e-04  -4.563484947748440155e-06  -2.003338402482713866e-05  -1.918870394636517079e-04  1.560112942164573789e-03  4.565828244182418977e-02  6.598780407949641135e-04  -1.379795114477171868e-05  -5.223826084095164525e-05  -1.880708256425354805e-05  5.167331382695474103e-04  2.069146584728949467e-02  -2.673356468367353144e-03  5.884982897458934317e-05  1.079509971900668568e-04  1.377724507053382393e-04  4.356462863721720195e-03
7.522458054626058113e-04  2.170847967166047998e-02  -3.801363279422338958e-05  3.665655871945073643e-06  1.598189591000437359e-04  8.362044814783873084e-03  6.599530457092111710e-04  5.099753036387139754e-02  -2.503801475778254736e-05  -4.151435560108215239e-05  3.659037204011124990e-05  1.221186718306237597e-03  -5.879918752256622048e-03  2.058397166976034046e-02  -5.471129096622768628e-05  -2.946131562618012074e-05  -7.512206182210233181e-05  2.671057989300729997e-03
6.195154970442321959e-05  -2.611678494718629908e-05  2.201202721764202244e-02  -5.160992834758476198e-04  -8.931858678238065521e-03  -1.648779614381461515e-04  -1.360978741690221778e-05  -2.513991902000771607e-05  5.190709860331225306e-02  1.308694092653890653e-05  -1.535820468658623868e-03  -5.514720608586844874e-06  -5.175074121388554773e-05  -5.955370028856949048e-06  1.519627052824104249e-02  -3.550810759281322442e-03  -3.358114952386277198e-03  -1.731089107030375760e-05
3.321650114064183059e-05  3.886160044782737029e-05  -2.394711211090186451e-04  4.293272714448737905e-03  6.604091719727777461e-05  4.836153292107205846e-05  -5.088171066673043608e-05  -4.152982930812088182e-05  1.310470969865950695e-05  4.204190787523175155e-02  2.189204789217253752e-05  5.695446233902665253e-05  9.354925311945470897e-06  -5.441144731507856431e-05  3.465610114110561323e-03  4.716095000378630621e-04  -1.030806300678088327e-03  3.013355280088995432e-06
2.044295891227028886e-05  -3.659443909190141529e-06  8.917014941058110794e-03  -7.397214976841113036e-04  -1.448311710858236293e-03  -4.815873140319636500e-05  -1.877470328513430550e-05  3.638305071999368940e-05  -1.536328630237553984e-03  2.207795238615296575e-05  3.949460807349297609e-02  -9.380556850222516812e-06  3.129589708356252239e-05  -1.991365074773826386e-04  3.569559563881432359e-03  -1.422854833064106286e-03  5.190644001507950566e-04  -3.647890977844940640e-05
-1.357434786443474824e-04  -7.745819491959640701e-03  7.215603019963685015e-05  -2.921163800343567635e-07  -1.139945111568915737e-04  -1.756985556102333423e-03  5.163052635055567817e-04  1.221550546677287489e-03  -4.626665731033111778e-06  5.723538167675851386e-05  -8.858007105799319138e-06  3.956894596030322703e-02  -2.736014301933913356e-03  -4.147794974990887291e-03  5.109530503460515044e-05  -4.238981750848063937e-05  -5.107371661256208848e-06  8.623957571500684037e-04
2.173475102078406204e-02  6.997250984525999135e-04  -5.365815056334479849e-05  -8.012422954290681146e-05  1.621855870344804807e-04  -8.533158563892580956e-03  2.069127050018055788e-02  -5.879901772004380439e-03  -5.157475924974462274e-05  9.441217975240298171e-06  3.054864443563376909e-05  -2.736233863889008747e-03  5.094442991480433586e-02  6.944785693267324601e-04  -1.417212212976271794e-05  -2.505242161031284769e-05  -1.872777520526740312e-04  -1.464720961964048000e-03
-5.477834166267948413e-04  3.420570397557902431e-02  1.746587149794392608e-06  1.284328942601674827e-04  4.655173532193047659e-05  -1.491789117290959806e-03  -2.673482040791295717e-03  2.058409777061180612e-02  -5.759979813859325356e-06  -5.399995806006820521e-05  -2.004055976875146505e-04  -4.148034308803153283e-03  6.944814385216562099e-04  4.591973127348070172e-02  6.318479333909925860e-05  -1.054306679973911377e-04  6.871382617485021993e-06  -4.361826659759426524e-04
-3.932549426442094338e-05  -2.639443852499999573e-05  2.235248618569367005e-02  9.673678274343858186e-03  2.544600108533709632e-04  6.329360921351484548e-05  5.881131867255902699e-05  -5.475842289576744959e-05  1.519616911416620322e-02  3.465535872204426795e-03  3.569651359991908319e-03  5.106959409095098942e-05  -1.423080885695147562e-05  6.321214825782167277e-05  5.176338812058607630e-02  1.352260677565005932e-03  9.976365602179833997e-05  3.053943020423946222e-06
2.121890812049447502e-05  1.137084580974432826e-04  -8.927326060119466014e-03  -1.928798233204895079e-03  -3.400301681925548361e-04  -4.643888660842154532e-05  1.082978261180105576e-04  -2.981938750249282842e-05  -3.550703870582795196e-03  4.715114085452265990e-04  -1.422940699812683856e-03  -4.186255580947131005e-05  -2.514002080257811156e-05  -1.060891293669536935e-04  1.352844081030253436e-03  3.987596164421570999e-02  -1.599698815499283916e-04  4.137563161699443046e-06
1.023098608087777731e-04  4.171998529724895978e-05  6.322801652092648452e-05  -3.850362815952067654e-05  4.181755867350624156e-03  -2.026791232792389649e-04  1.381793891325840855e-04  -7.515693881548881955e-05  -3.358087966009530231e-03  -1.030779320700143204e-03  5.195501125481573421e-04  -5.702838115544792258e-06  -1.870180089084941179e-04  6.765783621708287539e-06  9.971008930721650800e-05  -1.599104177765267576e-04  4.218881879332159884e-02  -1.769659057621672386e-04
8.019914538028184020e-03  2.476617277194025798e-05  -6.754392560144420498e-05  -4.244881342651787197e-05  1.564539940586497676e-04  -2.119563760405087077e-03  4.356262063836565009e-03  2.670897510784148686e-03  -1.651808813077213682e-05  3.389161248860602120e-06  -3.765836715061574784e-05  8.622948790299692513e-04  -1.464981473506673506e-03  -4.361144472475069660e-04  3.020139661386159228e-06  4.491907166462256462e-06  -1.773919447969942169e-04  3.917831018926145464e-02
