4.578865779024195171e-02  -6.768445500447097711e-04  -5.705203708203028556e-05  1.057511157488396015e-04  1.169796624422495629e-05  1.328898500043002896e-03  3.406333980518117671e-02  8.976847529555875751e-04  1.361906603476279874e-04  -2.848152771900178749e-06  1.512967436019717284e-04  -2.950772169329085202e-04  2.181018620500808913e-02  -5.799039894997781155e-04  -3.798877120443732282e-05  -5.064040657418063658e-05  9.678409545968919882e-05  8.083816757579305456e-03
-6.767527572428621392e-04  4.641637402669907680e-02  1.798094807475074082e-04  1.378591326871277199e-04  -3.199828297301852617e-05  -7.805331140511319581e-04  -4.242929867863880580e-04  2.159590263319086795e-02  5.390323722125260243e-06  5.769877085569796743e-05  2.687228690481255968e-05  -7.889168861874844285e-03  7.115744103742085470e-04  3.397600019517491715e-02  -1.890808763800718372e-04  3.082227575032416424e-04  1.743950473573898329e-05  2.475562145433114403e-05
-5.693832556717996155e-05  1.801468404943588507e-04  5.065892357290264353e-02  -2.160117929297607643e-03  1.379549433597554442e-03  -1.104399427245576017e-04  1.273812390824114263e-04  -3.588098771365569903e-05  2.202994841866387152e-02  -2.016069034778195026e-04  8.975109659921454500e-03  6.825514161570707904e-05  -2.771780800764481051e-05  -1.905375100531533678e-04  2.227226221977176776e-02  -9.104877551550602868e-03  1.337294660093007212e-04  5.261805601746856025e-05
1.058542401685895988e-04  1.382134026234485373e-04  -2.160497492378532849e-03  3.836203271182996033e-02  2.926249681615409638e-04  -1.326236168047219700e-04  1.671166870435714593e-05  -1.337209350361950474e-05  -4.480268595683173719e-04  4.138292660218235129e-03  -6.294474239565115998e-04  -4.642429222149729303e-06  -9.946705228939736873e-05  -1.025766813651036362e-04  9.675855997735367114e-03  -2.113126139129942703e-03  3.445108869794802673e-05  -1.941793618038771154e-07
1.181141037467770666e-05  -3.171742952562718474e-05  1.379819584991087266e-03  2.925523935593163892e-04  3.972989344504659903e-02  1.224634490335244031e-04  -1.324167273345297903e-04  2.476190772780930590e-05  -9.188221718455256981e-03  6.972203669764089192e-05  -1.681325672842346949e-03  -4.204396020104394415e-05  8.765681901279870445e-05  5.310011894014065800e-05  3.331030327650770680e-04  -4.621384689287470282e-04  3.960714990570744082e-03  9.249838721457615247e-05
1.329273172198437757e-03  -7.804705675146199470e-04  -1.102791134367677974e-04  -1.331699525528855395e-04  1.222579092044668333e-04  3.692462436156147831e-02  1.773973263925021030e-03  7.968182083310517208e-03  -5.964072215357353780e-05  2.555472836506640375e-05  -1.651277665653839164e-05  -1.674828009444125770e-03  -8.773409811698489047e-03  -1.396699944675373678e-03  1.189165305314657213e-04  -6.993674511783596137e-06  -1.644410186057105390e-04  -2.428831488137531049e-03
3.406348263378314312e-02  -4.241657029116754278e-04  1.274881501032552476e-04  1.670138689602576398e-05  -1.328337842118971688e-04  1.774203786428541017e-03  4.577744486096896326e-02  5.868988224405634379e-04  -9.124943190882357281e-05  -6.202682476596124306e-06  -1.396248456151727229e-04  5.986847084522375646e-04  2.058988422824983497e-02  -2.669983866346135361e-03  -4.251135853279790590e-05  1.215110257688015985e-04  1.238051843459735428e-04  4.280624285250939423e-03
8.976315832058637820e-04  2.159582384269127450e-02  -3.583791257812969096e-05  -1.251784020678855229e-05  2.537127519318455301e-05  7.968428640897225537e-03  5.869584967923103603e-04  5.083566959619408021e-02  -1.454281882656310519e-05  -7.140683555547993559e-05  6.680251939354392291e-05  1.496381902603824334e-03  -5.962884681013899679e-03  2.055177708915372284e-02  -1.170583516050662763e-05  1.884520119699470647e-05  -5.888388990054249563e-05  2.669734649803861756e-03
1.362486685849426181e-04  5.578294354026936577e-06  2.202974730657337663e-02  -4.481603784326320381e-04  -9.187765517553941191e-03  -5.964923751179712657e-05  -9.138841583726342685e-05  -1.477203254700803727e-05  5.182742564181680445e-02  9.471600688685193449e-05  -1.564433250756873655e-03  -3.280311731904825214e-05  -6.598150875108084522e-05  -9.151610592726618808e-06  1.512271118612102186e-02  -3.558961941783295689e-03  -3.307141418320840628e-03  -4.516588943712672498e-05
-2.587874226867777765e-06  5.680130960734532949e-05  -2.009473645501006227e-04  4.138304567490862229e-03  6.968280292416205489e-05  2.542883039397519156e-05  -5.197230494508670235e-06  -7.221525802662786782e-05  9.494558493964829274e-05  4.227076121561246930e-02  1.430155301522542080e-04  1.284565046648412391e-04  2.295599709653252342e-06  -2.839827407442666515e-05  3.332370975790190700e-03  4.528517620373450551e-04  -9.955299770671420263e-04  -5.385747306527622994e-06
1.512362865116880319e-04  2.545105305379282876e-05  8.975970649705839258e-03  -6.288868940716815402e-04  -1.681467779793620375e-03  -1.675016782205639938e-05  -1.393825369482577900e-04  6.824379566593537704e-05  -1.564684733732588789e-03  1.429641109386151825e-04  3.951517639024903356e-02  -6.444647189113975635e-05  5.737719163366946664e-05  -1.670529521621676866e-04  3.525038382166448096e-03  -1.512167453650274055e-03  5.027552806475613090e-04  3.124845392282097169e-05
-2.957165505786782020e-04  -7.888756479338706121e-03  6.792592088035925629e-05  -3.364663104152376295e-06  -4.255817808125668552e-05  -1.674786540284527777e-03  5.985558156716194039e-04  1.497080748618378251e-03  -3.301167132475947428e-05  1.284861509042769243e-04  -6.374612851557823429e-05  3.916525122846380158e-02  -2.649833919934352095e-03  -4.199289555547196066e-03  3.875938994289938086e-05  -1.608655577828075440e-04  -2.914385720819179405e-05  8.886844873828865900e-04
2.181041453154163381e-02  7.118318281804736445e-04  -2.777866449353573770e-05  -9.948868137289383726e-05  8.774210741334413026e-05  -8.773336206641038984e-03  2.058953128147542055e-02  -5.963095468791741391e-03  -6.588988484917959678e-05  2.750464583522926512e-06  5.659423024349874643e-05  -2.650363457632310283e-03  5.082468446662042477e-02  6.408968165472002550e-04  6.176208162072960718e-05  -2.812625246949577074e-05  -2.433700801469763995e-04  -1.533797816255334746e-03
-5.796566002931433266e-04  3.397587524698684330e-02  -1.903507962982510439e-04  -1.018993375793657145e-04  5.404873788379187081e-05  -1.396693926471829659e-03  -2.670173450158819153e-03  2.055198027862928031e-02  -8.842090139718866197e-06  -2.771258706836345390e-05  -1.670925306080948210e-04  -4.199673664507175101e-03  6.409389444112923015e-04  4.610714940660127353e-02  2.313596463195614471e-04  -2.690470660675939015e-04  1.255428651204872261e-05  -5.340421747950022374e-04
-3.784856286981274454e-05  -1.894241854893110525e-04  2.227197325655193294e-02  9.675452119368694801e-03  3.327515980349034447e-04  1.191665738731203877e-04  -4.235197130689607390e-05  -1.168925028490783775e-05  1.512265036016061624e-02  3.332355032180735459e-03  3.525382229253990005e-03  3.831845506538866607e-05  6.162874353214706604e-05  2.316214591580086221e-04  5.169566147965374420e-02  1.592358278196349085e-03  3.793769573642592877e-05  -2.479189098299720879e-06
-5.080586544903985838e-05  3.083568088783226937e-04  -9.104232723975107591e-03  -2.113424174712129344e-03  -4.624426894450014438e-04  -7.309849234688786401e-06  1.223240105609863741e-04  1.924552579157856995e-05  -3.558783236102929567e-03  4.525175063228717496e-04  -1.511853308286093987e-03  -1.593072758803136546e-04  -2.791699118561960229e-05  -2.680866406698158722e-04  1.592938207760343340e-03  3.954185330242800112e-02  -7.327684336671829357e-05  3.911757370260905838e-05
9.651613959928823355e-05  1.803181458466079269e-05  1.336846879390517966e-04  3.443925916942253596e-05  3.960343216567146878e-03  -1.643311740928083211e-04  1.235406280512869209e-04  -5.894991648420038724e-05  -3.307216614148316379e-03  -9.955292721234641588e-04  5.032123873382526782e-04  -2.977949299341494489e-05  -2.428929094284843198e-04  1.214467498923205036e-05  3.809233034477300765e-05  -7.327313534580705940e-05  4.234425351727955089e-02  -2.822528119712277564e-04
8.083949426709424735e-03  2.473796122144742565e-05  5.318213591540008268e-05  -6.307782338647860003e-07  9.308863910805478196e-05  -2.428983795693611704e-03  4.280471096698823530e-03  2.669657566747606937e-03  -4.525774364400644411e-05  -5.362224350156076527e-06  3.078350217052720024e-05  8.886730032420781357e-04  -1.534302207486862519e-03  -5.341310686184208133e-04  -1.711688172115036322e-06  3.967054350114199157e-05  -2.826874425182574965e-04  3.909843228104851326e-02
