4.578342886581463628e-02  -3.885733364233410163e-05  1.650830790420999914e-04  -9.131588202060104921e-05  -2.334647812618206311e-04  1.381195240571923269e-03  3.486001981414538903e-02  2.815892290622826004e-04  -1.061058061738149889e-04  3.767863593594303226e-06  -7.835522192400302325e-05  5.523409905709826756e-04  2.200437106100597631e-02  -5.276888228756394881e-04  -9.548344526419128494e-06  2.841036841979228733e-05  1.760232512536311327e-05  7.855681087921929928e-03
-3.891779841162232501e-05  4.558698255829655988e-02  -9.962470745718748094e-06  -1.748339901296505757e-04  6.598564831670875322e-06  -1.362001860770634294e-03  -7.952576799181149255e-04  2.224522752257899680e-02  -5.788396066900616517e-05  4.765637466035130602e-05  9.889308655055647598e-06  -8.156624185536021782e-03  5.708026829367100329e-04  3.489975600348852597e-02  -1.956564617466273416e-05  5.089444965147342867e-05  -9.221243087361222484e-05  -6.466922277257163031e-05
1.646327443561548982e-04  -9.755032686478560034e-06  5.067785593092376251e-02  -1.406976808777802429e-03  1.632325732728668764e-03  7.316234493561892872e-05  -1.938954240360408988e-04  4.048190529753557251e-06  2.292011106995436864e-02  -1.045754807289143523e-04  9.745491972563810959e-03  -1.620782577372236353e-05  7.271326493141413441e-05  1.039353964353210061e-05  2.268939170057060126e-02  -9.128043231115691436e-03  1.100597185515258408e-04  6.729965892439999529e-05
-9.103453001325578710e-05  -1.746477902265802676e-04  -1.406984825022553976e-03  3.882850851243731249e-02  -7.385769960848622274e-05  -1.504889375575463556e-04  -7.535746410675956471e-05  1.736505255987925089e-04  -4.424712319415961912e-04  4.435098825231021703e-03  -5.412471314694297609e-04  -7.079898961427302405e-05  1.548860500213826734e-04  -3.684252012044152543e-05  9.376515919255449735e-03  -1.364385756238384708e-03  -3.703764494522333037e-05  5.387974565284971737e-05
-2.325369616816658441e-04  6.723086447437072092e-06  1.632615502386535388e-03  -7.340080409422376339e-05  3.857385617016858420e-02  -2.919437063400317589e-05  2.457748650849616006e-04  1.459480199239924071e-04  -9.484275419584343308e-03  -5.571836904199619191e-05  -1.847985227618198500e-03  -1.030124271116257800e-04  4.115919480141772344e-05  -9.477624166974613366e-05  3.510581146746154647e-04  -4.619267427758363162e-04  4.863273656900764241e-03  6.636289879264801344e-05
1.381432201870376464e-03  -1.361997245622415843e-03  7.380043660203470916e-05  -1.503892177476165003e-04  -2.939074372276036674e-05  3.647881970128451917e-02  1.106511860281573102e-03  8.882323204421045323e-03  -1.391939329374543342e-04  9.889109452544056088e-05  -4.017145179836808464e-05  -2.099189908783288209e-03  -8.423031138161219539e-03  -1.446589758411543063e-03  -2.329812739828381982e-06  -3.006192613403403828e-05  -8.824612745811510222e-05  -1.546294861625297293e-03
3.485976990991282443e-02  -7.948679171768351223e-04  -1.939784454034571232e-04  -7.572397370025455994e-05  2.454833309081610689e-04  1.106216094643656120e-03  4.551953878786370311e-02  1.170284204961793582e-03  1.206656383843793056e-04  -1.185411448047139813e-05  5.536304854301403493e-05  8.231437798223788748e-05  2.130704922292237305e-02  -2.921524114512808086e-03  -2.705699517071977000e-05  9.454401826262410081e-05  5.713072143902159044e-05  4.546495341915023428e-03
2.823387384575348465e-04  2.224513089052738632e-02  3.857711682438685304e-06  1.730845044451268357e-04  1.457136878481997367e-04  8.882369973817166864e-03  1.169152044797047056e-03  5.056951430077551157e-02  -3.548606442765475183e-05  -2.142777182768880088e-05  -6.634130698293842581e-05  1.800801992511521631e-03  -6.045303777871715960e-03  2.117557189457325989e-02  5.480488196064673252e-05  -9.607660942529837236e-05  -4.127267603825340018e-05  2.627057402893789428e-03
-1.061918355479128954e-04  -5.759722617257582338e-05  2.292018279148785170e-02  -4.421792482106770648e-04  -9.484281562832652668e-03  -1.393552852927985506e-04  1.207648474992430908e-04  -3.577650329710580542e-05  5.147375469296919248e-02  -3.333121025183153935e-04  -2.167692691284650759e-03  9.049154241842137470e-05  -2.013791533783570640e-05  6.536306191429608196e-05  1.574770805108606508e-02  -3.868838773876042553e-03  -3.686212045658400147e-03  -3.488115359566183786e-05
5.177342361967778551e-06  4.768111800060126717e-05  -1.044168366723391964e-04  4.434784276169846315e-03  -5.598227989537321603e-05  9.960042085297983417e-05  -1.242847729857999661e-05  -2.106670236141328328e-05  -3.331789751878357032e-04  4.216886289266311150e-02  -4.597639764013696103e-04  8.478680842249280514e-06  -2.719676350826490065e-05  2.526367315743763056e-05  3.608721181465344551e-03  5.074355410434973129e-04  -1.165750085478282341e-03  7.046962119485496366e-06
-7.809810003265197178e-05  9.898149414204955755e-06  9.745921067532423501e-03  -5.410394402635159599e-04  -1.847894062208754956e-03  -3.993440956610160860e-05  5.481224860896004097e-05  -6.656096440835222239e-05  -2.167963231280000541e-03  -4.601227456544342313e-04  3.853128868350089165e-02  1.244459917032631477e-04  -2.039358117145859662e-05  2.920034420375548914e-05  3.913562526865956882e-03  -1.765902881020204457e-03  3.650775344304623424e-04  -6.319368762785880370e-05
5.521887458868808031e-04  -8.156503625455342743e-03  -1.564602581983542474e-05  -7.024199800607838014e-05  -1.036584562497282810e-04  -2.098874863615478314e-03  8.349757064434551468e-05  1.800676957446344833e-03  9.014995328767638424e-05  8.729761188151959479e-06  1.240122072105983480e-04  3.842330514455250673e-02  -2.726910054549662021e-03  -4.288766740024973871e-03  -6.723332176935319852e-05  1.020270746872562888e-04  4.641733056297151963e-05  1.243884203098493974e-03
2.200480529612245176e-02  5.708820048552413042e-04  7.302468563423886161e-05  1.550091900182039501e-04  4.097634640788439436e-05  -8.423257436011254845e-03  2.130670981977706921e-02  -6.045744456869645012e-03  -2.011105292185803530e-05  -2.757587911543008972e-05  -2.116828591135176143e-05  -2.726873707267222103e-03  5.077562679341168089e-02  9.252835638215837653e-04  1.406849021885026094e-05  -8.892362410330176910e-05  -9.774342308185924905e-05  -1.711037207052886009e-03
-5.283518888540395626e-04  3.489995660010110357e-02  1.031334203689447656e-05  -3.656653153780493626e-05  -9.529833025953427374e-05  -1.446687251761643537e-03  -2.920324788377334953e-03  2.117539970036339675e-02  6.515634961896432425e-05  2.515413256923843062e-05  2.881943417385622995e-05  -4.288789641502055786e-03  9.247978737720146921e-04  4.542695854607686073e-02  -2.515967038295719571e-05  4.565150168962428911e-06  1.058625767774647755e-04  -2.955929139412198626e-04
-9.722542278360537805e-06  -1.958414890653484920e-05  2.269003490555039637e-02  9.376500989832139282e-03  3.504709004409430236e-04  -2.442774749407753532e-06  -2.696291535843271507e-05  5.502098638463361144e-05  1.574785634920985999e-02  3.608763441396263365e-03  3.914057229525807514e-03  -6.858460188951055519e-05  1.397934485464642379e-05  -2.513978213816636114e-05  5.174065177302798052e-02  1.677670686224086048e-03  2.149051778496786046e-04  6.015765744442040556e-06
2.893976453932515445e-05  5.130588204512538577e-05  -9.127831464960278057e-03  -1.364631179347104055e-03  -4.616365350735580214e-04  -2.973539986105351487e-05  9.392783208419788678e-05  -9.607624901690654806e-05  -3.868581211031932657e-03  5.068106792002152836e-04  -1.765455266679965196e-03  1.020722103402228813e-04  -8.844669328193245899e-05  4.651753284857996546e-06  1.678155765429542416e-03  3.913009627934399548e-02  -2.842490686419185198e-04  -8.137238604195134171e-05
1.839459413787416028e-05  -9.181866124457079795e-05  1.102420461786646986e-04  -3.681400073845067251e-05  4.863237818119705083e-03  -8.768426000895098403e-05  5.692871844177747924e-05  -4.111211761587606569e-05  -3.686110069448828019e-03  -1.165919568135334421e-03  3.651510816132764407e-04  4.640291435606177920e-05  -9.731367117980529145e-05  1.056620047678713927e-04  2.149819175380937824e-04  -2.841808142532017902e-04  4.174668234432069719e-02  -1.005409644175125482e-04
7.855181284273487705e-03  -6.442557740198595899e-05  6.704749997133574576e-05  5.311272535104385247e-05  6.592133544325755659e-05  -1.545962025260800296e-03  4.546134933553592355e-03  2.627025997527675325e-03  -3.455856273414192832e-05  5.521680837833014394e-06  -6.208795313611726349e-05  1.244213168461464052e-03  -1.711713992044337643e-03  -2.955884624445602959e-04  6.898636339510085894e-06  -8.114255505682435880e-05  -1.005869187077502308e-04  3.862363229510757529e-02
