4.621901884971399421e-02  -7.263955864618655480e-05  6.926810187002597965e-05  -5.981914321120389326e-05  -1.038170538353217111e-04  1.024873042525389823e-03  3.415737186961555205e-02  3.210303142770215426e-04  -1.008705236737381366e-04  5.986377496500227164e-05  -2.012028057179260148e-04  3.407624447732972815e-04  2.139391223917281801e-02  -5.003533761473699095e-04  -1.203836638802260843e-05  5.138522187580553977e-05  7.644267104984126156e-05  7.848631977887939037e-03
-7.275537771317168391e-05  4.614598478513009389e-02  1.940180511708981443e-05  -4.995344696451262334e-05  3.237747760997461221e-05  -1.048692043244657795e-03  -5.970386189143139354e-04  2.147652160709197580e-02  -7.537087647754096820e-05  -8.868831426301489152e-05  -1.733604287284514292e-04  -7.774484072606852730e-03  3.626508736153060243e-04  3.427007278960098047e-02  -6.796894707884000488e-05  2.113322940179975591e-04  2.210125430812797938e-05  -3.058993581130817164e-04
6.915299103595575121e-05  1.951966636017554547e-05  5.108467644821904075e-02  -1.155245256127960477e-03  1.228386943239035637e-03  1.908930116433784577e-05  -7.928358660836226060e-05  -1.409764419872142469e-05  2.206737971553563230e-02  -8.851222621827028081e-05  9.217084375633781412e-03  3.499253074405536006e-05  1.545858218364825799e-05  -2.414033019501633109e-05  2.211134091382495684e-02  -9.152071145162971391e-03  -9.313589830252352105e-06  -1.941909488104381584e-05
-5.967813865790714384e-05  -4.965473111557514073e-05  -1.155792774826854040e-03  3.958910088854279696e-02  6.053416912992652855e-05  5.683489690257021012e-05  1.054710806399513073e-04  -9.567602485544701588e-05  -3.358227129088337979e-04  4.201567964624723650e-03  -4.319110863593698425e-04  2.021109046387118964e-05  -6.611160181927891845e-05  8.339101594056825726e-05  9.074502431201132008e-03  -1.746426426439387850e-03  -1.125233068106497417e-04  -8.121991151197264082e-05
-1.037595601338260886e-04  3.233623775097372411e-05  1.228527305676977528e-03  6.045736066411944723e-05  3.965521664269883173e-02  1.495758646303388872e-04  1.758671206325491788e-05  8.574367146591198817e-05  -8.863799243223108651e-03  -2.470753346496632613e-05  -1.670545461558510438e-03  -7.139615952356126341e-05  7.362743883365714822e-05  -4.651014738696526115e-06  2.048743828930732491e-04  -2.734676022700782130e-04  4.233380259582987179e-03  9.797781250921079198e-05
1.024544663631649479e-03  -1.048964980587712911e-03  1.886587168361461553e-05  5.646034031602306788e-05  1.497715023304633174e-04  3.776956824315241823e-02  1.018114565716618817e-03  8.426750172981469639e-03  -1.358066553219194038e-04  -1.317047780285561704e-04  -1.141477810306452723e-04  -1.992748505968939404e-03  -8.106257905972795441e-03  -1.164684794108626761e-03  4.166167748147236354e-05  -5.732858194880335276e-05  -1.240804921003066754e-04  -1.767814293611352609e-03
3.415797695256372196e-02  -5.968726677022056192e-04  -7.933101701582928708e-05  1.053563549183061422e-04  1.786240603304054962e-05  1.017844777798086091e-03  4.597348426219537848e-02  1.035831206938810783e-03  1.584733851156572856e-04  -2.982783579039412244e-05  1.490704549094965274e-04  1.182872086673683110e-04  2.068823241714914246e-02  -3.071452822927948131e-03  -2.470719079388326511e-05  6.578440174266688984e-05  1.106459443469183941e-04  4.316824525169193211e-03
3.207434922531474933e-04  2.147676778019958974e-02  -1.401393884064877055e-05  -9.575402920389622374e-05  8.551018589890626708e-05  8.426909719303305943e-03  1.035811673675756869e-03  5.087236052044764173e-02  -4.711881892908058647e-05  1.804121306200221972e-04  -3.884237768643277274e-06  1.560212322712159570e-03  -5.934951779347416405e-03  2.058205609059197624e-02  -3.520608495164184607e-05  -5.389732012822330326e-05  -6.630382730220791914e-05  2.503080936186346736e-03
-1.009368109374050740e-04  -7.549807739743179431e-05  2.206718864597024751e-02  -3.359214863115086796e-04  -8.864114317308963154e-03  -1.356837831501136831e-04  1.587235005785341002e-04  -4.715293609298604937e-05  5.170352664239279833e-02  -2.247616762949685386e-04  -1.884044091943805517e-03  -1.934249410691419620e-05  -6.714620521264917110e-05  4.541193929467054276e-05  1.515817015263082497e-02  -3.616170422391552005e-03  -3.377348885032135754e-03  -1.526242322344551714e-05
5.996637499663613465e-05  -8.838181457460891617e-05  -8.821048550641985466e-05  4.201669949831873634e-03  -2.478848462858266005e-05  -1.319617344203235392e-04  -2.994108553412671081e-05  1.804607402126213848e-04  -2.248205401396684581e-04  4.226740209087876537e-02  -3.208412205595248404e-04  -2.827418570135161249e-04  3.622860230821329326e-05  -4.190567030255691502e-06  3.394139566372672296e-03  4.006766517197523671e-04  -1.073737397190266092e-03  8.463566297345612762e-05
-2.012938009600259638e-04  -1.731032708420503110e-04  9.216896930068975424e-03  -4.319540530555043985e-04  -1.670402515105114246e-03  -1.136579048468488150e-04  1.491754617169261743e-04  -4.048351694220047686e-06  -1.884222488307938205e-03  -3.208373682593365227e-04  3.900772531073825461e-02  -4.306831262285061595e-05  1.280852655175910724e-05  2.292739306744457584e-05  3.612949158818722344e-03  -1.509261845157509104e-03  4.377364981084267228e-04  7.704387978641857697e-05
3.407755789914693819e-04  -7.773993757908885700e-03  3.499028662233438932e-05  1.981598498330498770e-05  -7.171434712997322880e-05  -1.993024342475213911e-03  1.195207452942848725e-04  1.560693056702149636e-03  -1.940891961217786188e-05  -2.827857812206503144e-04  -4.252861483273060925e-05  3.906670634701907285e-02  -2.569312558092147394e-03  -4.157585134723837221e-03  3.922725149904539418e-05  4.558592162672464891e-05  5.213551162708946439e-05  1.141540716383638307e-03
2.139334480531761978e-02  3.627979304797403931e-04  1.518153553707699941e-05  -6.612261407440599083e-05  7.342695168722442641e-05  -8.106292970570914622e-03  2.068821519530043146e-02  -5.934580464587084145e-03  -6.709410948994944709e-05  3.592503691774347207e-05  1.308910021223081996e-05  -2.569146725054093604e-03  5.080802026791357562e-02  9.162024480369249102e-04  -1.721274418920355818e-06  -2.572865162510948748e-05  -2.115862613687207101e-04  -1.797098018211836998e-03
-5.001372287817114565e-04  3.427007582424822923e-02  -2.413273359909810315e-05  8.403029578342438512e-05  -4.317048915813646306e-06  -1.164561576242595245e-03  -3.070915588007582745e-03  2.058235493775945751e-02  4.546738573786522348e-05  -4.128175970489091644e-06  2.279401297628982445e-05  -4.157566254272479500e-03  9.167707333379692541e-04  4.596821266859517363e-02  4.428389303693854322e-05  -1.215946005144555466e-04  1.452508150806021844e-05  -1.509209585661931078e-04
-1.252498304521679358e-05  -6.797098780856527936e-05  2.211144849803609383e-02  9.074447352019579527e-03  2.049184586869675099e-04  4.152163924887905495e-05  -2.468359558982668157e-05  -3.509660727263365230e-05  1.515810467193779917e-02  3.393941702322202710e-03  3.612978920212939465e-03  3.917282122983380761e-05  -1.542762992708222332e-06  4.408788609705231363e-05  5.171103204670386699e-02  1.792371904293592983e-03  3.094297235455738325e-04  7.574445753173855325e-06
5.170154804240447940e-05  2.114227380881094124e-04  -9.152208335722040664e-03  -1.746193475280163800e-03  -2.734602568876071615e-04  -5.749304783982390593e-05  6.564193357475336889e-05  -5.421757789476213356e-05  -3.616078163665695146e-03  4.008187150673908215e-04  -1.509180511988524433e-03  4.586231181911672649e-05  -2.632763548997850138e-05  -1.214479944762366753e-04  1.792761544631446850e-03  3.919479137533260493e-02  -4.410767514406891223e-04  3.549942143955044658e-05
7.618692311260773491e-05  2.212578968397112321e-05  -9.098072711275275525e-06  -1.125121936510975002e-04  4.233305969858284536e-03  -1.227563276933630741e-04  1.108963286928822824e-04  -6.619931556023242545e-05  -3.377300991835102510e-03  -1.073736091520292044e-03  4.380215413770593654e-04  5.232776771205040060e-05  -2.115941703825029814e-04  1.414842748257667643e-05  3.091468094883609969e-04  -4.407874362712365778e-04  4.224457767071412850e-02  -2.672987942516279690e-04
7.848085836399643425e-03  -3.058062120835220690e-04  -1.956299060594552535e-05  -8.107881452230924525e-05  9.763047402327416349e-05  -1.767243241533125470e-03  4.316613439620056031e-03  2.503071189558709816e-03  -1.521976688851134925e-05  8.428986687662333292e-05  7.639415290941139764e-05  1.141517020677828469e-03  -1.797076105058547464e-03  -1.514204549160676086e-04  7.563657916751957222e-06  3.599868903885803084e-05  -2.671443415757036779e-04  3.865669924960342396e-02
