4.549241602762800485e-02  -6.562920166992354705e-04  2.087389450099102358e-05  -7.693488795837493896e-05  1.325129542095808649e-04  1.252663982122097621e-03  3.479104987014715322e-02  8.033758387699296497e-04  -1.041066879909504739e-04  -5.551497431011786609e-05  -1.090275316169620113e-04  -8.443758654184467994e-07  2.234220647421687050e-02  -5.427925853444947202e-04  2.419963723407557874e-05  1.204547272534054690e-04  -1.309157800743740495e-04  8.151010523585426951e-03
-6.564318666593315027e-04  4.557079358481751913e-02  2.522839738461477013e-05  1.803150319552992845e-04  -1.072435468158240284e-04  -1.096961865659296445e-03  -7.293794246131214080e-04  2.239327112638826375e-02  -5.225615543004692801e-05  -2.404762529736874279e-05  1.136998672097850992e-04  -8.144191113555351164e-03  8.871026038502882044e-04  3.483324206881367041e-02  8.175065154108040045e-05  -1.001099107852847019e-04  -5.875267111146140241e-05  1.172655648402798237e-04
2.147394611569736225e-05  2.535480900257287056e-05  5.051478885702455346e-02  -1.889017322079244131e-03  1.866701756625408718e-03  1.975372556849795257e-04  -7.746326779259114857e-05  1.033170571077078587e-05  2.271099848827393825e-02  -2.092928850555297068e-04  9.152764495924710017e-03  -3.701763592307887258e-05  -2.393625974065305724e-05  -5.238179593232969374e-05  2.285273249985405805e-02  -9.289474238764798553e-03  1.667286232735979280e-04  -2.093098747989136446e-04
-7.695770100684700050e-05  1.797066211583085900e-04  -1.889229050779217501e-03  3.827712827149335612e-02  3.221000607110890111e-04  2.740282619856032414e-04  -2.445868264775359646e-04  1.092937492059513458e-04  -4.517483297764814847e-04  4.695717024872295489e-03  -6.372594596463585642e-04  1.158249465505234351e-04  1.864975341712180957e-04  -6.908109763479076677e-05  9.695369607005465545e-03  -1.701974884935994253e-03  5.127808061365478890e-05  -1.362435328154159942e-05
1.321710656434406806e-04  -1.074316625213677588e-04  1.866974804141736466e-03  3.222048945887973342e-04  3.860038261338562954e-02  -3.373776939434589895e-04  5.324227664509221310e-05  2.116001720619036723e-04  -9.493084788928232362e-03  -1.648361212663255592e-05  -1.432087268166097041e-03  -1.189484740603516974e-04  2.046356666221353152e-06  -1.167390964306755054e-04  3.949783259135941659e-04  -4.563303336309390275e-04  4.513722286257360224e-03  -1.365515263608538298e-04
1.252400015104656542e-03  -1.097371736504106814e-03  1.980676920825798703e-04  2.743766370880599908e-04  -3.375276238610717527e-04  3.633829147174191809e-02  1.529753581413253712e-03  8.701071596575550571e-03  -1.794792536416100147e-04  -1.064548673427189081e-04  -6.514405455295915357e-05  -1.964409975393929548e-03  -8.652339652671854273e-03  -1.765329516189759066e-03  -1.132820893379507917e-04  3.967000702454970208e-05  1.534676352996258806e-04  -1.951516332532936661e-03
3.479090394959953592e-02  -7.291558655090553702e-04  -7.760802469580928742e-05  -2.445039348198519260e-04  5.328788064095355860e-05  1.529360090226320129e-03  4.531681597021381541e-02  7.918378019860073226e-04  5.318350158675805170e-05  -8.983855949649058320e-06  4.147506850936217643e-05  5.603679828471307047e-04  2.129593158508802028e-02  -2.584529825636794082e-03  -7.903691946649255658e-07  2.283764185861809047e-04  2.198816101780002195e-05  4.602023429366765457e-03
8.037393334607049415e-04  2.239421981493908143e-02  1.031395510695506887e-05  1.096575605381356803e-04  2.122582390124086872e-04  8.701166592973859013e-03  7.920546737080828544e-04  5.069774693624535394e-02  3.755337228300882759e-05  2.297287122838656851e-04  -1.608950035697507202e-05  1.562860155456225484e-03  -6.143908062885100781e-03  2.123586420627873034e-02  -1.141255927650736617e-04  -1.041784951900378100e-04  2.000090754918086141e-05  2.748314061322833495e-03
-1.038105479776612098e-04  -5.178008912478826740e-05  2.271113136161762025e-02  -4.517092170739611906e-04  -9.493097976040422784e-03  -1.794822122521466993e-04  5.349939803588442134e-05  3.749412246060852502e-05  5.170465933089438831e-02  -9.358848963315201548e-05  -1.689509806909979869e-03  7.856372059095855247e-05  3.705379934682831775e-05  -6.501517665146942630e-05  1.565606558641433055e-02  -3.716240942511821622e-03  -3.516268593735325139e-03  -1.923279731383717073e-05
-5.586013420074487426e-05  -2.423353838606927740e-05  -2.091217633684606936e-04  4.695535323076024947e-03  -1.674860323195221962e-05  -1.076161326294337021e-04  -9.147647058289575697e-06  2.300667886401521953e-04  -9.353703307396173724e-05  4.182937934327890517e-02  -1.102245065412513339e-04  -2.663910960581239570e-04  8.549261353366063084e-05  -1.848129946540312226e-04  3.622542058541487493e-03  5.623626696843520879e-04  -1.049380421299847804e-03  -3.338964897098719404e-05
-1.091503009264303641e-04  1.138933414221552796e-04  9.152732607105855400e-03  -6.370241280646498456e-04  -1.432094656663376311e-03  -6.497533217689962788e-05  4.202622769267246977e-05  -1.641606866149400483e-05  -1.689536435856730428e-03  -1.103554700644648065e-04  3.913968427656994153e-02  1.919325639064284339e-04  2.420281334836969970e-05  -2.049989890445956715e-04  3.733655683591350846e-03  -1.548867928210923266e-03  5.677352546211897853e-04  -1.565576979092637316e-04
-1.390590601699060073e-06  -8.144309274828580650e-03  -3.678684886927574397e-05  1.156173072462482064e-04  -1.178736233239579070e-04  -1.964630330834641562e-03  5.606059108974038819e-04  1.563657506409989444e-03  7.889545114397972735e-05  -2.660690541625419271e-04  1.912960284931392236e-04  3.877367127687837700e-02  -2.769647619177353134e-03  -4.513810411951721044e-03  5.890003947185823148e-05  8.685568830914115030e-05  -1.147687259457767104e-05  1.095425413435615952e-03
2.234190841622097842e-02  8.869767971850682151e-04  -2.400378537581748805e-05  1.866628770733861232e-04  2.127955759000693216e-06  -8.652216815775553779e-03  2.129607340857130396e-02  -6.143392469962856949e-03  3.736684576030028951e-05  8.547406011129442976e-05  2.419015960405297309e-05  -2.769645918494178551e-03  5.060723612779687713e-02  7.293586859158615902e-04  -3.848775555430872627e-05  -1.808770338577212562e-04  1.435358637975266713e-04  -1.667810700644595549e-03
-5.426996191815020801e-04  3.483373734724341808e-02  -5.238484685736972344e-05  -6.974476082157174742e-05  -1.166034729780651827e-04  -1.764923460368426379e-03  -2.584105153940103455e-03  2.123647743881031807e-02  -6.510628096118114248e-05  -1.840132331544548508e-04  -2.041350514107671463e-04  -4.514091572511632310e-03  7.296209191110151039e-04  4.530889289060940212e-02  4.643614797047043122e-05  1.058901489497698808e-04  5.796349520817236137e-05  -5.782323145333488320e-04
2.386499714537338262e-05  8.161550638782321797e-05  2.285257100657847942e-02  9.695356578963870361e-03  3.949162834916711490e-04  -1.129404787039136124e-04  -7.137173089737532485e-07  -1.140811280552879252e-04  1.565610008232891717e-02  3.622478414139367487e-03  3.733435453621605782e-03  5.883049105146179907e-05  -3.893840729667288208e-05  4.643913735905794583e-05  5.165156557721654884e-02  1.652097832611908396e-03  -6.310184751147400261e-06  1.702683864821578040e-04
1.205086151330206573e-04  -9.946226010052270771e-05  -9.289764921650614168e-03  -1.701741354855811073e-03  -4.560214927023150126e-04  3.939270034803410810e-05  2.283639312017071970e-04  -1.050283932188567386e-04  -3.716371836026337999e-03  5.624992462260336445e-04  -1.548565561150843251e-03  8.675664156383564767e-05  -1.809887024885410071e-04  1.046451627311528379e-04  1.652525821217657852e-03  3.925595897652471578e-02  -3.785513968020556245e-05  -2.422027042291769090e-04
-1.313805422004540825e-04  -5.929370193367676793e-05  1.662664531163686281e-04  5.093903621956690463e-05  4.513849620907022311e-03  1.536151854174784483e-04  2.227834044462115252e-05  1.945028051764176752e-05  -3.516385195340887473e-03  -1.049525543548570023e-03  5.676094492373113653e-04  -1.121793207993438470e-05  1.432432452884585821e-04  5.707071431693009684e-05  -6.237698654165332360e-06  -3.775987490869987958e-05  4.205249118120183566e-02  2.227972994039591464e-04
8.151363669550179200e-03  1.173616926708427518e-04  -2.099366844585711235e-04  -1.368230789147535679e-05  -1.371472732880435420e-04  -1.950872084696769542e-03  4.601371032421792615e-03  2.747763948996766441e-03  -1.912925548455132342e-05  -3.377783500379624189e-05  -1.566046259355484763e-04  1.095807239568632368e-03  -1.667963664914878319e-03  -5.775907988765232063e-04  1.718560342433780061e-04  -2.422419838863913862e-04  2.230847829448927505e-04  3.862057681730182018e-02
