4.669261605525078934e-02  -2.502722801923565723e-04  1.169564909588963908e-04  -1.119057094085694333e-06  -1.580123990026127603e-04  9.698776211339143333e-04  3.305398581105207373e-02  3.210615286190264626e-04  -8.787315207478077765e-05  1.978989522407330104e-05  -7.614729499652976856e-05  2.865588869563448667e-04  2.038891587077281894e-02  -3.863107670623637741e-04  7.746725811208844036e-06  -2.889478252936288537e-06  6.286455936412112982e-05  7.336430405563121836e-03
-2.506657449363697103e-04  4.707718017141940964e-02  1.126896356510622137e-04  4.233713641898562331e-05  -8.744749591131487955e-05  -5.123285836624607474e-04  -6.478777019311250315e-04  2.037882770959228290e-02  1.530439692680151724e-05  1.492310987201248836e-05  7.661373555787074968e-05  -7.116466827405708295e-03  5.742522383186317867e-04  3.300290307228842535e-02  -1.459435599217638428e-04  2.416911475869058183e-04  2.116438468607114389e-05  3.541606734043183617e-05
1.173135529439247037e-04  1.129114130983851198e-04  5.141272120791652578e-02  -1.397759466826332952e-03  9.724548160300925488e-04  4.078446807615115005e-05  -3.335771034082146165e-05  -1.857878715815957095e-05  2.075487145675353889e-02  -1.121019975361598110e-04  8.234984640134045478e-03  -1.042721253209797971e-04  -5.952703239285018312e-05  -9.126241052418363863e-05  2.097167429570557379e-02  -8.164532783324823795e-03  1.004859104183430948e-05  6.619756316986290308e-06
-9.896571405140968906e-07  4.233385951524488262e-05  -1.398032192285522148e-03  3.963245683357186772e-02  2.402847512935953750e-04  -8.067149334238625784e-05  6.729746572324203809e-05  6.414207464670131288e-06  -2.967031655580430727e-04  3.628326299942166017e-03  -4.796222729108211898e-04  -6.070286520513857480e-05  -4.413098491060122940e-05  -7.976355071527033126e-05  8.732799441096722806e-03  -1.732345576501541319e-03  -6.257500945557090512e-05  1.432736426542032327e-06
-1.575775613919017690e-04  -8.792241259806529491e-05  9.725007309089696902e-04  2.404280945150515157e-04  4.064599708599299366e-02  -4.839434661457497108e-05  1.060245983828229059e-04  1.569025782490740810e-04  -8.212516542249024762e-03  -5.948676699997807959e-06  -1.462312403295858198e-03  -1.189819995275569452e-05  1.257733714425393276e-04  -8.641378766943721653e-05  1.195704295721144745e-04  -2.266451665080624473e-04  3.590489538865849605e-03  2.805288747176923840e-05
9.699235492348175962e-04  -5.125590069490264201e-04  4.132570709895717420e-05  -8.098168436517861127e-05  -4.841905256332332800e-05  3.870656044859822897e-02  9.898992164754170497e-04  7.576453649185605800e-03  -1.136758294228910036e-04  5.516377726456322183e-06  -1.992035127147355055e-05  -1.588915336159507554e-03  -7.681529108885166816e-03  -1.197447550998189921e-03  1.167546708942170362e-05  -3.260376303246642041e-05  -1.055609197019246427e-04  -1.786806788375629260e-03
3.305428692821998915e-02  -6.478288613168209581e-04  -3.334743775082387525e-05  6.703299457686547698e-05  1.060753146838628469e-04  9.897241957306937912e-04  4.654603764123556309e-02  7.697565103509539011e-04  5.743962913692634951e-05  -9.749252759815845440e-06  3.968323874991182808e-05  1.478090138386562347e-04  1.959418864649672617e-02  -2.859874537212280399e-03  -4.664718057512016677e-05  3.045927977062391176e-05  3.468713285132574701e-05  3.910017800393193570e-03
3.210800029494399635e-04  2.037886037945392873e-02  -1.841414143335430654e-05  6.777554700386469496e-06  1.568055182902899588e-04  7.576755290608222504e-03  7.697665899050721260e-04  5.147493516526339269e-02  -2.488372747010320355e-06  2.619312213131389846e-06  -8.572990353426867638e-05  8.071517913089583385e-04  -5.601228940475331923e-03  1.939778988161999437e-02  2.911060310971356402e-06  1.170687579856591475e-05  -1.320484054842075207e-05  2.451265204832439853e-03
-8.798167101231130433e-05  1.524578733682426937e-05  2.075486829013415205e-02  -2.966577064789879164e-04  -8.212480732626373930e-03  -1.136116875561382920e-04  5.752413732020428679e-05  -2.704796790753234560e-06  5.224975313714978753e-02  -1.453600691487181684e-04  -1.096882001054419768e-03  8.482862608471393418e-05  6.736406659214178327e-06  -5.059282819313921708e-05  1.427818194279358716e-02  -3.197535219127673085e-03  -3.008326938971087917e-03  -4.127894173600224318e-05
2.032228807183767815e-05  1.514651363275992753e-05  -1.127212093693903488e-04  3.628216950595920202e-03  -5.864750192308490992e-06  4.601828788279784682e-06  -9.066735945563675225e-06  2.215332431421545642e-06  -1.453340576073072451e-04  4.236302523496309619e-02  -2.303980183977453349e-04  -5.463409025504807166e-06  -9.619713084507095771e-06  -1.639800531749156887e-06  3.115585676202650874e-03  3.688347673284697115e-04  -9.259271250859636140e-04  -1.315390809705967390e-06
-7.600393775796258824e-05  7.704301869867913473e-05  8.234808535250891931e-03  -4.796999093954631109e-04  -1.462328107994801622e-03  -1.915962261739345750e-05  4.040689883432691318e-05  -8.510609224982897255e-05  -1.097231641473690516e-03  -2.304574018927757516e-04  4.040197950153103651e-02  1.398023655383553499e-04  -3.042051421281719690e-05  1.878916119547264225e-05  3.256790577902498717e-03  -1.211184545563383230e-03  3.961525755652272988e-04  -5.073778992682677520e-05
2.866457136870449859e-04  -7.115895492303537032e-03  -1.041172596584159500e-04  -5.899493381173327288e-05  -1.178247297401781380e-05  -1.588967332312053249e-03  1.479724872778069838e-04  8.076027817714985946e-04  8.530836484967101391e-05  -4.960554249826861646e-06  1.404914085049576919e-04  4.048012336016343360e-02  -2.607823273321920651e-03  -3.511560174094454072e-03  1.380451864829681773e-05  5.506323664418307630e-06  -4.192701189345290097e-06  6.292655661770304434e-04
2.038914054807633436e-02  5.740618966302504659e-04  -5.952709479642283530e-05  -4.397137737471654156e-05  1.256955933697283473e-04  -7.681483523062435613e-03  1.959401057211968000e-02  -5.601352580225758479e-03  6.662124784578002828e-06  -9.597558881983152458e-06  -3.029969134610441072e-05  -2.607978833255852717e-03  5.140126005275462429e-02  5.485714739900974732e-04  1.910467748732132490e-05  9.592088104023377339e-06  -9.799172289191504710e-05  -1.129688363777372377e-03
-3.863798782193070182e-04  3.300292095013163118e-02  -9.106425137858459534e-05  -7.970867897569422077e-05  -8.705248650680755653e-05  -1.197112313691575712e-03  -2.859859741964324801e-03  1.939790893737463121e-02  -5.039887155182529236e-05  -1.766147157515124972e-06  1.895424637663663020e-05  -3.511888301134088921e-03  5.485463636162461786e-04  4.680828111184686530e-02  1.729658262288778987e-04  -2.386938164084607462e-04  -3.857692279095990834e-05  -3.202010879391146959e-04
7.863961379585715860e-06  -1.459969786350687508e-04  2.097144225355688021e-02  8.732554423118167250e-03  1.195247389168167340e-04  1.184030937376283276e-05  -4.649366132189541531e-05  2.930778022936198479e-06  1.427816225156190028e-02  3.115555372733638112e-03  3.256553274165907130e-03  1.391263099600196320e-05  1.900795984348809350e-05  1.730189469214181105e-04  5.207078243048988975e-02  9.943407476354232128e-04  1.132145053121808693e-04  1.987744785597899994e-05
-1.937144400715411829e-06  2.409115179805197888e-04  -8.164073782065576351e-03  -1.732341071660018286e-03  -2.265926404368282323e-04  -3.232113291272503350e-05  3.082824298979105918e-05  1.125406518321907657e-05  -3.197720362176097522e-03  3.686765225938092830e-04  -1.211150208995881829e-03  4.512451521583814285e-06  9.777018150439298108e-06  -2.386134486856534512e-04  9.945269941810243146e-04  4.066832772449341382e-02  -1.750964053261001765e-04  -6.492210469720353279e-06
6.259869813321918919e-05  2.172893253844706621e-05  1.000864332366365276e-05  -6.248302086807509489e-05  3.590206702070820616e-03  -1.044738759674259288e-04  3.527924176172151483e-05  -1.295196263328619900e-05  -3.008425183724467399e-03  -9.258747564306439581e-04  3.964472209833357639e-04  -3.551825102397234129e-06  -9.803623449492997861e-05  -3.853760794733362960e-05  1.132464787077397958e-04  -1.752548259893148004e-04  4.246447527915087061e-02  -1.399690030642276514e-04
7.336592576282132544e-03  3.493774906256599035e-05  6.022604726938664271e-06  7.712316717572547916e-07  2.814178400203583188e-05  -1.786636284766835846e-03  3.909869107807955116e-03  2.451020862504478797e-03  -4.070304057073805980e-05  -1.327866693690810650e-06  -5.041242743503481308e-05  6.291626971958110166e-04  -1.129874335919449271e-03  -3.201258279752141494e-04  2.008512365016732650e-05  -7.622136863865234667e-06  -1.407135777401297637e-04  3.999943502608456491e-02
