4.656700518287062995e-02  -3.052503147685903359e-04  1.887577136577283537e-04  8.735564672325515204e-06  -2.009271062393850693e-04  9.908841745394937877e-04  3.328916725835722595e-02  5.891037292868267841e-04  -2.132327442933889053e-04  -4.719197175031363177e-06  -3.566396150913883709e-04  -1.341476833684290726e-05  2.077797829544470939e-02  -5.436550153353406209e-04  -2.262735943203224886e-05  4.044998877614454084e-06  4.221593148489280109e-05  7.410808980747040503e-03
-3.050703565141526228e-04  4.685619291817347959e-02  -1.719695845961133928e-05  -1.327514891113479301e-04  5.138030162260922608e-05  -6.464268149011106416e-04  -5.020774249553319616e-04  2.069831411492744841e-02  -3.017506474781936828e-05  -5.935132764415935010e-05  -8.622043656494143523e-05  -7.465501194929351561e-03  4.041899389849211779e-04  3.329752007519828916e-02  1.446822853320675892e-05  2.177699294500425736e-05  -1.517310080690691500e-05  -2.843595442871544427e-04
1.887169080509581705e-04  -1.728079992814289060e-05  5.125964147945589328e-02  -1.445519428576158647e-03  1.319119696117532214e-03  -1.951273360934915356e-05  -2.279073567923276011e-04  -1.014436423685372799e-05  2.114503535986464802e-02  -3.914337418667859162e-05  8.356689385810399731e-03  5.539491135652674245e-05  8.182860046270716125e-06  6.163161013687534241e-05  2.127822920174373203e-02  -8.582049990193069480e-03  -4.238258136193254113e-05  1.062760216789188973e-06
9.138749660345535651e-06  -1.325187037338055576e-04  -1.445305573683907698e-03  3.969902335788978720e-02  4.515089438972687643e-04  -3.454190875848803688e-05  4.085004868454481604e-05  -7.404549281395731276e-05  -2.791910077113997466e-04  3.792799563674420418e-03  -3.940806391320160777e-04  3.481902255759426079e-05  -7.516855243663351669e-05  9.640816999574128190e-05  8.809152545116372829e-03  -1.834981581032162990e-03  -1.959497353290983151e-04  -7.539350450393258226e-05
-2.008389342254470605e-04  5.189550241090061945e-05  1.320043208873857357e-03  4.514162698985247561e-04  4.004013443880843903e-02  1.457383844511083110e-04  1.825975694011688747e-04  -6.639133980081314687e-05  -8.605866737423906870e-03  -4.785175810189371990e-05  -1.549364805796243656e-03  2.902096921063233420e-06  -1.807952576310847595e-05  5.014523819368247193e-05  1.326506716887642593e-04  -2.343912765714871742e-04  3.771984504834728202e-03  8.664066829778818625e-05
9.907045496783410590e-04  -6.466890359056702434e-04  -2.016992493860609299e-05  -3.476630771777190987e-05  1.456609371189006655e-04  3.815726824433719744e-02  1.384391522189761057e-03  7.563216166536549517e-03  2.916437062907724083e-05  -6.152432139367025187e-05  8.844794055562621026e-08  -1.638280653445885497e-03  -8.105351658884245997e-03  -1.161505133685950724e-03  6.653945158708199988e-05  -7.862287792942683658e-05  -1.059655604259546592e-04  -1.960551102504111583e-03
3.328998546290052457e-02  -5.019230292133876076e-04  -2.279482798952734421e-04  4.086119216694321349e-05  1.828029259018936782e-04  1.384428402568233570e-03  4.640016653756460357e-02  7.112798230187815894e-04  2.394145721953702362e-04  -1.392828240601290289e-05  2.560695983547673087e-04  2.744475280940280714e-04  1.985760472362690585e-02  -2.906905914160165527e-03  1.539592634866194325e-05  -3.536818012546261153e-05  2.487881829008169187e-05  3.775518832401073260e-03
5.893708738321899602e-04  2.069867412081861577e-02  -1.007171258079270421e-05  -7.383126828486885379e-05  -6.660704816084726636e-05  7.562873591847139344e-03  7.114754686592823221e-04  5.123423722354530918e-02  2.644439812056952418e-05  1.545629256864913695e-04  6.797177222267548392e-05  1.278864875869207022e-03  -5.693545303162714927e-03  1.984720967194373784e-02  -8.578293730203776234e-06  2.416098350101442981e-05  8.938444323562389006e-06  2.622567344690145477e-03
-2.130454825326568206e-04  -2.998585124797480722e-05  2.114492694023059269e-02  -2.791466407159993264e-04  -8.605937044212860071e-03  2.919909606634306487e-05  2.390108810305935632e-04  2.636299848007472635e-05  5.201587297135089327e-02  -1.155078248037247671e-04  -1.244115149166907623e-03  -5.243771762093747256e-05  1.320309396145943265e-05  -3.720673608055832462e-05  1.454517154616712972e-02  -3.345747303547850094e-03  -3.180344360228253356e-03  -1.292925729951959567e-05
-5.386684876450933458e-06  -5.919079418945600104e-05  -3.888518850302761105e-05  3.792687135041738090e-03  -4.773083939811421353e-05  -6.180209716639736687e-05  -1.372075506744986486e-05  1.545215355708756189e-04  -1.154592421246060840e-04  4.240817338668842473e-02  -1.752282111178751723e-04  -1.936734198430402169e-04  4.493640214834629197e-05  -4.380455790983468019e-05  3.115486166153836993e-03  4.184776225344994261e-04  -9.645046897912058510e-04  1.171005110569477104e-05
-3.560600860717765535e-04  -8.618081186866478980e-05  8.356704363361232984e-03  -3.941432894126447391e-04  -1.549344410247422213e-03  -7.148608692170716340e-08  2.549807129882187867e-04  6.762115528003173430e-05  -1.244211846727659400e-03  -1.749104690524786517e-04  4.016571072955774091e-02  -9.782341378684929613e-05  3.405860444638463230e-05  -7.744797924812591187e-05  3.319170812998103928e-03  -1.268385530918066800e-03  3.928413086056524277e-04  6.491051712958299780e-06
-1.357872629880609035e-05  -7.465510238430016036e-03  5.503121080929480706e-05  3.525647693773340940e-05  2.766055909936819833e-06  -1.637530510518859497e-03  2.740929944084730769e-04  1.279459347170404555e-03  -5.256066589819199307e-05  -1.918236739316837706e-04  -9.820092024912907124e-05  3.974025648690129170e-02  -2.454785802259041444e-03  -3.939329928324442585e-03  -9.495870055285274248e-06  1.984387621938113274e-05  3.844613590814796020e-05  7.802960224910515403e-04
2.077822943403049780e-02  4.040088582870766899e-04  8.093389187265926141e-06  -7.563891907296528539e-05  -1.793974619445509811e-05  -8.105321413255876101e-03  1.985712980284749102e-02  -5.693501202135243557e-03  1.301441973430673866e-05  4.564774532076184611e-05  3.437986748382935537e-05  -2.454806652348846732e-03  5.124579479953016159e-02  7.489020671299482677e-04  -1.003093640002689909e-05  3.077090703925868919e-05  -6.373009176545457082e-05  -1.080645603614861739e-03
-5.443769533553089292e-04  3.329706607805625607e-02  6.132458084487622276e-05  9.630755626909915431e-05  5.008663902376943436e-05  -1.160556460870276491e-03  -2.906772810117562618e-03  1.984801908436449949e-02  -3.744073739739249020e-05  -4.395323662811444589e-05  -7.790567227346190896e-05  -3.940126601827403409e-03  7.494931034716038453e-04  4.656059564085529567e-02  -2.824966034820658675e-05  -4.848917075885807220e-05  9.004293227450236039e-08  -1.344750537177258809e-04
-2.260837801301521864e-05  1.447562794487141700e-05  2.127812845118196017e-02  8.808884215240129004e-03  1.326863340914640984e-04  6.695442097118709142e-05  1.525116537693426417e-05  -8.518173653025973483e-06  1.454487131738560306e-02  3.115644544538359161e-03  3.318646106957611787e-03  -9.291568111764296625e-06  -9.988916551469577903e-06  -2.843120275104652850e-05  5.207728641589225854e-02  1.234031544028787531e-03  2.547718800698575833e-04  -2.476056322536458802e-05
2.927313503517965174e-06  2.207204905745926141e-05  -8.581834044144665344e-03  -1.834964835429314612e-03  -2.343225821112027976e-04  -7.860610337724038810e-05  -3.490786199430273546e-05  2.410525186065999676e-05  -3.345652720805873930e-03  4.182573638732643684e-04  -1.268284072482096445e-03  1.993824933334851433e-05  2.954688061464557055e-05  -4.863299789310059442e-05  1.234285098184838628e-03  4.015619010094386571e-02  -3.727177067078661665e-04  4.263404374615344051e-05
4.263498780547353862e-05  -1.493890263688381626e-05  -4.143280797223998865e-05  -1.955782622932089251e-04  3.771688841517750052e-03  -1.063789604191060507e-04  2.471948294626736341e-05  8.953495434583382161e-06  -3.180292417008425115e-03  -9.646180732514773523e-04  3.933160286772708443e-04  3.910376544533282446e-05  -6.387317130427899270e-05  3.972035026659130381e-07  2.545426462048290843e-04  -3.725375502193993267e-04  4.233021418882842307e-02  -1.039334107734580365e-04
7.410978473035588487e-03  -2.846904589255839363e-04  4.229356054860517441e-07  -7.570695362947238243e-05  8.665536921243052922e-05  -1.960866017037076955e-03  3.775418511379219355e-03  2.622201228027121710e-03  -1.287410783753236324e-05  1.307772255821737072e-05  5.278366786881438311e-06  7.804502451105785592e-04  -1.081166585405410503e-03  -1.348843498915059237e-04  -2.481856675910095285e-05  4.375628721423541949e-05  -1.039217208052596738e-04  3.997269577656913792e-02
