4.716832066664986001e-02  -1.822235866297075861e-04  5.139553959505484797e-05  -4.349541702978358611e-05  1.276035252561612428e-04  8.565207921313335547e-04  3.271570433763866526e-02  2.824080436316820319e-04  -7.787968602258302404e-05  3.571753093415008280e-05  -1.514812923954389381e-04  2.350860441418810330e-04  2.004300094472760696e-02  -2.702344401091460145e-04  -7.579999760019977520e-06  5.847112259795648873e-05  -2.598724797277958534e-05  7.073501247115302447e-03
-1.821173614013616685e-04  4.713580780759833028e-02  1.794871434896501861e-04  2.621407240961948497e-04  7.411462820462988546e-06  -6.054234552633516557e-04  -5.032632859859527972e-04  2.014127804623802934e-02  -2.894021828077751075e-05  -4.705821756994353627e-05  -3.058420472183765105e-05  -7.244240085210646579e-03  4.234081504714876554e-04  3.286097415044052922e-02  -1.782150184303429863e-04  2.258669797462939366e-04  1.680891507885165772e-05  -3.266296389470922765e-05
5.147051248793078893e-05  1.792857521915430764e-04  5.153528329487866433e-02  -1.097333769031594297e-03  9.285451263901112889e-04  1.668339302261853872e-05  -4.240982654003173008e-05  3.008655655787449367e-05  2.057423477381547031e-02  -3.252201024195247993e-05  8.162713379566852168e-03  2.245664356101993175e-05  9.177485465794055179e-06  -2.192348007288904557e-04  2.059663442305744233e-02  -7.986092649525782308e-03  3.445226269548288113e-05  -7.139939030480939915e-05
-4.464806858101633054e-05  2.620185740860491905e-04  -1.097515349980994568e-03  4.020792739903661372e-02  1.484179755344465978e-04  1.050682869641502413e-04  -5.608207172581506196e-05  1.530760305342250739e-05  -1.830547979579278826e-04  3.614054852972070804e-03  -2.676975580413667056e-04  7.069484057296244258e-05  5.689558892319901558e-05  -2.651530544721064186e-04  8.257820257044573911e-03  -1.509238283665511422e-03  -2.270828791227329360e-05  -1.235089364313202671e-05
1.271068239004585038e-04  7.676800812444081488e-06  9.288542973072388400e-04  1.483229138245456232e-04  4.064313168515412689e-02  -1.098794852843941949e-04  4.169355865067293781e-05  3.287525937545650995e-05  -8.046874866735279769e-03  -5.246584636953881205e-05  -1.518918946860821264e-03  -4.668641948584695099e-05  -3.857910879274316319e-05  -3.984247255293394327e-06  1.655179873207090569e-04  -2.280140105552086872e-04  3.585163136381037258e-03  -8.235671022531744988e-05
8.564182876973927766e-04  -6.053585464704443761e-04  1.702327128018929760e-05  1.051010594027274969e-04  -1.096188802840367783e-04  3.883804193246800929e-02  9.988652561530111679e-04  7.581237721484283126e-03  -7.949300897205184026e-05  -1.465570735515381914e-04  -8.440645244960698682e-05  -1.771839511571949612e-03  -7.571107787463552362e-03  -1.118743761974236479e-03  -4.906113053652536547e-05  3.134846649334578861e-05  5.199526017314148700e-05  -1.602964939489029883e-03
3.271591487511678331e-02  -5.033261503977988277e-04  -4.230467317998637774e-05  -5.656481046014804476e-05  4.150951088026236854e-05  9.987015298768709554e-04  4.689359942890613392e-02  8.148180772964577854e-04  6.888870358936216858e-05  -1.718721114210088028e-05  1.209584925538652919e-04  9.445465917262269560e-05  1.936631272543796328e-02  -3.136856122550386872e-03  -1.435995856193171472e-05  1.458065952150256839e-04  5.112303865988972732e-05  3.544759261956344828e-03
2.822640720481713636e-04  2.014134724912298655e-02  3.020154602322318153e-05  1.539393964279307158e-05  3.285406153580927916e-05  7.581234788146573242e-03  8.150539373540603011e-04  5.146422548158238741e-02  -3.543869875916949921e-05  1.350162278640732144e-04  1.532581594701592614e-06  9.786572555474848303e-04  -5.516332261722611992e-03  1.929218308472627208e-02  -3.903816198326358892e-05  -4.910827172462270635e-05  -3.821314329780228921e-05  2.509696673955046347e-03
-7.795703840819917345e-05  -2.879816429590764283e-05  2.057408911506882973e-02  -1.830926974478389447e-04  -8.046871456049885935e-03  -7.964974688639102763e-05  6.882457007205205427e-05  -3.535789069615691965e-05  5.216581863728326357e-02  -1.469842558698689810e-04  -1.199485111926706319e-03  5.045488671324621460e-06  -3.729543099619426084e-05  2.216481021701005688e-05  1.408120794947202194e-02  -3.121259866877817285e-03  -2.976043284014610706e-03  4.720639835761369899e-06
3.540335390250235533e-05  -4.660106587332294006e-05  -3.281013674139067075e-05  3.613769913489074496e-03  -5.238034907109644019e-05  -1.467646117667210145e-04  -1.718315582337868346e-05  1.350042290030155356e-04  -1.469979389215176312e-04  4.243315713777238291e-02  -2.166288776302263729e-04  -1.992044320736206147e-04  1.196337873739785894e-05  -4.197233060245561255e-05  3.013691038036565850e-03  3.546691902264435944e-04  -9.264299827881073953e-04  5.270467917645584797e-05
-1.509466011261850445e-04  -3.064864058084038138e-05  8.162357682149833440e-03  -2.675913409784244981e-04  -1.518457627031350636e-03  -8.431265241133008054e-05  1.208713596627805984e-04  1.661338922760075307e-06  -1.199619151948212552e-03  -2.167577015189750566e-04  4.030792886133030550e-02  -8.225566250517449713e-06  4.785790759081623511e-06  -5.391046775064686726e-05  3.149549024554839250e-03  -1.240285629008148127e-03  3.430921421673903014e-04  1.980952742211933802e-05
2.349801158425587476e-04  -7.244255958685418169e-03  2.259565292894153118e-05  7.086706413923764692e-05  -4.715613541293871578e-05  -1.772034567041880487e-03  9.483385399034368311e-05  9.790054861292993814e-04  6.184080391005571280e-06  -1.988035023796731542e-04  -7.877417908263840930e-06  4.032394580085064267e-02  -2.492502581877750582e-03  -3.517559357617572671e-03  5.213996861704876167e-05  -2.521579044502798598e-05  -8.043935471494645853e-06  6.214985507779135707e-04
2.004238556251553005e-02  4.233176488052012819e-04  9.438067192412211018e-06  5.705907854483099591e-05  -3.884961035746721156e-05  -7.571099993196749207e-03  1.936650292381354374e-02  -5.516554449396414948e-03  -3.736794664640351478e-05  1.231123658632900657e-05  4.792270246414542699e-06  -2.492194328939770047e-03  5.157194882040359862e-02  6.296900471071994587e-04  -2.949839443064006621e-06  -7.610259525746163262e-05  -5.458651458157332459e-05  -7.683812151441895199e-04
-2.699376132331118470e-04  3.286236960948341751e-02  -2.194303151113833619e-04  -2.641698690610326896e-04  -2.744776844778033886e-06  -1.118776315880702817e-03  -3.137284344586369587e-03  1.929248046692919397e-02  2.224747528674099665e-05  -4.190389875670400352e-05  -5.397548012064142252e-05  -3.518194157669620944e-03  6.296828130107241794e-04  4.679756036449383289e-02  1.929024853062337073e-04  -1.235779246148988725e-04  2.006518167513133785e-05  -2.366390651587526564e-04
-7.656968971475284493e-06  -1.782046418759649265e-04  2.059656480781424034e-02  8.257779996339869796e-03  1.654466159305981654e-04  -4.930743053397290080e-05  -1.431770227503769047e-05  -3.900693684798112204e-05  1.408114475473114073e-02  3.013457773312970718e-03  3.149490541073623855e-03  5.282426771205335953e-05  -2.952593465069800405e-06  1.927976951850144847e-04  5.228018696193237336e-02  8.416819196186331366e-04  7.315140582197661424e-05  4.853171096946810615e-05
6.005481297110055918e-05  2.261476535214910209e-04  -7.985433751482371237e-03  -1.509180360207478585e-03  -2.282321755298776943e-04  3.135005551941276003e-05  1.452941458272990431e-04  -4.915118564449102209e-05  -3.121338417065191388e-03  3.546878846347837895e-04  -1.240246641492387825e-03  -2.584003714989182565e-05  -7.589097254206670252e-05  -1.231934141009560107e-04  8.422945475437711160e-04  4.087406004662827441e-02  -1.131031069931033193e-04  -8.549370895750444072e-05
-2.619483761918366268e-05  1.671532327742663644e-05  3.431769109596605514e-05  -2.258700251514987129e-05  3.585079238339565228e-03  5.233729237378196777e-05  5.170218389375351052e-05  -3.836614069515195864e-05  -2.975940170708102437e-03  -9.263934353564785883e-04  3.432825067851950646e-04  -7.697174430569005783e-06  -5.506118291899817906e-05  2.054912229669195127e-05  7.301160716431700213e-05  -1.131670766686767741e-04  4.244876546739650980e-02  -3.723022478043420968e-05
7.073624544869458290e-03  -3.283614845424972942e-05  -7.133105718427634214e-05  -1.176187285970672523e-05  -8.194885496255586597e-05  -1.602648366545681097e-03  3.544450629416626662e-03  2.509626992287306187e-03  6.061652507436893355e-06  5.328075762041982157e-05  1.879842387197237452e-05  6.216762728013847149e-04  -7.684056090431523904e-04  -2.364927912235703167e-04  4.791600936475801282e-05  -8.620169956637849620e-05  -3.725942531693091564e-05  4.063929098764540448e-02
