4.538901763687824831e-02  -1.129541073277377919e-04  -5.115038845236700321e-05  -1.122854014640906902e-04  -1.341001555413277630e-04  1.576700231197590693e-03  3.488217933096812023e-02  7.732213987489900331e-04  9.684500244259606431e-05  5.201427742351649035e-06  1.768663954265728303e-04  -3.307537088675805700e-05  2.249815413038092765e-02  -9.222469594895024367e-04  -1.247607675887661943e-05  7.691400341352463315e-05  3.421659122139723700e-05  8.103469727275396453e-03
-1.132977047893600752e-04  4.568533496080325051e-02  -1.169734815581274871e-04  -2.397868863514919556e-04  3.572184675402698806e-05  -1.420609770438087654e-03  -4.510043432470138406e-04  2.238232550928841852e-02  -2.568503292479097137e-05  8.864549429605591169e-05  -4.836893277089553193e-05  -8.484555981878583175e-03  3.360361364076471197e-04  3.484732659705607610e-02  3.975601177536658084e-05  -3.530389696485234518e-05  1.201036691854616503e-05  -5.271434944148209239e-04
-5.137171769326133371e-05  -1.170840784953207229e-04  5.040482222582689381e-02  -2.167818288875800626e-03  1.389777898961047989e-03  7.355462084503504403e-05  -2.436349275971353321e-05  3.103743784089312718e-05  2.308333073819146194e-02  -4.967485137015175165e-05  9.841421192802133136e-03  7.249211883268058987e-05  3.217959405727082790e-05  6.281325638880807562e-05  2.303672421274595428e-02  -9.629826305880394982e-03  1.698070094689522157e-04  -1.678911552075693537e-04
-1.126264987236249134e-04  -2.391039655154989906e-04  -2.168315404268914004e-03  3.811402436057153426e-02  -9.572712151694641114e-06  3.307910829365246028e-05  -1.209362102516384690e-04  1.696794084212834464e-04  -3.342723899647106296e-04  4.493059088322915590e-03  -4.381851140605574468e-04  -1.016046667141775033e-04  1.946593928634161093e-04  1.064294287966253841e-04  9.901978174346418027e-03  -1.912757264929883542e-03  1.058331960675665044e-05  -2.557970523298736809e-05
-1.342688272071208854e-04  3.574838047337739681e-05  1.390128101699345800e-03  -9.646033716986185603e-06  3.891944973589568646e-02  2.202043619423672122e-04  -1.097433716921617186e-05  -5.155629645777498078e-05  -9.841646826404882795e-03  -8.350049705258455381e-05  -2.057012297813399365e-03  -3.698152525214715294e-05  2.024625695661691585e-05  9.982733295086742946e-05  5.877650337503456928e-04  -7.873319700185068713e-04  4.364786800136019780e-03  2.148729077881054680e-04
1.576668281393896285e-03  -1.419760034253411685e-03  7.384629044303596575e-05  3.358606657367851569e-05  2.200632789997088309e-04  3.606003277712611227e-02  1.684631711737254222e-03  8.431146070705447179e-03  3.513785158779015905e-05  1.485650509208016987e-04  5.659755561217204122e-05  -1.878448623440735895e-03  -9.140794326889700033e-03  -1.028682623648746308e-03  -1.256861128845633937e-04  -2.032982394806074814e-05  -7.846344921147590276e-05  -2.283905074992096003e-03
3.488187749646921160e-02  -4.510738478259092190e-04  -2.439327352187073956e-05  -1.212943145703442277e-04  -1.119704507830959981e-05  1.684860466169093391e-03  4.553875962235839903e-02  9.483906350750587492e-04  -9.299011234013334628e-05  -3.266325150124882486e-05  -1.596450075233067460e-04  2.921105480524843019e-04  2.133459471153678275e-02  -2.935035483400709987e-03  2.403497447653173892e-05  7.171016214553066123e-05  3.462501704632465322e-05  4.417188643529459599e-03
7.732552672216313604e-04  2.238266575965882840e-02  3.089677712776222387e-05  1.698902362055194871e-04  -5.137782623269586033e-05  8.430570439898615875e-03  9.487198252807787146e-04  5.002974435517764523e-02  1.188837980239258682e-05  -1.928548661060498965e-04  4.056353959099598063e-05  2.710727019719572344e-03  -6.318213008458072391e-03  2.168757839297815945e-02  3.117183226475270355e-05  -4.384124638475514360e-05  -7.653240119942624216e-06  2.753215446558727759e-03
9.696833738709747803e-05  -2.485863708869087582e-05  2.308343387812410510e-02  -3.345117471559651452e-04  -9.841506504040708342e-03  3.501602506165153690e-05  -9.280399971429256257e-05  1.166150053771201569e-05  5.120845302814278771e-02  -2.814219169909154528e-04  -2.484408861933248749e-03  -1.175480297167712192e-05  3.004565398086122635e-05  5.848536464342357633e-05  1.590287966774255046e-02  -3.952453503221101810e-03  -3.679597650117763172e-03  1.898004083408572743e-05
5.155405682541425874e-06  8.903960602742697105e-05  -5.001494719051541256e-05  4.492451300560461672e-03  -8.335080388137876088e-05  1.490251092652709886e-04  -3.251337665771146171e-05  -1.937493731919594903e-04  -2.814305000429475267e-04  4.231598387933404454e-02  -3.962418950405504942e-04  2.980217602643025067e-04  -2.019946138761433363e-05  7.051197812503778221e-05  3.544118215732288985e-03  5.325170518870848361e-04  -1.144864406719390366e-03  -1.120410637278830545e-05
1.768266475672601677e-04  -4.721118074904814696e-05  9.841708418436255490e-03  -4.388439405583596169e-04  -2.057024417853735732e-03  5.652776661136552306e-05  -1.595965643148418119e-04  4.034659241769575371e-05  -2.484688364986302120e-03  -3.960624674818547441e-04  3.806044094526598448e-02  -3.435812791586335897e-05  2.429951046837897809e-05  6.624708302605837726e-05  3.877281850634959389e-03  -1.621005166460456979e-03  4.937165984365936289e-04  -2.766199389914337093e-05
-3.229148479563881353e-05  -8.484423646832965279e-03  7.275285965099612356e-05  -1.017624404331120654e-04  -3.794886754860907235e-05  -1.878152444798865828e-03  2.926306927298621833e-04  2.711285723455933959e-03  -1.178964818515248408e-05  2.968297067479617763e-04  -3.342937279578906556e-05  3.704790496956953533e-02  -2.322084088083195986e-03  -5.033376119589117251e-03  -1.025893233983001673e-04  1.096621343908433648e-04  2.330898680963561421e-05  1.496613351597375283e-03
2.249754205096079346e-02  3.362924494487047871e-04  3.240474559973350075e-05  1.945478969953448015e-04  2.026650601300566872e-05  -9.141382221548388989e-03  2.133466535461773020e-02  -6.317568880733515600e-03  3.007694109989124138e-05  -1.972127992837938563e-05  2.448306879191291711e-05  -2.322172718409637286e-03  5.057932908171174774e-02  1.223750451432966757e-03  1.587395807377763536e-07  -1.011036363166761462e-04  -3.585769870077642736e-05  -1.674458892829535327e-03
-9.223931245991264568e-04  3.484726495868017276e-02  6.287049128721181241e-05  1.060755057231727472e-04  9.940743424863938559e-05  -1.027664750185515018e-03  -2.935255261276473876e-03  2.168845616498783421e-02  5.855737872347119202e-05  7.046669402027686186e-05  6.669288363082614751e-05  -5.034642541084154675e-03  1.224650208691827362e-03  4.539142447989385348e-02  -6.766180544459654556e-05  9.998296157626913633e-06  -6.361063973439474188e-06  -1.398698429453846756e-04
-1.249269462493409505e-05  3.983549812794100247e-05  2.303668449242090785e-02  9.901437349218691203e-03  5.874901665693952951e-04  -1.247172893022803659e-04  2.421881294023212687e-05  3.136940213467797809e-05  1.590283356242617324e-02  3.543989847145871674e-03  3.877202770467671165e-03  -1.040022763209356809e-04  4.259542745059342800e-07  -6.772786819124073895e-05  5.153404885106607075e-02  2.003784485661814357e-03  3.432784517308075747e-04  8.858331852478020299e-05
7.728138140531117732e-05  -3.377644440724188521e-05  -9.629691674227426612e-03  -1.912508217616167103e-03  -7.874362665350164705e-04  -2.034157131205978814e-05  7.198494347637277306e-05  -4.406796856312434713e-05  -3.952505896018979753e-03  5.325674980881413278e-04  -1.620697725007734340e-03  1.106363172955255090e-04  -1.010558408863915513e-04  9.748293103544584145e-06  2.004338786739957076e-03  3.871390612813832566e-02  -4.824048005784414015e-04  -1.705951629728151770e-04
3.437909158596983697e-05  1.324529620816464611e-05  1.698364771194950948e-04  1.047560547676702315e-05  4.364864786992775185e-03  -7.861092330785230124e-05  3.479537907219731218e-05  -7.461644261228457699e-06  -3.679686810719034595e-03  -1.145045350523279807e-03  4.938129171506284954e-04  2.245480308577572866e-05  -3.581952354835930559e-05  -6.310993839767187813e-06  3.432069949697146710e-04  -4.822343785988777304e-04  4.207778264073570168e-02  -5.990092257344767623e-05
8.102885596521083172e-03  -5.267313486870206724e-04  -1.682298103180923481e-04  -2.582727614801482002e-05  2.162531415425251687e-04  -2.284129081204135624e-03  4.417043091600747658e-03  2.753691353495135458e-03  1.904702318591127580e-05  -1.183394446981723322e-05  -2.767065650770016329e-05  1.496269992622025749e-03  -1.674230945416164918e-03  -1.405990701764410879e-04  8.907906360028983509e-05  -1.707373986618329989e-04  -6.002935386254044307e-05  3.845210535732303953e-02
