4.685826845545887354e-02  -5.165686992604941717e-05  4.146061585312615851e-05  -4.106027352825190784e-06  -7.910380416146662870e-05  6.074313925122853345e-04  3.306437359773975460e-02  4.783813662157447946e-04  -4.480518991304010298e-05  3.793494539724966147e-05  -2.679208864142253421e-05  -2.685413714011105252e-05  2.029648494083327939e-02  -7.564896479951747172e-04  1.219677549862562585e-05  -8.008530364044100019e-05  -2.637549597672720822e-05  7.289150549866751407e-03
-5.203605328014885553e-05  4.711350571332197090e-02  -5.139509095198354602e-05  -1.066306643617925224e-04  5.272997216679428737e-05  -9.557984470230804436e-04  -3.041252925210611723e-04  2.008285215518889819e-02  -1.937226128966959530e-05  1.551273494943187264e-05  -7.727637304424856454e-05  -7.055829205101432806e-03  1.137321178722325245e-04  3.282522502225144329e-02  3.222110650706962496e-05  -6.986266069148924633e-05  -1.378114914869478984e-06  -4.523561081756853727e-04
4.150677991264779511e-05  -5.124467584862748925e-05  5.162713515656879026e-02  -1.008836645165027239e-03  1.004748476794053861e-03  -3.441367657485119489e-05  -5.864784987480742035e-05  1.176373833931216719e-05  2.070925709148958849e-02  -2.660161095276018274e-05  7.967883319473191214e-03  1.562735020002291929e-05  3.218592098820887147e-05  4.329709940043773264e-05  2.070096397486351908e-02  -8.244917257687951750e-03  1.048048749988677355e-04  4.810234790218895836e-05
-4.367404860167031667e-06  -1.066069298608401841e-04  -1.008370590630443394e-03  4.044294150575727248e-02  6.466513541262065617e-05  -1.107690375721732468e-04  6.888074872150840803e-05  -6.160008565062959897e-06  -1.277546551357338538e-04  3.674628605914555604e-03  -2.149660630078813845e-04  -7.092309777506865243e-05  -1.104398476799851120e-05  6.553866663576380437e-06  8.296183645962493941e-03  -1.583627056717699542e-03  7.979184743571788755e-06  -4.951941784805748485e-06
-7.897560664329276461e-05  5.293920235232739483e-05  1.005147134029329590e-03  6.558758864311020143e-05  4.018202713675745469e-02  5.184813763375482540e-05  1.156192472909661116e-04  -1.060888377435071652e-04  -8.400244617131001970e-03  -6.389933205302939293e-05  -1.480627583333593653e-03  5.282332664341225493e-05  -7.638580238219773401e-05  5.924580204246634915e-05  2.794112937986672237e-04  -4.071913905274358002e-04  3.518485076492761359e-03  -1.313663685899448975e-05
6.071965026430255685e-04  -9.553364707992204529e-04  -3.470581603286868603e-05  -1.107831145433949780e-04  5.199587323429842811e-05  3.907561478980557668e-02  1.052993096514778923e-03  7.377042732733108885e-03  4.007028707225856399e-05  2.980891675938270524e-05  -6.368946885920123263e-06  -1.433589916987084226e-03  -7.557037538906949403e-03  -6.392628427654860118e-04  -5.252967678757052003e-06  1.926892123170993040e-05  1.411024237509653560e-05  -1.763999733708456657e-03
3.306510481111975264e-02  -3.043092881053714315e-04  -5.826937192919159458e-05  6.913413920534838548e-05  1.155247581322138816e-04  1.052969025543682791e-03  4.666618209995831990e-02  6.491976802247373347e-04  5.498095333463284671e-05  -9.758384683509964711e-06  9.226090950462025188e-06  2.409459883358321521e-04  1.935165541168201025e-02  -3.044986830442784811e-03  -5.104364445181427978e-05  3.658739604085291112e-05  3.222322931516481801e-05  3.524789366079164338e-03
4.785703195122452142e-04  2.008316740426082520e-02  1.175495338307306431e-05  -5.926877643531376230e-06  -1.062464512683838658e-04  7.376921539151333647e-03  6.492934644154568346e-04  5.155267713434839166e-02  -1.691616614365550655e-05  -4.711881432442662095e-05  1.781615687082437505e-05  8.972578398532711757e-04  -5.578654627855898079e-03  1.949648911115715519e-02  6.439257147428604090e-05  -1.700626380192363734e-05  -7.121120276815973690e-06  2.528931786275085726e-03
-4.486922238681503828e-05  -1.923581296712813729e-05  2.070945182274678067e-02  -1.277086843197620752e-04  -8.400478640354079943e-03  4.062218426080754482e-05  5.493072669966424779e-05  -1.685886903222845915e-05  5.226152694836867091e-02  -1.213230313054324797e-04  -8.144385573716399554e-04  -2.467277336275526460e-05  1.022188049287758572e-05  1.186306262237837397e-05  1.420178306750767734e-02  -3.223781646485217138e-03  -3.042528635518855062e-03  1.392277953325859164e-05
3.799078316703740683e-05  1.558466357483136310e-05  -2.654889258659858382e-05  3.674525736776752989e-03  -6.396647962190691857e-05  2.915130474268064724e-05  -1.067324698091341523e-05  -4.716059633223336543e-05  -1.211252906037814256e-04  4.239455955240161583e-02  -1.680713893910175285e-04  3.379619973622164140e-05  -1.230351150620884788e-05  5.352741959589054862e-05  3.037655724110169611e-03  3.157824238015917136e-04  -9.347622259216989979e-04  1.671105026963290460e-05
-2.714680332948769231e-05  -7.726169009040555972e-05  7.968259054588115384e-03  -2.150395094941909085e-04  -1.480474660571542847e-03  -6.448237022844927421e-06  9.438644945239039921e-06  1.793911444860038946e-05  -8.145171354008102008e-04  -1.681240974360469881e-04  4.091467735767003594e-02  -5.879198794422228687e-05  1.904130971096694146e-05  3.283092287487047285e-05  3.169336022508979517e-03  -1.260783338506176778e-03  3.738034969402746549e-04  5.507074832421070265e-05
-2.701333055007552851e-05  -7.056054021432147695e-03  1.562597392821385068e-05  -7.078071883582592958e-05  5.304054673333951010e-05  -1.433740443532454658e-03  2.406279304692777294e-04  8.974168958283970871e-04  -2.529770625618234321e-05  3.449122305894525552e-05  -5.835186156177541133e-05  4.037034515678359498e-02  -2.436678533420737983e-03  -3.681105635250141606e-03  -3.426580296334090329e-05  1.188469989067850571e-05  -6.642516025914038692e-06  7.063838068356639160e-04
2.029702194822599268e-02  1.138211274687264040e-04  3.218126863222884991e-05  -1.097329982153804266e-05  -7.651049306290827598e-05  -7.557233512595011582e-03  1.935157368223918567e-02  -5.578742728266671176e-03  1.011573739563773089e-05  -1.221623348252346227e-05  1.898796053409221936e-05  -2.436928614220570336e-03  5.137810899712323687e-02  9.744097092028228529e-04  1.837986106083796861e-05  1.215355476208946192e-05  7.917285729537056790e-06  -1.070065974701382141e-03
-7.563474028693586287e-04  3.282471857455547537e-02  4.303959244924169619e-05  6.084928416986311976e-06  5.915827322468432403e-05  -6.391753754905874808e-04  -3.044887433612774620e-03  1.949659840425864085e-02  1.183894043575589865e-05  5.328396812368974716e-05  3.182039538574743455e-05  -3.681130067604200789e-03  9.741980245691520641e-04  4.682767926907643180e-02  -1.027149671734302718e-04  8.965386447055718067e-05  1.449296388699718865e-05  -1.591848128650238733e-05
1.216421741821969474e-05  3.233594627375298720e-05  2.070102475061238664e-02  8.296400995876387213e-03  2.787545009513173557e-04  -3.400326779534524083e-06  -5.089995610110254734e-05  6.438421968487855016e-05  1.420173386136739171e-02  3.037800214520004847e-03  3.169299909227366128e-03  -3.420080831300993440e-05  1.827375237738441298e-05  -1.029499299985805392e-04  5.218535740734081552e-02  1.147588687105323109e-03  1.807376846523995673e-04  -3.917607677128813069e-05
-8.058119054954956148e-05  -6.990958187870415321e-05  -8.245519432985097194e-03  -1.583714386611805242e-03  -4.062446709774348501e-04  1.855086551456745000e-05  3.725016079010326839e-05  -1.683861249328233336e-05  -3.223702939491303494e-03  3.156384685657098082e-04  -1.260684626890101441e-03  1.166543081848641791e-05  1.233015325080196714e-05  8.950577658412635536e-05  1.147578495307086154e-03  4.035612407211936620e-02  -2.632845368463793308e-04  6.049450614910700238e-05
-2.666503101583016263e-05  -1.340182262398083383e-06  1.051898018888226355e-04  7.778559737367855720e-06  3.518426056904755926e-03  1.458680748033970242e-05  3.258220728592415742e-05  -7.137783711771521200e-06  -3.042437052409340589e-03  -9.347469277812213949e-04  3.740343922686645761e-04  -6.319928390182806766e-06  7.885482479738310980e-06  1.538880291896165318e-05  1.806275571810590124e-04  -2.630949847606699394e-04  4.249544821960420798e-02  2.034808359474240112e-05
7.288708022485600700e-03  -4.527562880802052121e-04  4.741757406518756112e-05  -4.734040713765991055e-06  -1.302064406244900228e-05  -1.764167605706185808e-03  3.524937993345963767e-03  2.528556250171622947e-03  1.347929079282158586e-05  1.755289075324849228e-05  5.424946199506282008e-05  7.063481816884328336e-04  -1.070609954124883412e-03  -1.651468734846244006e-05  -3.913458491148896892e-05  6.051549937919844689e-05  1.933690418306342236e-05  4.010948186470594118e-02
