4.539203368217321205e-02  -1.403918774505178617e-04  8.575888370174242594e-05  -1.113522730821604685e-04  4.008126751954040266e-06  1.378825112763884574e-03  3.502619057011821524e-02  4.626013077113807744e-04  -4.545061540475031219e-05  -1.462921151830259671e-05  -3.488580317906752080e-05  3.030015067018874335e-04  2.235268163520846146e-02  -6.550370358201190301e-04  -1.428671842719440674e-05  1.322151400010751390e-04  -9.406997032130565519e-05  8.365821890759808643e-03
-1.399802569529666604e-04  4.562168088226901952e-02  -2.016341165873238213e-04  -1.173617322044166896e-04  -2.688897873321458162e-05  -1.424041409093578263e-03  -6.516327628940711287e-04  2.229302149767335359e-02  5.059387951824014044e-05  -9.603082365897093326e-06  1.663803238579434360e-04  -7.996167869446620807e-03  6.100622365353933511e-04  3.499998926540501959e-02  2.812722867017547305e-04  -3.862947789718916276e-04  -3.326954520903348120e-05  -2.538692679846435616e-05
8.573740458699932905e-05  -2.015599629234330194e-04  5.057180381280643872e-02  -1.691149809441548591e-03  1.362826757081672885e-03  9.138451866179822059e-05  -3.337805677787586260e-05  1.030642314311595295e-04  2.288375154683971666e-02  -2.444748338508839075e-04  9.393112920418295736e-03  -7.931239567892890078e-05  -5.338743667696279385e-05  1.952304082686680991e-04  2.310702152051313449e-02  -9.662471560545959209e-03  2.480555116126590396e-04  -1.960805267968290658e-04
-1.112876706956628602e-04  -1.171952063882497304e-04  -1.691376509683989969e-03  3.828809466823848012e-02  -3.486747455511678834e-04  1.966255826871871244e-04  -1.440491346925131270e-04  4.562708650064253412e-05  -4.859069183663733784e-04  4.732654035929432373e-03  -6.370231963451667041e-04  1.369879125735827357e-04  1.893770347286586285e-04  1.886497661859622393e-04  9.875647245680917868e-03  -1.964506419627850674e-03  1.552891301892730686e-04  1.208211236478519814e-05
3.789764484097283464e-06  -2.612936276888982813e-05  1.362881237697308266e-03  -3.490864467080327313e-04  3.879009826044294701e-02  -5.422366325812584293e-05  -1.218423001900599774e-05  -1.667929954262563136e-04  -9.476895019743192261e-03  7.975882109136454162e-05  -1.485219276157688159e-03  1.392357206560026778e-04  -1.728445396523139250e-05  5.778756560479819367e-05  5.243085278989744477e-04  -7.012512365419499389e-04  4.493482088454653356e-03  -4.700311626331690979e-05
1.378016707001768247e-03  -1.424371011800699754e-03  9.134793677403263087e-05  1.968180290422326200e-04  -5.431154803579108035e-05  3.652712351691391607e-02  1.143772850412125199e-03  8.779461822497631324e-03  1.591156220805194587e-04  4.068014912650538481e-05  2.050585770345645406e-04  -1.780413863362715092e-03  -8.533403395908533556e-03  -1.220198378793087854e-03  -1.449770378383294118e-04  -4.248786362774550473e-05  1.136378148451342752e-04  -1.965639018178312082e-03
3.502611241010096521e-02  -6.514767287256179431e-04  -3.300187277264239724e-05  -1.439710583891150840e-04  -1.212666173262829174e-05  1.143110822466646137e-03  4.527856014075130192e-02  1.053868691002681629e-03  -8.728101027357380078e-05  -9.329042436287689308e-05  -1.353368623302197632e-05  2.438873290228810750e-04  2.152956886001302847e-02  -2.862828495478847608e-03  7.521934034716987996e-05  1.949491935828205565e-05  -1.531049121197478307e-04  4.984741696337238737e-03
4.625425780586789716e-04  2.229331769671791252e-02  1.027129143771355469e-04  4.558716229530980279e-05  -1.670887215641642370e-04  8.779502201514742185e-03  1.053995274520276582e-03  5.077718838266934848e-02  5.870459274217694820e-05  8.332900526009287252e-05  6.894773487504395775e-05  1.504920460589681281e-03  -6.197834049807101307e-03  2.127479785981426647e-02  -1.444613960794143377e-05  -5.833507290509197356e-05  7.025963723005715226e-05  2.450653903031820447e-03
-4.548890540176623741e-05  5.050025630395900091e-05  2.288371903246552014e-02  -4.857955936232675326e-04  -9.476704880470490644e-03  1.591332220067415181e-04  -8.718866178360037869e-05  5.876763549755083135e-05  5.168679507176190263e-02  -2.070559878779772449e-04  -1.799277709129260255e-03  6.594008172180050543e-05  1.104361765095036797e-04  -1.016543783595032463e-04  1.578565377039630596e-02  -3.796994993221800528e-03  -3.514957508855826376e-03  -9.013586525591846181e-06
-1.582376809822234542e-05  -9.134198744855517925e-06  -2.444016057373908494e-04  4.732810924447251877e-03  7.999241914184235724e-05  4.058110881701076434e-05  -9.446746457973713646e-05  8.343329094892352191e-05  -2.073664015979662328e-04  4.178579184891517001e-02  -3.307400176387737369e-04  -5.354887146499060727e-07  8.276664260854877070e-05  -1.425767740073591533e-04  3.736264864054622114e-03  4.688738000966960039e-04  -1.078655898030505839e-03  -1.018201147066193904e-04
-3.490918094403860922e-05  1.656339931684809596e-04  9.392580841988705520e-03  -6.369566154613476219e-04  -1.485516482207580816e-03  2.050426448467667566e-04  -1.449397141163664119e-05  6.823900389573270330e-05  -1.799722700277695117e-03  -3.304510755509338336e-04  3.892957904572769828e-02  3.410028990137082845e-05  3.706090923686214611e-06  -1.893276999004458257e-04  3.817003892995328961e-03  -1.556793048341792484e-03  6.154898257914093087e-04  -2.098170350554661259e-04
3.025791949931004197e-04  -7.996028549921943562e-03  -7.925190294245700051e-05  1.377329624106906941e-04  1.393942221396693849e-04  -1.780541509415788049e-03  2.443919027632079910e-04  1.505521626975722107e-03  6.543582871688886698e-05  -3.635510022266122613e-07  3.293659755280896930e-05  3.870592118448975411e-02  -2.795251166203424620e-03  -4.363167605727006140e-03  -9.699492938327415647e-05  1.410686064591226382e-04  3.200657007943592624e-05  1.344555837317697048e-03
2.235297237650447910e-02  6.094663268647589147e-04  -5.415074002587331851e-05  1.888817330211384270e-04  -1.683464003654497137e-05  -8.532954693470436169e-03  2.152899766387111544e-02  -6.198070437810908155e-03  1.104300098301671282e-04  8.286911891478240832e-05  4.110205488192426034e-06  -2.795110486920401090e-03  5.027757722677003716e-02  9.547482795262665547e-04  -2.400288508257460859e-05  -1.150723240981237983e-04  3.209204307044426349e-04  -2.427511627486879549e-03
-6.556792060659940701e-04  3.499970566885701739e-02  1.955106334646055624e-04  1.882614139348218359e-04  5.861702743256353619e-05  -1.219948951990707832e-03  -2.862606910615589188e-03  2.127538425182105841e-02  -1.016290269291465607e-04  -1.424216518189333253e-04  -1.887936367838242990e-04  -4.363088828579714598e-03  9.543195977129860074e-04  4.552013066458947266e-02  -2.305075506093272233e-04  2.903051139667003140e-04  -3.448562956236001366e-05  -3.704010755669421011e-04
-1.428710276022205798e-05  2.810799222669162624e-04  2.310697909407995188e-02  9.875413430391237826e-03  5.243588893641292674e-04  -1.447681590370654794e-04  7.549477301945907806e-05  -1.493750510888308100e-05  1.578568917969258578e-02  3.736123882949927196e-03  3.817190992411715559e-03  -9.673204790310424822e-05  -2.442882935989476335e-05  -2.299560603722208320e-04  5.132201572478219814e-02  2.178800888106879972e-03  2.309596136311466640e-05  1.595998274398409975e-04
1.328897093950778580e-04  -3.851851380597803159e-04  -9.662597504362002016e-03  -1.964599070698768487e-03  -7.008946798182014897e-04  -4.247221859088892932e-05  1.937261770278470474e-05  -5.787672924036932283e-05  -3.797217187811274645e-03  4.687757114798810293e-04  -1.557302459642858055e-03  1.402617382424218694e-04  -1.153993083632776046e-04  2.903626588768734259e-04  2.178778491164665935e-03  3.851067045322056209e-02  -3.812358761017709690e-05  -2.473877863608337706e-04
-9.491567396101387763e-05  -3.410120600026977775e-05  2.481583879143055543e-04  1.552347388098834411e-04  4.493619455443858754e-03  1.138152327268949186e-04  -1.537138485612227093e-04  7.037649223240478446e-05  -3.514992039309137745e-03  -1.078623784431029589e-03  6.154701991225405193e-04  3.227028551485458486e-05  3.202500202950877184e-04  -3.428390218062160822e-05  2.308951898455285841e-05  -3.819495856180736993e-05  4.221349850905536938e-02  3.724405198213766766e-04
8.366210559891998008e-03  -2.521630189354756896e-05  -1.965089599900337518e-04  1.178650342490759439e-05  -4.659954636682887407e-05  -1.965128413494028527e-03  4.984564739577528047e-03  2.450524607036665223e-03  -8.858573206842453658e-06  -1.010514838721204774e-04  -2.102294928800323701e-04  1.344683955272803081e-03  -2.428019376052196771e-03  -3.707045252823131095e-04  1.598398928833405866e-04  -2.471552314603802552e-04  3.727549264178854822e-04  3.753570625705995173e-02
