4.555814635731753742e-02  -3.288527041434684424e-04  -1.937815526475395952e-04  -4.564376264206032629e-05  3.418468321429785810e-04  1.861781227765582723e-03  3.458949940875939710e-02  6.848135343822481323e-04  2.404805137893841946e-04  4.271347698491375435e-05  3.841919807214806237e-04  9.984945650490545686e-06  2.220307509706910543e-02  -4.383612390737687162e-04  -9.047047848359960416e-05  1.687856208397562230e-04  -5.838413465388009603e-05  7.962307282441379377e-03
-3.280738565923682322e-04  4.581970290625541481e-02  2.761718520343034856e-04  3.223349298788413201e-04  2.078174802480396927e-04  -1.108330579507013159e-03  -7.464863871016503031e-04  2.224569048592395584e-02  -9.394958598305973497e-06  6.823916950906248891e-05  -2.120825823118443261e-04  -8.450553211002582998e-03  7.880419582517349730e-04  3.471752496005082317e-02  -1.702260316784641524e-04  1.027139998822413524e-04  -3.663643871443978973e-05  1.924320765732131058e-04
-1.938205731653255966e-04  2.759457988846940085e-04  5.036253112492226902e-02  -1.748505815777038177e-03  1.545873675533906933e-03  -1.130908200564930652e-04  2.531259255497320029e-04  1.262338397858203639e-05  2.282571323135737865e-02  -2.375967970314252816e-04  9.507517919391647934e-03  1.170544611327536261e-04  -4.015524793422395734e-05  -2.342433013239290517e-04  2.283878584311584484e-02  -9.646199179603359361e-03  3.394571048674278240e-04  -1.422068071387650313e-04
-4.585628672664989234e-05  3.214066131190450011e-04  -1.747910945936514537e-03  3.841434577570638359e-02  -4.030996091207861157e-04  7.332365388996538353e-05  1.076312357763060446e-04  6.685982932264497244e-05  -5.171126208543180619e-04  4.410194201706161415e-03  -6.878419002992609398e-04  -1.778404709596248870e-04  -3.930381713748662160e-05  -3.651361661986276771e-04  9.736869445189587011e-03  -2.086684570924469701e-03  2.537792968005484233e-04  -1.199375773690396771e-04
3.409497139399605406e-04  2.080016261562100011e-04  1.546696427937856990e-03  -4.032920448145305321e-04  3.884859270948221033e-02  -7.845135261304009668e-05  -8.564178983328153043e-05  -2.919685227686890489e-04  -9.741432750183855530e-03  1.677262847067204521e-04  -1.973796003980641221e-03  7.219443915673448987e-05  -2.016798898423231899e-04  2.154164160275486524e-05  5.329913156157939369e-04  -6.881773542571198356e-04  4.347518206740211624e-03  -1.508996729094206962e-04
1.861746745825792245e-03  -1.108597650266293080e-03  -1.136233510397523130e-04  7.305344920360879216e-05  -7.847657577741410826e-05  3.600351308369870162e-02  1.514639053686884281e-03  8.346858398355676972e-03  2.128684983351138518e-04  7.378161264868229126e-05  -7.797822339527877482e-05  -1.995920420324594127e-03  -9.125401342323549714e-03  -1.354644007233676666e-03  2.436445283496599623e-05  -8.657897235169476351e-05  1.330640466017631778e-04  -2.153186729487335631e-03
3.458991295731596999e-02  -7.464952424872450332e-04  2.532925483023584995e-04  1.088574264383375411e-04  -8.554087072031344796e-05  1.514707559768106119e-03  4.550519573464512080e-02  9.758648273346357026e-04  -2.713589615947133876e-04  1.982622656364524844e-05  -2.297373122163691992e-04  4.263747874346748997e-04  2.124211050494938247e-02  -2.771109580163075899e-03  -1.726888490253294088e-05  -1.347210555350623613e-04  -1.427562818953152638e-04  4.410286579012867407e-03
6.848001795249131132e-04  2.224606774847285098e-02  1.256096233084966980e-05  6.694859227390066953e-05  -2.921515622114435667e-04  8.346111159528549900e-03  9.764791640727357985e-04  5.041290712017876263e-02  1.654212787567647692e-05  -2.818700856283329120e-04  1.058431859907764194e-04  2.095856721603497549e-03  -6.190632053455273794e-03  2.116348757431309874e-02  5.086736114194688604e-05  3.488652716540715669e-05  3.859852357985399125e-05  2.754281381899162818e-03
2.400607496735311815e-04  -9.414850814466553308e-06  2.282562494860625527e-02  -5.167372608744895141e-04  -9.741334871895605124e-03  2.127629927222662279e-04  -2.711217248218191910e-04  1.667380881888877467e-05  5.144201159724850342e-02  1.401935274899562295e-05  -2.048633634611246156e-03  -1.569634441099328648e-04  2.809508353484660640e-05  3.529600661864990528e-05  1.556967398412899099e-02  -3.741959967918370451e-03  -3.515998017970007206e-03  1.200584769951185013e-04
4.173847136215597131e-05  6.871590470295291546e-05  -2.371521601059048477e-04  4.410004234903472896e-03  1.676169915261205561e-04  7.306330016212443266e-05  2.072358328797895677e-05  -2.821163707349891563e-04  1.430439485291947731e-05  4.224305936135174661e-02  1.196999220930562449e-05  3.514990536596438570e-04  -5.453380885119184999e-05  1.176235956036958343e-04  3.428942651414910656e-03  6.005773997767309587e-04  -1.027913007258281089e-03  -2.818341022433781373e-06
3.829029313596229566e-04  -2.121645859396623871e-04  9.506601260710463575e-03  -6.878072002403769290e-04  -1.973781239875815365e-03  -7.816826568072084624e-05  -2.292908921181327259e-04  1.065323585164435318e-04  -2.048832827630990647e-03  1.186875991765943543e-05  3.872843002095655018e-02  -2.973140363148260579e-04  -3.775436476805293770e-06  1.290726750791895304e-04  3.718316206897269872e-03  -1.669420762534915871e-03  5.063146797365814791e-04  1.776210355826420158e-04
9.578991832791870049e-06  -8.450221558898726726e-03  1.167468488779099236e-04  -1.780819628421739559e-04  7.317674700532905913e-05  -1.996502461051107274e-03  4.264297974807469455e-04  2.096836242872858035e-03  -1.568312033377063357e-04  3.510617750193924724e-04  -2.976429817835503800e-04  3.806507402799862855e-02  -2.623929520970402773e-03  -4.588334668174547278e-03  -3.431393558192415659e-05  3.494832131723860216e-05  3.659974519959320149e-05  1.114239762692618421e-03
2.220322332474197746e-02  7.878350186058192183e-04  -4.022355304897956872e-05  -3.987167376606527035e-05  -2.014884474337977956e-04  -9.126013997990295099e-03  2.124152481826940483e-02  -6.190395018605995663e-03  2.808301039945003074e-05  -5.407948604185634778e-05  -3.417618676971974213e-06  -2.624268192406054544e-03  5.056831578039390485e-02  7.034355663364933028e-04  2.612440581516861857e-05  1.811374361233404620e-05  9.665929292533345500e-05  -1.526148408195702457e-03
-4.388590844488894443e-04  3.471781723225182692e-02  -2.342775357655604905e-04  -3.660664806376978967e-04  2.099812056197371531e-05  -1.355137937095059501e-03  -2.770957298593204523e-03  2.116388502187613319e-02  3.526665665582610004e-05  1.179579581339145839e-04  1.290168412225397329e-04  -4.587878029059987151e-03  7.032075173908888853e-04  4.560041775781084605e-02  1.461538666092117951e-04  -1.449599862626662955e-04  7.089889645226051180e-06  -6.335428282763305111e-04
-9.051372249823965409e-05  -1.706549995204682194e-04  2.283870250974899541e-02  9.736508966333025372e-03  5.329225672552295691e-04  2.433717819950167126e-05  -1.730047151085190507e-05  5.076066700314449778e-05  1.556971663948432567e-02  3.428842957629577286e-03  3.718007066787269461e-03  -3.424705261746971348e-05  2.614613440203044270e-05  1.463656970675300800e-04  5.165075911492084115e-02  1.883608118639283017e-03  -1.387525374753912223e-04  3.683953066381761780e-07
1.671658366401357679e-04  1.025396128660081754e-04  -9.646907755891130642e-03  -2.086146761728941736e-03  -6.882780769052125169e-04  -8.593603389778134958e-05  -1.347794573212770576e-04  3.562314823157857651e-05  -3.741791321427534282e-03  6.004482822797252645e-04  -1.669341781023865124e-03  3.419592834061062239e-05  1.800043886959012100e-05  -1.436840094744658237e-04  1.884049080907237560e-03  3.891608041945988916e-02  1.568157432492878894e-04  1.876259138210866249e-05
-5.867235637729669497e-05  -3.684600371078323295e-05  3.393594004042021594e-04  2.534114751140225503e-04  4.347697534385270603e-03  1.327708937060717847e-04  -1.426571614882432689e-04  3.914150611036854987e-05  -3.516333551740282760e-03  -1.027995066507985398e-03  5.060379633483493142e-04  3.658631078897833875e-05  9.618270779600955514e-05  6.961499912367032788e-06  -1.386747755408388317e-04  1.567382616797785837e-04  4.213847884332181520e-02  9.177013417851283446e-05
7.961977411719960498e-03  1.927835558483283304e-04  -1.422015161290883371e-04  -1.199746164844574909e-04  -1.521592754947665035e-04  -2.152441124726042591e-03  4.410625083975774734e-03  2.753969844649704988e-03  1.199175303014334189e-04  -2.907748579038255245e-06  1.773746840387710466e-04  1.114073323163192533e-03  -1.527074805552615291e-03  -6.334204208060605600e-04  4.129678061335156927e-07  1.871788887150396591e-05  9.162355643282028459e-05  3.890362893343863454e-02
