4.662611350745658745e-02  -2.555322601800606480e-04  4.986568729691772019e-05  2.898787982346961209e-05  -8.207970814594345299e-05  7.288461398270320137e-04  3.331629646821326896e-02  4.604051025523332101e-04  -5.541512027674001475e-05  2.815559632284484362e-05  -2.721257049380538745e-05  -2.299530271541170172e-06  2.035484366815483101e-02  -5.243116160963026250e-04  -8.171023297658090717e-06  -2.049721298282031488e-05  -8.403699745343948496e-05  7.292142492571820726e-03
-2.559985399447182335e-04  4.703031847075424265e-02  -6.664973987252459343e-05  -4.961277518649606736e-05  -1.771321909255349483e-05  -7.953498883104960070e-04  -3.994589841948368442e-04  2.031922197682757905e-02  1.811144070807880181e-05  5.557597156234657485e-05  -1.183055446917840438e-05  -7.192271836294569266e-03  4.777891135804172092e-04  3.300967846673105027e-02  9.046410041723379318e-05  -2.030488840261696212e-04  1.135319481226105917e-05  1.112307206387903581e-04
4.994854674617372261e-05  -6.679340794471996519e-05  5.160317997866022827e-02  -9.763000907842398672e-04  7.511353586001444762e-04  -3.762580299307910015e-05  -7.738644811212572845e-05  -8.333010624154974086e-06  2.076872498781159176e-02  -1.035394826269920676e-04  8.118727285769972851e-03  2.281931344930656936e-05  -7.221937939840304211e-05  1.198438535995401837e-04  2.088040467388869309e-02  -8.336360959849685101e-03  1.767052291157346681e-04  -1.474770862007224406e-05
2.885268296100515359e-05  -4.962109837566377367e-05  -9.762892890746495021e-04  4.027507184867288453e-02  -5.753731207314827624e-05  -1.709364026921464245e-04  7.322235826813568312e-05  -1.707636456540924375e-05  -2.285004027749417061e-04  3.738078076615933363e-03  -3.634005593301152070e-04  -5.658108695997668750e-05  -1.956145033460332983e-04  4.111189101101995005e-05  8.350371186921850056e-03  -1.635963689950946246e-03  1.463606187270781185e-04  -8.031245480082398105e-05
-8.215475949363609993e-05  -1.748849910721866471e-05  7.513693061322647155e-04  -5.759606981570332380e-05  4.050525172181092953e-02  -3.051447559593744219e-05  1.202860762723926647e-04  -3.779932077155235442e-05  -8.156977112730648752e-03  1.498494807652619190e-05  -1.374146600171753576e-03  3.518093076549938801e-05  -6.814895027803003782e-05  1.215767817412917623e-05  3.102284220665559793e-04  -4.451250615955019106e-04  3.732557621005726071e-03  -1.474546802993093595e-04
7.289767665503610501e-04  -7.950930007290597963e-04  -3.811187104913217740e-05  -1.710623517440367121e-04  -3.047760573206852099e-05  3.900250919781814152e-02  9.271828801256509897e-04  7.632291929714055990e-03  1.555668002934224275e-05  7.612656875348159009e-05  1.408654755602218281e-05  -1.545069523006759905e-03  -7.567906010172257246e-03  -8.939836398680439623e-04  1.249273037610103417e-04  -8.257535307940127537e-05  8.512384203604956092e-05  -1.727399827801555290e-03
3.331607246592662580e-02  -3.998209158817312998e-04  -7.729922069910095527e-05  7.303608801700364847e-05  1.202949253593608710e-04  9.270689200920381170e-04  4.643819234460579148e-02  6.104122865412380666e-04  5.403962237518203973e-05  -3.700616289727906458e-05  -1.595634892500223822e-05  3.319753562525445327e-04  1.952641166186515342e-02  -2.847924295908006373e-03  2.556853984640485293e-05  6.723635950212606599e-06  -2.803470233082467218e-05  3.887276605967668677e-03
4.612845191886955185e-04  2.031910532837205574e-02  -8.304879384443150338e-06  -1.716284478197909719e-05  -3.763365662593237562e-05  7.632538861056719325e-03  6.095892752774375711e-04  5.150846154058170978e-02  6.674418756510427831e-06  -1.613709338263627418e-05  5.709396169727485828e-05  7.732920281450419292e-04  -5.612797869767552350e-03  1.947918011830944429e-02  -2.162965348867403116e-05  -2.756169074072614671e-06  1.419574184000800577e-05  2.489079237984694395e-03
-5.582100858686358749e-05  1.825124447581439796e-05  2.076881686787328957e-02  -2.283817860622716373e-04  -8.157058588518681722e-03  1.599231797632009476e-05  5.437707697453121879e-05  6.727311584258028723e-06  5.229126555591186165e-02  -3.227079665112570400e-05  -8.997276102373796304e-04  -2.696837749961402330e-05  -4.745840502472818992e-06  -6.607402221518401562e-05  1.415814274042477387e-02  -3.073606453768736556e-03  -2.989822180876991822e-03  -4.376141030423334666e-06
2.777537351838949448e-05  5.558878911992825965e-05  -1.033739809037293909e-04  3.737838836648415750e-03  1.509013007126749902e-05  7.674755834601574601e-05  -3.708304642877950576e-05  -1.612584578640643236e-05  -3.229986243418333733e-05  4.235218965664609009e-02  -6.222873832552986589e-05  3.204081034931140074e-05  1.728099405310879602e-06  -3.556834177846584881e-05  3.038399770581126039e-03  4.361618025354053324e-04  -8.708871943778026840e-04  -3.110429566863245963e-05
-2.701538196161835167e-05  -1.174297096289277057e-05  8.118584044610499192e-03  -3.634651473011106981e-04  -1.374187634654920869e-03  1.550309143344131730e-05  -1.450775638855514795e-05  5.682478596026064986e-05  -8.997882485636068701e-04  -6.215668168919952013e-05  4.070397723659429506e-02  -5.736881342827917818e-05  2.952173056049896136e-05  -1.425925023816919444e-04  3.060412306426752663e-03  -1.041011761599362458e-03  4.738146352974151256e-04  -2.791038307789252282e-05
-2.324581172615248778e-06  -7.192501131952198749e-03  2.304066171039806030e-05  -5.666782379454963662e-05  3.572253168499428446e-05  -1.544706256967889749e-03  3.320576333389956372e-04  7.736060836611340433e-04  -2.677670933416492831e-05  3.178210837665107957e-05  -5.776876143391211058e-05  4.054772185230227227e-02  -2.582261144472008767e-03  -3.633526893846269774e-03  1.522142572821839031e-05  -3.970900047493319850e-06  -9.441681784479594023e-06  5.761439710841438589e-04
2.035476491740417782e-02  4.783426507471631684e-04  -7.274485211263881140e-05  -1.954966319238320550e-04  -6.783283755664572614e-05  -7.567898388674815409e-03  1.952670226387151833e-02  -5.612687505639707940e-03  -4.414421568652232233e-06  1.709828216028389360e-06  2.966737031006713498e-05  -2.582054842513718373e-03  5.131804683119726290e-02  6.495811703583027549e-04  -2.966799137803331489e-05  7.198512770987155042e-05  1.292596802441061375e-04  -1.177186753154223870e-03
-5.243832528945455932e-04  3.300996280680334322e-02  1.196222818178713134e-04  4.210601892525499891e-05  1.088091950741748222e-05  -8.939005604020111356e-04  -2.847240001703703165e-03  1.947891761872300523e-02  -6.587810269174315203e-05  -3.670189265701583021e-05  -1.426961872358574240e-04  -3.633714091654435471e-03  6.497452596934398961e-04  4.677923929466692998e-02  -8.896633335818731529e-05  1.474172584542137072e-04  -2.001864150560135630e-05  -4.001069138620984159e-04
-8.048239412678150360e-06  9.055722652733187966e-05  2.088040327614374553e-02  8.350447268900882888e-03  3.101713747098573627e-04  1.250002954543379184e-04  2.532695413110745681e-05  -2.153802266236430095e-05  1.415839400931522170e-02  3.038259217806496115e-03  3.060406214989026038e-03  1.622550766304498536e-05  -2.942688789133601846e-05  -8.881974142872102170e-05  5.212220826993424483e-02  1.181516198096431479e-03  -9.055205178050983498e-05  -5.207357246918030343e-05
-2.197103637162066097e-05  -2.031094803437558289e-04  -8.336830425015411689e-03  -1.636006677035202386e-03  -4.449451348495161865e-04  -8.205754125118826811e-05  6.637500772604965567e-06  -2.664216388217557438e-06  -3.073873338237364302e-03  4.361384353978987557e-04  -1.041163656783927922e-03  -4.787573287535640654e-06  7.171047892780205559e-05  1.466977974585179708e-04  1.181644632648179861e-03  4.031100638726674984e-02  1.073147997475758854e-04  1.143296796881790805e-04
-8.351474008057500312e-05  1.096993705457724252e-05  1.768047068502872558e-04  1.464116521925027672e-04  3.732443237730941922e-03  8.518748185867546104e-05  -2.830439013081853197e-05  1.409295861992268265e-05  -2.989797846867617466e-03  -8.709463557111509022e-04  4.737110915899301168e-04  -1.013678068969041890e-05  1.296071185827907572e-04  -2.047925276784357709e-05  -9.055981652734391930e-05  1.071358852932830955e-04  4.240389890102996134e-02  1.840036053888875322e-04
7.292254699431407507e-03  1.117788514413705465e-04  -1.495095736620112058e-05  -8.018858697450099917e-05  -1.477811038067484756e-04  -1.727523703463403103e-03  3.887303105308909535e-03  2.488431130293732117e-03  -4.133953503079031705e-06  -3.100496867722161623e-05  -2.717442703430583971e-05  5.765147021881286910e-04  -1.177242222829324872e-03  -3.996288931089285175e-04  -5.290628593449353507e-05  1.147107786732299851e-04  1.846783530289917779e-04  3.994937496779794872e-02
