4.606604923051679096e-02  -5.257671995292911024e-04  6.897337235757457522e-05  -1.025507807904558349e-04  8.951870534498925964e-06  7.686561119292420734e-04  3.444969204522554257e-02  7.984570482241833567e-04  -1.549533615904480593e-04  -6.297578853939527833e-05  -2.402812054859818666e-04  -1.047036364233332401e-04  2.191764688409076831e-02  -7.334666892492098991e-04  -8.378644599038500423e-05  2.809997970305234873e-04  -1.611653188493594242e-05  7.873465747465715689e-03
-5.256643388231868608e-04  4.565501426770231241e-02  -4.565522530826416107e-05  5.330321301078916389e-05  -2.526332959107638405e-05  -1.221269576385957062e-03  -4.044495447469333019e-04  2.200133113335200896e-02  -1.018558444802196257e-05  -7.507878838135629369e-05  2.298010845697637125e-05  -8.359029381950888044e-03  5.794534041177872583e-04  3.448026931804210743e-02  5.372737861352099660e-05  -5.133682525978588030e-05  -1.872807741390047947e-05  -1.045187461235348139e-04
6.910837816684243476e-05  -4.565304300474566380e-05  5.087965831552840323e-02  -1.509596510384162002e-03  1.536073273142625701e-03  9.941432761135451533e-05  -1.461460609766662819e-04  2.708548504359993244e-05  2.261590051958590336e-02  -7.002229156330438509e-05  9.528386009145104613e-03  5.877202296004234420e-06  -6.806056311469516843e-05  2.576673825320936525e-05  2.233425629818434899e-02  -9.069646316074734746e-03  2.612034448753180614e-04  -2.318486243299742143e-04
-1.013952325240555799e-04  5.328147052187595808e-05  -1.509757802600391339e-03  3.937718321007127598e-02  1.632226231862347974e-04  2.784079608096956321e-04  -1.319425120428625018e-04  2.986178342581993512e-05  -2.154855411343558995e-04  4.207859909733806074e-03  -2.672635322441111491e-04  1.129650037225719605e-04  2.711982884910210038e-05  2.717077505332072987e-05  9.206467355758330209e-03  -1.478869644691654288e-03  1.798552646179545880e-04  -1.208586320122946183e-04
7.903246157956172747e-06  -2.520418586867903074e-05  1.536382794027146967e-03  1.632313254534979827e-04  3.873868360145978074e-02  -4.425496578934089614e-05  6.264795337551445106e-05  1.019494789650063511e-04  -9.575317071582012743e-03  -7.578589914622639394e-05  -2.057961921888630617e-03  -6.831170732835696818e-05  2.776312675379532429e-05  -7.838548150703165040e-05  5.271706005151160232e-04  -6.622889122031953846e-04  4.512613990983921179e-03  -7.559633256592049376e-05
7.685341481877470916e-04  -1.221180761853363043e-03  9.900391895049743065e-05  2.781201581090565278e-04  -4.437252850847240004e-05  3.734088670580879010e-02  1.461524618850117705e-03  8.511745769426735247e-03  -4.799016831304966132e-05  -1.151177495695040841e-04  -2.620230299646977983e-05  -2.207954050449297771e-03  -8.299361415820929663e-03  -1.327835392465240728e-03  6.139536937361809500e-05  -2.257948292708802365e-04  -3.137264805705801949e-05  -1.774136466285465260e-03
3.444999614511744246e-02  -4.043401465650493169e-04  -1.460527597829630294e-04  -1.320144300266940364e-04  6.313222864742653142e-05  1.461689622036762984e-03  4.593308276630483217e-02  6.650835481296058470e-04  1.010701715268740638e-04  -5.385586286636771801e-07  1.651671241969124109e-04  5.274265438916028725e-04  2.078523069179793667e-02  -2.786124512011682684e-03  7.996725505273773443e-05  -9.990932732179723524e-06  -5.948342264842098763e-05  4.184119890876115966e-03
7.986896664848919030e-04  2.200172752028740561e-02  2.724618498623519530e-05  3.067681504646124638e-05  1.021970778737429876e-04  8.511381295151389595e-03  6.651900360010960583e-04  5.035148225376699649e-02  3.737603677348654122e-05  2.630026829246644919e-04  -1.169380499646818441e-05  2.315662566414946211e-03  -6.085998384883982773e-03  2.115586483262332437e-02  -6.947609885151339747e-05  -7.217526109876164957e-05  3.687852230250077097e-05  2.785091010243206846e-03
-1.550258683244794180e-04  -1.031499304223379580e-05  2.261573391410684822e-02  -2.154897138884568361e-04  -9.575275963709547339e-03  -4.784853466492997839e-05  1.013370629966792933e-04  3.731390717487422214e-05  5.142727302368114983e-02  -1.343022530034599412e-04  -2.139356875185687620e-03  4.458082344932860471e-05  4.255310794689824358e-05  -4.778362749279410057e-05  1.541152738727655583e-02  -3.702586484784730052e-03  -3.510467931207620750e-03  -3.247651324615912004e-05
-6.299543058095477760e-05  -7.522868154514264765e-05  -6.975560296524012762e-05  4.207688455849418335e-03  -7.582863005909734957e-05  -1.148123264183084912e-04  -8.222078431079341386e-07  2.634200803327444666e-04  -1.342746775564496490e-04  4.239920911886018579e-02  -1.979721362360625325e-04  -3.293557144961460929e-04  5.196360625995991527e-05  -1.545383606997294875e-04  3.405430750906032755e-03  4.979865201060146383e-04  -1.037978260276275306e-03  -2.080673706204979809e-05
-2.407272148499864763e-04  2.297402314527290996e-05  9.528824560466065893e-03  -2.672742055189288230e-04  -2.057985597700706659e-03  -2.575409827343707792e-05  1.640758179281681379e-04  -1.159198782202816831e-05  -2.139861709168537542e-03  -1.981515673320190176e-04  3.868480648959925217e-02  6.413840631235640172e-05  -2.511198534549878802e-05  -4.944806090550052369e-05  3.727454135802584292e-03  -1.687248566749915794e-03  4.044361699917730876e-04  -1.037947251990593216e-04
-1.048585286926919389e-04  -8.359573329317382742e-03  5.985330526775198714e-06  1.132883001663219504e-04  -6.826609137726960183e-05  -2.207630448074855787e-03  5.272955988042042456e-04  2.316336746371363588e-03  4.395224771191684444e-05  -3.286801238149646598e-04  6.515247604123724785e-05  3.784717534589188137e-02  -2.467853493857383260e-03  -4.716739574809078114e-03  -2.908516140118241433e-05  2.477732836598715393e-04  8.284100435023488231e-05  1.108640590044700312e-03
2.191679888688690889e-02  5.795134979238398881e-04  -6.813688695024558884e-05  2.710757660374840721e-05  2.772482777672228367e-05  -8.299551660958200128e-03  2.078552300663865510e-02  -6.085350283482268696e-03  4.306956852403265128e-05  5.182012330334960178e-05  -2.527133821023842632e-05  -2.468100213657623259e-03  5.087978060636990513e-02  9.557401288184342800e-04  -4.752837063563733044e-05  -8.645431023182988594e-05  8.437057155900333960e-05  -1.435443623218987490e-03
-7.337584416378621762e-04  3.448094857709053940e-02  2.579292674713753669e-05  2.687413972709862229e-05  -7.847417261566813217e-05  -1.327232164283080216e-03  -2.786201987129974418e-03  2.115721287638751280e-02  -4.774919327132295672e-05  -1.545020615869038090e-04  -4.829003799359869156e-05  -4.717842496883179436e-03  9.565701557030732759e-04  4.544058696346511134e-02  4.162487716453219837e-05  8.099346869515318943e-06  -3.491266299679119604e-05  -3.989119094514569628e-04
-8.392129893879736631e-05  5.390276116307352906e-05  2.233460110917299610e-02  9.206351093643445199e-03  5.266452966321270206e-04  6.218343215855333861e-05  7.980578816691999346e-05  -6.892134482549439761e-05  1.541166143270451469e-02  3.405383401263441419e-03  3.727834819564677157e-03  -3.008516657134915242e-05  -4.759918230079542034e-05  4.183329770846273105e-05  5.181510961999242354e-02  1.622084894832521215e-03  -8.306794349819960469e-06  1.362325594382740460e-04
2.813944987055440610e-04  -5.169309744264459169e-05  -9.069499509392196790e-03  -1.478831559455576379e-03  -6.622147160491087320e-04  -2.258941655700576396e-04  -9.237865854997458491e-06  -7.284926576696226363e-05  -3.702585275059082272e-03  4.978741282334696707e-04  -1.687362163152967458e-03  2.478311257337594020e-04  -8.647890075331477204e-05  7.300177066636169631e-06  1.622533322917964075e-03  3.935991892278322551e-02  -2.882763961541901635e-05  -1.841097258175858386e-04
-1.659222954574621746e-05  -1.889192679515597288e-05  2.610979768554219757e-04  1.796931239465210449e-04  4.512668583561188149e-03  -3.125520607580673313e-05  -5.937141042932434762e-05  3.696686960970467831e-05  -3.510441604079843868e-03  -1.037944897811591627e-03  4.045954189076567706e-04  8.266701625499856768e-05  8.421275337484758602e-05  -3.492056603846629303e-05  -8.224790798499842065e-06  -2.892968248650381813e-05  4.196809396646247053e-02  6.998179343215062153e-05
7.872983762126965768e-03  -1.043692211477302177e-04  -2.320310056945132761e-04  -1.217916932111881589e-04  -7.598729063173532841e-05  -1.774217609078280241e-03  4.184053761831094814e-03  2.784530989691196522e-03  -3.298778724596993883e-05  -2.054935901528434495e-05  -1.048528278127877785e-04  1.109198392384722629e-03  -1.435418790675673526e-03  -3.988500123488307437e-04  1.367785197223489761e-04  -1.839916015881701966e-04  6.985792979183588270e-05  3.899274957099305161e-02
