4.663305556472813196e-02  2.471864372906361438e-04  -1.767067401687097146e-04  4.105875771091306841e-05  2.342652835513053409e-04  1.408111150936683809e-03  3.347917805058480550e-02  2.482682532649946989e-04  1.176022079363535231e-04  9.527587927365383744e-06  1.488982064788659161e-04  2.245574345478425183e-04  2.100714700883165795e-02  -5.870120354358125247e-04  3.192011213902698610e-05  -1.213059571883953226e-04  -6.368579053805404277e-05  7.870405759674199003e-03
2.475202407114363403e-04  4.673423679498486111e-02  1.410699137667966179e-04  2.271981200639662719e-04  -7.877849009698392128e-05  -1.599621097121854468e-03  -4.634892624598626340e-04  2.090423298912333014e-02  1.137242724584525862e-05  -1.171859629683439101e-05  1.275424865776697504e-04  -7.558457420466973067e-03  2.178996067745835356e-04  3.336467341368270362e-02  -6.342854778095674681e-05  3.928595172372957735e-05  1.221883384947288164e-06  -2.627244749207134199e-04
-1.766609595843186408e-04  1.410829855411366036e-04  5.086522920194230107e-02  -1.307696941800666219e-03  1.426880248530842336e-03  6.487648299742846368e-05  1.645309864380602757e-04  -2.431651886145381797e-05  2.153908362096011025e-02  -1.014062998708467118e-04  8.758575442512166881e-03  -1.540500817522253818e-04  -4.122981837596037676e-05  -5.952018394417603206e-05  2.161394578179240411e-02  -9.036763975627627038e-03  1.104969688535385822e-04  4.200749538369331470e-05
4.073351192525763491e-05  2.270820995945336889e-04  -1.307753338245195348e-03  3.966123212790782782e-02  -2.951483915976757955e-04  2.664473587340598378e-05  2.157459856523363356e-05  -3.238625680302305830e-05  -3.504683804959224684e-04  3.786644353400578367e-03  -4.878176555649109858e-04  1.556973405582507590e-06  -8.728090863572463573e-05  -1.487432126957052413e-04  9.068444172408179904e-03  -2.159064934846654984e-03  5.437053103802690931e-05  1.354431478229828319e-05
2.336822351728073109e-04  -7.902912262329996052e-05  1.427489673648758405e-03  -2.952646131600476895e-04  3.945428826777007403e-02  -3.026650039781216819e-04  -1.667957724679468041e-04  7.255655493159832809e-05  -9.055106471024001319e-03  3.414535440271606264e-05  -1.947642125736423306e-03  3.097474218175430539e-05  5.150305533605471123e-06  -6.185885141894077884e-05  3.806218557455876049e-04  -5.445782331555881414e-04  3.711614086130407726e-03  -4.493562281197461682e-05
1.408175712444781997e-03  -1.599733683869681254e-03  6.463076100660425957e-05  2.668033216422664776e-05  -3.023948182403490576e-04  3.713912407617440958e-02  8.624610192716159005e-04  8.252798896193399431e-03  -6.137091090572456445e-05  -2.226161471254578444e-05  2.553436732516691949e-05  -1.914153956499949375e-03  -8.127333386207356500e-03  -9.348800532478694593e-04  8.477451008868995379e-05  2.672473493271927602e-05  8.574280265405360762e-05  -2.110033972941561826e-03
3.347886950194196853e-02  -4.630629316354787023e-04  1.643803591485926965e-04  2.159553025606692557e-05  -1.666117623117741378e-04  8.622033696252524686e-04  4.648890959654961713e-02  1.040663861853190209e-03  -1.747209051103828365e-04  -2.516913721295487128e-05  -1.607195225298925143e-04  1.145706593961359085e-05  2.014616101837375314e-02  -3.274382047318683854e-03  -1.451532013814541582e-06  3.036348182602634002e-05  -5.356029923715120722e-05  4.105981333873781787e-03
2.480198648646790441e-04  2.090403899081598807e-02  -2.422375389445573156e-05  -3.200025659516135665e-05  7.295187584858360053e-05  8.253133833064219341e-03  1.040861577659920462e-03  5.111923795810909693e-02  1.027845967651150365e-04  -2.228970067310443622e-05  -1.726879469425524890e-06  1.209308423878721487e-03  -5.884159583809081724e-03  2.007007571391613773e-02  -3.013359879942521327e-05  1.586459983725508805e-05  5.467587729323540650e-05  2.281271152103806626e-03
1.176686856200714714e-04  1.137866350130352627e-05  2.153920318408034801e-02  -3.501935307474344995e-04  -9.055015657435650650e-03  -6.094095650987921205e-05  -1.750828377124315292e-04  1.031227226895297538e-04  5.199134407820729664e-02  -1.642328049517877836e-04  -1.311253058785557006e-03  2.683150230847877521e-05  6.911555275722771707e-05  -6.455603729979104641e-05  1.474493842492607780e-02  -3.429316716043158322e-03  -3.168730507047302393e-03  2.809896018814041078e-05
8.426253380275010405e-06  -1.172603591304928227e-05  -1.009357894174418109e-04  3.786660635341855367e-03  3.438693074368033478e-05  -2.117777958168202951e-05  -2.603372624630579584e-05  -2.253256714429881997e-05  -1.643211846833696318e-04  4.240758449322130225e-02  -2.316291430208930219e-04  7.046631074715886613e-05  1.991094518287462591e-05  -3.138456612428781894e-05  3.194633309786288310e-03  3.872277647074901180e-04  -1.011990404135804404e-03  -3.995597632829485520e-05
1.492696822992193445e-04  1.279338334258804427e-04  8.758754116000936826e-03  -4.879562481988607711e-04  -1.947595724480710331e-03  2.507026635571361038e-05  -1.608821089014004526e-04  -1.511169922150106077e-06  -1.311748732745527833e-03  -2.314766227582244285e-04  4.001135595381279803e-02  1.102201085662520290e-04  1.728529197130623048e-05  -2.652756174418855129e-06  3.376890874057545105e-03  -1.314035548404603052e-03  4.505836380543800615e-04  -7.352465675885360948e-05
2.245254107482741208e-04  -7.557806929434672701e-03  -1.540908672912621471e-04  1.557428073253695885e-06  3.130531602792572458e-05  -1.913742284153854703e-03  1.187589571573570730e-05  1.209593711952619381e-03  2.748516458786855377e-05  7.052273141673175974e-05  1.095752268819285213e-04  3.974694395804096586e-02  -2.426602878100668926e-03  -3.831601976420260635e-03  2.538192911918004733e-05  -1.591467234855167799e-05  -2.242421951629473319e-05  1.139391556498060322e-03
2.100763563716823851e-02  2.172912862288781002e-04  -4.121030325812409767e-05  -8.696604816261168281e-05  5.857257012770174171e-06  -8.127285225740707095e-03  2.014597111407951877e-02  -5.884232777053434275e-03  6.860745021418239757e-05  2.020801011128985748e-05  1.751919162403631317e-05  -2.426221708140449598e-03  5.081532193128158320e-02  1.111547938065270916e-03  -4.935083566286693502e-05  8.227529152525790744e-05  8.697092090219162345e-05  -1.815076918429494451e-03
-5.871486754431494469e-04  3.336494140047747275e-02  -5.958520005420320361e-05  -1.475992447499958177e-04  -6.153845668235513274e-05  -9.349651796719439393e-04  -3.274383317196689989e-03  2.007041677204042529e-02  -6.420669714275885993e-05  -3.119641526647451137e-05  -3.968378160332513330e-06  -3.831959674175268362e-03  1.110981487668139629e-03  4.666014795958725592e-02  9.724371412763447220e-05  -3.111474552553225971e-05  -3.402652253890730828e-05  7.715502637308026290e-05
3.185469353292639735e-05  -6.368168350910652104e-05  2.161384977774066449e-02  9.068086940076361749e-03  3.805418690006300551e-04  8.404446145076225542e-05  -1.190423831393587427e-06  -3.056596993697444309e-05  1.474496931860445545e-02  3.194945560121708380e-03  3.376834818952312214e-03  2.581549169728052995e-05  -5.002600018104058540e-05  9.774062500091209086e-05  5.172026346979813338e-02  1.808779334343283687e-03  1.532964008842888223e-04  -8.420451155295293356e-05
-1.220658555749002788e-04  3.941080364544381569e-05  -9.036695909848352012e-03  -2.158886513220438421e-03  -5.449125129398192440e-04  2.664644883729410209e-05  2.967637056660584149e-05  1.610637590148816394e-05  -3.429179391019575741e-03  3.870377160515533523e-04  -1.313874553111401330e-03  -1.658550609154535796e-05  8.246057411082719022e-05  -3.085419340141790003e-05  1.809304205497835405e-03  3.930550080418269976e-02  -2.143451386719671741e-04  1.228832028796985102e-04
-6.349725379600384457e-05  1.239176206887707057e-06  1.110098635623929747e-04  5.440532876327131153e-05  3.711351588819279245e-03  8.441839648353216682e-05  -5.390539660050626072e-05  5.525070529202434242e-05  -3.168757205582165351e-03  -1.012011888048199157e-03  4.504054347532281772e-04  -2.300227927767171246e-05  8.761503305331145154e-05  -3.462010763693813739e-05  1.533101580572038345e-04  -2.144023159575972283e-04  4.252940934512776383e-02  9.661283079630538385e-05
7.870335209208942709e-03  -2.626907552045858185e-04  4.222305649230712141e-05  1.338664593159850219e-05  -4.504161388911346421e-05  -2.109997254201708035e-03  4.105711153201415699e-03  2.281234167959572505e-03  2.736979362591614252e-05  -3.992758180192084160e-05  -7.432456648744195887e-05  1.139331217716412327e-03  -1.815744909070940915e-03  7.653821349513271024e-05  -8.369594603081632433e-05  1.223119932278488725e-04  9.584597551960310016e-05  3.890891638929739466e-02
