4.616479254005322747e-02  -9.514057427954915401e-05  -1.329000440683816798e-04  1.276377522973987447e-04  6.967638778808872438e-05  1.188414343112690220e-03  3.410112561309840834e-02  2.526664002324986963e-04  8.049643859715671797e-05  -2.684510937373803745e-05  -1.850184188693307640e-05  4.612330015890533453e-04  2.125134482227311258e-02  -4.512694565320448802e-04  -5.917516668608052168e-05  -1.311135050474026484e-05  6.848943854554371191e-05  7.660747217214213499e-03
-9.503469410150778153e-05  4.608190226116271743e-02  -4.276463553110090946e-05  2.108325656391795956e-05  2.927990535868281441e-05  -1.007945444664500641e-03  -8.063949739818421095e-04  2.139842562249882549e-02  2.842958046123398168e-05  -7.513116014785398567e-05  -7.798915214495189853e-05  -7.609501635360184021e-03  5.653562176923641750e-04  3.422069798743216512e-02  5.900352864147103603e-05  -8.225790237533975638e-05  5.883674385803803596e-05  -4.327400380303792138e-05
-1.326991540596340121e-04  -4.295059433147413171e-05  5.103345337420890637e-02  -1.377656509466425316e-03  1.302650622833561450e-03  -1.715967738852237684e-04  1.287313363443411162e-04  -2.454166852658332235e-05  2.189951365971022287e-02  -1.547316551401470134e-04  9.037677281295952714e-03  6.005948286359794432e-05  -5.610998534643653178e-05  8.264776891096781153e-05  2.192747480968003718e-02  -8.639535054465838360e-03  3.444913170828033789e-05  3.674273515946967884e-05
1.277542482596382399e-04  2.099606423380288452e-05  -1.377976858062547822e-03  3.920896444065670450e-02  6.060407281668006514e-05  5.623253032605392127e-06  1.297767771590084378e-04  -2.210466846579946026e-04  -4.213438646156359444e-04  4.040082267754110078e-03  -5.760113889250504477e-04  7.495286736001048502e-05  -2.854564419224827785e-04  2.270567002377587304e-04  9.160539214254045590e-03  -1.563840687010901445e-03  -7.540702114507929056e-05  -8.898403176415536626e-05
6.943314797189929809e-05  2.936429163876007290e-05  1.302475842017131354e-03  6.053391030269677207e-05  3.967507129300222590e-02  2.709955865111602258e-04  -2.711626167124483382e-04  -1.330404557366756519e-04  -8.871151512016712745e-03  1.374528669335202460e-05  -1.645889769167331162e-03  7.199423448238605183e-05  5.805561114057651903e-05  8.931186986206250645e-05  2.084922214681762993e-04  -3.149495488220950524e-04  4.235077046861014487e-03  1.011238483033494818e-04
1.188352838218749994e-03  -1.008002736167623852e-03  -1.718772324948086101e-04  5.493379727342604117e-06  2.713555401415478963e-04  3.755587005548569057e-02  9.268014036285110316e-04  8.381716857142536628e-03  1.203481933337551538e-04  -9.638074838724516923e-05  1.723443232534392836e-05  -1.893090697248530014e-03  -8.001461731355847054e-03  -1.333964621661551863e-03  2.128885066256453243e-04  -1.004995407138273923e-04  -5.740594708040975310e-05  -1.609816958752799615e-03
3.410131973375742087e-02  -8.063981661472287331e-04  1.290399566908165285e-04  1.300536413531851426e-04  -2.715964610722771256e-04  9.264730603000913408e-04  4.591708243746752544e-02  1.044836667123337417e-03  -3.615671953121423030e-05  3.422299559736184822e-05  2.617956739737570086e-05  1.092978059822076041e-04  2.056726991988315489e-02  -2.906824480956348225e-03  1.012936062596424680e-05  -1.104581001909030104e-04  5.911673687816115109e-08  4.250387732281282055e-03
2.523944388862853021e-04  2.139896962704708125e-02  -2.469638502804022464e-05  -2.212084191248189172e-04  -1.329620094059155320e-04  8.382131520510042316e-03  1.044996267388934421e-03  5.102235348092605538e-02  -6.096345299390172677e-06  3.993876725221403564e-05  5.859562781654966031e-05  1.214363766079104871e-03  -5.853881529672995583e-03  2.036124437362571774e-02  2.665181525919538077e-05  6.873151615666508746e-05  -3.559283236973293503e-06  2.529027018572558086e-03
8.077180126705135581e-05  2.826662565373898829e-05  2.189990088501639343e-02  -4.202885866588800022e-04  -8.871355791774967678e-03  1.191643602926980195e-04  -3.631844370624390673e-05  -5.865184107378794222e-06  5.189894132387994075e-02  -2.217369326176935680e-04  -1.610908316161485535e-03  -9.361813495369596116e-05  -1.069373363119262241e-05  8.786331082344632233e-06  1.505992831187884760e-02  -3.514406134625110405e-03  -3.335818785493762425e-03  1.245724310065288028e-05
-2.690116392820459027e-05  -7.506621555763116839e-05  -1.547510459777132641e-04  4.040128152845023565e-03  1.353498699771060999e-05  -9.524143000571029766e-05  3.499648689501130350e-05  3.976039565049973397e-05  -2.217489325029008704e-04  4.225561579446341504e-02  -3.178442925689928104e-04  -6.178204894568777960e-05  -5.162989947998726818e-07  -7.514422643495170885e-06  3.385563911137032863e-03  4.455445198357129702e-04  -1.054130925401701576e-03  8.242421030352705693e-06
-1.849702693100308793e-05  -7.793421071582426810e-05  9.038220034025643002e-03  -5.753894717020373913e-04  -1.645851141701143699e-03  1.737053016651609412e-05  2.736693431095920195e-05  5.863802012591529453e-05  -1.611368646431978651e-03  -3.180720114073372329e-04  3.945770173585828183e-02  -1.539506695919701696e-04  1.580498229761991284e-05  2.913585436574815663e-05  3.584670669885763484e-03  -1.469263435479546036e-03  4.028702764372847894e-04  1.099224837880966287e-04
4.611318797857246192e-04  -7.608859942836065232e-03  6.009942977655515948e-05  7.512876801558562021e-05  7.274892865633169942e-05  -1.892791719781153738e-03  1.100407618912686858e-04  1.214958365070529503e-03  -9.293636333843120659e-05  -6.151687564533620022e-05  -1.540193043204165265e-04  3.955228000997047799e-02  -2.716771987413216499e-03  -3.886482939676066690e-03  1.989588128079159996e-05  -4.904247740897875284e-05  -3.718342464134330452e-06  9.759528703102409580e-04
2.125155571468697116e-02  5.656958594460953027e-04  -5.629637293279466249e-05  -2.858359039275894806e-04  5.802363178637170294e-05  -8.001058839013733617e-03  2.056705752837129086e-02  -5.853952061860023121e-03  -1.093508772686373673e-05  -7.375753474366494814e-07  1.578414253979647740e-05  -2.716804156536340928e-03  5.107712797980632630e-02  7.848909608326160546e-04  -1.053688036920751049e-06  1.331890140947345771e-04  -1.247122976788556300e-05  -1.379019826386531462e-03
-4.512315372767458969e-04  3.422090458025654758e-02  8.243947391417934473e-05  2.272492282831176482e-04  8.942405486408376526e-05  -1.333962753772150117e-03  -2.906678166826371507e-03  2.036166036357400788e-02  8.799776793782739759e-06  -6.921350730084717822e-06  2.976500139263288990e-05  -3.886460774829647493e-03  7.846348147747024418e-04  4.587086732165722436e-02  -7.769566514009341486e-05  9.587490956000566578e-06  -5.783265522097224393e-05  -2.771350301615530735e-04
-5.904397000776316921e-05  5.925149115245707614e-05  2.192772151862388413e-02  9.160627521665649226e-03  2.082981531062172832e-04  2.123035313515539326e-04  1.021115591694957425e-05  2.668937976728611480e-05  1.505948981650410794e-02  3.385448639680226860e-03  3.584485493955352417e-03  1.970882218788042912e-05  -1.065000700713772184e-06  -7.774468963907965472e-05  5.193817112470704850e-02  1.198346301698655081e-03  1.645783982588408046e-04  -1.092875916407966291e-04
-1.293955027258673103e-05  -8.228976252771188246e-05  -8.638893350695816056e-03  -1.563736343214039036e-03  -3.148756024980374599e-04  -1.005259695082394954e-04  -1.104981792081325710e-04  6.855761809412159460e-05  -3.513814064636837202e-03  4.455449249064573325e-04  -1.469071465777225778e-03  -4.941656571864966243e-05  1.335452925861455205e-04  9.754858133749941840e-06  1.198819655362575462e-03  4.012131231433114370e-02  -2.212464104100526517e-04  1.835241509702855215e-04
6.828057697500021072e-05  5.854423760760651697e-05  3.423214546947506869e-05  -7.551394590612470182e-05  4.235384022621338854e-03  -5.724035694087551877e-05  8.963133186959731205e-07  -3.287155861679844237e-06  -3.335721521621386101e-03  -1.054149148824290883e-03  4.029163677545283978e-04  -4.074714728133961849e-06  -1.227238216575795135e-05  -5.758368749473565440e-05  1.645567997291694446e-04  -2.211305536645928973e-04  4.216862080379432665e-02  -5.347038100004026140e-05
7.660443067509522565e-03  -4.346671882256078067e-05  3.669055697104573019e-05  -8.977878356718771717e-05  1.006945760043021523e-04  -1.610047767394143974e-03  4.249930526196024974e-03  2.528978684394434656e-03  1.258012600731284829e-05  8.544864163504362214e-06  1.097714891778776109e-04  9.758261966815096793e-04  -1.379521154870068465e-03  -2.774169187519568390e-04  -1.094280149573079446e-04  1.841785898441827580e-04  -5.385101057846585453e-05  3.934150867826888276e-02
