4.622729655892039713e-02  -3.316722570050312214e-04  1.041275644034072174e-04  -2.847658403126626694e-05  -2.799692808961443732e-04  1.151546463601639319e-03  3.354282100911518127e-02  5.122544413602148333e-04  -8.803739349893550047e-05  1.047525336811064679e-05  -1.198911259361869967e-04  7.025650939912373935e-05  2.100669911587157296e-02  -4.736229791929677437e-04  -4.987446843596290950e-07  1.839260909982244481e-06  9.249211126892870364e-05  7.883385033331257591e-03
-3.310512099776923099e-04  4.708275920571929757e-02  -2.535807285440417399e-05  -2.000282925832617530e-04  1.286088465530084652e-04  -7.562993976573161373e-04  -4.232553883961081209e-04  2.079558925911496881e-02  -1.649833582842669626e-05  7.855132710981725419e-06  -2.404636594414031811e-04  -7.387762512682923000e-03  5.226416726342314207e-04  3.320713541475447950e-02  -1.150750373395807498e-05  7.169492715310402835e-05  1.396743849281304720e-05  -6.897247640189798214e-05
1.042921742766247852e-04  -2.525405803933094943e-05  5.106794086771665464e-02  -1.589496412017262460e-03  1.133656514190737544e-03  -1.150624686320906161e-04  -1.476148886157389211e-04  -8.058603716723029597e-06  2.118707560716181354e-02  -9.678387214811784293e-05  8.403006248763365132e-03  2.467425488066890484e-04  7.814895624025353614e-05  -7.053668824120939047e-07  2.158315972298207111e-02  -9.039019317201612766e-03  -2.966335337608877826e-06  3.554572908498242954e-05
-2.831784913878045224e-05  -1.999306006180515691e-04  -1.590541073735595758e-03  3.935946497527136739e-02  2.118175838268769205e-04  -7.539381722074570656e-05  6.927407570352236369e-05  -4.169594743064684129e-05  -3.473895185728086946e-04  3.848311240116501861e-03  -4.567696164745110778e-04  -1.680244935946753959e-05  -3.525674424351643387e-05  1.040572097203490073e-04  9.091415660538695181e-03  -2.264369036542131751e-03  -9.938799050386050698e-05  -3.097139792895841921e-05
-2.795830096429333935e-04  1.289028478130610413e-04  1.133491829855123130e-03  2.116210124486080882e-04  4.026112047031045471e-02  4.207753396977515045e-04  1.414018058417584585e-04  -2.034872739511764666e-04  -8.496569773448425789e-03  1.628514675293041987e-06  -1.463948732600922490e-03  -2.031995870468847131e-05  -1.717030866444111003e-05  1.395531069272190833e-04  1.737326531017287137e-04  -2.190430028894071752e-04  3.728342074547435440e-03  1.122685860367635808e-04
1.152136309390933448e-03  -7.559326986718864711e-04  -1.157402108373825053e-04  -7.552808705873790347e-05  4.208581815644176090e-04  3.777256370114849549e-02  1.413559149148328666e-03  7.807236828902415840e-03  1.657967184402239888e-04  3.673634831299184088e-05  -2.339161068821891357e-05  -1.637097309785959373e-03  -8.323305261280564485e-03  -1.243719902729354494e-03  1.243387200338176353e-05  -4.537798535526981326e-05  -1.795932777635164787e-04  -2.432854760992059651e-03
3.354254876882041547e-02  -4.232920872838749778e-04  -1.473092820822792287e-04  6.922855949307629415e-05  1.414109951889547798e-04  1.414078331331593925e-03  4.603058831921009314e-02  8.030319025587310438e-04  1.595697007925662330e-04  -1.159289845447656117e-05  1.134937590821313592e-04  2.705289327672480123e-04  2.013092515406467858e-02  -3.029793448405684788e-03  4.928888871208517820e-06  -2.664890994640473459e-05  6.647817313219049206e-05  4.141030561558577822e-03
5.121089661806331635e-04  2.079532744968552727e-02  -7.913372666710969032e-06  -4.148535026410630697e-05  -2.033193521091965455e-04  7.807382372105406247e-03  8.032956513280971279e-04  5.126836438679419766e-02  -3.806115745331466898e-05  9.059980099861247421e-06  1.406963613302625001e-04  9.267399418037836067e-04  -5.812673926829254809e-03  1.991585586546397099e-02  1.020395831105852926e-05  4.792281147681974683e-05  -3.376095492780028823e-05  2.442300192725114193e-03
-8.841760208975605370e-05  -1.625585502464038992e-05  2.118768427736009499e-02  -3.470120990663592324e-04  -8.497246437873876013e-03  1.643973946222006309e-04  1.600496125356163301e-04  -3.812912033096030453e-05  5.212609744999122108e-02  -9.224009561813500317e-05  -1.161578046025399553e-03  -1.549694465918751340e-04  -7.064095864155158562e-05  1.083693231032769847e-05  1.463462033988001745e-02  -3.391152630762517012e-03  -3.118241289716380121e-03  -4.508760527594979399e-05
1.096450264334042102e-05  8.172036629389670367e-06  -9.692290357415086295e-05  3.848237157534971625e-03  1.565256308281257690e-06  3.704819857298445297e-05  -1.148661610963064414e-05  8.368183636991265845e-06  -9.219919317222076221e-05  4.234302619738782719e-02  -1.343589092668551991e-04  -1.451758834093257754e-05  1.004247607023456778e-05  1.193751068358548141e-05  3.188256522273596755e-03  3.488641963415015416e-04  -9.828661058046714392e-04  3.715799370728831982e-05
-1.207501180014960605e-04  -2.406438007055941607e-04  8.403070774856505679e-03  -4.567087018358767471e-04  -1.463885598887118772e-03  -2.301517795341842862e-05  1.132470001243872848e-04  1.408443585756188182e-04  -1.162211547302498260e-03  -1.344706685457749517e-04  4.027771154118820612e-02  -2.672790171071536794e-04  5.705826363665653388e-05  -6.869832275761711296e-05  3.374922012037631560e-03  -1.446210205275283173e-03  4.212747492170362492e-04  1.371283972491367216e-04
7.031847035810397377e-05  -7.388036292827067884e-03  2.469629359453280062e-04  -1.758054993720711888e-05  -2.080030806043045086e-05  -1.636984081332359432e-03  2.697411138210024191e-04  9.269681615128176795e-04  -1.547585436024080533e-04  -1.445376386525749728e-05  -2.671721404368278935e-04  4.018763013120751210e-02  -2.620709692041501941e-03  -3.686785072449648860e-03  -1.820024928089894407e-05  -4.698446091883027990e-05  3.466910071770894263e-05  8.380522420388516807e-04
2.100683657139727767e-02  5.230210708122504104e-04  7.811842836220879536e-05  -3.573139331786829263e-05  -1.764751443039569743e-05  -8.323015798640419002e-03  2.013080787084967072e-02  -5.811987304044726257e-03  -7.074353342476044128e-05  9.999682819417148255e-06  5.684359765104865010e-05  -2.620923942156850196e-03  5.081706560157279312e-02  7.628416791295545641e-04  -5.783631501888582257e-06  3.091744019576853758e-05  -1.763701613077849669e-04  -1.731308266894972031e-03
-4.730308454310988694e-04  3.320715857869922100e-02  -4.432644671220356014e-07  1.039422316949352801e-04  1.393209811043659224e-04  -1.243403555456231704e-03  -3.030213305385740484e-03  1.991503715086645129e-02  1.107754609289572055e-05  1.219040919843625237e-05  -6.863172883775185695e-05  -3.687439157826594930e-03  7.625070029998545383e-04  4.676384356154014710e-02  -1.004459708251413009e-05  -1.049082027873336840e-04  -1.393962237874369576e-05  -2.967225239714605897e-04
-1.202822296621599612e-07  -1.098817152704396592e-05  2.158308233346111979e-02  9.090827869081684331e-03  1.736918233118541182e-04  1.266453724381257071e-05  5.057440090682516714e-06  1.045049248824314759e-05  1.463432672399042275e-02  3.188445485405396688e-03  3.374681641347608303e-03  -1.828216577642861434e-05  -5.715327989420888061e-06  -1.023200207077183053e-05  5.170776224617633365e-02  1.791268504724710534e-03  1.609969453588922710e-04  -1.488903114167430628e-05
2.566628352126883476e-06  7.190261940662899174e-05  -9.038896719973047583e-03  -2.264174277822661886e-03  -2.191158857757857868e-04  -4.588295981495595403e-05  -2.596778856584514039e-05  4.821440600256373169e-05  -3.391101585224705166e-03  3.486564550907260396e-04  -1.445938453353727299e-03  -4.652031795401243832e-05  3.043611821876121462e-05  -1.047583650618393622e-04  1.791687397217837105e-03  3.935588886629287630e-02  -2.269463868892238154e-04  4.719632100207373811e-05
9.145287026798996010e-05  1.379269689094134291e-05  -3.028441054770889493e-06  -9.919334837216469032e-05  3.727990364608182658e-03  -1.793843581131527275e-04  6.660717417463889872e-05  -3.409281854047631696e-05  -3.118394317321145515e-03  -9.828941657551164453e-04  4.212348737138029526e-04  3.382186571916355228e-05  -1.764722237189446017e-04  -1.384543275321374892e-05  1.608590085626486498e-04  -2.267928564106914881e-04  4.253004780907138072e-02  -2.655169646359706944e-04
7.883676961093341248e-03  -6.901359069050936170e-05  3.521779021891033854e-05  -3.051682097037616080e-05  1.123226794469552275e-04  -2.433062244466349233e-03  4.141114461367641567e-03  2.442861796563145903e-03  -4.489785357315918975e-05  3.696495985648022808e-05  1.376745637115257110e-04  8.379959269529972318e-04  -1.731823508604226182e-03  -2.973849277421214453e-04  -1.437864830430434969e-05  4.760258480297612107e-05  -2.648395092424050295e-04  3.901160405553335403e-02
