4.753038822482920367e-02  -2.034055205609414205e-04  1.750480819609560564e-04  3.702693983738259537e-05  -3.023833975259995668e-04  7.555315607394356113e-04  3.259518977794200606e-02  3.390302492443781051e-04  -1.267349590805585252e-04  2.328451715879371751e-05  -5.437325996805060898e-05  8.292826407055888300e-06  2.007641131810018742e-02  -2.538630483852978353e-04  9.159403865103363121e-05  -1.975259452726656879e-04  1.165892465773746528e-05  7.137111595251196226e-03
-2.042899635682291078e-04  4.687826768979426462e-02  -3.064518607400789539e-05  -1.757973280853999910e-04  -6.770071296162758065e-05  -9.827853086012252118e-04  -4.091511019127051763e-04  2.024055561760767369e-02  5.951255696143630847e-06  8.981629473253694188e-05  5.164665882874207016e-05  -7.462871982406400415e-03  4.131448384845776687e-04  3.291900574222115378e-02  -1.831570478605480052e-05  4.243198218944579697e-05  4.271278894804892009e-05  1.123735577355891748e-04
1.751492812239772783e-04  -3.052111424137180954e-05  5.143008771346585517e-02  -7.063326138639035561e-04  1.049484327348214341e-03  -2.086004954334951545e-07  -1.116649619358466310e-04  -1.339993985126756845e-05  2.085897909311926202e-02  -1.236073635786466790e-04  8.634440520149744627e-03  -4.127929557618319428e-05  2.533954958400711052e-05  4.400379876099925678e-05  2.058925731040375101e-02  -8.178582142741487246e-03  1.525819841429229659e-04  1.453056231363904205e-04
3.716783820292876274e-05  -1.756458438783888964e-04  -7.066510254699442765e-04  4.083636374258711732e-02  -1.341547610213207663e-04  -2.266151047078869985e-04  3.087024554654359558e-05  7.323225391173304895e-05  -2.110984166968810246e-04  3.444316606906039531e-03  -3.203006711635389501e-04  -1.271805779731347778e-04  2.882994487821518475e-05  5.238839957030409887e-06  8.032504511396873839e-03  -1.487279296411354651e-03  1.140416026386199973e-04  8.405137533345871561e-05
-3.023605858112541592e-04  -6.742702960479938254e-05  1.049444044144584327e-03  -1.339353689655952296e-04  4.018361497290198758e-02  -2.173336762197424068e-06  2.495373821604913826e-04  4.409845624542841751e-05  -8.395146401470612862e-03  1.013871168760287358e-04  -2.004455710604040927e-03  1.097324566918349930e-05  1.824367053309306782e-05  3.668439120490978505e-05  2.773606081147320058e-04  -4.035821768752341715e-04  3.655609948901200872e-03  -7.867538219119511581e-07
7.556466111242557014e-04  -9.828636122909534516e-04  -5.428457913284176482e-07  -2.264540099487049837e-04  -2.277708427641876899e-06  3.872963162650965019e-02  8.472183285120667845e-04  7.859806111180535695e-03  -6.823398821593233872e-05  1.284308885000273379e-04  -1.183006481246253280e-05  -2.072808478409079048e-03  -7.499841564002708398e-03  -9.673884462848952306e-04  -8.109651289024524584e-05  1.123343708482962030e-04  -5.557513105903865114e-05  -1.536916543839135551e-03
3.259546321049248963e-02  -4.096780633625134952e-04  -1.116758630289198712e-04  3.110262668005831183e-05  2.491761677805868287e-04  8.469725511832378127e-04  4.728769827653000329e-02  6.584580363186335423e-04  1.596637046256244149e-04  3.046775458259976763e-06  7.184086720215754015e-05  2.909851955936474592e-04  1.922515426154223009e-02  -3.086323254291453537e-03  -7.003828695047531277e-05  6.718182971591966067e-05  8.480868309392351279e-05  3.419314942535266535e-03
3.391649714843666735e-04  2.024020006251928475e-02  -1.326683716090360277e-05  7.260845528313461810e-05  4.379329820753228187e-05  7.859105621699049790e-03  6.583993105147405980e-04  5.123643681533932709e-02  -2.190762124471563578e-05  -1.090372980571370157e-04  -3.170274370957560864e-05  1.402248131032385065e-03  -5.564001712110225664e-03  1.935782761402417632e-02  2.050797756547904099e-05  -5.266958473945156799e-06  -3.928405567670575742e-05  2.504773916565576110e-03
-1.270557367580924370e-04  5.708024643423388522e-06  2.085890912340963854e-02  -2.112458975260223762e-04  -8.395126293155589364e-03  -6.822400094873397336e-05  1.601249186491709347e-04  -2.174629579150887552e-05  5.190926635994945471e-02  -4.210378243618384363e-06  -1.588180530787765754e-03  3.295578777376984714e-05  -4.518911553730838249e-05  -2.178085495965482497e-05  1.406171425390781264e-02  -3.136347788887363253e-03  -3.002267896119341362e-03  -3.372913081913033763e-05
2.273928730759142120e-05  8.963459333265070064e-05  -1.241035187659984211e-04  3.444032905824876128e-03  1.013014970736786705e-04  1.280111369994763027e-04  2.334824721693859180e-06  -1.088340875904708822e-04  -3.884232437033263665e-06  4.260996755897342864e-02  -2.095405563885822231e-05  1.458182671992266986e-04  -3.952130396906312600e-05  6.183697202267545258e-05  2.941091348730292317e-03  3.824331369109822826e-04  -9.053534781680335061e-04  -1.468705984802877667e-05
-5.437879904445783115e-05  5.212910453599787467e-05  8.634193394103229294e-03  -3.205693640475150473e-04  -2.004432815277307472e-03  -1.199055086554330385e-05  7.222981908160118513e-05  -3.212750343146318275e-05  -1.588466112403443074e-03  -2.125003476824227234e-05  3.974878379985009175e-02  5.498992894850877173e-05  -1.897070006147065938e-05  -4.872436798878317945e-05  3.177772614569689125e-03  -1.342993060745971195e-03  2.958663440162847408e-04  -2.813300928741076880e-05
8.443378376926267623e-06  -7.463040376213305079e-03  -4.131035636180251677e-05  -1.264476011236109212e-04  1.110312235824342927e-05  -2.072358471581106035e-03  2.908880170370844141e-04  1.402276057843965121e-03  3.279980331758567145e-05  1.457534585910157598e-04  5.512474029709556655e-05  3.970628373472144534e-02  -2.402674975517710490e-03  -3.766578644473314585e-03  1.807017902648617251e-05  -1.101804320717442740e-04  -4.688439558017858593e-05  6.031058841301350365e-04
2.007636901164948709e-02  4.130814977995923300e-04  2.531619153584883317e-05  2.884704593847373165e-05  1.815686245090364579e-05  -7.500053930831206833e-03  1.922500587322648405e-02  -5.563802561876200585e-03  -4.521008539825006526e-05  -3.939989068626349310e-05  -1.888249534006685937e-05  -2.402755254973719130e-03  5.153729159672152532e-02  6.271797868286395220e-04  4.380880612224623049e-05  1.098339566057972172e-05  -7.116528807650390905e-05  -7.993968412021997634e-04
-2.534331353273389727e-04  3.291859550260527179e-02  4.409520123215786015e-05  4.742289005190882401e-06  3.651678232157063727e-05  -9.674155771166594812e-04  -3.086343249439391957e-03  1.935763152578012097e-02  -2.160295653790745931e-05  6.141410839988807005e-05  -4.958155338352345849e-05  -3.766693353196297941e-03  6.269514225425413699e-04  4.672882100351279100e-02  -5.339315311016397392e-05  2.747021179688727551e-05  -1.499352470405458909e-05  -3.498576281792515849e-04
9.194132695710182052e-05  -1.835190292158727114e-05  2.058920015394819988e-02  8.032375261028608035e-03  2.773353933439737392e-04  -8.124360398547854183e-05  -7.016048551010777685e-05  2.071019377203130825e-05  1.406169622363167941e-02  2.941211486370900585e-03  3.177678162030593122e-03  1.807216243740910374e-05  4.379541687665680779e-05  -5.320626395948567619e-05  5.225912940349564800e-02  1.063302883431434254e-03  -4.169150240038636639e-05  -2.571372770428041586e-05
-1.978201224201209154e-04  4.259026086629375316e-05  -8.178759927052860548e-03  -1.486975906993623408e-03  -4.035878543786198375e-04  1.120789972838113796e-04  6.683733081197229520e-05  -5.747540556890652364e-06  -3.136344592544787219e-03  3.821988677501741137e-04  -1.342923486485888239e-03  -1.109988927851553983e-04  1.089792401452653554e-05  2.745289478153406084e-05  1.063692377442998710e-03  4.049448590665647579e-02  4.716444942583466657e-05  7.292982391264368281e-05
1.184533276341790770e-05  4.286070131931423366e-05  1.519568115747487770e-04  1.141147618168949259e-04  3.655472420001129683e-03  -5.591213876474832479e-05  8.440928490450173524e-05  -3.881403449357647052e-05  -3.002169219722151342e-03  -9.053857657620521630e-04  2.958397411076301234e-04  -4.810708406362070071e-05  -7.120501332557330415e-05  -1.402159074572383320e-05  -4.175321881715186227e-05  4.725609578310720411e-05  4.241564459030146284e-02  -4.262674295713501064e-05
7.136969436917025948e-03  1.129812989051523058e-04  1.450943589144506403e-04  8.336030175089753158e-05  -5.488332264082078100e-07  -1.536783981441066770e-03  3.419403056146880660e-03  2.504352387457223043e-03  -3.365560298332174338e-05  -1.511270895403724937e-05  -2.699506200848401531e-05  6.031141023642746894e-04  -7.997358694009471620e-04  -3.497696706726076648e-04  -2.605555498119038177e-05  7.159415044379239894e-05  -4.252664038899308763e-05  4.061601624011596662e-02
