4.582699847725901082e-02  -2.516408900040198330e-04  1.653319794471671492e-04  1.251560632555021198e-04  -2.066590668087324976e-04  1.107031763215187304e-03  3.462205309851827673e-02  4.654825411254751304e-04  -1.619480358154737711e-04  -2.577860014810603930e-05  -2.477829864425909619e-04  3.830510477230724309e-04  2.184282409123483593e-02  -6.117529375895824906e-04  5.853506874722528018e-05  -1.182241801979007345e-04  2.405251097125031665e-05  7.713077613439501927e-03
-2.513572642293722273e-04  4.573372253032942369e-02  -1.786401830201590229e-05  -2.079665252309159911e-05  -9.903836437168188431e-05  -9.775904113029315699e-04  -6.710799424419095502e-04  2.202654534380763668e-02  -2.561393267847346161e-05  -6.341631518848661543e-05  -8.902898373318986691e-05  -8.303891264395700522e-03  5.716465399525845785e-04  3.465663358050030673e-02  -1.372850194168469494e-05  2.788536691297004004e-05  9.674575171356601037e-05  -8.113664178998076918e-05
1.654425639961250771e-04  -1.767721542418474039e-05  5.090594912723199472e-02  -1.597945870050459117e-03  1.472115775103934130e-03  7.791462926922912113e-06  -1.208152804539906663e-04  -7.787541122737616224e-05  2.265520324948188877e-02  -5.059413341236276504e-05  9.400917194994249868e-03  4.252518982151842492e-05  -3.970875757249328305e-05  4.218265572270546015e-05  2.244355611309137646e-02  -8.948472738047174441e-03  2.185978201294758139e-04  2.792350409615954290e-05
1.251907652581200415e-04  -2.049793704943265671e-05  -1.598133896824561724e-03  3.886100631065882854e-02  7.799529897750546027e-05  -6.125428417262009377e-05  6.671796185620926906e-05  -1.570662059514896171e-04  -2.754083147103341170e-04  4.385355932373422895e-03  -3.204257636647931816e-04  6.148758986667445599e-05  -1.895196984075936657e-04  1.117934518607349644e-04  9.354163940589769674e-03  -1.406187213657351942e-03  5.392957580203781620e-05  -7.011870205367429134e-05
-2.069623820703834030e-04  -9.888956552044366019e-05  1.472280714826515544e-03  7.777256873682746291e-05  3.881057498020012292e-02  7.953574843998163823e-05  4.337336512393167215e-05  1.234487544692822842e-04  -9.532207739502458407e-03  -1.242039047393777120e-04  -1.834375345972800390e-03  -1.303351265686320279e-05  5.072408408765479186e-05  4.494588293728380313e-05  4.475253162242782035e-04  -6.028425311576192163e-04  4.616047878219660047e-03  2.539931584897050490e-05
1.106645480533070000e-03  -9.776589224042271740e-04  7.096808206773324017e-06  -6.148284387471994494e-05  7.972077918703131900e-05  3.739740928907998863e-02  1.211069136950778356e-03  8.327862858442785718e-03  -1.158046746968723506e-04  -8.232099392635233888e-05  -1.089706449972061800e-04  -1.946308876860786347e-03  -8.291976510687510890e-03  -1.241159006894957837e-03  4.402717165784415901e-05  -1.807689491338348756e-05  -4.927114883615358958e-05  -1.579225587945075077e-03
3.462218881176522961e-02  -6.709079860082655875e-04  -1.207467963886844084e-04  6.693292097794224045e-05  4.314915366833883289e-05  1.210954346174454750e-03  4.567324488489356987e-02  9.786851763310538965e-04  2.419471069555983284e-04  5.536711495028878309e-05  2.402592707214279866e-04  2.129989566188620557e-04  2.100421254765999848e-02  -2.840326518998685396e-03  -7.502680013064894830e-05  9.906964933960219855e-05  1.294381402669483958e-04  4.383348318917057278e-03
4.652484210137590947e-04  2.202585362516207984e-02  -7.788138998684393380e-05  -1.570214782763197528e-04  1.235146218486492579e-04  8.328453800591445119e-03  9.783172784247518190e-04  5.055312402661955168e-02  -2.894582429230276805e-05  1.300909157159321414e-04  -3.648811817141086228e-05  2.046676115550791035e-03  -6.018882033057101032e-03  2.108868677530810129e-02  -2.499289334919379133e-05  4.239941970751737594e-05  -1.951224413434719408e-05  2.729530768822995262e-03
-1.622156425937418126e-04  -2.571330108438236344e-05  2.265512642707043570e-02  -2.749786157115137789e-04  -9.532132019582046506e-03  -1.163363669596640499e-04  2.420929511925485125e-04  -2.873435548288178141e-05  5.152733589146403503e-02  -3.538253020673638467e-04  -1.946879107768795941e-03  -7.622212748886526415e-06  -7.439661734140340398e-05  -6.364975220034586415e-06  1.557417249318461018e-02  -3.801391230295089307e-03  -3.605259323292842565e-03  -8.879430511118316242e-05
-2.585684081238586644e-05  -6.354569419823194129e-05  -5.054051106574936563e-05  4.385397639198084299e-03  -1.242587460466375825e-04  -8.180358521050450223e-05  5.663847302079742633e-05  1.304674954866297493e-04  -3.538190687895857982e-04  4.218742509268708779e-02  -5.021039367988452571e-04  -2.187389371127992303e-04  -4.140855744559939603e-06  -1.594911681327217562e-05  3.550479188392229382e-03  4.462637573404458556e-04  -1.109578254768907313e-03  1.696899610547503495e-05
-2.470778605329573981e-04  -8.800838185249178040e-05  9.400276780771113505e-03  -3.206812354966772412e-04  -1.834392666965101214e-03  -1.088831874397804472e-04  2.399002401170722523e-04  -3.646073867925895488e-05  -1.947402573009886272e-03  -5.023227255731495559e-04  3.893869453538011810e-02  1.258674978639857483e-05  -1.265976671684030440e-05  8.778625129117141373e-06  3.846539787161270142e-03  -1.736837826664548636e-03  3.572867622304782328e-04  -4.709309995843270324e-06
3.837429686389315559e-04  -8.303351720727689816e-03  4.209082561278115623e-05  6.104018619180079938e-05  -1.262768875836346471e-05  -1.946445039068177936e-03  2.129545560946886700e-04  2.046835290799957352e-03  -7.323739645337033982e-06  -2.184438561937993668e-04  1.295110049308707114e-05  3.811002310457688863e-02  -2.598977452189690784e-03  -4.445824757030977965e-03  5.562347272773829441e-05  -7.554026830427941345e-05  -6.075176890817031065e-05  1.139207348535326188e-03
2.184382547885083820e-02  5.715151560101902053e-04  -3.967925373244741722e-05  -1.897864097474336303e-04  5.069665507858265045e-05  -8.291956404748135681e-03  2.100373021638122714e-02  -6.019029408396414302e-03  -7.431668004956083773e-05  -3.989615212030513100e-06  -1.263367855057538203e-05  -2.600062176299345121e-03  5.094062356411058895e-02  8.695878189279667879e-04  1.264551490486314706e-05  5.256934504960197299e-05  -1.061994440737143555e-04  -1.503134589957414455e-03
-6.118302763849467777e-04  3.465658168455294091e-02  4.236624637831326633e-05  1.115908467237815911e-04  4.540363695271171045e-05  -1.241330253938169878e-03  -2.840265519341473709e-03  2.108842487532840149e-02  -6.366257219184115597e-06  -1.544764105527779682e-05  7.882296187196844255e-06  -4.445641554486295596e-03  8.693359725466862477e-04  4.547808362253751707e-02  2.219834271873727684e-05  -4.172388498453006238e-05  -6.621480223180651107e-05  -4.140334188396013596e-04
5.927752983656390010e-05  -1.320315218083057661e-05  2.244380632668060635e-02  9.354096758664311173e-03  4.473179071364872649e-04  4.418760436832620678e-05  -7.530455009214546904e-05  -2.557990871659981150e-05  1.557478488798445804e-02  3.550528549563516933e-03  3.847487375588837938e-03  5.677461843762603616e-05  1.249193368230301988e-05  2.240311637171474678e-05  5.185008003133086130e-02  1.472936822402551652e-03  1.319446640040647270e-04  3.846718228483122607e-06
-1.183014413118764106e-04  2.694223013431344495e-05  -8.948919494072015562e-03  -1.405887135592763992e-03  -6.027952922191982116e-04  -1.696358856098971956e-05  9.907041912702681176e-05  4.252767903476574089e-05  -3.801537626646168348e-03  4.463208241109538994e-04  -1.737129178300589804e-03  -7.680786326710531344e-05  5.250246336133167820e-05  -4.197542087953124942e-05  1.473034618415394216e-03  3.956046365141601545e-02  -1.806546499079382930e-04  6.105641856265361868e-05
2.402592498991552882e-05  9.705033346714083721e-05  2.180908247649488221e-04  5.362881979010382480e-05  4.616301454038218219e-03  -4.971928973825435382e-05  1.303967727112596592e-04  -1.961929734155650734e-05  -3.605269968378239931e-03  -1.109564593184388277e-03  3.575069528599305007e-04  -6.118910681071252321e-05  -1.063328599648157594e-04  -6.550576438636822459e-05  1.320066272723172552e-04  -1.806108184420682347e-04  4.185978586010408176e-02  -1.205100989894729736e-04
7.712574752646556009e-03  -8.116012886083197352e-05  2.739079143583853375e-05  -6.975825125732860110e-05  2.536512044962259166e-05  -1.579007017444965938e-03  4.383281042341313771e-03  2.729794917633266479e-03  -8.840867105760158798e-05  1.689452921255829495e-05  -4.714218359841626236e-06  1.138793612760519549e-03  -1.503731806026988548e-03  -4.143466916482304490e-04  2.823521412243650199e-06  6.131088135426590330e-05  -1.204811016603248122e-04  3.889144257244963460e-02
