4.610901162125240205e-02  2.377688716552407884e-05  6.101332637609924929e-05  -7.663768634567140968e-05  1.931761128630070007e-05  1.130864928676553281e-03  3.425208899614400060e-02  3.635941272296475688e-04  -7.412801151370764993e-05  4.025515013759902198e-05  -1.386771876284938784e-04  2.264677163324691704e-04  2.146441313432314105e-02  -6.577626073102324803e-04  -5.687581101220869270e-06  7.880834575583422314e-05  -1.439929288361718045e-05  7.905890771480090368e-03
2.371320023362460095e-05  4.631546944616396488e-02  -9.500992485286337199e-05  -2.613615519904887927e-05  3.223534157847736170e-05  -1.163037857595224231e-03  -5.147425787397827673e-04  2.129971785253162095e-02  -8.893880299502613903e-05  -8.387416536544079967e-05  -1.615482490342081778e-04  -7.609260616496284213e-03  2.471980312596748757e-04  3.415763572731050218e-02  7.759630542963784664e-05  -7.660852004129010994e-05  4.311897228433511149e-05  -4.174878813574859314e-04
6.072993891798198548e-05  -9.520824021153828306e-05  5.107082676570377094e-02  -1.233953935733714778e-03  1.060804802571858624e-03  1.007114959707462047e-05  -5.158136211324439163e-05  -3.023180438615928666e-05  2.205742101670805227e-02  -4.790154099651583588e-05  9.130833571412096117e-03  1.718060742066685755e-04  3.618326643038298685e-05  3.068391967254010595e-05  2.217078152101549515e-02  -9.377931130346661356e-03  6.023501815975030986e-05  -8.339837933644783619e-05
-7.646934315489550642e-05  -2.661612906498555373e-05  -1.233692101315947377e-03  3.952712284617647398e-02  -7.596707739555746465e-05  1.759443723306703994e-04  -2.674705206760671613e-05  -6.043968788811073954e-05  -2.892689423297060969e-04  4.324160724612236169e-03  -3.535379996450097408e-04  1.565402781573641824e-04  1.327997961213121987e-04  1.140319871429897524e-04  9.050204777326755975e-03  -1.881414877288225878e-03  -3.926988647974637289e-05  -5.743413620708876579e-06
1.931879743245437940e-05  3.203921707166332717e-05  1.061863871011578097e-03  -7.562143381136572238e-05  3.976321484412258939e-02  1.455925882844405820e-04  2.348070843589381005e-06  6.613149536920336408e-06  -8.942547190258502005e-03  -4.808117498817133530e-05  -1.652510578615761254e-03  -1.063003643341344580e-04  -5.921632704199459728e-05  7.042044232568608160e-05  3.184112940868046569e-04  -4.049944380779066789e-04  4.120336146331643468e-03  -2.573198584937967499e-05
1.130846614211276696e-03  -1.162830253526258694e-03  1.018960522709324163e-05  1.760804185882875752e-04  1.455540125662922138e-04  3.763458214672626978e-02  1.067772349440160654e-03  8.143851928716831431e-03  -5.932743480122821444e-05  -1.621829714037610322e-04  -1.516593647146291090e-04  -1.655311752622292852e-03  -8.328341665331258359e-03  -9.452318180922737647e-04  -1.561873459709822102e-04  6.518895534544424648e-05  5.911387594665633592e-05  -2.004262165266364106e-03
3.425200602487191159e-02  -5.150127887887234876e-04  -5.107496725808500755e-05  -2.713510226828998406e-05  2.473546405670579255e-06  1.067720600959000746e-03  4.589236803820083421e-02  1.030488265823990184e-03  7.334559391980095019e-05  -3.078506920988789788e-06  1.227800030863613668e-04  1.581834259632264967e-04  2.068084822433682857e-02  -3.138893193809769253e-03  2.579189062081007667e-05  -4.366197697752325583e-05  4.356461910353989623e-05  4.193764076226128706e-03
3.634412393512729514e-04  2.130009305829532601e-02  -3.033481458511999359e-05  -6.026586770245251893e-05  6.330386479095861433e-06  8.144102025912272613e-03  1.030864079144156766e-03  5.091012735830352520e-02  -2.113439717140894205e-05  1.469033476817753643e-04  3.350997545893971772e-05  1.495858988414511346e-03  -5.971654067848716947e-03  2.065534730431794336e-02  -5.674572235101393263e-06  2.204160784120729689e-05  -1.466038804129269265e-06  2.509908694550557189e-03
-7.446083814376379959e-05  -8.922154948652223356e-05  2.205682826555649401e-02  -2.895107640958304832e-04  -8.942665276456290835e-03  -5.944039176054832498e-05  7.355313431468538294e-05  -2.150621567126236402e-05  5.182171750018688822e-02  -2.383510570938391867e-04  -1.699998519136283097e-03  -5.342006066394112864e-05  3.241801086283070226e-05  2.657274027596460812e-05  1.514764895135616886e-02  -3.580612748363768468e-03  -3.331669777127934697e-03  7.791747397855538517e-05
4.116193221090817887e-05  -8.453169518843181216e-05  -4.794944265171752434e-05  4.324827940054634667e-03  -4.819845491222157552e-05  -1.628248869072437442e-04  -2.379984341615251200e-06  1.467607180407156557e-04  -2.383292141747032152e-04  4.216353651164574806e-02  -3.445957566340339677e-04  -2.535214277058738517e-04  2.454692187040703269e-05  1.336821090124952978e-05  3.397445229018651071e-03  4.055313353198429548e-04  -1.062199360672664910e-03  1.068602881431409833e-04
-1.394596880294816216e-04  -1.623629484097730404e-04  9.128980173274207563e-03  -3.545317059457196306e-04  -1.652407040997423389e-03  -1.523885383223553256e-04  1.226567009462454496e-04  3.248582425939680520e-05  -1.700087076082713563e-03  -3.448226448261134574e-04  3.926466639366108652e-02  -8.107181506023796737e-05  4.673960141750257860e-05  -1.692894707971595971e-05  3.571610024387596345e-03  -1.472903609820493814e-03  4.849137237963246439e-04  1.639672328551112753e-04
2.265945021369855758e-04  -7.609048323912905379e-03  1.719190132414563307e-04  1.569903234599317988e-04  -1.070170535219120903e-04  -1.654818108599553353e-03  1.585954195815976648e-04  1.496306354725140519e-03  -5.344407697390549247e-05  -2.541356619587477501e-04  -7.979916217187954888e-05  3.913103823506727807e-02  -2.556952699026614293e-03  -4.119609092799106712e-03  3.710565862531095815e-05  -2.940269484115337899e-05  -3.461162201661688157e-05  1.173633722172539315e-03
2.146498154812201062e-02  2.470777586782653998e-04  3.669037335463883390e-05  1.330638226013420200e-04  -5.933591232082860439e-05  -8.328273608387877155e-03  2.068031821421497177e-02  -5.971448274185989745e-03  3.302470377480775293e-05  2.450169144851495524e-05  4.736118186361293060e-05  -2.556946035908322801e-03  5.069909793458600433e-02  1.129397027908070686e-03  2.495791849953584048e-05  -7.313262333473825383e-05  4.618735063077916865e-05  -1.790419289032827745e-03
-6.578299783465498983e-04  3.415745719009050108e-02  3.072618343206864427e-05  1.142540503190293057e-04  7.077877678740735216e-05  -9.452014237261638623e-04  -3.138910955495098805e-03  2.065541575332105820e-02  2.652376199889940379e-05  1.443778275242881485e-05  -1.695853557761162398e-05  -4.119822523798358400e-03  1.128966648930972887e-03  4.604987345385568032e-02  -7.712001138901915644e-05  5.186201000541521022e-05  3.337117229958915750e-06  -6.099534885401167872e-05
-5.813850608687982096e-06  7.757974807144519950e-05  2.217047859952669606e-02  9.050198475858790489e-03  3.183631620831446499e-04  -1.560803829340016839e-04  2.594847753035158501e-05  -5.663063297655840873e-06  1.514749753711347804e-02  3.397362058340945481e-03  3.571187210121600647e-03  3.716142591367916791e-05  2.498871013943191710e-05  -7.707640823071583848e-05  5.162498424200091807e-02  1.985888002730697502e-03  2.570470034555840115e-04  6.326825371236679423e-05
7.972557735633378935e-05  -7.781633200723251265e-05  -9.378276142588442416e-03  -1.880652327924205169e-03  -4.050041036618620672e-04  6.413828326179000204e-05  -4.198361026976126040e-05  2.104398118052931295e-05  -3.580515908015874556e-03  4.057104901979992069e-04  -1.473092482715823541e-03  -2.838254293506805247e-05  -7.371047770982147248e-05  5.120424915504127064e-05  1.986287441505455234e-03  3.889897041794679322e-02  -3.596091610732386691e-04  -1.428118427644892022e-04
-1.418236386466545295e-05  4.225401765365553427e-05  5.996131158151138944e-05  -3.960947278098071245e-05  4.120318921621974467e-03  5.983156008778751326e-05  4.378004468614219460e-05  -1.729212715500165292e-06  -3.331901759912398158e-03  -1.062181755131967305e-03  4.848719451471194229e-04  -3.538137342488497993e-05  4.631996321912472902e-05  2.643267958179431842e-06  2.571358094037078730e-04  -3.596190232390605109e-04  4.239245283163616679e-02  8.234286692993570843e-05
7.905664932936793537e-03  -4.172900741611024547e-04  -8.367030256974649640e-05  -5.400626474785848066e-06  -2.579276444396816847e-05  -2.004069616963364761e-03  4.193708282040574040e-03  2.509972043473010853e-03  7.817832133300989261e-05  1.067834651383867074e-04  1.642215280520309059e-04  1.173410161958460696e-03  -1.791116159969031009e-03  -6.152782977988156094e-05  6.353761963901521296e-05  -1.421421118199993816e-04  8.281801560816250032e-05  3.872737899344939894e-02
