4.624118762625536311e-02  -4.042370515158081657e-04  -8.219504637451555064e-05  -9.999253423350678508e-05  2.025136091825530387e-04  1.014174449012303532e-03  3.396681762357287720e-02  5.794641507420020179e-04  1.003740751342105782e-04  7.567420773919874850e-05  2.462465713551949134e-04  1.799324848710025584e-04  2.141395695846900690e-02  -5.557108524137425141e-04  2.780954209559097511e-05  -1.633253686800798183e-05  -1.019934679771510602e-04  7.584309580830028187e-03
-4.035838566363939288e-04  4.617428156504735370e-02  5.314259503513769277e-05  3.390297250246172026e-05  3.819985142284854334e-05  -8.879321159217986583e-04  -5.356441740593480402e-04  2.146722026200304986e-02  4.241104271008331786e-05  1.106745628992950514e-04  8.434584958494335078e-05  -8.052582415327124224e-03  5.926959970168784158e-04  3.400735983863033274e-02  -3.790184623269443425e-05  -3.735660084351364810e-05  1.244745006265061929e-06  -5.344470515829557084e-05
-8.141543892790508189e-05  5.332080529736070088e-05  5.094986032740025234e-02  -1.670249841763720962e-03  1.571608449293813038e-03  3.843270998491898785e-05  9.345314023067193790e-05  1.021412319861978536e-04  2.200423412938828580e-02  2.129716475563598298e-05  8.946685045150384527e-03  -1.132610297425325864e-04  1.640375543079364263e-05  -7.962028672679219790e-05  2.182157580423818577e-02  -8.676370647324158775e-03  1.236836886405962900e-04  -4.091891829039967732e-05
-9.982050248715780246e-05  3.380927453970715825e-05  -1.670355720346458801e-03  3.915346393846978745e-02  3.842592669532378033e-04  -8.162201958402300072e-05  1.299286393938702068e-05  1.951200382643560548e-04  -2.217582470346767453e-04  4.121160177201761525e-03  -2.435353715271833318e-04  -1.741161413637022225e-04  1.718909686104331896e-04  -3.076700512311327938e-04  9.031678435397594296e-03  -1.514375920782001957e-03  -3.723840544372086515e-05  5.822773970173006087e-05
2.019637830129247802e-04  3.820079583761479627e-05  1.571545201751390047e-03  3.841205463629785159e-04  3.917176904652568126e-02  -2.435944313627942789e-04  7.976196796605256490e-05  -2.085434744008311987e-04  -9.289441956779141002e-03  -1.784700284882454987e-04  -1.879269723647927857e-03  1.276435504149653799e-04  -1.625266767433550892e-04  4.888883657525830315e-05  3.934283673796638825e-04  -5.166441260765254357e-04  4.170251529528912725e-03  -1.350141663502600153e-04
1.014979136351812925e-03  -8.879600028604695949e-04  3.930280805033917592e-05  -8.151075127650750027e-05  -2.433059685039285066e-04  3.750698994472762698e-02  1.470129787634514391e-03  8.097026792410765700e-03  1.389865618293953040e-04  1.571576260319981050e-04  1.192770404485952822e-04  -1.990908663199173530e-03  -8.291303621211746841e-03  -1.375846840512444163e-03  -1.821172644645235276e-04  1.078012242091329559e-04  1.484509054842056582e-04  -1.862896713432609600e-03
3.396704486929266742e-02  -5.354704222473899607e-04  9.493274524915625565e-05  1.412230063483487871e-05  7.910567559558999255e-05  1.470178592998724063e-03  4.602767395263375472e-02  8.242651706547021988e-04  -1.798087397371432551e-04  -6.172381912438631275e-05  -2.297354102653472298e-04  2.771940866065363712e-04  2.046573064653506996e-02  -2.858851316393286931e-03  1.813660842769276654e-05  -8.851706820651769722e-05  -1.091943412617171934e-04  4.058823043686258202e-03
5.786906394711314062e-04  2.146656145714614938e-02  1.021863566950964879e-04  1.948724654267395076e-04  -2.084191144924921180e-04  8.097013267027100211e-03  8.239358572010626594e-04  5.079489812970930385e-02  3.314347807126444468e-05  -1.914369682094107454e-04  3.532972182330275580e-05  1.742705440202165727e-03  -5.898445310466312805e-03  2.058548726772928966e-02  2.422432903535067997e-05  -6.482033398093028960e-06  4.268516114027484534e-05  2.688002881913355811e-03
1.003637028581455602e-04  4.258997165160384327e-05  2.200435332412128270e-02  -2.211804305660641323e-04  -9.289366340530820845e-03  1.387586970316502283e-04  -1.797661049638490949e-04  3.311535860824997845e-05  5.173546586243993328e-02  -2.898956691645527368e-04  -1.608991910544246492e-03  -5.209355024320672225e-06  6.845320276761239638e-05  -4.886995911059973383e-05  1.511346836560223048e-02  -3.593693541045476017e-03  -3.393297960643127092e-03  8.272255383596685942e-05
7.486921102831066151e-05  1.104782500285912098e-04  2.134877046433586811e-05  4.121413944842372730e-03  -1.785730509260626149e-04  1.566716126069205321e-04  -6.153818125088660648e-05  -1.915412697241920250e-04  -2.898365489569338597e-04  4.226483489609794003e-02  -4.090144607743347819e-04  2.670946648001200113e-04  -1.946351540431964615e-05  7.582820855693367878e-05  3.341528914840077250e-03  4.241425557144058267e-04  -1.043403999853159073e-03  -1.973565476682124695e-05
2.452705209566998315e-04  8.412928397180832838e-05  8.946476009810582983e-03  -2.440030023485294805e-04  -1.879378266934084336e-03  1.197478105009535195e-04  -2.290523089186080488e-04  3.514793336325186123e-05  -1.609579421135783886e-03  -4.093462038973113551e-04  3.953726712748700800e-02  -3.062421639943563296e-05  6.235319688184941695e-06  1.029375242000483593e-05  3.605856886893231330e-03  -1.579592973871500692e-03  3.721605161570028957e-04  5.127581281982050007e-07
1.809188367361244166e-04  -8.051837773747396940e-03  -1.135832853872668241e-04  -1.731181597696793031e-04  1.277526583741026781e-04  -1.990277314224821008e-03  2.773643884164588231e-04  1.742640563160604249e-03  -6.121076952638944028e-06  2.667109703222110616e-04  -3.032616220963609452e-05  3.876897318206217607e-02  -2.567469572230926880e-03  -4.240785633853030347e-03  -2.441813537196148629e-05  1.350783105132014347e-05  -5.733442263960164068e-06  9.436657577267338953e-04
2.141395024521414170e-02  5.927165286230102418e-04  1.592257747305634690e-05  1.720685843758298103e-04  -1.623796527876570034e-04  -8.291450593832265167e-03  2.046545825001225630e-02  -5.898467519850439725e-03  6.855712533579107681e-05  -1.958014908546055894e-05  6.432454383826341675e-06  -2.567904975050312386e-03  5.111776335683328870e-02  7.760875380560205939e-04  1.603623442665665555e-05  -2.752174254939957206e-05  1.389354652001555752e-04  -1.151066096546258903e-03
-5.557175930556777603e-04  3.400737619284009000e-02  -7.950051753320844857e-05  -3.079073751039199894e-04  4.844818258664949543e-05  -1.375843288084087259e-03  -2.858262825667146501e-03  2.058543480192909225e-02  -4.889138330699762969e-05  7.606018031353634621e-05  9.784819029527478965e-06  -4.240820019926438283e-03  7.759015842459379350e-04  4.584537243833338577e-02  -3.882652281595356713e-06  7.686964596883984582e-05  -2.214531275485118411e-05  -3.890677253947314720e-04
2.772819709996682001e-05  -3.814767065399375770e-05  2.182232657829498781e-02  9.031860796788764370e-03  3.930797791149224889e-04  -1.826872449481486320e-04  1.833224677782342970e-05  2.443062807983985120e-05  1.511365321604908260e-02  3.341564144238332208e-03  3.606089122865353998e-03  -2.453455489189793927e-05  1.611822699870935706e-05  -4.284563321458982440e-06  5.196432224973658587e-02  1.314604476793350711e-03  1.140128543192244458e-04  3.474626760191298907e-05
-1.707513095878407136e-05  -3.755353873934475227e-05  -8.676011826413811481e-03  -1.513918750766510323e-03  -5.166118097397676872e-04  1.078091940162640301e-04  -8.823598020537659452e-05  -6.503525920903847337e-06  -3.593733975074176780e-03  4.240247790116520653e-04  -1.579584010226413879e-03  1.412059802749561052e-05  -2.766609784189349801e-05  7.714811913580354509e-05  1.315145151265634336e-03  3.993923622675023266e-02  -1.478925390744539935e-04  -5.495146697606646780e-05
-1.021230350580564720e-04  1.361066163916346238e-06  1.234662287728498123e-04  -3.762753071920365498e-05  4.170335882555176350e-03  1.481421758130894344e-04  -1.093131037053317453e-04  4.241940310777121790e-05  -3.393337942842282722e-03  -1.043400401879739873e-03  3.723711295322796266e-04  -5.694118421126425649e-06  1.386390278344075205e-04  -2.237087708617833821e-05  1.140130901370569515e-04  -1.479257813044726477e-04  4.211849594504006589e-02  1.866144506303815198e-04
7.584993847287322712e-03  -5.337232942929782915e-05  -4.166196898520812517e-05  5.737840156055179025e-05  -1.351630710123083315e-04  -1.863287961048089563e-03  4.058348891510013198e-03  2.688497853016874346e-03  8.218470869457505468e-05  -1.996961354541997301e-05  1.190622542118115263e-06  9.430718562886325268e-04  -1.151071928883223633e-03  -3.887884112762516535e-04  3.498042762989101839e-05  -5.507251678855090802e-05  1.868832110667785766e-04  3.965707663209830369e-02
