4.685793067412305501e-02  -1.132412961001557017e-04  1.353902747646232069e-04  4.879482957664837712e-05  -1.522434518878132328e-04  1.093742295487047135e-03  3.328107011732232140e-02  4.083690606288367013e-04  -1.490979581497093123e-04  2.792177354618112912e-06  -2.929070914570641639e-04  4.777821137202117961e-05  2.060621959541057355e-02  -3.989355036906111398e-04  -3.382282829000018200e-05  -2.080207178620541332e-05  5.688010012521104396e-05  7.213834679315019732e-03
-1.130197542824102908e-04  4.649822390114065340e-02  -1.801797233235189301e-04  -1.248456619753801665e-04  -1.713834452532117915e-05  -7.944434676973850893e-04  -6.124735548622649555e-04  2.075249632155066332e-02  8.248872679636072209e-06  -7.199745416793212590e-05  1.041735183270354472e-04  -7.656905372417479108e-03  3.925400969586674191e-04  3.352671584151004081e-02  8.438797003698346802e-05  -3.271749979032906216e-05  -5.203745114209306716e-05  -1.646689383871307525e-04
1.355106556696233672e-04  -1.802749750993021000e-04  5.139268670279377449e-02  -8.616813595416737692e-04  1.145572961635310744e-03  -4.808466974163548476e-05  -1.212288117030910114e-04  5.062704747379181286e-06  2.130590944416114324e-02  -1.244482809597795693e-04  8.719123079932068407e-03  -1.508156172230413388e-04  -8.800417354591926643e-06  8.958272335736614975e-05  2.113626194510272865e-02  -8.499311681708983379e-03  4.065335354559536569e-05  1.619290298741797639e-04
4.825427055919817630e-05  -1.252652923768959696e-04  -8.618765431326184424e-04  4.031173502805528164e-02  7.909710542053978200e-06  -1.233315028517391592e-04  1.318077084248440219e-04  -1.528786905364007474e-04  -3.277951795342784230e-04  3.759411154511092118e-03  -4.659803064598985896e-04  9.663589163055135952e-05  -1.895979158713633221e-04  1.764964151843868693e-04  8.359825699347282757e-03  -1.519455076506528177e-03  -7.468814831712184961e-05  -2.565548597812369053e-05
-1.517099218695280687e-04  -1.691857850865191516e-05  1.145842430684951892e-03  7.960673865345951368e-06  4.007061051789330419e-02  -3.598805762926389116e-05  4.967355964486762902e-05  1.706194635778618082e-04  -8.689573901463168784e-03  9.629564682569528530e-05  -1.838338796842814947e-03  3.467444798451367889e-06  1.007507692227127576e-04  -1.278448381708946469e-04  1.979165757742901643e-04  -3.074818967559295700e-04  3.847909195715187598e-03  1.337917445187516155e-05
1.093758681761276353e-03  -7.942383829170682327e-04  -4.823366223426802361e-05  -1.233791660606310789e-04  -3.587792361373799016e-05  3.843739019514668537e-02  9.483778607786993260e-04  7.695929343173204054e-03  -1.715513664600738591e-04  -8.268832877462715708e-05  3.716782921672886954e-05  -1.885875271113587491e-03  -7.980942751044006050e-03  -9.747363925457832321e-04  2.255678214879133965e-04  -6.730080111046866194e-05  -1.043480427121072727e-04  -1.642174006890957574e-03
3.328098380646320187e-02  -6.123548594878752520e-04  -1.211078624757575787e-04  1.312870270407485518e-04  5.001653962360280443e-05  9.482490170338393667e-04  4.661861957918484595e-02  8.128980212009330941e-04  1.909506494228617934e-04  -2.385854019040692292e-05  2.269419087003797346e-04  2.772035709176208051e-04  1.979878780365434965e-02  -2.975448492134461550e-03  2.914923557005492290e-05  -9.295969729887966374e-05  -1.737304901458802008e-05  3.656883378541514202e-03
4.081133542779202469e-04  2.075240372166238870e-02  5.265271155939363653e-06  -1.528218943119855836e-04  1.704522303637612160e-04  7.695539483842194113e-03  8.132021701434339125e-04  5.098939617954569709e-02  -3.592888860866612724e-05  1.493543188135104021e-04  -1.160869500907779422e-04  1.651668508380988581e-03  -5.736888504826277886e-03  1.991006576652497306e-02  -3.741604802339928537e-05  3.349331255598207870e-05  1.120286590070668414e-05  2.618542904746848365e-03
-1.491264650052770359e-04  8.186626734691470573e-06  2.130589083626032929e-02  -3.277152589851685047e-04  -8.689491797435026574e-03  -1.717106165220278141e-04  1.909394945700530928e-04  -3.577595444720478525e-05  5.186131816640573294e-02  1.346973491113204320e-06  -1.549958642112046411e-03  1.443917555763812811e-04  -3.471342261634616569e-05  1.409415557509366150e-05  1.445874047865688267e-02  -3.220283849620851103e-03  -3.168670825821416626e-03  -6.441144632983100823e-05
3.984267339081381566e-06  -7.173298109974118614e-05  -1.243516928583445933e-04  3.759209605578980526e-03  9.632105865924117584e-05  -8.262657541645396469e-05  -2.372749535111103248e-05  1.496180072828966602e-04  1.468120505646871146e-06  4.252716235298791697e-02  -8.632774407936314218e-06  -1.729336484007406845e-04  4.448120062474504425e-05  -3.864974915453741158e-05  3.025702471985203864e-03  5.153499488799034856e-04  -9.297709850673428105e-04  1.297098314198556320e-05
-2.919961861462929201e-04  1.041729836691816227e-04  8.718785082721050225e-03  -4.652422158924892585e-04  -1.838115831634254491e-03  3.688035136537457979e-05  2.261395377239550281e-04  -1.159687004978354085e-04  -1.550314441023658901e-03  -8.595590068487169615e-06  3.973022557192572302e-02  2.361349306817878070e-04  -9.618738141768652002e-06  3.416012044791259442e-05  3.217764500091868218e-03  -1.133956346864915029e-03  4.113781249905666747e-04  -5.323481052929800839e-05
4.789614853559109767e-05  -7.656998071178389501e-03  -1.512711387692927917e-04  9.722519681418977447e-05  4.286431877773923484e-06  -1.885245866815723819e-03  2.769226435406006129e-04  1.651622524708526787e-03  1.448514841131382891e-04  -1.731473343358816397e-04  2.369513119039724325e-04  3.918024538373628129e-02  -2.394197688176445335e-03  -4.148286541086777107e-03  -1.363119156217039309e-05  -5.100970346346644587e-06  3.080490464817136785e-05  7.852767756750097996e-04
2.060594831472692054e-02  3.925813284293199010e-04  -8.708574080903219115e-06  -1.899641175229461673e-04  1.009056979631443629e-04  -7.981088699077184059e-03  1.979883229545129075e-02  -5.737286860456087753e-03  -3.522336078069368884e-05  4.447316095480968062e-05  -1.043574069223253310e-05  -2.393854213016265598e-03  5.137512065141438405e-02  7.733943762030533577e-04  4.205856113704423282e-06  7.498010676273461595e-05  -4.603605859181001065e-05  -8.421579816814414934e-04
-3.989975761031851783e-04  3.352683274865909252e-02  8.943539590383602761e-05  1.766127428652826436e-04  -1.281520218711177121e-04  -9.740701270398347640e-04  -2.975441277143699159e-03  1.990996721235124139e-02  1.400970736260636814e-05  -3.827801794263546378e-05  3.449221766202616716e-05  -4.148267457658740519e-03  7.731154431927885666e-04  4.635301509788346264e-02  -3.913844181846660867e-05  4.205329911865501456e-05  2.597359527950832410e-05  -1.676089840572551957e-04
-3.357071926299956842e-05  8.494862860048899011e-05  2.113625792885161225e-02  8.359857335834814870e-03  1.976934169165832128e-04  2.266537797215637906e-04  2.922158678568779892e-05  -3.730584957406189435e-05  1.445879262575203335e-02  3.025632562933573775e-03  3.217558768564442694e-03  -1.381996555997445797e-05  4.323969105333656941e-06  -3.973640593728653878e-05  5.219000006986777157e-02  1.166529138716262785e-03  1.608225531062143932e-04  -7.430689945677168063e-05
-2.059508974920623087e-05  -3.306394777075090380e-05  -8.499309969441995460e-03  -1.519848392416530769e-03  -3.075915798413083940e-04  -6.907202780027104250e-05  -9.248840809606063322e-05  3.331273723143969611e-05  -3.220332317333074110e-03  5.154969457675723839e-04  -1.133576203241837060e-03  -4.666834212562132522e-06  7.504475001214595787e-05  4.131692618823315901e-05  1.166903188231460968e-03  4.023485253356336167e-02  -2.422930137248498488e-04  1.323988768953223750e-04
5.703971110520822646e-05  -5.251027073299105598e-05  4.051571652796029756e-05  -7.418630430280101322e-05  3.847925369484797662e-03  -1.046704269196608499e-04  -1.701518582122049737e-05  1.086034049803334956e-05  -3.168888322700453945e-03  -9.298144443633989944e-04  4.112967971863221769e-04  3.176924284760794938e-05  -4.577253317154410034e-05  2.507283271815594490e-05  1.610694562870774971e-04  -2.424974469155311051e-04  4.231453042283593591e-02  -7.173379119290436380e-05
7.214239216313916327e-03  -1.649415511784462732e-04  1.608076081221874879e-04  -2.523741430448621151e-05  1.417103889726699611e-05  -1.642301123223601552e-03  3.656476455747092492e-03  2.618546377356502190e-03  -6.394119697339992853e-05  1.213964185794621659e-05  -5.486510923832976425e-05  7.853260114067921053e-04  -8.425856541793917253e-04  -1.670907463974127360e-04  -7.442340343048716637e-05  1.317611789755901138e-04  -7.182578129086319334e-05  4.033632360133305311e-02
