4.612505991431110203e-02  -4.154535201203181068e-04  -3.907922474395099166e-05  6.468259961575152964e-05  4.823354718316608418e-05  1.345151248720677026e-03  3.414168809981296682e-02  5.962495190675027147e-04  4.113633816351090652e-05  -5.583979900482040268e-06  -3.344742542084521228e-05  -2.941021100938407320e-05  2.164693206704084230e-02  -3.739862033014046080e-04  -2.111690400620246176e-05  -5.286385482519419628e-05  9.836883494010597662e-05  7.946621417852820987e-03
-4.155641034117189608e-04  4.585585724445679495e-02  9.160998188876401773e-05  1.404320709867519989e-04  -3.475467394855374296e-05  -1.252781376233743933e-03  -8.176779980623950436e-04  2.188100212845995804e-02  9.627866500111225374e-06  -8.370972370089487338e-05  7.212173921632000155e-05  -7.950992655839551546e-03  8.223631129319546951e-04  3.425302945108742170e-02  -1.073130083635777686e-04  2.035922693868303323e-04  5.277737245620909874e-07  1.882875025280321890e-04
-3.893113594474617990e-05  9.212299889973917931e-05  5.066753010014939107e-02  -1.393841110925794421e-03  1.917619631480637493e-03  -2.780138260030432358e-05  8.142857287565036706e-05  1.947218968459353203e-05  2.231611118314541856e-02  -4.121337898641113653e-04  9.322812809884145624e-03  -1.070830046023578061e-04  -2.823886776885097411e-05  -7.223819005959854764e-05  2.222437088173241301e-02  -8.847756362165701965e-03  1.376223125139122412e-04  7.018077782426805698e-05
6.482184152923806640e-05  1.409495702801602751e-04  -1.393743908511870357e-03  3.890010040842874911e-02  -1.000341834282631771e-04  7.939962958351020673e-05  4.972434840847808016e-05  -1.541195965392672086e-04  -6.410304427759118623e-04  4.177614056657080570e-03  -9.525126306491036622e-04  1.219127694833469758e-04  -9.524591271171019291e-05  2.734770632637698577e-05  9.445488484793686246e-03  -1.756133729458132569e-03  9.589450613705585794e-06  1.430678995911135738e-05
4.797797638894837609e-05  -3.485447866661115808e-05  1.917785958507096369e-03  -9.995202807319076622e-05  3.891141735904725396e-02  3.072059888617738885e-05  -1.568188165548219158e-04  -3.404153639051800233e-05  -9.483346554372617393e-03  3.843071335244305177e-04  -2.055881810355349518e-03  9.773187452771592645e-05  1.208263110840799350e-04  -2.535930833044271529e-06  2.460139478414373948e-04  -4.540106971250448906e-04  4.148687814233217169e-03  1.330792070807154269e-04
1.345297338453006579e-03  -1.252649218847073052e-03  -2.894236316467152758e-05  7.960866860300484370e-05  3.090129864500792837e-05  3.656239420212410024e-02  1.064325365936444638e-03  8.639591504177267928e-03  4.532263070261751048e-07  -1.390260422689305908e-04  7.769974574272809774e-05  -2.148070514312620458e-03  -8.159290811820653702e-03  -1.637866029128932964e-03  9.914286546263999711e-05  -1.159730820371291811e-05  -1.263790740685489600e-04  -1.696235681845181375e-03
3.414163285318205787e-02  -8.170673098271898256e-04  8.131758228905468201e-05  4.960970946091015763e-05  -1.569311251690168807e-04  1.064489269315342440e-03  4.601601118135626584e-02  7.392536412762731228e-04  -2.901865734721136781e-05  -7.273433558040439547e-06  3.098270947339470190e-05  5.082712577810826393e-04  2.067436413427971298e-02  -2.576256855271936898e-03  -1.717875992673078219e-05  2.200344119084345743e-05  3.383227531657364065e-05  4.419034428238388830e-03
5.956574483959501233e-04  2.188158454864594024e-02  1.953253576264560141e-05  -1.540589168389130796e-04  -3.414137475597511003e-05  8.639219198291310520e-03  7.396129066461812600e-04  5.079755901686925507e-02  2.103545387525860603e-05  1.265265429617961712e-04  1.919000950056863716e-05  1.608535084641437435e-03  -5.938371135580757139e-03  2.053220601188866790e-02  -1.285740355400096890e-05  3.692521655246337617e-05  -2.966016387252622984e-05  2.593822987422540836e-03
4.142856841135320674e-05  9.711349052353968444e-06  2.231617993375577605e-02  -6.409978858370247480e-04  -9.482905458850386313e-03  8.140804982552105517e-07  -2.909318885545061675e-05  2.097159010243456430e-05  5.173344448108490451e-02  2.148035262263685882e-04  -1.784347366387429874e-03  7.139911447469622749e-06  -1.763953079999485022e-06  -2.658478671064585188e-05  1.512869773700481653e-02  -3.511987251272561620e-03  -3.381078101702115514e-03  -3.502514831042754200e-05
-6.234135698695592624e-06  -8.399524103675661923e-05  -4.119313408604611507e-04  4.177007319674042388e-03  3.839698468939653389e-04  -1.389725991759566365e-04  -6.841255918969392375e-06  1.265460851562336586e-04  2.145781280192575393e-04  4.218118635010979778e-02  2.449395367442771783e-04  -1.485491678937588900e-04  3.921716644095931623e-05  -7.427530012677610919e-05  3.335199055983146133e-03  6.008735733516164332e-04  -9.531141909963013713e-04  -7.142762694844175927e-06
-3.374576464034139680e-05  7.169081540056054835e-05  9.323582959649986610e-03  -9.512820748281858741e-04  -2.055748343255318304e-03  7.764387379779959415e-05  3.154009392326250470e-05  1.883011740822465344e-05  -1.784619086338652032e-03  2.454078952185057201e-04  3.917014386106038720e-02  -2.795755208762901444e-05  -1.712100347385650135e-05  -3.529242319850973758e-05  3.508655784505641285e-03  -1.283523503482419557e-03  5.213693267504826163e-04  -5.266530096316841364e-05
-2.943132480945405568e-05  -7.950932908908118005e-03  -1.067635591369910146e-04  1.225895851653449056e-04  9.787803622176498124e-05  -2.148155185791480407e-03  5.086221367300369301e-04  1.608939338437158058e-03  7.398844863800421574e-06  -1.479043649336782729e-04  -2.895819532211471681e-05  3.894694405118111213e-02  -2.670373099285413415e-03  -4.310026688176223260e-03  6.100123258025179124e-05  -8.622162087331864560e-05  1.036024988284175491e-05  8.970142764492966287e-04
2.164732788187280141e-02  8.226886240474576110e-04  -2.817101186424793839e-05  -9.517309484391016936e-05  1.211873738757391147e-04  -8.159260104031413469e-03  2.067381911114398937e-02  -5.938295571171082338e-03  -1.775435138871598557e-06  3.921950886520758552e-05  -1.755251307943732543e-05  -2.670691094303015694e-03  5.093768367366371952e-02  5.558384060706236460e-04  1.550719438389107612e-05  3.441929724708843783e-05  -1.639005270370473858e-04  -1.556978461943833757e-03
-3.742519876569031260e-04  3.425355570377727754e-02  -7.233593705530043752e-05  2.755994810367971755e-05  -2.477958585990106808e-06  -1.638191755106582943e-03  -2.575475781376437758e-03  2.053252732857902343e-02  -2.670750967359723820e-05  -7.419888621028390523e-05  -3.626910906517530862e-05  -4.310073688488349000e-03  5.559667573598016865e-04  4.594114183336955176e-02  1.723026522117670069e-04  -1.967359559020033510e-04  -2.015529122239063602e-06  -4.308918174845668340e-04
-2.129047464942080212e-05  -1.072514579960587690e-04  2.222448778439196568e-02  9.445509735778997995e-03  2.457983925819265283e-04  9.985621033605970029e-05  -1.748175339870264750e-05  -1.291316253809577374e-05  1.512873085949468371e-02  3.335052414267417054e-03  3.508888933725461904e-03  6.151404483464701614e-05  1.557922907438126400e-05  1.724690423680702795e-04  5.188241698645567473e-02  1.363791772497168061e-03  3.899598688307300557e-05  -4.826430221011482704e-05
-5.332099079225699950e-05  2.029123617780475674e-04  -8.847302255346299257e-03  -1.757169928871926906e-03  -4.539165860637530379e-04  -1.164489567862664332e-05  2.206462059125766773e-05  3.699096099170577753e-05  -3.512448502039160723e-03  6.010473386315345499e-04  -1.283675127651127262e-03  -8.646844985058420514e-05  3.471741583045719862e-05  -1.973176893950030471e-04  1.364433359819604849e-03  3.979196426385797625e-02  -1.171977947279345396e-04  6.468265868868206393e-05
9.818540253991521504e-05  1.597025956133955556e-07  1.379478514735874375e-04  1.035039674682028014e-05  4.148718787469347566e-03  -1.278779263703919177e-04  3.388872104863259021e-05  -2.960871123937514301e-05  -3.381282273449228749e-03  -9.532510996158750222e-04  5.214481255275483021e-04  1.078567662105851444e-05  -1.637469563585037700e-04  -2.043991223518460678e-06  3.905588223523488386e-05  -1.172515804478514923e-04  4.217609311905543695e-02  -2.318045527960381166e-04
7.946736312196838944e-03  1.882398777208600345e-04  7.053518662594480200e-05  1.451657611890928059e-05  1.331986756467752977e-04  -1.696472907385454185e-03  4.419023958301732460e-03  2.593379638358696889e-03  -3.520496436628540581e-05  -6.226162801549404890e-06  -5.183445241287131780e-05  8.973121844745586117e-04  -1.557701854400902336e-03  -4.302395852374772526e-04  -4.926361199038285560e-05  6.375406837946880794e-05  -2.322844075792153602e-04  3.906931270518353150e-02
