4.663403090980169224e-02  -1.670744451533501826e-04  9.534491095373726197e-05  -8.163217283356008955e-06  -1.572247733854118077e-04  1.152694468614649153e-03  3.301416529982510728e-02  4.972137805921264574e-04  -9.741352025681036721e-05  -3.761395151101741178e-05  -1.598546610783280295e-04  -3.782486494696304751e-05  2.060884938850358547e-02  -5.975809044929895203e-04  6.602968590868794831e-06  7.462076642311664951e-05  7.713582302242942286e-05  7.640933285672542839e-03
-1.664276531252330662e-04  4.748165432813213765e-02  -2.063804990084253666e-05  -6.695642233380296718e-05  -9.497013732886844478e-06  -7.715594001276655962e-04  -3.008652757557474331e-04  2.026427517120382715e-02  -5.935914987985621896e-05  -3.136537560191793756e-05  -9.813558698553924398e-05  -7.234724121042941831e-03  2.756311860992058469e-04  3.268398256255922868e-02  6.838599072287311108e-06  8.352424109536259569e-05  -9.634277032104807551e-06  -3.009627968899492609e-04
9.563224930928027371e-05  -2.043141407891556997e-05  5.124835146765031185e-02  -1.574910603603667377e-03  1.056256033438581973e-03  2.495723002682556147e-05  -9.916173701898931740e-05  -5.863789557821887208e-05  2.075572377694085910e-02  -5.986466239797309634e-05  8.072873387854933441e-03  1.078954603054107001e-04  7.294635338215794005e-06  2.006355757042413448e-05  2.109850719415891362e-02  -8.698580585888326597e-03  3.371967633494215303e-05  7.456649897099051133e-06
-7.963875730354043621e-06  -6.677759666964175583e-05  -1.575631454920952768e-03  3.946408928743944805e-02  1.943653901525436002e-04  4.214412267621350219e-05  -1.406969563433276556e-05  -5.004001173756805250e-05  -2.838622040150033644e-04  3.731611747754854692e-03  -4.040405831610787671e-04  7.421279035854804504e-05  -1.218132589403496114e-05  1.339307771716559826e-04  8.834635855923422820e-03  -2.184899807656675175e-03  -7.346374568829350021e-05  3.547811734929775089e-06
-1.567620623810305044e-04  -9.690639399343813534e-06  1.055822255205382748e-03  1.940054205790932231e-04  4.042715902199198186e-02  1.192299064847443838e-04  1.786570916890068921e-05  1.537090044857139666e-04  -8.415264905101879286e-03  -3.863667123633202761e-05  -1.505111901294258576e-03  -1.106759455338558626e-04  1.065311772460267076e-04  -6.771528268653624594e-05  1.975388373794521608e-04  -2.986754532232363752e-04  3.441326462031422430e-03  4.020620684423315553e-05
1.153169532209578170e-03  -7.715938486700516571e-04  2.494153190949908240e-05  4.235529248320454995e-05  1.186282462168995467e-04  3.817022101675603823e-02  1.315431488187249025e-03  7.308492007523016698e-03  -1.219565629420739876e-04  -2.016866498321481205e-05  -9.925985864106836828e-05  -1.421940076930662804e-03  -8.253813526987176588e-03  -8.964981308515919530e-04  1.130637506026765354e-05  -3.441492864969478030e-05  -1.219444645004746068e-04  -2.421339877741604009e-03
3.301417750213403446e-02  -3.002421792101869357e-04  -9.927500273954012217e-05  -1.418539032976500768e-05  1.772177829820001258e-05  1.315671056343894205e-03  4.656508670844034664e-02  6.958851623125862597e-04  1.337029808226896971e-04  1.968697636095864938e-05  1.588006218311369675e-04  2.358323021723380153e-04  1.959739928012924418e-02  -3.087397133897328092e-03  2.217209859631898611e-05  -4.534312878019046661e-05  3.139239057789922662e-05  3.799419845257321661e-03
4.969551115483896537e-04  2.026473531235970654e-02  -5.859897203874885974e-05  -4.972870785207869838e-05  1.536292146957122064e-04  7.308579752492691366e-03  6.959740308787124843e-04  5.144394117945074590e-02  -4.836420188441367633e-06  7.789611594431324689e-05  2.294816424340685018e-06  9.853720276863956948e-04  -5.638497467288584690e-03  1.952498208537166435e-02  -4.322885756823690223e-05  3.194623818613868835e-05  -9.815208847330786769e-06  2.454137664308731620e-03
-9.766645715546135053e-05  -5.906928460338936468e-05  2.075594695231354828e-02  -2.835187521434288298e-04  -8.415393484680717615e-03  -1.208300021163835999e-04  1.340768732266796402e-04  -4.999165672929098072e-06  5.223466146600386217e-02  -1.070789427866065220e-04  -9.605050290603374223e-04  -3.603995956016060883e-06  -1.980905029505105195e-05  -1.898001723804410631e-05  1.431381806359350618e-02  -3.295331874546223068e-03  -3.036420039818686720e-03  -3.493607896271993363e-05
-3.704063773317502949e-05  -3.132795047116047649e-05  -5.973672670273304924e-05  3.731683423292717246e-03  -3.859837662256433797e-05  -1.928307185161191496e-05  1.957365111131884321e-05  7.810769769986842257e-05  -1.069466922048571835e-04  4.234244453257618446e-02  -1.467419475802217909e-04  -1.104475146832232949e-04  2.178320074576609781e-05  -2.447653591574847911e-05  3.091269301567880698e-03  3.038438907658504422e-04  -9.525544028156714312e-04  2.362477392250243158e-05
-1.598648546499519235e-04  -9.835718797178864066e-05  8.073060903437062966e-03  -4.037832751828198969e-04  -1.505020634045181951e-03  -9.993842017153430220e-05  1.590169572220717046e-04  2.212824039075097807e-06  -9.606757738784371626e-04  -1.466792532179017616e-04  4.065952321970318917e-02  -1.544405173167657985e-05  1.928462642870626425e-05  -5.070295139377366879e-05  3.251776115474693234e-03  -1.344957762171073573e-03  3.737789568815177727e-04  4.769297628621124019e-05
-3.753605876873572858e-05  -7.233994811414354645e-03  1.074995573319360495e-04  7.387865499334399970e-05  -1.109701991266027560e-04  -1.421700112627154915e-03  2.362706664621228340e-04  9.857496119376316004e-04  -2.869599391809199832e-06  -1.100553015407442674e-04  -1.552960845259524319e-05  4.025589165832056671e-02  -2.443177421396440681e-03  -3.615901752288330946e-03  1.483320715406375451e-05  -5.724678742274625634e-06  2.251857079966261218e-05  7.625132981026867774e-04
2.060904681049159637e-02  2.756301113277231517e-04  7.122397619359981092e-06  -1.205940371290928142e-05  1.070379833669091272e-04  -8.253852071630839171e-03  1.959708711003359596e-02  -5.638547827212689670e-03  -1.981299038348777094e-05  2.188316532957794317e-05  1.901843998209023048e-05  -2.443117403799805517e-03  5.112202716745891523e-02  8.421811909656657042e-04  -2.008552714491777588e-05  9.852667288712748205e-06  -9.349661707412636224e-05  -1.422770746668212136e-03
-5.969176544511770391e-04  3.268394464978919417e-02  2.061534192274164768e-05  1.343036751840088322e-04  -6.733501553157874079e-05  -8.963659347699006862e-04  -3.086766198645560406e-03  1.952481995764912895e-02  -1.871272792717425308e-05  -2.450308780026666617e-05  -5.021070177857388738e-05  -3.615761066326936887e-03  8.416512882050093463e-04  4.716245279071810265e-02  3.834963296577509150e-05  -1.088857051445626120e-04  -1.290103367558200194e-06  -7.906333564129424307e-05
6.468415789125992947e-06  6.998699715236029471e-06  2.109853741836949584e-02  8.834251645341351100e-03  1.974832399711800592e-04  1.041739868763940780e-05  2.226248172585694278e-05  -4.305183826260682809e-05  1.431387973820056302e-02  3.091547644119039834e-03  3.251718390904207671e-03  1.420237388767150019e-05  -2.000686534907040984e-05  3.857278649080138225e-05  5.188453581329462161e-02  1.532298236751685611e-03  1.836130634652173804e-04  2.469205602889111469e-05
7.461023413662910353e-05  8.358020209770888453e-05  -8.698662578490541294e-03  -2.184814318586750931e-03  -2.992845082034568320e-04  -3.402391181559056389e-05  -4.515946428129358556e-05  3.198373659960228571e-05  -3.295605996484698205e-03  3.034655470889452140e-04  -1.344771809099388213e-03  -5.751458812377787703e-06  9.803589527389218686e-06  -1.086585900654637505e-04  1.532779126223483661e-03  3.980813994969608499e-02  -2.638103437302389436e-04  -3.187885424444916662e-05
7.667254715289048724e-05  -9.817755887779521044e-06  3.376035498604292289e-05  -7.331674967853082936e-05  3.441141633859512178e-03  -1.218639039769819151e-04  3.157152630389135759e-05  -9.998039422678634214e-06  -3.036351270835400615e-03  -9.524927708618612012e-04  3.739287286858905329e-04  2.212415125437807513e-05  -9.346744938291410480e-05  -1.721136731467966293e-06  1.834054973461581094e-04  -2.634292391518173559e-04  4.256916754059195118e-02  -1.439101859673614877e-04
7.640918661797365188e-03  -3.011718840388633608e-04  6.469761988205977287e-06  3.710074966081041879e-06  4.069085331474125311e-05  -2.421602488849596349e-03  3.799193594188184520e-03  2.453833301218295848e-03  -3.482901282039277944e-05  2.455111370572065344e-05  4.799086846526608456e-05  7.623214273013961383e-04  -1.423428460147268615e-03  -7.959478865346821192e-05  2.538603121528165875e-05  -3.161713781927451251e-05  -1.425430146356253605e-04  3.958356297348970820e-02
