4.294079898661735950e-02  -5.592551515908283618e-04  -8.610464036111593374e-09  7.904800403666170432e-07  9.522784598286943362e-07  1.620027803298898115e-03  3.654502854647471988e-02  7.172242778507685731e-04  -2.353012633299039258e-07  -1.499076079062005530e-07  -9.871169886877912233e-07  1.937242154479045431e-04  2.148793572532915752e-02  -9.435571374903724187e-04  -1.645761381438880693e-08  -3.948693147228296883e-07  -7.343038339619039938e-08  7.028753856705488232e-03
-5.592734950362505952e-04  4.294970167500083286e-02  -1.193729237393588226e-06  -5.910713505652714458e-06  -1.359522635499021113e-06  -1.625499421598667737e-03  -9.392183654502561218e-04  2.148896200894089004e-02  -7.044244028435964131e-07  -6.283897733487500942e-07  1.240467809530233132e-07  -7.031795423961163458e-03  7.154425427834904070e-04  3.653428279820015306e-02  -9.868237925225695480e-08  3.958830609279188491e-06  -3.804734820927099893e-08  -1.951369858925228900e-04
-5.693771442405059228e-08  -1.163563450615348200e-06  5.004855669500685167e-02  -2.164296401009562811e-03  2.166699926030208039e-03  3.333445955514566029e-07  1.936659745405223428e-07  -6.711266199044908110e-07  2.223802677228756824e-02  -2.055266374666717447e-04  9.046852885736254499e-03  2.983500592321393554e-07  -3.252658461719237791e-07  1.994859409945916616e-06  2.223732343575852283e-02  -9.046887718637012729e-03  2.056974452931809559e-04  3.279778649700723544e-07
7.807115749968969510e-07  -5.898886088776366583e-06  -2.164107104194173438e-03  3.395761844888556952e-02  -5.949611015043457794e-05  -3.196676614604841565e-06  -5.464863226782699084e-07  -1.250875232361938982e-06  -5.590232438427588822e-04  3.985431183724017987e-03  -6.346759232657966238e-04  2.025357665269415107e-06  -1.116211900564741136e-07  6.252639272263102215e-06  9.292528044522742683e-03  -7.675311664026494797e-04  3.948104852724484146e-05  1.877434224849293116e-06
9.621386064617552836e-07  -1.352899038154178528e-06  2.166646908704564223e-03  -5.949309155683396062e-05  3.395435695790523234e-02  -4.266381654619042253e-06  -1.139128157877508129e-06  5.350028173609826923e-07  -9.294672324905337360e-03  3.904225234186711139e-05  -7.704443041676104897e-04  1.942049477063529600e-06  6.753190666347109453e-07  -5.800122037265499893e-07  5.592906631759664467e-04  -6.345090390737315612e-04  3.985392468061188694e-03  7.183985198597805037e-08
1.620046177557721550e-03  -1.625569217105176170e-03  3.185708980003144625e-07  -3.198349308355716648e-06  -4.263597698195305518e-06  3.052591261531165112e-02  1.549016607788061915e-03  8.135983611461358386e-03  -5.497204854752788564e-07  -6.254609211319269658e-07  1.886714332908154186e-06  -8.836127118853327831e-04  -8.134107154151084054e-03  -1.548486691729052470e-03  4.318403535460834027e-07  1.824271896078022493e-06  -3.539625667892822063e-07  -8.881586919152165312e-04
3.654521837680857477e-02  -9.392422198229357505e-04  1.959063545218533934e-07  -5.418304765206524730e-07  -1.136961078457619215e-06  1.549023615292190745e-03  4.288537740825733302e-02  8.416674861046965789e-04  2.106804222207228101e-07  5.914837546522460598e-08  1.201456158513040285e-06  4.162027139231388789e-04  2.092186942631207858e-02  -1.935882696672895685e-03  1.115709150520697586e-08  3.225830690678569571e-07  -2.587654568412880136e-07  5.063238838073875342e-03
7.172198132086465318e-04  2.148884215627380745e-02  -6.440743894496282320e-07  -1.248610180952341880e-06  5.307743058167492231e-07  8.135857779659172104e-03  8.415639181575663942e-04  5.030650454519951242e-02  1.226272440313954766e-07  -8.555585032369660584e-08  9.565330475235473504e-08  2.307505576812770350e-03  -6.045402016316543670e-03  2.092247652234691113e-02  -1.067322408366095876e-07  8.579180776682534166e-07  7.664194930131917875e-08  2.704672747860735124e-03
-3.162543406408072749e-07  -6.774046128141502468e-07  2.223798577765637510e-02  -5.591080153501705712e-04  -9.294518624191254116e-03  -5.551394095879585039e-07  2.165351923517473006e-07  9.511017370116122272e-08  5.134603235135217630e-02  -9.761753422845671692e-05  -2.348850063075422906e-03  -1.587669073045345645e-07  6.706565545535137879e-08  4.157276801145454096e-07  1.511286001799799078e-02  -3.528359176842044056e-03  -3.357951390348757302e-03  2.359864072409787298e-07
-1.009316422757598397e-07  -6.380728220970120218e-07  -2.055644341659875710e-04  3.985192982098390707e-03  3.903686131067084691e-05  -5.939650106122687348e-07  1.013868327041611795e-07  -9.780908335770391534e-08  -9.766071859170348556e-05  3.909151778321200837e-02  -1.430227072471459938e-04  3.628758913470364408e-07  3.696208832499193580e-08  5.046341700453243877e-07  3.357767975637933507e-03  5.813232820223525376e-04  -1.014692463565996334e-03  1.371569472647100332e-07
-9.894673453092358830e-07  1.311464833835827682e-07  9.046909117598811445e-03  -6.346403999043320971e-04  -7.705218894256067640e-04  1.889309216539700843e-06  1.194334358173496760e-06  8.555394022124870536e-08  -2.348589014960061287e-03  -1.429688417597882737e-04  3.426187257246542800e-02  -1.881350831849615490e-06  -5.346500099851395180e-07  3.928321989605367224e-07  3.528402793844780637e-03  -1.522312908514093658e-03  5.806489586453488817e-04  -2.483487948888084962e-07
1.936869043505027568e-04  -7.031842578916445118e-03  2.897585929848994673e-07  2.024326463506396321e-06  1.945770265758165739e-06  -8.836226841220425759e-04  4.161521770316704469e-04  2.307326968963882823e-03  -1.552508145134349025e-07  3.479461715605070816e-07  -1.884563073553578924e-06  3.360839575128529017e-02  -2.704867122487416599e-03  -5.060711225114310728e-03  -9.209710931739251547e-08  -1.362942968942027607e-06  4.391015318199459084e-08  1.028163553775600370e-03
2.148795024459932909e-02  7.154831518911597453e-04  -3.171507624337677055e-07  -1.326499461483058896e-07  6.900433828040053574e-07  -8.134000864531710714e-03  2.092187794448311863e-02  -6.045341036226350995e-03  6.245362342390381273e-08  -2.374129961728775404e-09  -5.192602326381958096e-07  -2.705025651818149159e-03  5.030784121849675439e-02  8.436898147399168142e-04  -1.169239509526892820e-07  1.705358326970703286e-07  3.567575146346462199e-07  -2.304964504745621659e-03
-9.435872316069318384e-04  3.653413032552448036e-02  1.976540163453493127e-06  6.239379829506541292e-06  -5.723136917439158076e-07  -1.548533925442326662e-03  -1.935926441868027550e-03  2.092224020930303144e-02  3.923149222417360143e-07  5.324687592765704989e-07  3.791494296420982460e-07  -5.060621320896248332e-03  8.436886768904781203e-04  4.289429541394358669e-02  2.740521235210104099e-07  -4.238546020549545468e-06  4.789799659108512917e-08  -4.151693765481293289e-04
-5.688771200955535926e-08  -8.753538279616108018e-08  2.223732592791249907e-02  9.292397858942914174e-03  5.593504559888418624e-04  4.275826191687437785e-07  1.491487954766013637e-08  -1.270616533469313164e-07  1.511288377622339515e-02  3.357779752977547907e-03  3.528330488588155272e-03  -9.967268762892495248e-08  -1.032632862915297167e-07  3.070021831451564205e-07  5.134564817675171117e-02  2.350795490889717471e-03  9.784247921482831757e-05  -1.017171469016547904e-07
-3.913754386807971955e-07  3.960255410729813586e-06  -9.047001882288352448e-03  -7.674880125402166759e-04  -6.345739960032050798e-04  1.818954955902734939e-06  3.191668730774850431e-07  8.569989498248565760e-07  -3.528441361960359905e-03  5.810861242141667025e-04  -1.522457161871190127e-03  -1.366921496734094485e-06  1.808495688102091190e-07  -4.252596159364846624e-06  2.350610925480675975e-03  3.425563675322609164e-02  -1.436873876443546126e-04  -1.036418837998215387e-06
-1.362355466064392975e-08  -1.210247789413711115e-07  2.056128487399038883e-04  3.949085930113474730e-05  3.985172871047248586e-03  -3.905566208546990644e-07  -2.081495749266940245e-07  5.164193594397441480e-08  -3.357952784245007462e-03  -1.014736861496508052e-03  5.810097779672335552e-04  1.697698268048325167e-07  3.581356444272585897e-07  -2.015484059959958466e-08  9.788334387422575021e-05  -1.436434747634561353e-04  3.909149475853498923e-02  7.545192233298789894e-07
7.028827655896185966e-03  -1.951354817254654880e-04  3.267632191858231727e-07  1.880966842396535794e-06  6.502945851182041268e-08  -8.880511778028270936e-04  5.063329780887062571e-03  2.704604673593405655e-03  2.386235161836935978e-07  1.482288539402467190e-07  -2.534913293491955584e-07  1.028120996766548195e-03  -2.304803226833808481e-03  -4.152578031707095585e-04  -1.163578420828894511e-07  -1.048891958211475195e-06  8.003560249018806909e-07  3.361621340617194226e-02
