4.155151362797981918e-02  -8.093673699602607413e-04  -1.510612734597914433e-06  9.447995435276338426e-07  8.565404379841574752e-06  2.319437437773496421e-03  3.750436710771729021e-02  9.898585026217557748e-04  -2.796755688163702074e-06  -1.094410966689406708e-06  -1.152184593873023043e-05  2.548353718891159872e-04  2.254459016181427355e-02  -1.099910988997523150e-03  -9.079528153542441816e-07  7.569574372811169906e-07  2.179450282295885458e-06  7.404461538142137825e-03
-8.093743538151606208e-04  4.153508323229727905e-02  2.701343024874928368e-06  1.538022755429304750e-05  8.666111805802954906e-07  -2.319718663554573394e-03  -1.101933999472535152e-03  2.253632512518596517e-02  2.320532376164718451e-06  2.403471808529381360e-06  2.670604154667275965e-06  -7.391933577416232720e-03  9.903806680112907206e-04  3.752811309797732253e-02  3.058242695100000051e-06  -1.612391144618474225e-05  -9.038888079601829862e-07  -2.470489383955014242e-04
-1.470328976345721159e-06  2.714267665006035446e-06  4.858828164805172045e-02  -3.309017021265793414e-03  3.300656605234827869e-03  -3.528406803560947223e-07  1.865303641476908064e-06  1.089061945913687029e-06  2.334869760268097269e-02  -3.316532695010178063e-04  9.777260307281886859e-03  -2.247904900705634024e-06  3.931886532104826314e-07  -3.674734568653572506e-06  2.335303265282383592e-02  -9.780103651775619647e-03  3.301221903318842812e-04  8.055309941532278829e-07
9.304147329313590916e-07  1.545258110821512323e-05  -3.309037625520194151e-03  3.103693411058204218e-02  -2.366631829132549302e-04  -1.070972816890065674e-06  3.531350667319917843e-07  2.611737779187225466e-06  -9.452192962569915587e-04  4.250328808613579139e-03  -9.674012583205752200e-04  -6.195780329819103881e-06  3.056471689482318332e-06  -1.618531771047478223e-05  1.021361898614193790e-02  -5.318415269106796040e-04  2.588539416315357010e-05  6.863809285736863551e-06
8.538699516507971190e-06  8.493056042130991574e-07  3.300753962280098073e-03  -2.366160312549305683e-04  3.106125319939996923e-02  -4.114477897527312661e-06  -1.089358177712035877e-05  -7.321220013062242478e-07  -1.021144562896658149e-02  2.710146407348122235e-05  -5.412235351768519094e-04  5.694382957912713543e-06  3.768171964292015167e-06  -5.355926693149647420e-07  9.419026379021305274e-04  -9.647513816289319264e-04  4.252512446559683287e-03  5.817004093459487296e-06
2.319360186910313960e-03  -2.319689250342927157e-03  -3.500980149244366052e-07  -1.045512852222974242e-06  -4.108697533878533668e-06  2.635437648105891720e-02  2.161252057781926604e-03  8.625686311538979106e-03  3.652990027043825843e-06  1.439375688669009112e-06  1.137935796529100721e-05  -6.160797031829832581e-04  -8.638445100542457844e-03  -2.149362985054273974e-03  5.209149537592428439e-07  -6.524339401833603703e-07  -2.486298938659989843e-06  -6.302310624723280689e-04
3.750436238842917713e-02  -1.101948734585260188e-03  1.863222748225370420e-06  4.058475622193016425e-07  -1.085212172977635163e-05  2.161334030921443789e-03  4.162434471286996507e-02  1.032580680539375026e-03  3.863938392671723285e-06  1.374280574384040039e-06  1.360152974088572712e-05  4.418194817846424877e-04  2.204124946288252979e-02  -1.702504162030880116e-03  8.056977964403289333e-07  -1.337124963891294550e-06  -5.676000434871894466e-07  5.951256443652850822e-03
9.898167572659878968e-04  2.253635102182291461e-02  1.085140087510005564e-06  2.569664359656884776e-06  -6.718741526645358015e-07  8.625658271467681257e-03  1.032550796930490700e-03  4.918839940480283085e-02  -6.159905385262522445e-07  -5.108034559474073913e-07  -7.841218074739846553e-07  3.743769358346633273e-03  -6.524354356144732199e-03  2.204229480201437205e-02  8.876948176488622110e-07  -2.698829782505326870e-06  -6.694444276077529253e-07  2.690818928164905380e-03
-2.804134375340051374e-06  2.308593790388709705e-06  2.334861038737600855e-02  -9.452198749762812796e-04  -1.021140425271930066e-02  3.630586850746261824e-06  3.897914548706601054e-06  -6.307553839982957721e-07  5.045762714774457147e-02  -1.429354663990329058e-04  -3.692308254617194564e-03  -1.787384770937038298e-06  -1.475164213664827020e-06  -7.120423181233826371e-07  1.585982139469118909e-02  -3.916858259417220836e-03  -3.624508243099386785e-03  -1.494615925497033124e-06
-1.094666622950522079e-06  2.391877517155591476e-06  -3.316388015466083684e-04  4.250313333196770876e-03  2.712381537497130486e-05  1.421625021585329091e-06  1.390753666269369547e-06  -5.070002002564623705e-07  -1.429301943094946710e-04  3.872245645184661106e-02  -1.819421801718283714e-04  -2.189648223582397258e-08  -1.607265781084703361e-07  -1.507188445704606960e-06  3.624211859530968114e-03  7.201882584615904243e-04  -1.076865206051192151e-03  2.284353935017650497e-07
-1.157352195112131029e-05  2.740499073506874026e-06  9.777297992730736922e-03  -9.674752064361002860e-04  -5.412173838778495168e-04  1.135160028577545353e-05  1.357126958497637803e-05  -6.771681191601150887e-07  -3.692535781063926905e-03  -1.819277168142355403e-04  3.142034112779951843e-02  -6.777135958789546599e-06  -4.275171450913990629e-06  3.955547557304749754e-07  3.917810571740576626e-03  -1.936198010866702589e-03  7.184308524371918426e-04  -5.616180756306457133e-06
2.547377603521732022e-04  -7.391984348190148470e-03  -2.367974558922894765e-06  -6.147585094173630476e-06  5.726560967799233093e-06  -6.160925061192770724e-04  4.417426629198982426e-04  3.743746722210167591e-03  -1.900114359144175512e-06  -8.539613082994199381e-08  -6.768982650133710363e-06  3.044277103494275397e-02  -2.691698021686671737e-03  -5.955385229243546560e-03  -1.951921371724149240e-06  6.459414880922043772e-06  1.287913601934405967e-06  1.404238377477337509e-03
2.254467171551240851e-02  9.903724555542321381e-04  4.318294954603726679e-07  3.121333295281399009e-06  3.813528260945957519e-06  -8.638375736940205260e-03  2.204120080912405286e-02  -6.524325997672686742e-03  -1.455655310896296576e-06  -1.464993358966908540e-07  -4.201069102476453746e-06  -2.691725906685483050e-03  4.918464226522747951e-02  1.030547503427662985e-03  7.721149771346553670e-07  -3.346460176012107932e-06  -1.325741479211305369e-06  -3.746210701176459160e-03
-1.099994401039898310e-03  3.752797827390065566e-02  -3.619372039005421356e-06  -1.623705122037015638e-05  -5.469715644994801776e-07  -2.149428303112490505e-03  -1.702541352476094876e-03  2.204217131705053442e-02  -6.719336655770560341e-07  -1.493669010083218885e-06  3.437751656751821475e-07  -5.955265629528788858e-03  1.030547200528474181e-03  4.160414995068648092e-02  -3.469689562802089844e-06  1.658277872223577794e-05  1.038206298798928512e-06  -4.491192588296859765e-04
-8.846376963608076789e-07  3.069549563086943601e-06  2.335304400988060664e-02  1.021361366591880954e-02  9.418166272199896471e-04  4.802953833950894789e-07  8.264513635580400359e-07  8.839048162629684926e-07  1.585983748983257544e-02  3.624237523853655971e-03  3.917836651781857714e-03  -1.908937705930047185e-06  7.747402926900392168e-07  -3.498389919104789197e-06  5.045310187046438133e-02  3.701236067369022796e-03  1.435732677374885406e-04  1.328379897846579451e-06
7.548387621392103518e-07  -1.606690447704816770e-05  -9.780128098031498629e-03  -5.318836259633057421e-04  -9.648025806536405765e-04  -6.304645920121147186e-07  -1.352050043357548579e-06  -2.671076598848040236e-06  -3.916867741769902538e-03  7.201331068601129603e-04  -1.936197454528397737e-03  6.432220397999459271e-06  -3.339062803366629523e-06  1.663466915517005306e-05  3.701389862781451559e-03  3.139560220116414252e-02  -1.829534126053943173e-04  -7.153268768515644833e-06
2.136480231479124790e-06  -8.993733006262347967e-07  3.301337548496007727e-04  2.590196512756065255e-05  4.252484163837796580e-03  -2.508343434214711407e-06  -5.735947520925211135e-07  -6.601488174781170532e-07  -3.624523797640023630e-03  -1.076869848703689405e-03  7.184863090127325625e-04  1.306915682320765090e-06  -1.347422918251337679e-06  1.019134449921423020e-06  1.435736824524859641e-04  -1.829141182113682156e-04  3.872261245918585948e-02  -1.759554687418271128e-06
7.404489562987767726e-03  -2.470315806387959282e-04  8.276678006711302629e-07  6.925307721493308551e-06  5.827079282672596352e-06  -6.303021303586627856e-04  5.951196568104268232e-03  2.690809082446375851e-03  -1.458571847999237509e-06  2.205044775678497333e-07  -5.588939476718201375e-06  1.404276389884056338e-03  -3.746303351814741708e-03  -4.490857568769019196e-04  1.377241197628913669e-06  -7.170378849205373966e-06  -1.716657051921871237e-06  3.044466719699160523e-02
