4.197398616662639109e-02  -7.135202369564514618e-04  -6.881183540499060248e-07  -6.176461354697830914e-07  2.150048147549464781e-06  2.042716311567770691e-03  3.729764689980828718e-02  8.751641519197509746e-04  1.486510643906474323e-07  -1.229936444482896480e-07  -7.903308457821203176e-07  2.372987918394596604e-04  2.212532068902992033e-02  -1.051817126748074305e-03  -6.333147348168428052e-07  1.509062442135422574e-06  3.659992679608560267e-08  7.199372594622646150e-03
-7.136277148125404202e-04  4.200702442183696511e-02  8.034669351981744024e-07  -7.515327912157483641e-07  1.422806484658006716e-07  -2.060312223351309577e-03  -1.041346807444520602e-03  2.212912826145825573e-02  -1.875468776850521722e-07  1.132228947485012773e-09  -3.507522704263188058e-08  -7.209801520603839609e-03  8.775282413732132239e-04  3.726069910417580816e-02  -1.572176325174793027e-06  3.746130025169428168e-06  -3.780539506523028344e-07  -2.246163486828716305e-04
-7.029793212006215908e-07  7.559601259033087883e-07  4.920093953596407083e-02  -2.834167151353075755e-03  2.839705836561008494e-03  5.336382775540961342e-07  8.381712550935723586e-07  -1.128769329982923889e-07  2.293300014692166780e-02  -2.771868308799308421e-04  9.483375067701135114e-03  3.682996793747122974e-09  -1.974030103631759052e-07  -6.081432045911394966e-07  2.293004556871761079e-02  -9.480996130629540386e-03  2.774979140295852310e-04  -3.719814148131916190e-07
-6.600853914412220959e-07  -7.593290047422923974e-07  -2.834206111539372061e-03  3.222568818968926663e-02  -1.512835531714399370e-04  6.685766799002388376e-07  -7.338506098905943254e-07  3.680493132420821880e-07  -7.774021657366432221e-04  4.162020485499796398e-03  -8.198473440079277882e-04  -2.115402529935243453e-07  1.316395756609344774e-06  5.060492187207906578e-07  9.833939439696272322e-03  -5.707892163183172487e-04  3.384832040560125299e-05  2.037649407891046425e-06
2.234041941775998765e-06  1.262959090485894848e-07  2.839728541912287310e-03  -1.512800823155877787e-04  3.220596593529152785e-02  -1.583494463286294903e-06  -2.169039341576059687e-06  -8.009452295671148823e-08  -9.832666982144529222e-03  3.318653850087024178e-05  -5.563254971675932106e-04  1.047020152163384116e-06  4.064348923748308510e-07  -2.156835345592071726e-07  7.790076185489739399e-04  -8.198790990665902464e-04  4.159830775063870500e-03  7.004390960185977139e-07
2.042704061011875027e-03  -2.060369587016669477e-03  5.387957695407587890e-07  6.798320848760557464e-07  -1.616325781395411831e-06  2.798116922462691100e-02  1.894280549265073450e-03  8.430902651179114637e-03  1.597280645134668793e-07  3.100664199945163684e-07  9.313650881821970819e-07  -6.626167342401671333e-04  -8.426184551256300781e-03  -1.890846734320622601e-03  3.573136324988788025e-07  -1.198109995821863953e-06  6.316273283966167129e-08  -6.770607135465714918e-04
3.729759697380752304e-02  -1.041261949885785619e-03  8.198639791203750998e-07  -7.584522383611716565e-07  -2.256722809252807544e-06  1.894287791661296988e-03  4.199550888966377404e-02  9.471549236831445845e-04  -2.582881508341415604e-07  -4.940532815815311818e-08  1.131285280989752750e-06  4.444400814374879858e-04  2.162196817689043815e-02  -1.761752343568958766e-03  -2.795503145707711524e-07  1.283954224027666507e-06  -3.721104331388903719e-07  5.624182792943781088e-03
8.751687889609689915e-04  2.212913160677981370e-02  -1.210520465218632977e-07  3.920807679003130970e-07  -3.220250709359707342e-08  8.431098926951145767e-03  9.471093303067169974e-04  4.966167960679031268e-02  4.294157962628761852e-07  -2.049624301383236606e-07  9.281795986841947424e-07  3.135785074784473627e-03  -6.317942084862112999e-03  2.162121515188739074e-02  -7.984701345945035856e-08  2.019328736296142291e-07  -1.695063113646196647e-08  2.724860433561737683e-03
1.362016368103022311e-07  -1.429270327834124914e-07  2.293301606540137927e-02  -7.774862647776556142e-04  -9.832688056482949412e-03  1.397521562079613617e-07  -2.488601113077487207e-07  4.274882843171821220e-07  5.083429810342108418e-02  -1.246436300934089731e-04  -3.132274561323753533e-03  -9.098820186965147229e-07  1.507498288304056985e-07  -6.541452382634763234e-08  1.557815855417593771e-02  -3.756104987117208412e-03  -3.524037625582133668e-03  2.969359636093114872e-07
-1.170657785711952779e-07  3.587006617648682283e-09  -2.771910025876910032e-04  4.161833269715874833e-03  3.318122175645700793e-05  2.909318193597718505e-07  -5.785907790965152900e-08  -2.043638859729866895e-07  -1.246503495842253312e-04  3.887481100652651761e-02  -1.671446873049006396e-04  3.638384070808837048e-07  1.072878010908137841e-07  2.118846770498153715e-07  3.524436807217432369e-03  6.700602097780707740e-04  -1.057041500928480437e-03  2.104983731795705478e-07
-8.695790531320693120e-07  -2.371968777695575702e-09  9.483268314546274003e-03  -8.198663492098332917e-04  -5.562677376210220341e-04  9.337686475841348234e-07  1.027938219674421374e-06  9.607708593718189152e-07  -3.132278515980324064e-03  -1.671371334319857931e-04  3.255099687041115852e-02  -2.696505672353006665e-06  -2.757668300752437655e-07  -4.769741186243268869e-07  3.754406728808838863e-03  -1.753961254386003860e-03  6.718517208772369206e-04  -3.772131073821938343e-07
2.372899047509774905e-04  -7.209979523596064116e-03  -3.332680388848129815e-08  -2.244803819321874075e-07  1.061293584104766038e-06  -6.627106926684637675e-04  4.444647764001880561e-04  3.135833162614532713e-03  -9.494599203148115019e-07  3.596107526220545943e-07  -2.705528785540854565e-06  3.171449461322677771e-02  -2.726380398895889446e-03  -5.611619290549954737e-03  3.379881646854129544e-07  -1.050523839367782251e-06  2.456476027403355050e-07  1.246157076024146304e-03
2.212538061432368572e-02  8.775479193127557007e-04  -1.947555992065914433e-07  1.307069722643479933e-06  3.276211813116854804e-07  -8.426259133397244819e-03  2.162189719158591483e-02  -6.317937549686254879e-03  1.501353186579244537e-07  1.036856809536803742e-07  -2.278530987423599843e-07  -2.726343483165456424e-03  4.966542740421207858e-02  9.461699316134244931e-04  6.594951869012641292e-07  -2.236876278444748044e-06  2.415092520588973075e-07  -3.127949093277310449e-03
-1.051763623376583256e-03  3.726063946580760594e-02  -6.132529322537711343e-07  5.177737825372138300e-07  -1.522229097961371595e-07  -1.890820664902932930e-03  -1.761731253128708636e-03  2.162141487484898691e-02  -5.848758216707080986e-08  2.310803635466129348e-07  -4.825629332336612910e-07  -5.611529710478863758e-03  9.462193403266551915e-04  4.202652561468098180e-02  1.573895303012813795e-06  -3.606682289250682516e-06  3.723535919399555045e-07  -4.577750519798890892e-04
-6.248410943770789776e-07  -1.554218729600600727e-06  2.293007119835878058e-02  9.833977749766860399e-03  7.790168780252562306e-04  3.631513083818801979e-07  -2.826533112788038590e-07  -8.113790623249291333e-08  1.557813541327350386e-02  3.524461000563920872e-03  3.754372405656383228e-03  3.543807000435332309e-07  6.593266988046590138e-07  1.573932362871047765e-06  5.083924529111490814e-02  3.120698036733635106e-03  1.253569546222171286e-04  1.225772306757243111e-06
1.472653336547076796e-06  3.657188186234537948e-06  -9.480891445259920919e-03  -5.708227882746212678e-04  -8.198354605949536569e-04  -1.224087886638229326e-06  1.308827543676045088e-06  1.416941687714518520e-07  -3.756184629619812101e-03  6.698838677471107353e-04  -1.753935231942781907e-03  -1.036994972280898102e-06  -2.216632091134848630e-06  -3.725631674148729113e-06  3.120759305277328449e-03  3.258395887119234363e-02  -1.686103634076075277e-04  -3.780329762589368708e-06
6.476016053972178749e-08  -3.702849597258807596e-07  2.775142181275787974e-04  3.380031000774552977e-05  4.159703464825552019e-03  2.902166639078487010e-08  -3.753015840420992391e-07  -2.011169891479590535e-08  -3.524031615662889111e-03  -1.057001390203349787e-03  6.720286129296564352e-04  2.305158118085791605e-07  2.473234884633869701e-07  3.665891864347209867e-07  1.253611755827677479e-04  -1.686691486997937781e-04  3.887486143144289197e-02  3.231980322705567662e-07
7.199286821499276644e-03  -2.247295168317604765e-04  -4.043007979474840865e-07  2.030128982772804639e-06  6.799861262351230241e-07  -6.770654962427371387e-04  5.624146632350761170e-03  2.724900639787712110e-03  2.720830398959432214e-07  1.973943669028175890e-07  -3.729285902161093512e-07  1.246170007680689204e-03  -3.128216315921275754e-03  -4.578775012861305326e-04  1.192902575714725095e-06  -3.770558573421743972e-06  3.356294957980954760e-07  3.173896464985594829e-02
