4.543631292841853603e-02  -2.716371540679505918e-04  -9.728478754954185598e-08  -1.063879183357051137e-08  3.716106168893586425e-07  9.399255961169114592e-04  3.403161692741643596e-02  4.436995981568163773e-04  8.775967046423810572e-08  3.019300257613961320e-08  2.012903589038264662e-08  9.162248146493923119e-05  2.004276645613847427e-02  -6.430979219810213946e-04  -7.879932989117797384e-09  -3.429371102285216782e-10  4.251834290925507480e-08  6.764126753730653058e-03
-2.716839019904718905e-04  4.543708756518770320e-02  -4.267993394976482624e-08  4.366429564935133708e-07  1.994483050813142314e-07  -9.398009198215872455e-04  -6.428488265813878718e-04  2.004292205375935929e-02  9.002610515565086569e-08  6.086286841805155409e-08  -3.429423328062411388e-09  -6.764511695873264355e-03  4.435593030907494382e-04  3.403065553658154996e-02  -4.742070886730603679e-08  -4.478743309285464583e-07  -3.874206182014804212e-08  -9.228810474716152778e-05
-9.838524769978914678e-08  -3.400226222833620665e-08  5.131301814853231336e-02  -1.165958893125757520e-03  1.166455642377872302e-03  -2.675902094114118895e-07  1.119771751631097964e-07  2.532868411692751165e-08  2.061226939883487042e-02  -1.044863999009802116e-04  8.088711098219496937e-03  3.806761715431469322e-08  5.355737023410706868e-08  -1.530028724177017736e-07  2.061222107192857769e-02  -8.088932142456902244e-03  1.046944474888213589e-04  -8.167154145895579709e-08
1.655931231926021388e-09  5.842714868109560875e-07  -1.166084398921635049e-03  3.664034062198617825e-02  1.287149491382019132e-05  -1.259073997299374800e-07  1.447312225529876421e-07  5.380221861229211019e-08  -2.655699987825658266e-04  3.458506652014462033e-03  -3.686963132371951966e-04  -2.721048445796937884e-07  1.144398966184726681e-08  -6.378916473385484236e-07  8.209548236013079411e-03  -1.155058893105094693e-03  3.468084438320482931e-05  1.812218088705113487e-07
2.923428918013624008e-07  2.573910412933672357e-07  1.166521294927332997e-03  1.287639816253639714e-05  3.663918112417359485e-02  8.725194402085356079e-07  -4.076420324600146223e-07  -1.142245004308745346e-07  -8.209886480359309194e-03  3.453445792061832654e-05  -1.155117115315998279e-03  -3.964444997798524181e-07  -3.777875614288889159e-08  1.780452499053202296e-07  2.656846210360369674e-04  -3.687842265597839390e-04  3.458553323834726023e-03  1.263211226411288488e-07
9.399428802697630406e-04  -9.398208429610014139e-04  -2.491086290633313184e-07  -1.587864726614571025e-07  8.994620675709118160e-07  3.460862471263728701e-02  1.006020210632374871e-03  7.422503297222218625e-03  1.473869122883008918e-07  5.687709076348864102e-09  -3.562735531125330628e-07  -1.246230760172842289e-03  -7.422298332814441721e-03  -1.006397826495392979e-03  -9.435106922582126785e-08  1.654061176020331074e-07  4.808626785979990462e-09  -1.246131465430982748e-03
3.403160952760820451e-02  -6.428264642085302185e-04  1.487767413559213878e-07  9.151936991808036585e-08  -2.599489288571304509e-07  1.005963454742138819e-03  4.524333760675165045e-02  6.954885867820210501e-04  -1.042523271115824636e-07  -1.438570288849714716e-08  2.478000683649156545e-08  2.996647936575042416e-04  1.938040367975214090e-02  -2.517569017737656713e-03  5.187640362318387118e-08  -1.533648340499141731e-07  -1.190443766618472833e-08  3.933014087556632385e-03
4.437713069512407146e-04  2.004310475554964971e-02  7.089968561241343853e-08  -6.550159101304380296e-08  -1.831837984509487369e-07  7.422533937878878982e-03  6.956049661738508347e-04  5.126790180445406353e-02  -6.049959058168465717e-08  -9.802647989679901572e-08  -8.228278222152931740e-08  1.164984427168197717e-03  -5.582819963674339261e-03  1.938045541082976386e-02  -2.490496793900097199e-08  2.515752054655053563e-09  -3.919949890941837874e-08  2.522467775608610782e-03
9.781522244553582700e-08  7.029306286365294411e-08  2.061227250048563303e-02  -2.654361594495100981e-04  -8.209933646782735864e-03  8.941877072577409379e-08  -4.262270543743522259e-08  -1.153364340834778306e-07  5.207969979758476919e-02  -5.651892401108594440e-05  -1.238204072008280759e-03  1.170807765635985800e-07  -1.845902898384830529e-08  1.390177405666066934e-08  1.401724218904438178e-02  -3.070181706423750177e-03  -2.963512260482155120e-03  -4.178582042085891763e-08
-9.957003317278966369e-09  7.590225658088057319e-08  -1.045741741081383260e-04  3.458580528592902683e-03  3.456801889089371692e-05  -1.292444067520732610e-08  -1.791672457701816224e-08  -2.932198176232419315e-08  -5.666254124515961957e-05  3.945009329770601120e-02  -9.917269224410735153e-05  5.220938783349149982e-08  -5.730516782213786105e-08  -9.620293375222374188e-08  2.963432410037102147e-03  4.147848338034102324e-04  -8.893814585956480705e-04  3.655871644417368696e-08
-2.107222649485924729e-08  4.120459761284442563e-09  8.088770241854776125e-03  -3.686449067302052449e-04  -1.155123949753859630e-03  -3.515676337519545121e-07  -1.583653594207310662e-08  -8.034797596391767181e-08  -1.238190655838216107e-03  -9.914676198595095589e-05  3.682539416801444004e-02  4.317068758418494089e-07  2.871746354932010024e-09  -1.490876019736084818e-08  3.070125985224630115e-03  -1.159025212057442295e-03  4.148156033737069193e-04  8.463609166738177574e-09
9.162739396841463593e-05  -6.764537037994381233e-03  -2.493529329572307965e-08  -1.691185794918344473e-07  -3.595030609218067319e-07  -1.246254944544979582e-03  2.997031695565281198e-04  1.164999376214182749e-03  9.309521802054790508e-08  1.874596011330823435e-08  4.524742322699853200e-07  3.649534873496205339e-02  -2.522529979089692485e-03  -3.932942968410385771e-03  -1.535701783188647144e-08  8.509832064020364298e-08  -3.752365131158352170e-08  6.072962621321164765e-04
2.004287577724950253e-02  4.435954061388836705e-04  6.149037005261863516e-08  2.351420771142373784e-08  3.925478491408940944e-09  -7.422284407440399474e-03  1.938051958446759121e-02  -5.582927575058189984e-03  -5.523958935053442248e-08  4.497316517884035745e-09  6.641884432620170264e-08  -2.522508301997068540e-03  5.126799513578472051e-02  6.958681259168340199e-04  4.269490701623234712e-08  -1.019444898030549866e-07  -1.140745690631110541e-07  -1.164961948321310966e-03
-6.430664089641782493e-04  3.403070590785688132e-02  -1.448766056249809613e-07  -7.685371243491257205e-07  1.379726729400170896e-07  -1.006382827311514110e-03  -2.517515698293680809e-03  1.938032468661276056e-02  -2.083826424157613499e-08  -7.829013693888425899e-08  -6.351350540905030219e-08  -3.932917452235609387e-03  6.958611084898594411e-04  4.524417293143050828e-02  -2.283215674302473173e-08  5.454557453639788310e-07  2.576120422662228567e-08  -2.989578676033608764e-04
9.155545058301638355e-09  -4.649107839825667488e-08  2.061221459799909145e-02  8.209644766616270781e-03  2.656231296456691335e-04  -9.453110916464095668e-08  -6.297594955456120017e-09  -3.077838416719578320e-08  1.401715841004790367e-02  2.963434937204104287e-03  3.070117663466019348e-03  3.166889670537807924e-08  1.863118360975293803e-08  2.071247113135697780e-09  5.207961434913187249e-02  1.238500353354020323e-03  5.655055377672105237e-05  9.294930307853528816e-08
2.458795284761575833e-08  -4.758584847429838243e-07  -8.088865152033785505e-03  -1.155050757710391956e-03  -3.687751563712795915e-04  1.658746759728271407e-07  -4.925035131491189801e-08  -4.087119973000023440e-08  -3.070104075626228085e-03  4.147930542441700258e-04  -1.159005559195759420e-03  6.877118479128068936e-08  -9.470246108857979523e-08  5.026149749420921357e-07  1.238533374656942835e-03  3.682458647819918801e-02  -9.909274238055995902e-05  -2.842538338686915286e-07
5.647453518099942164e-08  1.983231232128799645e-08  1.046955003524770476e-04  3.467548772556218310e-05  3.458537387442980719e-03  -2.687736509366973763e-08  -7.615786037698660577e-08  -5.765683660570193025e-08  -2.963486416942006513e-03  -8.893728847881394919e-04  4.147702419760328132e-04  -2.313241608532890651e-08  -1.148320742760835956e-07  2.967917067099710592e-08  5.655694573594459348e-05  -9.904124456960065805e-05  3.945016681560331584e-02  -1.541786298372597202e-07
6.764175433784424055e-03  -9.228799138302271857e-05  -3.515820958502418969e-08  1.307180710805077676e-07  1.301948967285231668e-07  -1.246159010716010700e-03  3.933103603083132338e-03  2.522407321813452136e-03  -1.386177648707812217e-08  -1.156427832225652313e-08  5.833924031679561711e-09  6.072995079100268088e-04  -1.164931819797353175e-03  -2.989974891973559744e-04  9.322442385786743901e-08  -2.880749832881394146e-07  -9.271745887699069216e-08  3.649570959174842921e-02
