4.135589549438867946e-02  -8.591237819592257175e-04  1.983477641584764696e-06  -7.091192758852870021e-06  -1.737482974203625192e-05  2.466382066780794038e-03  3.756380608234124313e-02  1.061524473125269536e-03  2.851848192105862458e-06  -3.835531933812298944e-07  1.856422447216192465e-05  2.559327958467410495e-04  2.278414377899304344e-02  -1.131408447996512480e-03  1.297726450485489111e-06  3.926082545160215523e-06  -3.897451847910268065e-06  7.543992408464391883e-03
-8.590507383945247604e-04  4.135466535391075366e-02  -4.859636094109597471e-06  -2.760748208847411969e-05  -3.641750135282935338e-06  -2.486891672037796694e-03  -1.125932937122438955e-03  2.277750456376684274e-02  -2.492130006001704268e-06  -3.837876134214407926e-06  1.276240289507241751e-06  -7.536220519552945529e-03  1.065303006124883453e-03  3.756817442978770127e-02  -5.775759463994614729e-06  2.865706789200974641e-05  -3.710703862553141242e-07  -2.335521820064072763e-04
2.021810043535417117e-06  -4.906318564235259102e-06  4.822745566633170750e-02  -3.577279270690751113e-03  3.574143304905861955e-03  7.839855139415136036e-06  -5.139331654224266287e-06  7.939194258124619163e-07  2.357775668121282059e-02  -3.648035069999562563e-04  9.944033713927602491e-03  -1.181864769491391617e-06  -6.956087585205755316e-08  5.949672292180533050e-06  2.358420450107677827e-02  -9.954010518968312016e-03  3.632813527552338981e-04  -3.022194043702234505e-06
-7.126391098693638426e-06  -2.762189288335028994e-05  -3.577236540019102049e-03  3.038253689944668198e-02  -2.946209030136863363e-04  2.189548778221492168e-05  -6.897103120068626492e-06  6.205029677298720849e-07  -1.045963537215579978e-03  4.300196443585744578e-03  -1.059113599741130654e-03  9.640450063185850967e-06  -1.769617417691153620e-06  2.565983410798820761e-05  1.044315543472299282e-02  -5.674051917950501036e-04  1.967769558577892562e-05  -2.167500061994263313e-05
-1.717397747152839052e-05  -3.692520602987881179e-06  3.574160552690147392e-03  -2.945862569344605796e-04  3.037820700937911983e-02  -1.380781920720247229e-05  1.773723514241384080e-05  -3.387284727189927580e-06  -1.043165246658796230e-02  2.265658060850922944e-05  -5.412110281082518296e-04  1.651842647720844752e-05  -1.631284889513469129e-06  -3.223347297206399546e-06  1.044862923537613923e-03  -1.058156818917495214e-03  4.298433534861013927e-03  -8.250650906175859337e-06
2.466321672874111082e-03  -2.486901981484082938e-03  7.828616245134996143e-06  2.189706896487943495e-05  -1.377910634801420271e-05  2.545933428672993160e-02  2.312731991647363344e-03  8.754855918009906562e-03  4.867137356354847449e-06  1.374544422864313609e-06  1.271004567779034004e-05  -6.278816193013317349e-04  -8.758527617547168242e-03  -2.296110221493390113e-03  3.569030085354529261e-06  -1.781626479443369440e-05  1.643816651188986378e-06  -6.422233764433183919e-04
3.756395247340654081e-02  -1.126019140472860362e-03  -5.192058852509903714e-06  -6.864471248219727101e-06  1.766666295677338138e-05  2.312783069630710165e-03  4.145979015827220421e-02  1.086106054743593216e-03  -4.646935161124591236e-06  -1.174282149627136276e-06  -1.806529804162599679e-05  4.317050664515216410e-04  2.227045344491068377e-02  -1.691493096795911207e-03  -2.237034987495052111e-06  6.633509393864282536e-06  6.085100758851920940e-07  6.131804644779442759e-03
1.061564393522872792e-03  2.277766053880237590e-02  7.807625366109158948e-07  6.111432612509873790e-07  -3.348772882486858565e-06  8.754901463307368861e-03  1.086118353194832822e-03  4.890188234945230111e-02  1.789942243001802946e-06  1.229621037765732209e-06  4.875622103121522743e-06  4.099900450380812578e-03  -6.654414378032876692e-03  2.227408517993798021e-02  -3.673660387356707871e-07  -1.390616419858261773e-07  4.539062715312429099e-07  2.657080139746967069e-03
2.888964737780988605e-06  -2.507157000300631245e-06  2.357775088602072702e-02  -1.045872419342899155e-03  -1.043188006948107989e-02  4.892780863484378030e-06  -4.607077264752755652e-06  1.788296910091252243e-06  5.022863795998787351e-02  -1.536447152323774826e-04  -4.032265932126900126e-03  -4.109154311045624947e-06  5.694869084149009373e-07  2.841910453201317673e-06  1.601764030105319592e-02  -4.016741616463127829e-03  -3.680866365206733864e-03  -8.262028430091325136e-08
-3.821367726583766831e-07  -3.832018780904736061e-06  -3.648008421910155252e-04  4.300221409746783283e-03  2.262963409389187491e-05  1.409548788789702756e-06  -1.172786869104969755e-06  1.230223689279918504e-06  -1.536331634633240103e-04  3.862893220316034049e-02  -1.904141508906120948e-04  -6.298581298351828959e-07  -5.572351422378065071e-09  2.507931528684778038e-06  3.681521022333456364e-03  7.417571026173240415e-04  -1.086158845089483680e-03  -2.385872205854232907e-06
1.848249893898113756e-05  1.126927292867699139e-06  9.944044040077317306e-03  -1.059119838301019823e-03  -5.412071921055485206e-04  1.268646391332593686e-05  -1.803470999005096038e-05  4.784392796647489779e-06  -4.032247513168951865e-03  -1.904011682748401430e-04  3.074195650983138281e-02  -1.906760488732512664e-05  3.381653025232325485e-07  4.338749095682399775e-06  4.015001932738222409e-03  -2.049473774695888609e-03  7.442244512522555415e-04  5.430398033538184922e-06
2.559113047459019583e-04  -7.536497324931144132e-03  -1.171531604194403171e-06  9.619345381239328882e-06  1.649903268140915269e-05  -6.281602553687627060e-04  4.316891335106114408e-04  4.099780242955947812e-03  -4.087532544506865083e-06  -6.357539812493490828e-07  -1.907380930112593685e-05  2.974488293627491203e-02  -2.656664854212614259e-03  -6.129864835486133895e-03  1.066702964816656699e-06  -8.899957231611330667e-06  1.519777958191624606e-06  1.491292665458815404e-03
2.278435563883354428e-02  1.065278538674982022e-03  -5.235240583564886210e-08  -1.720919883513840818e-06  -1.784452841916605431e-06  -8.758532036947895560e-03  2.227032294345058713e-02  -6.654433436258625108e-03  5.633885175749166628e-07  2.317522262759824145e-08  4.150964103630112212e-07  -2.656811523211649595e-03  4.890031336911927762e-02  1.082277732833394858e-03  -1.733081584683537252e-06  4.351372244452426629e-06  2.578453390227440707e-06  -4.102377682782313260e-03
-1.131281033293179451e-03  3.756834314163256389e-02  6.013259638109595903e-06  2.562685578482991095e-05  -3.218085508809300697e-06  -2.296115054965709116e-03  -1.691378322478626593e-03  2.227425431416193979e-02  2.873297834009615159e-06  2.484708625614934016e-06  4.470843670086792769e-06  -6.129789686254683359e-03  1.082357542581044701e-03  4.145174020007169613e-02  6.464196099336938925e-06  -2.730541951666445963e-05  -7.134434397770358873e-07  -4.558216887580280674e-04
1.361042888973217044e-06  -5.814025167047396649e-06  2.358411927149996895e-02  1.044310442133665300e-02  1.044829590058384038e-03  3.601379325620354872e-06  -2.211319903598986333e-06  -3.542086920928146543e-07  1.601761598413703122e-02  3.681530772145544684e-03  4.014949388054682433e-03  1.020752639260729522e-06  -1.722216911539043976e-06  6.419143645759887564e-06  5.022514773318374065e-02  4.033102837422730333e-03  1.548110654127352113e-04  -4.997637852806149102e-06
3.847748836467787644e-06  2.881400043409396925e-05  -9.953911563123979053e-03  -5.674021575861607544e-04  -1.058148025642912998e-03  -1.781099962184999039e-05  6.526851764117281951e-06  -6.889410343839330812e-08  -4.016628305521806157e-03  7.418153602472008293e-04  -2.049481930731760458e-03  -8.915169948451860354e-06  4.275912690812747683e-06  -2.723752141053758984e-05  4.033202691248898887e-03  3.075465854371083052e-02  -1.910483517820698684e-04  2.365479446316411688e-05
-3.935663565716190220e-06  -4.049496862086974921e-07  3.632000445985599717e-04  1.970688084539627761e-05  4.298648591263709400e-03  1.611923861788148726e-06  6.217063617018660133e-07  4.513037830705994908e-07  -3.680892843420136094e-03  -1.086159968366854538e-03  7.440571983291121476e-04  1.519040594881803080e-06  2.573796957471236303e-06  -7.318850985214660701e-07  1.547792178269079223e-04  -1.911152434977166482e-04  3.862911930129012128e-02  2.401140844732794577e-06
7.544032621168297349e-03  -2.335894501886547493e-04  -3.082122116231570198e-06  -2.169465821875418951e-05  -8.297858684773675071e-06  -6.420717587341482355e-04  6.131796934058172943e-03  2.657159327742295626e-03  -1.547281017944761973e-07  -2.393920949056947865e-06  5.454767831249804992e-06  1.491315869440431978e-03  -4.102409831933047195e-03  -4.558973976773233929e-04  -4.983769193171596159e-06  2.366174108980940885e-05  2.399819781714322318e-06  2.974349401391008715e-02
