4.295324155475055417e-02  -5.555053482643514682e-04  5.385048596477213914e-07  1.245960201076138477e-06  -3.414378342341823825e-06  1.635405190686101823e-03  3.653254429602315057e-02  7.173860767530186328e-04  1.589725874549043630e-06  -1.299543214574076118e-07  4.738845006793431269e-06  1.827196681076991523e-04  2.148738183009032618e-02  -9.393272137783787888e-04  2.574919612828258674e-07  -7.494903818550820124e-07  1.488942315236752350e-08  7.032767991670828452e-03
-5.554939759096237314e-04  4.293393504912322578e-02  1.889908936278876405e-07  5.870604434606755061e-06  -3.847188142738804329e-07  -1.624789049220018216e-03  -9.454266237610102616e-04  2.148668874457903416e-02  5.015248056519494738e-07  4.218351670696939920e-07  2.584914265981993555e-07  -7.027120105233959982e-03  7.152973690857198242e-04  3.655226654456308205e-02  2.601808589989704576e-06  -9.092804293050173794e-06  1.118445975821371446e-07  -1.946328973634122318e-04
5.240578364193999272e-07  2.569873995622287216e-07  5.004908646165170255e-02  -2.166655802933058553e-03  2.162936186249351730e-03  -8.124381310632690044e-07  3.639009596337794929e-08  -2.653633727360510821e-07  2.223674223094415994e-02  -2.051299676684413282e-04  9.046365095381597374e-03  1.421122113114597256e-07  -2.108457659240322676e-07  4.022881125228851030e-08  2.223887110236926271e-02  -9.048829985285711947e-03  2.054518086164758295e-04  2.516749641953950795e-07
1.253207002902779693e-06  5.878416503462238326e-06  -2.166492545437816771e-03  3.395570333234176896e-02  -5.932887190803230390e-05  -2.009495055303736218e-06  1.511852139102148155e-06  -1.664047014284622072e-07  -5.584727528546825281e-04  3.985510067160979303e-03  -6.337079150699725504e-04  -1.498806985124069343e-06  -9.011507005432689767e-07  -5.379864135735513401e-06  9.294475430128382523e-03  -7.707844409794076647e-04  3.971818050666271911e-05  2.553748212071390564e-07
-3.427462572754192604e-06  -3.892692793656798160e-07  2.162652669500816915e-03  -5.933509315477415085e-05  3.396519763899830124e-02  -7.978415180187318724e-07  2.715827288650917076e-06  -1.509830228141838149e-07  -9.294001517076381363e-03  3.901831936253148116e-05  -7.754080572695882688e-04  1.834892543917930824e-06  3.686074899150835877e-07  -5.944408564105613721e-07  5.582830389040398418e-04  -6.338806005570581537e-04  3.986260309476065584e-03  -4.586677761410714277e-07
1.635380644179208753e-03  -1.624814476670597124e-03  -8.002896040231846361e-07  -1.999324048969228520e-06  -7.941915599544214093e-07  3.052571883482398801e-02  1.536034643870858247e-03  8.133728471181121689e-03  1.432713079738001246e-07  -5.786496527951239806e-07  1.831176400255958832e-06  -8.842776567629951614e-04  -8.133690230355030901e-03  -1.543473746302108287e-03  7.336939502523759374e-07  2.241241778801101753e-07  -9.914045487862097653e-07  -8.815487795362148861e-04
3.653272752662233003e-02  -9.453981712087351948e-04  1.757960437857948526e-08  1.512201400735749227e-06  2.702408942933231034e-06  1.535975847745425695e-03  4.289569402720851132e-02  8.413300555501644542e-04  -1.098030223291469921e-06  1.175831295631640754e-07  -4.424994215894102426e-06  4.276398298135837355e-04  2.092399830868087174e-02  -1.937367515394333717e-03  8.921618441339128204e-08  -1.603759565804338641e-06  5.658416746477266514e-07  5.061501685375767792e-03
7.174281445025694048e-04  2.148659328436873170e-02  -2.802254277630913437e-07  -1.788654478195802264e-07  -1.636896753539468694e-07  8.133702729273011370e-03  8.412605138213599502e-04  5.030668623077172441e-02  3.512829158852856358e-07  1.588015580678928733e-07  8.943827418298148147e-07  2.308114055920798807e-03  -6.045235216545025332e-03  2.092398095637021740e-02  3.049336063481022413e-07  -6.382382198333667334e-07  -2.246470823383524917e-07  2.705072229594194990e-03
1.530436823166651034e-06  4.880532339629420021e-07  2.223674876592302008e-02  -5.585861895330240627e-04  -9.293870811770714099e-03  1.433849829285666156e-07  -1.109382328850842663e-06  3.150869730751394745e-07  5.134748856276543511e-02  -9.846360652617265207e-05  -2.346070313545241866e-03  -1.339225434679331609e-06  -1.078686544562006694e-07  -2.174796325410620690e-07  1.511311937524472369e-02  -3.528554999568601653e-03  -3.357924919530016344e-03  3.459308853525960549e-07
-1.027525330831127988e-08  4.775928999269963098e-07  -2.051487064502973171e-04  3.985209949595459530e-03  3.901707802585835329e-05  -5.763020087269586919e-07  2.345010779036693334e-07  1.718462933194961887e-07  -9.851000624291215621e-05  3.909147944525681595e-02  -1.447732584542597075e-04  -2.803369482338067435e-07  -6.025536031351110189e-08  -7.703237805357169252e-07  3.357948361497511535e-03  5.810698382079861231e-04  -1.014631359868128132e-03  4.136427707135400052e-08
4.748497931353353084e-06  2.706094207486282325e-07  9.046479345896122140e-03  -6.337859432223298759e-04  -7.754477608520066872e-04  1.795524542276158667e-06  -4.419857675512946758e-06  8.906677071102749690e-07  -2.345813815374369130e-03  -1.447669467155855401e-04  3.427076956277672060e-02  -3.769863644052632873e-06  3.799535792093235170e-08  7.748496314731279525e-07  3.529292833792411696e-03  -1.522573401543622076e-03  5.801731333613259056e-04  1.319675798476886246e-06
1.826698014763036956e-04  -7.027115255134637820e-03  1.905753186943914821e-07  -1.509928299863655114e-06  1.844997712541144656e-06  -8.842726651715764226e-04  4.275703208412326515e-04  2.308043249155118052e-03  -1.358711315898927136e-06  -2.592470862752971027e-07  -3.762582311705640787e-06  3.360817481335543616e-02  -2.705657984422365873e-03  -5.067927350453972114e-03  -1.002155471034359525e-06  2.755008826950078238e-06  3.149326697144587075e-07  1.025300620849338993e-03
2.148738341864912457e-02  7.153100836127436078e-04  -2.447218213608841296e-07  -9.474340876098682848e-07  3.964977213427564630e-07  -8.133696259049532848e-03  2.092412880114036949e-02  -6.045230492770000547e-03  -9.387406800315537562e-08  -1.099119905089511832e-07  1.677777870102056586e-08  -2.705748055027961362e-03  5.030541912362656437e-02  8.434375184248600566e-04  -3.678869449400089871e-08  6.212804563662805797e-07  -5.638272166414440216e-07  -2.310131111515172087e-03
-9.392635945652826101e-04  3.655215092398300669e-02  -2.825574091192354068e-08  -5.380413579870715566e-06  -5.935906113735716554e-07  -1.543457640805272809e-03  -1.937373316184489444e-03  2.092392524097379941e-02  -1.806023428466664083e-07  -8.450314616910885134e-07  7.789319584902103222e-07  -5.067991658300893820e-03  8.434173105633521132e-04  4.287871206367972754e-02  -2.497421564258991640e-06  8.984800770319460991e-06  -1.208506091593318860e-07  -4.140990784835300257e-04
2.247466793734604207e-07  2.653304631493276452e-06  2.223881466027279388e-02  9.294410384972386779e-03  5.583498461634440850e-04  7.531822465308836368e-07  8.234795873908791262e-08  3.168308077818932297e-07  1.511316037753919310e-02  3.357991218316278958e-03  3.529229117530416002e-03  -9.695734447923222606e-07  -2.442852996660382583e-08  -2.531980355591694927e-06  5.134455111468592264e-02  2.352145247787774170e-03  9.787620193391876049e-05  -2.054445188259361321e-07
-7.415719840193911645e-07  -9.109188087393000046e-06  -9.048956231977892117e-03  -7.706860633833694353e-04  -6.338835429289896512e-04  2.241282566997696081e-07  -1.610362420595630093e-06  -6.357560603555279692e-07  -3.528598970092681510e-03  5.807638557492065048e-04  -1.522558820461360771e-03  2.755378496925649719e-06  6.156994626923101453e-07  9.006177871063235393e-06  2.351886363918710785e-03  3.425495621746155184e-02  -1.439293919965809170e-04  3.547756523572453651e-07
9.776692379851796044e-08  9.934970407436248938e-08  2.056157766159337280e-04  3.969243770497203811e-05  3.985971687958190027e-03  -9.637331112004214654e-07  6.274284846872011195e-07  -2.284328024608105017e-07  -3.357867233453521328e-03  -1.014642813571391524e-03  5.804524508022212547e-04  3.205482854625672014e-07  -5.259061694089419502e-07  -1.475647608333315949e-07  9.784439831935145420e-05  -1.439212301798579823e-04  3.909169454824570206e-02  -6.554447469027698416e-07
7.032799756276312576e-03  -1.946304122970574145e-04  2.363228347100750233e-07  2.516030926635217730e-07  -4.602001220830766977e-07  -8.813879976641963423e-04  5.061524395440265139e-03  2.704995227978050035e-03  3.541470289275004390e-07  2.370471675356725052e-08  1.321915043575415778e-06  1.025291867073286440e-03  -2.310100759818742473e-03  -4.141418333123458623e-04  -1.695565616161697862e-07  3.523091612651473423e-07  -6.669141108664364215e-07  3.360464437958550488e-02
