4.231738872431832499e-02  -6.496892345162069704e-04  -4.778282313363662328e-07  1.530626349613501761e-07  2.481013729963838136e-06  1.795941921228724064e-03  3.711073335556321767e-02  7.848417522264972265e-04  -4.227574129205911320e-07  -7.036129615652764433e-09  -2.463815379486064366e-06  2.270068943754421974e-04  2.176186785200023496e-02  -1.008987642571663014e-03  -2.859204766615065150e-07  1.922188975263816958e-07  3.620383134731142757e-07  7.036077253083334627e-03
-6.496927592543808288e-04  4.231741608739999355e-02  5.076527722125959720e-07  2.346726068894018740e-06  3.434894887235694310e-09  -1.798356412845756799e-03  -1.008187155540195322e-03  2.176137165549133293e-02  2.382474302616333108e-07  3.365666106140616043e-07  1.571234453209313040e-07  -7.035992815546277673e-03  7.851901975737343459e-04  3.711091081652639900e-02  3.850136290394431082e-07  -2.318683485348339385e-06  1.209224457391261465e-08  -2.242610199303774843e-04
-4.882131589376260025e-07  2.988665429606504312e-07  4.970211446409665557e-02  -2.441502474842078760e-03  2.442108298076047478e-03  1.676647957180602799e-07  6.444542326493602622e-07  1.266271479439677320e-07  2.255812207124632471e-02  -2.351054182250031789e-04  9.237051880106497692e-03  -4.330056359261990080e-07  -2.004964363843473582e-07  -5.233448367946520521e-07  2.255817833241915635e-02  -9.237514166836857318e-03  2.349078366983540123e-04  -5.129587367133432254e-07
1.887071267362565796e-07  2.235557749298184161e-06  -2.441428141448327271e-03  3.307339403277959750e-02  -9.453286367721780632e-05  -4.377911039355843480e-07  3.161104478986518463e-07  2.827123755325566737e-07  -6.517237421234200025e-04  4.073244453318103711e-03  -7.102648112046511426e-04  -8.960895933540342865e-07  2.169421002581421615e-07  -2.309671329987665151e-06  9.523520200619623940e-03  -6.200660512729320355e-04  3.694352348730195007e-05  8.595433432173552018e-07
2.510462787813158981e-06  6.573229002882180716e-08  2.442039794493906443e-03  -9.453223897462921109e-05  3.307102924889065987e-02  -1.463095362001651373e-07  -2.576909282953006775e-06  1.087687435737709535e-07  -9.523095623911145488e-03  3.717569779089285946e-05  -6.177996448974891822e-04  -1.764855737960907405e-07  4.527453643437403618e-07  2.570633574448500059e-07  6.517440890227661548e-04  -7.102032620274212078e-04  4.072982430271223329e-03  1.066083826157917259e-06
1.795876179316672041e-03  -1.798428394574915412e-03  1.932919559020943540e-07  -4.474797876157110045e-07  -1.366039331115056856e-07  2.927797991774463982e-02  1.699883918618272068e-03  8.260317765617830946e-03  -1.014867112964052548e-07  9.944057023411637169e-08  9.167204456555766794e-08  -7.419968610061267221e-04  -8.260522231071406110e-03  -1.697248266211513713e-03  -2.168808441246810114e-07  7.093207237068787766e-07  -2.248654839059565037e-07  -7.409104969490253392e-04
3.711072990765672958e-02  -1.008187549397316068e-03  6.118673999839202747e-07  2.998165763302635603e-07  -2.627535326318086568e-06  1.699955212503146762e-03  4.229042296014697000e-02  8.769097356957612993e-04  4.853257564745645844e-07  4.540544043591627818e-08  2.504772924224489321e-06  4.403353839061157509e-04  2.126224041503372783e-02  -1.789742140136211645e-03  2.268519546809686876e-07  -2.532455972824837779e-07  -1.893579261697978030e-07  5.360538120275701486e-03
7.848596015975746552e-04  2.176126835391284028e-02  1.395234644409282024e-07  3.400778264697907442e-07  7.024903572006943559e-08  8.260248472234667586e-03  8.768652237770817185e-04  5.004289006603823003e-02  -1.845441625957600610e-07  -1.115680118653692356e-07  -3.994750095957728805e-07  2.647195610707210253e-03  -6.157159039282198744e-03  2.126288487749216152e-02  3.020151290098108911e-08  -1.610497014261586376e-07  -4.468674007520744482e-08  2.737561658778272285e-03
-4.095690994805638727e-07  9.797998985867750062e-08  2.255810310902824078e-02  -6.517542960815823688e-04  -9.523001379245728260e-03  -1.345670103595724474e-07  4.415444468872950202e-07  -1.679523828753692467e-07  5.113893217896917781e-02  -1.096680353787085832e-04  -2.669380524419735345e-03  4.043330781939345625e-07  -7.246059135493044386e-08  -2.075739357017039101e-07  1.533084302597184992e-02  -3.625678066480385667e-03  -3.436750844540627670e-03  -2.299283495481046321e-07
4.947389752228113113e-08  3.153747127376244982e-07  -2.351255921562109838e-04  4.073163130481469683e-03  3.713196444999262064e-05  1.196202207639001698e-07  2.180867836492117637e-08  -1.103608886739573771e-07  -1.096376501660545062e-04  3.887281597966302932e-02  -1.533446423821418385e-04  1.123177095018837801e-07  2.144196186294030393e-08  -1.863731883678356422e-07  3.436660324868865985e-03  6.272313053856201246e-04  -1.035699566450028544e-03  1.485794665572195849e-07
-2.526283784995541860e-06  1.298695690975426028e-07  9.237123910062901636e-03  -7.102605022800082685e-04  -6.178053865095276421e-04  5.318013113711017193e-08  2.548395762325933734e-06  -4.434791284819249652e-07  -2.669250068613688697e-03  -1.533205858462383044e-04  3.339579317210124992e-02  1.027890011963115651e-06  -3.061829009930496126e-07  -3.088576329192347905e-07  3.625554029707366791e-03  -1.615525901730531641e-03  6.273456425386724064e-04  -9.874131008132701555e-07
2.270191314657510080e-04  -7.035977054954955200e-03  -3.896033598031222861e-07  -9.011035299977237404e-07  -1.824838893024916938e-07  -7.420144480504069304e-04  4.403391767336284780e-04  2.647092703113461312e-03  4.214479214584151651e-07  1.041881945035065282e-07  1.039002748223716160e-06  3.264437181584469577e-02  -2.736939658558559113e-03  -5.360567713623137255e-03  -1.808392293839458529e-07  8.105736260015794610e-07  -1.520041870811174328e-08  1.129018325703121887e-03
2.176179315183861956e-02  7.852040707995627854e-04  -1.871821936818986069e-07  2.318529937218236695e-07  4.122076912625940822e-07  -8.260344656504043162e-03  2.126233106627431826e-02  -6.157174676596927423e-03  -6.530650594124187875e-08  1.373162186961589624e-08  -3.299310699352739316e-07  -2.737017857662520873e-03  5.004294165391727500e-02  8.764237493158468732e-04  3.214922714343530772e-07  -8.418611668095443181e-07  -1.596672097625204600e-07  -2.647562784724034023e-03
-1.008983940726812393e-03  3.711095399744122891e-02  -4.789539026339501134e-07  -2.203743476949840216e-06  2.248352701899716904e-07  -1.697170357909389207e-03  -1.789743023293720791e-03  2.126280027571210082e-02  -2.231973247485990573e-07  -1.895548470394909853e-07  -3.019640487577671148e-07  -5.360562956802157608e-03  8.764507928865137958e-04  4.228984113166078113e-02  -4.063519156326531905e-07  2.130476976560934962e-06  -3.501890111883051917e-09  -4.435522234490984692e-04
-2.262503485239506222e-07  2.684374757341488525e-07  2.255816495707948371e-02  9.523413129131795204e-03  6.518139209991683164e-04  -2.234781911659650573e-07  2.752326322248302602e-07  2.245362022410186438e-08  1.533086123295333315e-02  3.436684736885106499e-03  3.625472345891225627e-03  -2.442348006895069002e-07  3.261397901163426885e-07  -4.125935394091310919e-07  5.113896300755730456e-02  2.669094333000401453e-03  1.096930451611127864e-04  8.657910662169724936e-07
1.816929955554882231e-07  -2.191918578548366992e-06  -9.237598958036670471e-03  -6.200562145800799559e-04  -7.102071186294593632e-04  7.174401105723024954e-07  -2.698651786120121139e-07  -1.731316696723557302e-07  -3.625737654957015676e-03  6.271451323638410928e-04  -1.615525031388529613e-03  8.136155644176401341e-07  -8.337678349226346201e-07  2.134749613650284928e-06  2.668998864098367195e-03  3.339773894652351555e-02  -1.535238374892143717e-04  -2.453425638951372291e-06
3.803306150448908131e-07  3.062095520111682516e-08  2.350413444600612926e-04  3.692227763915935357e-05  4.072914631547444944e-03  -2.715650343249709940e-07  -1.676977649674041258e-07  -1.923365597425532848e-08  -3.436608230050475915e-03  -1.035681855954326182e-03  6.274205569203185166e-04  -7.744460616504167294e-08  -1.352883185963698012e-07  -1.979944569399838671e-08  1.097687116738605323e-04  -1.535566373210531959e-04  3.887280300436261882e-02  -1.416708733306912854e-07
7.036072596465508915e-03  -2.242596310929329667e-04  -4.656246755743892156e-07  8.220178867297813586e-07  1.064884142674491946e-06  -7.408937518447537276e-04  5.360554332738828691e-03  2.737481917200571078e-03  -1.634045648473892104e-07  1.110674841415038352e-07  -9.336954269477272520e-07  1.129016652088636174e-03  -2.647474790070291229e-03  -4.435545481427002044e-04  8.737035587668379698e-07  -2.461489820374206857e-06  -1.340473739451534414e-07  3.264188177945445690e-02
