4.116100508475932507e-02  -8.702057028893736383e-04  2.709468182930544094e-06  -1.018891332847007326e-06  -9.651929747922608920e-06  2.355297013178082009e-03  3.787363088947597739e-02  1.004727600289597508e-03  7.728124768789947608e-08  -3.020740621526348826e-08  5.810928637803957233e-06  2.753419166706051096e-04  2.251579011907620109e-02  -1.129571261932770182e-03  9.601221574786455468e-07  -3.674783640440680012e-07  -9.930656263182892528e-07  7.259392008231065931e-03
-8.702202916993334158e-04  4.114827258688226463e-02  3.105008410488012247e-06  8.720497487476376066e-06  6.267441426845149618e-07  -2.345014285321072624e-03  -1.135284504981494847e-03  2.251371888321133594e-02  9.426864396889393621e-07  6.148959536951367166e-07  5.708740794453765965e-07  -7.254674570310861922e-03  1.004466134355505537e-03  3.788905044487447804e-02  -1.090289323492432646e-06  -2.835895828767612527e-06  -1.001752779859017037e-07  -2.792668963096057110e-04
2.736619685632481115e-06  3.094007836258912125e-06  4.851966769813767510e-02  -3.384174067619304897e-03  3.387667555737503347e-03  4.387689643928822084e-07  -2.966750050282844189e-06  1.005826792766315536e-06  2.335893293904803616e-02  -3.373184700648318652e-04  9.754789040703606973e-03  -1.619003756702563165e-06  9.669012094208559968e-07  -3.185786032941898732e-06  2.335762855780127920e-02  -9.754037440952566251e-03  3.373996631265152330e-04  1.399715562212369409e-06
-1.029480958739474386e-06  8.749900466207786992e-06  -3.384194428813102305e-03  3.060175964883160918e-02  -2.555900102998026071e-04  2.446780144818202900e-06  6.893345401333321416e-07  1.311378841681430236e-06  -9.794148947985424018e-04  4.216168972778456051e-03  -9.798015708538723983e-04  -2.607136547250876871e-06  1.240964111652152689e-06  -8.947878427622624388e-06  1.019996785686089723e-02  -2.935555310591553952e-04  2.221127433477994086e-05  1.178784963740045091e-06
-9.622984051305101140e-06  6.268921413598257980e-07  3.387574525640911407e-03  -2.555615141135489485e-04  3.059757697236327109e-02  1.323867983595212538e-06  9.914325618530306640e-06  -1.002622678335587506e-06  -1.020342325767934800e-02  2.281934619696125499e-05  -2.985278254732821597e-04  1.553385892607313825e-06  -1.539813680046835129e-06  -1.255389534510945332e-06  9.797771681869008563e-04  -9.806457048564640351e-04  4.215924636743781199e-03  -3.456718834970665669e-06
2.355269109710079242e-03  -2.345021176569837395e-03  4.222458965034679147e-07  2.481241479342800024e-06  1.279230401317371625e-06  2.577862840726106303e-02  2.196413060673382475e-03  8.585986408423533153e-03  6.348235652972697905e-07  1.432275741780333093e-07  1.605565202894668448e-07  -4.305170850952967469e-04  -8.589604337914124449e-03  -2.197967520308949027e-03  -6.555935674483716810e-07  -1.463233910866875438e-07  2.502099611880622578e-07  -4.242615886483642605e-04
3.787376942429001442e-02  -1.135303131388788137e-03  -2.979499573748039841e-06  6.920297971795777495e-07  9.935438344227613802e-06  2.196478206450515943e-03  4.121611341642729409e-02  1.028113069792679218e-03  -5.252194009651090040e-08  -1.822621040110703512e-07  -5.871793506362696329e-06  4.708202838724863306e-04  2.211133583846248626e-02  -1.598895813791756772e-03  -1.153507441717278556e-06  5.343710794799859729e-07  1.049015896339863812e-06  6.076814726128501772e-03
1.004584215895217058e-03  2.251375271434690600e-02  1.003915185336748281e-06  1.353547761533742325e-06  -1.022105261156246503e-06  8.585941958162632281e-03  1.028025133470801154e-03  4.913276730118361357e-02  3.220535534366171348e-07  6.758633351140737843e-07  1.082632583673483255e-06  3.837842229076479303e-03  -6.529171209296249882e-03  2.211057025473045848e-02  -2.566930849806340988e-07  -5.023802574243413863e-07  -1.396624005127332548e-07  2.732723325499393334e-03
5.939360548659576380e-08  9.538089660728365719e-07  2.335896272773728757e-02  -9.795332762269613226e-04  -1.020329036379189099e-02  6.299004839344793061e-07  -8.201979016487002836e-09  3.452026057276735317e-07  5.041426658275679346e-02  -1.471519934718220214e-04  -3.784471897796217333e-03  -9.607251093317443648e-07  5.893170786671556812e-08  -9.317455940023177142e-07  1.586425833106426542e-02  -3.904632334080903027e-03  -3.622305331754972595e-03  9.681681879058706957e-08
1.120197842667232938e-07  6.346723484843541903e-07  -3.374070377150245343e-04  4.215849895895366385e-03  2.279310081542624861e-05  1.414077792404748346e-07  -5.410610560196333185e-08  6.621614878928415898e-07  -1.471396118594548005e-04  3.859640751222950805e-02  -1.826026974592693457e-04  -1.388788090559892951e-06  1.860698864441398015e-07  -1.013483496777535769e-06  3.621805272545984989e-03  7.498297390644195065e-04  -1.076900269802177554e-03  2.556138407548812720e-07
5.815162382957292019e-06  5.681444060766136525e-07  9.754841231725550413e-03  -9.798485097328732754e-04  -2.985621444805724089e-04  1.564862615676503888e-07  -5.903151273174382307e-06  1.108161447809021973e-06  -3.784330941524987561e-03  -1.826081792675383246e-04  3.095996250439612962e-02  -2.493262876290239152e-06  9.433656812450912721e-07  -9.458277282944133100e-08  3.905093332825987362e-03  -1.935681983901223809e-03  7.488329544357115106e-04  2.234191880444095470e-06
2.754677746116010960e-04  -7.254684005270258147e-03  -1.613397953099903692e-06  -2.604561725011272296e-06  1.541157470671591511e-06  -4.304444850044812252e-04  4.709252644781167295e-04  3.837755341649217583e-03  -9.582572713676566686e-07  -1.361493312314949185e-06  -2.476562662850695528e-06  2.996780737433150238e-02  -2.732004770020754741e-03  -6.081519519695279506e-03  4.898964428241145354e-07  1.080206477943528146e-06  3.127488305724207718e-07  1.398935311892675120e-03
2.251574582896596205e-02  1.004585120611945241e-03  9.511782929933845931e-07  1.253997782026315812e-06  -1.538912023600805221e-06  -8.589502630040437084e-03  2.211127541622336795e-02  -6.529019185717062010e-03  5.634832193684277446e-08  9.567198848048074377e-08  9.258397937496483262e-07  -2.732180747108153840e-03  4.913056872740077796e-02  1.027157653926263729e-03  1.870822988469304857e-07  -9.221571070516825436e-07  -2.307821331859502423e-07  -3.842177652024502538e-03
-1.129604927255527984e-03  3.788902456968498700e-02  -3.132596241162188283e-06  -8.936414580610657873e-06  -1.255396929020314029e-06  -2.197943634468552728e-03  -1.598898381617112115e-03  2.211045123596048698e-02  -9.120353093501500629e-07  -9.733814364499931017e-07  -9.218147082252970781e-08  -6.081446282423223597e-03  1.027080338140663350e-03  4.120423629324836134e-02  1.167574340155355516e-06  2.865642979240168023e-06  -4.392596609604870695e-08  -4.665293667819375364e-04
1.039825470794432671e-06  -9.959888548304474984e-07  2.335755225392160614e-02  1.019985971141386394e-02  9.798282632637008490e-04  -6.286718625144512924e-07  -1.067176584434406671e-06  -2.614142573850282957e-07  1.586424504833739563e-02  3.621852952836920533e-03  3.905012859086579025e-03  4.800012800705482570e-07  1.954475779591519374e-07  1.235332796039417118e-06  5.041399495145919979e-02  3.787135216917134929e-03  1.472579133446289348e-04  7.659810559252266311e-07
-3.581945168391079782e-07  -2.824107095988232703e-06  -9.754227543120823352e-03  -2.936276006972501603e-04  -9.806317604369543285e-04  -1.493785080302719177e-07  5.394375827281044741e-07  -4.873495046636496595e-07  -3.904774266215014188e-03  7.495495448225957457e-04  -1.935659401611306007e-03  1.084706621211900487e-06  -9.031515526001350217e-07  2.848055418872555058e-06  3.786861122700829405e-03  3.095166443245587692e-02  -1.825325545232961031e-04  -1.852218516777080799e-06
-1.037030265699842733e-06  -6.407600145523493374e-08  3.374323433401020945e-04  2.219676192353551018e-05  4.215543649932628964e-03  2.902907214820725584e-07  1.045416656804032307e-06  -9.424073803736714217e-08  -3.622274753234852943e-03  -1.076907740110408717e-03  7.492058638713257855e-04  2.546644184767684994e-07  -2.523958954411781118e-07  -3.888365230787030025e-09  1.472796930157487612e-04  -1.825603188890378840e-04  3.859636988774301641e-02  -6.698557697819453429e-07
7.259457593876085871e-03  -2.793499431878204600e-04  1.409119633910490697e-06  1.191863884722063229e-06  -3.461203332292041092e-06  -4.242613200582919853e-04  6.076877265519386485e-03  2.732629249887446980e-03  9.556450026780740802e-08  2.709591420685217859e-07  2.226497676998777020e-06  1.398923825135695931e-03  -3.842094496317673916e-03  -4.666149902697359106e-04  7.807826583106007227e-07  -1.868051800289394967e-06  -6.978807598772401539e-07  2.995502039266640867e-02
