4.288669989889052486e-02  -5.594033151836221322e-04  -1.270588023316145332e-07  -2.119224511812955223e-07  5.586916690908822955e-07  1.612713412584932142e-03  3.662285897368842968e-02  7.125871560462298518e-04  -1.975441732526379303e-07  -3.935202247542565133e-08  -6.234230608788164186e-07  1.935138428369303771e-04  2.147508897907872416e-02  -9.498957708515163786e-04  -5.790978457855250496e-10  1.020406621218353912e-07  -7.312119272469458084e-08  7.009365154415860347e-03
-5.593877044303233745e-04  4.289062590763220717e-02  -7.776867754018566486e-07  -3.099676075050728673e-06  -1.650022602833561858e-07  -1.613392938753422387e-03  -9.487869718532701340e-04  2.147534910268148953e-02  -3.612405005896466186e-07  -2.419929269192751545e-07  -2.847956303889118814e-07  -7.010839390479227558e-03  7.124732422464244517e-04  3.661899873176904796e-02  9.078614304726702493e-08  1.625360136545778646e-06  -1.814189510226753622e-08  -1.926595480180687769e-04
-1.169549596221779805e-07  -8.121790284537538345e-07  5.007006579898691523e-02  -2.143428556379444426e-03  2.143663917606193365e-03  4.324884438340453846e-07  -1.066889245578244784e-07  -1.900337760897240305e-07  2.223383442780633296e-02  -2.032687065558056903e-04  9.047611853113564709e-03  4.152169213191013818e-07  -2.760670031280501965e-08  9.477108799089039590e-07  2.223365369519537602e-02  -9.047479300815024564e-03  2.032099092701196322e-04  -1.541661180052187388e-07
-2.562787287081525856e-07  -3.013150129699619618e-06  -2.143410856605874881e-03  3.388320392953026589e-02  -5.785935688838888028e-05  3.000863133280008051e-07  -6.152713570222725482e-07  -1.837953026407869322e-07  -5.547532257765075761e-04  3.988547734430538359e-03  -6.308442676156682119e-04  8.762899095156306792e-07  1.056807747167079080e-07  2.910675788124970165e-06  9.291396647636344236e-03  -7.767722162477471489e-04  3.912025975566108411e-05  -3.111002299290867328e-07
5.484221507356541503e-07  -2.022581997526220900e-07  2.143672985570018071e-03  -5.785683105894501218e-05  3.388256551311968900e-02  -8.849356854962554803e-07  -4.501071430193836187e-07  3.636004310810891922e-08  -9.291356938211576752e-03  3.918920001031699085e-05  -7.763789477315497997e-04  4.780271059495817240e-07  -9.675942435433785277e-09  5.051968611193294981e-09  5.546975793335443992e-04  -6.307904811934228863e-04  3.988424255475369988e-03  -1.645787040551612133e-07
1.612715142473379474e-03  -1.613393214479563308e-03  3.052000051982640737e-07  2.731270354309819068e-07  -8.701330799541968780e-07  3.047775145088764057e-02  1.537221175614153284e-03  8.137337236035281293e-03  8.062937534109566534e-08  1.007191039861397718e-07  5.311568913251853696e-07  -8.912504135168914168e-04  -8.137731974096139298e-03  -1.536276485764338307e-03  3.310941110502662362e-08  -2.577679215274806494e-07  6.799510218319408270e-08  -8.915890848013274502e-04
3.662285517284042530e-02  -9.487848950273826540e-04  -1.064969837188537759e-07  -6.054444661676111985e-07  -4.538504864391388518e-07  1.537222037713918341e-03  4.282557196692146628e-02  8.367083431240511168e-04  9.129571598331706524e-08  -2.828992253930048975e-08  6.524513089800235546e-07  4.214894826453021315e-04  2.092722854523378084e-02  -1.914488033190164806e-03  4.141722290029325817e-08  3.411194343589420548e-07  -1.501666436354286844e-07  5.078387616483766992e-03
7.125584617014400638e-04  2.147524308196287895e-02  -1.845330127876029643e-07  -1.984568876766782387e-07  9.114218511213552135e-08  8.137278905412555219e-03  8.366608130751626744e-04  5.032207741674565166e-02  1.934032499687862619e-07  -2.119003903346450060e-08  3.674100150280232717e-07  2.286826030689510011e-03  -6.042181346107963237e-03  2.092700970373121555e-02  -1.206918730684439238e-08  9.109738775915820170e-08  3.461389351627677595e-08  2.709208741565595231e-03
-2.139371830226498933e-07  -3.807660693173965549e-07  2.223377646420596904e-02  -5.547538815877468745e-04  -9.291377485159152405e-03  1.891215698238517360e-07  1.190010053876332062e-07  2.083070298895023716e-07  5.135863140541129662e-02  -9.764029636012350123e-05  -2.327008717590937394e-03  -3.680992108647805245e-07  3.809842046795347934e-08  1.528987596950656784e-07  1.511278533774277830e-02  -3.528240274718118675e-03  -3.358506161109269406e-03  1.870342710365713187e-08
-5.630580791216378823e-08  -2.236252229916970462e-07  -2.033459062298227226e-04  3.988563187557489162e-03  3.919988942800718527e-05  1.101597471045056782e-07  -2.824897159596002135e-08  -1.026168714412647324e-09  -9.764821719604603091e-05  3.897048887051867555e-02  -1.432331734893018522e-04  4.954344547222212730e-08  -9.201322873459795399e-09  2.952488732428472460e-07  3.358475499541206232e-03  5.799358307702879136e-04  -1.014312633129685901e-03  -4.034083102133314627e-08
-6.617066375980271685e-07  -2.724808278451311442e-07  9.047703220494812335e-03  -6.308772562536673310e-04  -7.764036024475862293e-04  5.431167827248039047e-07  6.306187674204561888e-07  4.087576469018091381e-07  -2.326969372003468307e-03  -1.432291603503480241e-04  3.418646408565011868e-02  -1.198728298344848297e-06  -1.116569974882126459e-07  8.533268168765636089e-08  3.528167800173600578e-03  -1.519119688612549125e-03  5.800210803482133345e-04  -2.022918965737498792e-07
1.935214205813007358e-04  -7.010807477481198653e-03  4.130682001104855624e-07  8.966025308533846231e-07  4.262042072218936800e-07  -8.912410720035513151e-04  4.214896623900037304e-04  2.286825308354342202e-03  -3.635717198348198517e-07  6.056881529279964451e-08  -1.178812229051543058e-06  3.352660028897829630e-02  -2.709095501617782373e-03  -5.077429925868600161e-03  -3.959377313716524727e-08  -5.089822950188936614e-07  4.048424072996487846e-08  1.029000277266238364e-03
2.147495048985150271e-02  7.125111628908278698e-04  -1.551385356424657929e-08  1.136666176107312906e-07  1.300259847481446803e-08  -8.137736260694361512e-03  2.092713452468673505e-02  -6.042133901214726856e-03  3.413467918324892878e-08  -9.103294065868597254e-09  -1.091369997375257116e-07  -2.709119613414199060e-03  5.032247158415707050e-02  8.365839049165435092e-04  -3.599803290597664599e-08  -2.242714760542664593e-08  2.344392344531492340e-07  -2.286072843289985255e-03
-9.499029194488449413e-04  3.661900449301200289e-02  9.199404205747507710e-07  2.837124013110081337e-06  1.586812741838500013e-08  -1.536264102495895310e-03  -1.914492184389458623e-03  2.092705728088942174e-02  1.891138237230643037e-07  2.613894264458071207e-07  1.875866854416105330e-08  -5.077394720506583047e-03  8.365699726343608618e-04  4.282914347471113853e-02  -7.685429093743391594e-08  -1.635983319262272990e-06  4.821514553248863559e-10  -4.226534280159122570e-04
8.212091349750920549e-09  1.052863017991789480e-07  2.223362104730014499e-02  9.291377262193173392e-03  5.547735268591236528e-04  1.434030876658695157e-07  5.155209352339211750e-08  -2.610537699188773276e-09  1.511279686907864711e-02  3.358543113031354967e-03  3.528200920494616293e-03  -2.545846386876847848e-08  -3.068071177135353037e-08  -7.033134028333099764e-08  5.135876242588090224e-02  2.326637442451601288e-03  9.773197122106443136e-05  -4.875588744912897351e-08
8.647811816471895667e-08  1.633696932192332607e-06  -9.047556699321982268e-03  -7.767499047490586308e-04  -6.307549721414313455e-04  -2.983483532998170286e-07  3.428669641316791571e-07  1.443527798154467856e-07  -3.528235992769970623e-03  5.800141068239905240e-04  -1.519067669540315581e-03  -5.017798153828535464e-07  -2.309205721264351037e-09  -1.661365328101312869e-06  2.326585555837769412e-03  3.418753970982509743e-02  -1.433391895176580274e-04  2.774535221844073881e-07
-6.362548427327911102e-08  -3.177823869851680897e-08  2.032944960998325421e-04  3.917677113655884289e-05  3.988519806294320638e-03  5.523340958581569929e-08  -1.537008565254921348e-07  3.514382734993090457e-08  -3.358471893847855567e-03  -1.014313563166067576e-03  5.800119582984067336e-04  1.586574510167404257e-09  2.390054198809987828e-07  7.070051607735248489e-09  9.771936371876988243e-05  -1.433513160006439767e-04  3.897037200402184154e-02  4.806734737929220747e-07
7.009357346515289466e-03  -1.926656962154492641e-04  -1.363740956797206216e-07  -3.245397802542696184e-07  -1.049433364486459857e-07  -8.915951858977267004e-04  5.078435379908852708e-03  2.709201072730715171e-03  -9.352355062392330068e-09  -5.861121199695759922e-08  -1.888909856128967541e-07  1.028985260674447795e-03  -2.286009982463066501e-03  -4.226577478564650715e-04  -4.089738876602129687e-08  2.753274554746520616e-07  3.881622327526882998e-07  3.352814430828422732e-02
