4.342023513246064115e-02  -4.850175621059220517e-04  -6.032053932089999039e-08  -1.868181158381134712e-07  2.665881523090086042e-07  1.458085112088543765e-03  3.613332496389286969e-02  6.511832836474373007e-04  -2.021306839747107895e-07  -7.259851177618358618e-09  -6.233846763762098250e-07  1.674782293623020848e-04  2.121104553499251338e-02  -8.910030229502418795e-04  6.668152785274453599e-08  -8.615229159614656565e-08  2.268906714876400318e-08  6.987397543055853116e-03
-4.849375276071211959e-04  4.341649899228582771e-02  -1.119754540410435383e-07  -3.435640926830769699e-07  1.015971040570294709e-07  -1.458285208948281557e-03  -8.918861604856159449e-04  2.121042173328661906e-02  1.088723882242101191e-08  1.642974011303736610e-08  7.877802128188916593e-09  -6.986200487293924531e-03  6.514166982444703118e-04  3.613734612055365808e-02  -4.211148076594534485e-08  2.695228698439543783e-07  6.198341529116260409e-09  -1.660207319338550093e-04
-7.338501417368741738e-08  -1.091556611288774817e-07  5.036827573215103132e-02  -1.903482667512893878e-03  1.903064114546404581e-03  1.412088415303019533e-07  -1.190471297496968033e-07  9.585800209773640981e-08  2.193140481297535874e-02  -1.784246919508937707e-04  8.871406132342777445e-03  -7.483947892500820584e-08  1.311718331822276321e-07  2.486280117787484282e-08  2.193175322500040547e-02  -8.871554522052673905e-03  1.779784455337574524e-04  1.087572945615339214e-07
-1.699330005133466904e-07  -3.483913067939629823e-07  -1.903475032300653430e-03  3.453482177320978813e-02  -3.351965989491559588e-05  4.665780789419014868e-07  -1.602459907495921641e-07  1.083157554627619717e-07  -4.796825121526529620e-04  3.900356237324118045e-03  -5.675301310492947976e-04  1.857346198501694866e-08  1.930611569332736539e-07  2.863541276855689942e-07  9.082734368313166717e-03  -8.972098943928487856e-04  3.975379247673326016e-05  2.308466972006614452e-08
2.738253082187869004e-07  8.969339378754795823e-08  1.903089062408647864e-03  -3.356629338239056255e-05  3.453597803388906012e-02  2.966919028329353107e-07  -2.727089720504782284e-07  -5.989211259184378481e-08  -9.082430702133974937e-03  4.002172507135776726e-05  -8.972921676282190860e-04  -5.644790652975756637e-08  -2.703426420140140667e-08  7.057027645746629324e-08  4.794189130117700384e-04  -5.672330871219076649e-04  3.900376652916438033e-03  4.855388556508879838e-08
1.458085557143608182e-03  -1.458280069268852322e-03  1.332474743034086319e-07  4.401632448988733824e-07  2.760724903762115259e-07  3.145335631040471064e-02  1.408648892278671714e-03  8.016836901515920349e-03  9.647851067244856039e-08  1.155918190803222407e-07  -3.077379026742137822e-08  -1.006497495792953428e-03  -8.017440051139180374e-03  -1.407701540897244230e-03  -1.839922660779538280e-07  3.424023025904168197e-08  2.584363196385968312e-08  -1.006603293555843274e-03
3.613333642629706910e-02  -8.919466454108904369e-04  -1.192072826323367838e-07  -1.845886082463916076e-07  -2.739190698460566538e-07  1.408664839136487086e-03  4.332879168529760877e-02  8.055829294827442436e-04  1.643642912311701925e-07  -8.297344553624071424e-09  5.978470961381431036e-07  3.994469571346831666e-04  2.062301894132814034e-02  -2.036397478308389110e-03  6.518945820970888959e-08  8.340609496283541669e-09  -5.112359241123484400e-08  4.828470538817466844e-03
6.511334235019889316e-04  2.121045928746021283e-02  9.419240998515202097e-08  1.088986544356290217e-07  -6.049757670681119629e-08  8.016928005218403389e-03  8.056248581911174640e-04  5.054723888488239086e-02  -7.016162617818301191e-08  -5.443020541588034010e-08  -1.280184278088990631e-07  2.002969418620853537e-03  -5.945128136174752075e-03  2.062323346758916306e-02  -1.618216796642725641e-08  1.717782497052340944e-08  1.069986627422804180e-08  2.678708043641944789e-03
-2.098891258081954918e-07  2.629554716795369356e-08  2.193142386614060566e-02  -4.796736112459965939e-04  -9.082428628549972516e-03  1.151919717573868885e-07  1.875222871432109429e-07  -7.097528074618391600e-08  5.153452656112640640e-02  -8.793909147750262852e-05  -2.055602056888352659e-03  1.748446972637460099e-07  -2.010217176293441687e-09  3.485345434866550246e-08  1.490905349061725366e-02  -3.440052902252722054e-03  -3.285044351505954970e-03  -5.669053873729239706e-08
7.756687486450843657e-09  4.106386704358761759e-08  -1.783722142741833499e-04  3.900445026260587669e-03  4.002017409868311511e-05  1.157448545723765401e-07  -2.103203382291816898e-09  -5.185192640299487993e-08  -8.782333413701044853e-05  3.905250766126060896e-02  -1.340598514557733852e-04  5.587491910491503580e-08  -8.887205493358298622e-09  6.380320601672300965e-08  3.284955972447893471e-03  5.409428461488341444e-04  -9.928224288500079979e-04  -7.407381466332614774e-09
-6.267236726700416763e-07  1.092059879887106073e-08  8.871382776376481039e-03  -5.675075907367120153e-04  -8.972450104469145661e-04  -3.421087916157050127e-08  5.988172933847290734e-07  -1.310128310925371375e-07  -2.055712358638601793e-03  -1.340192437686804855e-04  3.481595680229551681e-02  3.917964038963620047e-07  -2.894533970043329991e-08  -2.276222406197087020e-08  3.440033615424405340e-03  -1.439189752202281155e-03  5.408764711214544873e-04  -1.556002833442329568e-07
1.675485025604959879e-04  -6.986145902199506971e-03  -7.497387434731903057e-08  -4.659222752712888966e-09  -7.147444950185579426e-08  -1.006529176635003213e-03  3.995025183495002426e-04  2.003025985838549107e-03  1.496875472332568144e-07  6.151630126428407310e-08  3.776350972510699235e-07  3.423463332550993193e-02  -2.678572979146596859e-03  -4.829470740776957774e-03  1.042251452845957333e-08  -4.265518326125119503e-08  -3.194179661467130508e-09  9.409038783199377091e-04
2.121115169622547411e-02  6.514746664426139620e-04  1.300212141154991417e-07  1.964457444076913393e-07  -3.080806953518671574e-08  -8.017557347357975525e-03  2.062298084778705146e-02  -5.944971244992415527e-03  -2.118622336014360449e-09  -7.807726116196834854e-09  -3.181837285913386531e-08  -2.678469352962134509e-03  5.054723749490053902e-02  8.051594665669962536e-04  -1.039393833750391384e-07  1.241605908822280571e-07  3.378322336270061356e-08  -2.002902046503018865e-03
-8.910304693289738086e-04  3.613725946917412113e-02  3.163271660599101945e-08  2.772129266521218302e-07  8.726257370723629184e-08  -1.407713334708697714e-03  -2.036411357586763275e-03  2.062324766981183527e-02  2.634293890681842175e-08  6.424410447086659094e-08  -2.993655144511089484e-08  -4.829443678972245718e-03  8.049647976361513826e-04  4.332506510559878260e-02  1.993863832004888894e-08  -2.558446826959712752e-07  -5.282651302073375099e-09  -4.005400322686037068e-04
6.436766857322303329e-08  -4.801036715137847814e-08  2.193168237357785016e-02  9.082786712377610705e-03  4.793979347156457631e-04  -2.235878898668637598e-07  4.708568587335775625e-08  -1.731813120523834830e-08  1.490898441700477806e-02  3.284824154989370720e-03  3.440028991448911607e-03  -1.355446970247852029e-08  -1.040380688754503237e-07  1.633811951159609992e-08  5.153446031432162150e-02  2.055806880331446929e-03  8.780686862441407464e-05  -1.280672194205796829e-07
-7.556883992838244634e-08  2.620820655817259771e-07  -8.871535796539343002e-03  -8.972268346925142083e-04  -5.672573659527387546e-04  1.798319399809735416e-08  2.497007421073772922e-08  2.972431565542734794e-08  -3.440002333429427461e-03  5.409796388240109685e-04  -1.439187630358493676e-03  -3.797717780456852212e-08  1.238050785123289709e-07  -2.743407206727297908e-07  2.055857104006554147e-03  3.481556080449277335e-02  -1.340876866594137285e-04  2.716476343295976928e-07
-2.328616379594134912e-09  2.040326917468706945e-08  1.781974069493722868e-04  3.975096204369136426e-05  3.900433553446778449e-03  2.105698525171408101e-08  -5.483459627404490180e-08  1.273749872407166587e-08  -3.284921726401719266e-03  -9.928190220487981537e-04  5.408943049114656393e-04  -9.601976076479926159e-09  3.216104312246911538e-08  2.735160817012444305e-08  8.796638218798383398e-05  -1.341088181646779586e-04  3.905250910405691500e-02  4.448040265256585675e-08
6.987324939818081483e-03  -1.662031173366969393e-04  1.081760872318541861e-07  2.129996560042314699e-08  5.078345228134788032e-08  -1.006616454820046750e-03  4.828485863581978045e-03  2.678628610182422556e-03  -5.100866458852495281e-08  -5.259820980577156961e-09  -1.579351797980255055e-07  9.409480603695133611e-04  -2.003046223008834135e-03  -4.006858399327222950e-04  -1.299664329216656482e-07  2.762605105580938200e-07  4.200554535206161754e-08  3.423467718540213617e-02
