4.363462149432011106e-02  -4.686227678706499046e-04  4.063526394840664067e-06  -8.840985127212502861e-07  -6.531484397450474250e-06  1.494492168968987933e-03  3.587724990730405128e-02  6.587011538816317556e-04  -4.490479729937107367e-06  9.670665713996509420e-08  -5.559452978686265444e-06  1.504425753160550301e-04  2.123476009122659061e-02  -8.644411578237558812e-04  9.875101968214218500e-07  -8.201796797518597726e-07  -7.350025787293175874e-07  7.056207694119157221e-03
-4.685747654401973671e-04  4.360963622339906337e-02  1.832726745302370405e-06  -5.447203731223306050e-06  -3.280864321239734321e-06  -1.477646541016445179e-03  -8.704939678642161427e-04  2.123107801429035060e-02  -2.384448834694892277e-07  -3.145581188432092102e-07  1.960046163705887754e-06  -7.050467364553426874e-03  6.562553547052353553e-04  3.590773013005343905e-02  -3.943997454649514322e-06  1.212543055615365376e-05  -1.051813571514241514e-07  -1.588612825892583315e-04
3.991472386774790585e-06  1.884286056899805145e-06  5.035224539909025077e-02  -1.945608047722473038e-03  1.929544788722243600e-03  3.465520555779094791e-06  -4.148538651347342681e-06  -5.942540707791877765e-08  2.193277088570307065e-02  -1.815372239675739859e-04  8.882805130731218080e-03  -2.539643200549618725e-06  4.937488980968248228e-07  7.342347833577109772e-07  2.193511595721126667e-02  -8.877522815595175268e-03  1.812424935908148107e-04  2.635810771002777031e-06
-9.548141982715801434e-07  -5.384541481856936336e-06  -1.945515428656995624e-03  3.512894775486029297e-02  -2.897673774723979559e-05  -5.155666302678638544e-07  -4.073798031056477848e-07  -4.176455446402770422e-07  -4.795734522180514279e-04  3.897848617497899799e-03  -5.744896943566814946e-04  3.489796231481760168e-06  1.737584707307683289e-07  4.760969605068413572e-06  9.101873327192798804e-03  -9.610615904001474242e-04  4.201939991968796758e-05  -2.342413633867526081e-06
-6.376609087066487532e-06  -3.241466315605951807e-06  1.929625135856462064e-03  -2.899907975378127485e-05  3.516071879611343265e-02  -1.266451806629222185e-05  6.112317585191597645e-06  9.899689519343012394e-07  -9.092581808682338729e-03  3.774502792439529794e-05  -9.570304889540916151e-04  5.729320884659801699e-06  1.126166449966383134e-06  -3.434370045233281522e-06  4.774101445674784833e-04  -5.694316785054333871e-04  3.898482737562145896e-03  -9.879653964140925439e-07
1.494485217630876902e-03  -1.477614105685824816e-03  3.374695629967955989e-06  -5.284955844965884934e-07  -1.254825746918068947e-05  3.205071460338950601e-02  1.408581654589567342e-03  8.013006949820470140e-03  5.515299888992068670e-07  2.553241076862958329e-06  6.818796765314905526e-06  -1.053890066375605785e-03  -8.028362084727925022e-03  -1.404261261358370457e-03  1.095415478122143162e-06  -2.910890506021590470e-06  1.678876486296716350e-07  -1.054374546221269887e-03
3.587721224667439479e-02  -8.705701128024565926e-04  -4.107020792327134137e-06  -3.406263564301079417e-07  6.009756776110934582e-06  1.408582489652913505e-03  4.354512470954430975e-02  8.244982156697959388e-04  4.261524747907543996e-06  -2.491868450320742923e-09  5.891609535971024192e-06  3.991587658168855354e-04  2.060856968537811210e-02  -2.113014767988898469e-03  -8.557799970852533299e-07  1.532695419446013840e-06  9.030510315957157415e-08  4.779364413720923327e-03
6.587703155437461171e-04  2.123098912886403622e-02  -8.299594134651271690e-08  -3.771589664495992435e-07  1.013939471176560920e-06  8.013007677314392882e-03  8.243774936562445156e-04  5.053067972835482285e-02  -2.759484244432237340e-07  4.893094699194084830e-07  -1.508589948810884553e-06  2.037766317402809214e-03  -5.955703476971662379e-03  2.060807181957980197e-02  -4.606695396320984200e-07  7.348796255257969093e-07  3.465619127654186775e-07  2.660118967835534750e-03
-4.450498731697407698e-06  -2.375324520778480297e-07  2.193273860684831489e-02  -4.796604204078874561e-04  -9.092463449059031561e-03  6.143645683947745320e-07  4.282287795411626190e-06  -2.531801101672266674e-07  5.152773186365244146e-02  -8.894711871521224895e-05  -2.093176384247617209e-03  8.876952527266358131e-07  -3.095187431347441760e-07  -1.672246351769624572e-07  1.490382680858807520e-02  -3.444491363105972419e-03  -3.282663188276006231e-03  -1.492854244166444270e-06
1.069154006285637444e-07  -3.364311493117617404e-07  -1.814897922814401169e-04  3.897917819539125240e-03  3.786209799250614275e-05  2.570654186451973231e-06  -4.307704867906474344e-08  5.895996161971883392e-07  -8.893091236933660620e-05  3.969772106836724768e-02  -1.370058180574643461e-04  -2.875671793608214880e-06  -4.675095343754938207e-07  8.912331465479685869e-07  3.284205889948904611e-03  5.354299800826254349e-04  -9.949075737055736689e-04  -5.461349922205656164e-07
-5.516938484179465861e-06  1.944540401827702060e-06  8.883001696093753563e-03  -5.744265480170774154e-04  -9.570470616118186610e-04  6.874871305843038777e-06  5.809289743308086393e-06  -1.293675626129833518e-06  -2.093099657213337746e-03  -1.370187053777657273e-04  3.540589865856268170e-02  -1.219553719640020506e-06  -1.490499007416188643e-06  8.329249730377254282e-07  3.444052080118615699e-03  -1.448224758720983085e-03  5.367418378320781055e-04  -1.813766942954515757e-06
1.504940312713694858e-04  -7.050362376956902447e-03  -2.538711061349856937e-06  3.477923981780515284e-06  5.742670046687665458e-06  -1.053815074505136916e-03  3.992700934013655983e-04  2.037680681135550353e-03  9.664136148650082735e-07  -2.692757891876489477e-06  -1.211695940948307879e-06  3.484338821292830984e-02  -2.659229582708241835e-03  -4.790142129953622353e-03  1.146408694985787248e-06  -3.342673537018987328e-06  2.966758429081868054e-07  9.392723185454677831e-04
2.123477653430348722e-02  6.563080199884537957e-04  4.947255651038171121e-07  1.748717678006083760e-07  1.058292253743597574e-06  -8.028116643136679401e-03  2.060834962267116613e-02  -5.955725398867942402e-03  -3.057170040204256686e-07  -4.640675100431270724e-07  -1.384240277863372542e-06  -2.659201092794600055e-03  5.053084050487448298e-02  8.242681776801596104e-04  -1.476817513421348589e-06  3.231269876294605552e-06  2.748263403481222211e-07  -2.032325920525730484e-03
-8.644952528393428422e-04  3.590766417603413058e-02  6.399505617514417122e-07  4.705749118267851496e-06  -3.360406064519046989e-06  -1.404203590740060086e-03  -2.113117968128077565e-03  2.060820181076226595e-02  -2.472506806185214299e-07  8.501436283262136627e-07  6.875653979700631465e-07  -4.790101558815999284e-03  8.244207336253154151e-04  4.352065636734699788e-02  4.339290155510698266e-06  -1.231188684560142415e-05  -4.768207976531812351e-07  -3.905762358383563942e-04
9.957207800973694505e-07  -3.995141903237582730e-06  2.193520216352789001e-02  9.101874798930462834e-03  4.774953946960473652e-04  1.162353787820369887e-06  -8.517345659559638793e-07  -4.561640565092292453e-07  1.490383149411281770e-02  3.284231408116785895e-03  3.444143946870716587e-03  1.115812041056149102e-06  -1.478396300154769041e-06  4.418158457095387635e-06  5.153093547456275708e-02  2.080675942577518353e-03  8.899546810720458038e-05  -3.749040438170083752e-06
-8.036394907871509120e-07  1.209250235425192847e-05  -8.877749052622778414e-03  -9.611394120179391496e-04  -5.693810651383048949e-04  -2.927012204133247074e-06  1.477730720786803296e-06  7.349206318868587739e-07  -3.444576272003421497e-03  5.353542335760105679e-04  -1.448292439459676227e-03  -3.309665806027953883e-06  3.171298541762302683e-06  -1.234048771654409051e-05  2.080682470529691529e-03  3.543618895172864075e-02  -1.397874224034113702e-04  9.702641969827155793e-06
-7.424655504770965566e-07  -1.225955021206929717e-07  1.812811460942307491e-04  4.206496179408123609e-05  3.898582697063532158e-03  1.426897058751009501e-07  1.261679657062499576e-07  3.518751154925185432e-07  -3.282641570484474101e-03  -9.949074331363544268e-04  5.368762837908759317e-04  3.278753017662616815e-07  2.664588018237632152e-07  -4.622685227849731277e-07  8.898437775077469851e-05  -1.397913415082051552e-04  3.969923519950600138e-02  -4.247669188501148781e-07
7.056605388962265690e-03  -1.588493204217904698e-04  2.642050819975373345e-06  -2.272460476190165290e-06  -1.099196844896853502e-06  -1.054573695548198737e-03  4.779432820315177022e-03  2.659812110448116478e-03  -1.473463788549787794e-06  -5.626945363042695952e-07  -1.794679146398656374e-06  9.392909374346736836e-04  -2.032095586753528398e-03  -3.905382246725560657e-04  -3.609965638389474462e-06  9.703667472599615158e-06  -4.844701654058731606e-07  3.485405725301054386e-02
