4.208175624018563321e-02  -7.338532013828132257e-04  7.189391619206214540e-07  5.636603981349888449e-06  4.141657310735799760e-06  2.289861626682937121e-03  3.707781468713788886e-02  9.842598504690080671e-04  4.647681498250678553e-06  3.654226560031619198e-07  1.012307308946374779e-05  2.124721017101490188e-04  2.265897953926240826e-02  -1.062850428529717520e-03  -1.873919994592844572e-06  1.035274818893224604e-06  -4.756372397628297310e-06  7.596429605495704819e-03
-7.338330032237216699e-04  4.212721599481877854e-02  -6.361771923271004086e-07  -3.263908984852001237e-05  -9.826807533492019195e-06  -2.303054056360713097e-03  -1.051856763620158093e-03  2.267944422707961899e-02  -3.137891273647497457e-06  -2.776426905226458371e-06  3.489537036083629568e-06  -7.633540647587583675e-03  9.851419155007497871e-04  3.701501320100192283e-02  -9.459888034142952323e-06  4.002768378150585145e-05  -1.373823967373018798e-06  -2.156127215829395133e-04
7.557598355928163595e-07  -6.494304585155827409e-07  4.868471820266104949e-02  -3.202623514806457808e-03  3.233740640275575319e-03  1.950232869320944270e-06  4.996452546678981565e-06  -4.278487592815093537e-06  2.344210348106115505e-02  -3.336557874795837418e-04  9.840814658311656735e-03  -1.202846885140637411e-06  -5.411740456104601374e-06  7.273382677173222738e-06  2.342766982303411821e-02  -9.832489619030443037e-03  3.364771775658477785e-04  -1.389934601754876471e-06
5.669867213503488338e-06  -3.253816239388779204e-05  -3.202596836743292538e-03  3.192371009702518053e-02  -2.124939498299424406e-04  -2.140347267267730629e-05  -1.659815797584882599e-06  -6.973242362619623801e-06  -9.029476994324864021e-04  4.374579179454714944e-03  -9.614996451108068871e-04  1.425659878551312170e-05  -4.563081165875003410e-06  3.220190422272872132e-05  1.024845874617155879e-02  -7.961109629006718957e-04  3.801746207504364547e-05  -4.241203005185997783e-07
4.118085566863201067e-06  -9.654988036974350578e-06  3.233293290603291795e-03  -2.125757141429424036e-04  3.184813237378401191e-02  -3.285734663385699462e-05  -9.635968233636363156e-07  3.611000447151738603e-06  -1.026234013877883912e-02  3.245893997215504339e-05  -7.728700429575409989e-04  1.341047251733317524e-05  -1.367707129931866974e-07  -6.270674642791505780e-06  9.113167235070641697e-04  -9.633960450262261726e-04  4.359078292531389474e-03  -9.706643925861000038e-06
2.289866075800878805e-03  -2.302848248840950584e-03  1.954471950262894235e-06  -2.120304825801722488e-05  -3.298500634752322535e-05  2.741348427113547356e-02  2.090513060032094753e-03  8.733435565708552381e-03  -4.232076398391979569e-06  1.046000327213507616e-06  8.930980683433546231e-06  -8.675653532406116123e-04  -8.709548625273852776e-03  -2.107658409932892420e-03  7.712128353962566620e-06  -3.283583189236378625e-06  1.193645984291888654e-06  -8.580541189508307607e-04
3.707789158577332739e-02  -1.051855566937970939e-03  4.838248069268758782e-06  -1.685796960192209780e-06  -1.062072408543728270e-06  2.090479739183177896e-03  4.215357457093150267e-02  1.052638880979673815e-03  -6.065255592230697080e-06  3.328005887676569912e-07  -7.939707104058297803e-06  4.442991085965138846e-04  2.204833700320160336e-02  -1.870861279458866776e-03  -2.270554390129462054e-06  5.332191282226023002e-06  -3.827473386610551521e-06  5.801740657951613006e-03
9.842277021095125183e-04  2.267952538804007476e-02  -4.282155564555539700e-06  -6.929537662202156198e-06  3.692580290277280776e-06  8.733133300503223562e-03  1.052803076801213768e-03  4.924131313892487344e-02  -1.681221608394764601e-07  -1.697650009189564376e-06  -2.656290714125566990e-06  3.634316379165436744e-03  -6.539618925773631880e-03  2.204952638317546343e-02  -4.058344474073864383e-07  5.366781210547850997e-06  1.869335717890593850e-06  2.668820842233237713e-03
4.743991351503624074e-06  -3.343011151650923553e-06  2.344218005236136521e-02  -9.030198520709027893e-04  -1.026182394913549220e-02  -4.174613467065409215e-06  -5.939692009299615233e-06  -1.873270360361848690e-07  5.051278299153834361e-02  -1.385218638074428219e-04  -3.607169044330929900e-03  1.701191969438403816e-06  2.555332270515989471e-06  2.716057220112109427e-06  1.593282178861063492e-02  -3.959330876943255480e-03  -3.663573499085135462e-03  5.622359710840976994e-06
1.669257023973652839e-07  -2.971050709084090516e-06  -3.336681923954094636e-04  4.374238790921188696e-03  3.248179643950902521e-05  1.034717850018875256e-06  3.201242144334179948e-07  -1.752354958285601752e-06  -1.385166215029504902e-04  3.919506231887051606e-02  -1.808961003960076397e-04  2.229060296615241896e-06  -1.349256018293682900e-06  4.687550888207717422e-06  3.665467385748839499e-03  6.954004255955797097e-04  -1.089363062027458567e-03  -1.533584125376755312e-06
1.013320236717115617e-05  3.430584899221380308e-06  9.841291327117619725e-03  -9.614490973862797754e-04  -7.727403323480665524e-04  9.036167437437863010e-06  -7.912515261362195772e-06  -2.615168272471251931e-06  -3.606853023680640490e-03  -1.810821544188338653e-04  3.224933405241772050e-02  -5.558169294513528329e-06  -1.478720661313215007e-06  4.377083388349355640e-06  3.954808043703415647e-03  -1.946041863463592210e-03  6.994446583310566816e-04  4.173537315205080953e-06
2.123495533299509192e-04  -7.634082100702798898e-03  -1.213996391204566797e-06  1.425398477738238071e-05  1.334948683096366486e-05  -8.677187401277985284e-04  4.442660001574207530e-04  3.633884312690220057e-03  1.881119180186806329e-06  2.210663670855934836e-06  -5.464215026275099577e-06  3.135545943468021068e-02  -2.669255711356408392e-03  -5.793140790030282955e-03  1.842359877969043350e-06  -1.439810045590005457e-05  5.052148918566370994e-07  1.429657958605080707e-03
2.265886371271102692e-02  9.852226642928069676e-04  -5.419772264795821704e-06  -4.689223997713026033e-06  -9.344842593762093445e-09  -8.709068999384211168e-03  2.204836931154771640e-02  -6.539617836188046929e-03  2.416365851433182988e-06  -1.326414419629303147e-06  -1.617504496302530710e-06  -2.669587641091813492e-03  4.926167720886454049e-02  1.056774524262314675e-03  -6.460053076426555655e-07  3.380531600871716689e-06  1.002520523071898007e-05  -3.597932439162751603e-03
-1.062875481017399974e-03  3.701492210501042268e-02  7.312662615679262725e-06  3.234513830451759447e-05  -6.267799146139390728e-06  -2.107858869190215676e-03  -1.870926094215242782e-03  2.204959460712634101e-02  2.778379892727179751e-06  4.831321148044758778e-06  4.386983648015567265e-06  -5.792993075428746336e-03  1.056630085416276508e-03  4.220511499162111352e-02  1.033090141080497467e-05  -4.119345676927320599e-05  -4.641312663473922471e-07  -4.384307401289509807e-04
-1.744520709441840375e-06  -9.555309898109777089e-06  2.342766405510432123e-02  1.024824423011655265e-02  9.114714901236979899e-04  7.668239096929704274e-06  -2.171879325736063773e-06  -4.534173489329135198e-07  1.593284385597663888e-02  3.665694649169347341e-03  3.954593546300421737e-03  1.989083212353969377e-06  -5.740425994012169302e-07  1.024806657675720348e-05  5.052495840637271501e-02  3.585871277789164525e-03  1.404594299021184390e-04  -4.406043759707018252e-06
1.176697758535496997e-06  3.994456906486908203e-05  -9.832806842093271341e-03  -7.960651735567079480e-04  -9.633573728711239230e-04  -3.241323258745274726e-06  5.533704433371443793e-06  5.365558764647122002e-06  -3.959521993593132817e-03  6.949335445436748094e-04  -1.946047584995555697e-03  -1.437809883978155746e-05  3.413335612922088121e-06  -4.102533056777928012e-05  3.585637087555908296e-03  3.231049974874848629e-02  -1.874270209704633958e-04  1.016058981338834340e-05
-4.774613467006672747e-06  -1.313325387885190157e-06  3.365602303785540867e-04  3.802004626597272057e-05  4.358923194371666122e-03  1.172434515327593106e-06  -4.030078271378753556e-06  1.836218632459663103e-06  -3.663524871060848485e-03  -1.089354111362838065e-03  6.997671541958684323e-04  5.943524771729659911e-07  9.870721733576008828e-06  -5.907402617769605072e-07  1.404170537734987230e-04  -1.873393507193868174e-04  3.920420452547387913e-02  1.675619273772619013e-05
7.596482033327347713e-03  -2.155562488415678696e-04  -1.498312349412604703e-06  -4.610233246648951572e-07  -9.694323947401817422e-06  -8.580281593331035061e-04  5.801623228882395351e-03  2.668598643039036839e-03  5.552276267714657542e-06  -1.550138776861635203e-06  4.041514702143621577e-06  1.429871303197445759e-03  -3.597926383718657532e-03  -4.385220586589528582e-04  -4.632687422526068479e-06  1.013126957546598941e-05  1.685427640029981544e-05  3.143221225733946328e-02
