4.205385118047387516e-02  -7.487613353210128414e-04  1.368563843977105673e-05  7.028741232084913995e-06  -3.185045733769602217e-05  2.309477259636085952e-03  3.708345683846891311e-02  9.861286176690861952e-04  -2.525944115625100015e-06  -2.629292031197668125e-07  1.289953307642997768e-05  2.183891986854688604e-04  2.267339906361147059e-02  -1.052187431247736523e-03  3.092530806428190167e-06  -5.613207761477451706e-06  -3.429262581001143530e-06  7.610155606323905537e-03
-7.488481688195964148e-04  4.206362485573332533e-02  -4.291336031001842978e-06  -1.254540001778144565e-07  -1.219718487349479425e-06  -2.286074197172811417e-03  -1.068404988652246887e-03  2.269161829074232972e-02  -1.474231907794205642e-06  -1.166977748555313286e-06  -1.119323760352377168e-06  -7.628715605901840308e-03  9.946063862654873529e-04  3.705889638480925480e-02  9.035132471297521015e-06  -1.826882096910472508e-05  -1.128689515676734503e-06  -2.314009494483690603e-04
1.379236126573592495e-05  -4.261334254765520560e-06  4.865942209720067191e-02  -3.229539819895960607e-03  3.233193188112467968e-03  -9.149513865447008113e-06  -1.005902798618179047e-05  -2.750074143829051339e-06  2.345425474664461843e-02  -3.304147704297011128e-04  9.869806170706183629e-03  2.225557182231465967e-06  7.360867024847018157e-08  7.817412818559768941e-06  2.344654545566889070e-02  -9.859488295205474234e-03  3.339137585650975358e-04  8.185921794175793977e-06
6.930003258982326445e-06  -2.722527175584607089e-07  -3.229257771900372314e-03  3.190646291762979508e-02  -2.077036806660076884e-04  -3.545850234593713075e-05  4.921437609826009971e-06  -1.217474203140053836e-05  -9.053025553147656069e-04  4.369890915778327709e-03  -9.630462302599642616e-04  1.332994086217152867e-05  2.465239554990931816e-06  6.760695026614990685e-06  1.028491797417529358e-02  -8.606965211409029880e-04  3.145025579172943054e-05  3.166270250446518613e-05
-3.182036031572902561e-05  -1.157800216801084263e-06  3.233060512020136199e-03  -2.076089882578120054e-04  3.188343689151584143e-02  -2.730038426213091428e-06  3.276385829199839799e-05  -3.839451653024988954e-07  -1.028474273092773103e-02  2.779153751984428692e-05  -8.457985793851975154e-04  3.334034455553330537e-06  -3.974213997150081377e-06  -5.462078052143054738e-06  9.107895620969604046e-04  -9.687818025620000863e-04  4.369105122909919085e-03  -1.042907347605773350e-05
2.309280110680962585e-03  -2.286067564829735201e-03  -8.957870481752369597e-06  -3.544098667818284154e-05  -2.779431502356563333e-06  2.733124227223146865e-02  2.108171456358837702e-03  8.750158365501982047e-03  -1.865968744009885003e-06  -1.858566807051031045e-06  1.995240450751607866e-06  -9.072695773356554555e-04  -8.716248077373912190e-03  -2.150187334841887309e-03  -2.652010533924046205e-06  2.528887130460927876e-05  3.357433292663407949e-07  -8.423801139842200612e-04
3.708334263158281907e-02  -1.068388200591478517e-03  -1.015409803531985539e-05  4.978685628020971091e-06  3.279572263956700783e-05  2.108246776730082848e-03  4.212620072314007119e-02  1.060657911252135821e-03  4.029400221384017392e-06  1.971853246980243000e-06  -1.146977249685254547e-05  4.394920732183753590e-04  2.206502972073366708e-02  -1.856647042719795698e-03  -3.435120058271682922e-06  -1.559439147634931737e-06  2.683843458213796119e-06  5.820306854105988976e-03
9.860257631858109547e-04  2.269172003001647051e-02  -2.876254398673918321e-06  -1.218280623382709010e-05  -4.445602236411525037e-07  8.749731996386768407e-03  1.060632036884162546e-03  4.922634759520979481e-02  1.781109908066217889e-07  4.738267791314149026e-06  1.793364371089714011e-06  3.643703208262946257e-03  -6.550294088407257985e-03  2.205765039494577556e-02  -1.336594651067379952e-07  3.409849838976564295e-06  -2.059876267214607872e-07  2.662104382212336206e-03
-2.471655211501682617e-06  -1.387638401067294571e-06  2.345413625559893828e-02  -9.054187012654001977e-04  -1.028427416943946716e-02  -1.859752261741088299e-06  4.141363920021926559e-06  2.377031785674659692e-07  5.049257040773394434e-02  -1.447972063124859784e-04  -3.633819024268636951e-03  -2.722241924042805228e-06  -5.989421735167281974e-07  1.082701450574108548e-06  1.594233921997125283e-02  -3.971096356004278488e-03  -3.666726551573097452e-03  1.152961872116510424e-06
-1.951848090950196059e-07  -1.102989845130046423e-06  -3.303824290842771109e-04  4.369609846455309483e-03  2.787497959256520435e-05  -1.933979980273936216e-06  1.987529924505518315e-06  4.817380188349694537e-06  -1.447072452598620839e-04  3.920080852158514678e-02  -1.909382893480774876e-04  -1.241491820840443315e-05  2.961860123368282564e-07  -1.421823533658549707e-06  3.667854431313263656e-03  6.886739164644371065e-04  -1.090266439750947353e-03  3.765242083870130951e-06
1.289015789507084509e-05  -1.322548896688053082e-06  9.870099284238017037e-03  -9.630732852708896469e-04  -8.457893406138955981e-04  1.963443338492299357e-06  -1.142142921921775760e-05  1.652047871421560813e-06  -3.633470029419385086e-03  -1.908487495180312442e-04  3.223979771521602589e-02  -8.836577628174199073e-06  4.182002586339846351e-07  3.941460839180314055e-06  3.970699465025908682e-03  -1.961674633978738921e-03  6.920892082516156120e-04  4.928734803351275643e-06
2.183281799952821076e-04  -7.628882875598127881e-03  2.354421268190609018e-06  1.333048065011933297e-05  3.222868336673007916e-06  -9.072253977468795966e-04  4.393486610276864141e-04  3.643666594267231176e-03  -2.589545559051957564e-06  -1.236164159892077718e-05  -8.794086114315643896e-06  3.135645003110016510e-02  -2.659752958274434666e-03  -5.815963952131591834e-03  -9.544023201398996357e-07  3.866479477248145230e-06  1.446160368985522449e-06  1.444207523913121306e-03
2.267331688898412828e-02  9.947345301310366646e-04  7.200236040733549148e-08  2.617086867566855844e-06  -3.971188974073498118e-06  -8.715904106564373657e-03  2.206508106538720634e-02  -6.550117615253180266e-03  -6.270353265012157795e-07  3.353340930333968119e-07  4.105206277218195580e-07  -2.660110957338896777e-03  4.922532169324009971e-02  1.055425360051697034e-03  4.497557288823814930e-06  -1.011779827641865284e-05  6.311272589447176773e-08  -3.659614982463964186e-03
-1.052368574183605750e-03  3.705877348107000646e-02  7.797144917120804315e-06  6.982047809919266562e-06  -5.481560413728002405e-06  -2.150259988849335599e-03  -1.856742633633973833e-03  2.205732710765164958e-02  7.749475111481545972e-07  -1.513396297911743935e-06  4.072018741714854563e-06  -5.816018919321806237e-03  1.055369934294827713e-03  4.215205616083960577e-02  -7.448119675716274994e-06  1.409483739958170661e-05  3.808599754734603411e-07  -4.229348370502473389e-04
3.086141331232184525e-06  9.012982082912857518e-06  2.344646695085148697e-02  1.028452402067446710e-02  9.110574540292380903e-04  -2.915699572255648545e-06  -3.276637746920003585e-06  -1.725877481212248630e-07  1.594225482679327913e-02  3.667865699882703195e-03  3.970417287357104648e-03  -1.144615893360052496e-06  4.544474110782670052e-06  -7.643082020301254184e-06  5.050541575841926284e-02  3.606354656155466316e-03  1.403906143441589348e-04  1.181533331228823929e-05
-5.621063293217651042e-06  -1.827663351570358980e-05  -9.859643640581160565e-03  -8.604525991165076467e-04  -9.687447130951920603e-04  2.538716060699863685e-05  -1.614136199666803662e-06  3.262545674344833021e-06  -3.971344436282359981e-03  6.884556649990746131e-04  -1.961801641685063154e-03  3.836191463728771751e-06  -1.008803648712626691e-05  1.397586135219896029e-05  3.606151107638433471e-03  3.230734273034784054e-02  -1.835801411725725477e-04  -4.194313814097499913e-05
-3.344983994143367012e-06  -1.146352827208341335e-06  3.339623813915184496e-04  3.129516719652036604e-05  4.368874397128350191e-03  4.353121856670952865e-07  2.614646883205313851e-06  -2.814823844661644987e-07  -3.666735865969310976e-03  -1.090293327602074149e-03  6.923543133365129372e-04  1.467584696530926079e-06  1.037031145959127872e-07  3.371492316836885605e-07  1.401091396983064131e-04  -1.833763122625034394e-04  3.919933862741838831e-02  -1.061250280850355818e-06
7.610404264530888814e-03  -2.312351960422987321e-04  8.192635768721252227e-06  3.177522976580808442e-05  -1.052523764765556064e-05  -8.425308271521972934e-04  5.820466664770788598e-03  2.661688536269261798e-03  1.192748702376021099e-06  3.583338463709007592e-06  4.827334092328013439e-06  1.444153577578711090e-03  -3.659376407203671164e-03  -4.225262297493237321e-04  1.178750333049527818e-05  -4.169760187630522830e-05  -1.041916470701207710e-06  3.129475016421594952e-02
