4.504623121808405684e-02  -3.111811009344381089e-04  2.416338135026813683e-06  -4.627537550520184113e-07  -1.183391134297498083e-06  1.034390672910152562e-03  3.443685610217096793e-02  4.841448548512762920e-04  -3.460995178993028459e-06  3.501791243229106134e-08  -7.243876506485836409e-06  1.081546875857220777e-04  2.025933880990632430e-02  -6.920732047396038235e-04  1.909294385922751913e-07  -6.546143860367787382e-09  -1.670587998185396847e-07  6.799230684328421044e-03
-3.111075833631370136e-04  4.502419107390293052e-02  -1.158221564703747226e-06  -5.750890129650012607e-06  1.916569281767353671e-06  -1.038126636841347344e-03  -6.962794340318854708e-04  2.025668082836979897e-02  -3.386813521382489524e-07  2.367316520962832708e-09  -1.073259132417440433e-06  -6.792639308416390138e-03  4.854478461089581408e-04  3.445978039272416804e-02  -9.783033964252717932e-07  5.454872573696229317e-06  -1.237044568991694202e-08  -1.026973936874008583e-04
2.413873080432445529e-06  -1.109568658584872390e-06  5.117028333788946337e-02  -1.298179935820335936e-03  1.294881716567934877e-03  -1.910352003491206281e-06  -2.632713344112269904e-06  1.991814416863396536e-07  2.085326745715088137e-02  -1.184087479277859026e-04  8.229893987049001838e-03  9.515651147787711984e-07  5.073765138008706422e-07  6.358616931854373013e-07  2.085394758167844267e-02  -8.228584025281038272e-03  1.176041094511437397e-04  6.595669407226611276e-07
-5.030626158138954460e-07  -5.547356810170260670e-06  -1.298238879677686116e-03  3.679798875184607521e-02  1.001502454980687071e-05  -1.643899364967166008e-06  -8.401754065556976141e-07  5.889906372355229273e-08  -2.986957450604113421e-04  3.537145614031332510e-03  -4.016850823986628581e-04  1.839333240864124160e-06  5.333294070220163895e-07  4.714876497425976399e-06  8.364549607588485369e-03  -1.101624069175439731e-03  3.595609469144886124e-05  5.049697880213165635e-07
-1.099692001076904161e-06  1.962152711056837305e-06  1.294881427592700293e-03  1.010119262457296134e-05  3.680971029602413819e-02  6.220368345062486076e-06  1.627792329906758641e-06  -1.150692229710098135e-06  -8.363708425056900347e-03  3.721116002224373335e-05  -1.106625077241614984e-03  -2.048546459172079855e-06  -1.512139991900443252e-06  8.992422172021021070e-07  2.972291582403918013e-04  -4.010113300302101916e-04  3.537476759257918591e-03  -1.147323478943698938e-06
1.034351536402923575e-03  -1.037988712274260294e-03  -1.950559766114604791e-06  -1.707967817435507108e-06  6.229846859909061055e-06  3.455966370310104702e-02  1.075183435907805900e-03  7.523959132644542254e-03  1.005188447281318536e-06  1.519142956477616427e-06  -1.895049262777420221e-06  -1.197639622105541686e-03  -7.524300225509515834e-03  -1.071899581396270609e-03  -9.126149306417229677e-07  7.360258614720471482e-07  5.406708557982383583e-07  -1.197878995133546190e-03
3.443684305934285178e-02  -6.963116825638081221e-04  -2.651429480958230518e-06  -8.236800188056268933e-07  1.566316965786706375e-06  1.075237278267767056e-03  4.486634992261347155e-02  7.216684615486634001e-04  3.398597002623642708e-06  -9.319607161779023219e-08  7.144549031298402548e-06  3.184408406469526232e-04  1.960674818251422619e-02  -2.422396695252954871e-03  -4.396168164527720447e-07  1.349824038404925725e-06  -2.157423906305037038e-07  4.093427251295168878e-03
4.841479412865956904e-04  2.025669019250321209e-02  2.139894683284807285e-07  -4.939512009071614187e-08  -1.177246086542524629e-06  7.523862713276847393e-03  7.217669027735324578e-04  5.115096027275540386e-02  1.551039325870450534e-07  -2.393982722149884149e-07  1.135032453527740726e-06  1.305264938314139919e-03  -5.648385113912922188e-03  1.960833308271808101e-02  7.778345670347222041e-08  2.677909797714720452e-07  -4.806474403428836856e-08  2.554259976679305703e-03
-3.495686284209138844e-06  -2.792102287347513748e-07  2.085326648899276866e-02  -2.986405266161937136e-04  -8.363639087584267065e-03  1.039909310475687864e-06  3.405510459725367441e-06  1.513343624956047611e-07  5.200122751009837729e-02  -6.148263235265285771e-05  -1.379519025799715503e-03  -5.739198800034519056e-07  -2.668844087736168633e-07  -7.298077646111316082e-08  1.417614984183379612e-02  -3.133307060821956085e-03  -3.020758574350503045e-03  -9.450554810214923350e-07
4.634019466212911480e-08  2.253694995058545693e-08  -1.183994207478644760e-04  3.537121648395642141e-03  3.716507128827631503e-05  1.537376338280746553e-06  -6.737404142399862876e-08  -2.292006125149571056e-07  -6.149280537053367730e-05  3.993017615437277623e-02  -1.067439706831975081e-04  -4.688371082830834925e-07  -2.347682478761489613e-07  7.061527041459133583e-07  3.020658813026756012e-03  4.377643261136609696e-04  -9.106946543193560539e-04  -6.774245355766027500e-08
-7.270190560285626213e-06  -1.127718259263292648e-06  8.229873412225433005e-03  -4.016382083208364442e-04  -1.106606319849030070e-03  -1.898456905363482342e-06  7.145589880191116425e-06  1.114598372465298397e-06  -1.379443303138345100e-03  -1.067106539177115374e-04  3.699717081704721050e-02  -2.056568224830705290e-07  -1.554015196374403947e-08  -1.620697798087535197e-06  3.133789315486046247e-03  -1.205941648555072798e-03  4.371889111182467968e-04  -1.801134372094251857e-06
1.081492123064701312e-04  -6.792609798607041408e-03  8.761467538899486601e-07  1.876447251604012767e-06  -2.048874998373369715e-06  -1.197546479229328600e-03  3.184565258798901458e-04  1.305266028877148307e-03  -6.525715799401045403e-07  -4.344773198386589934e-07  -2.387996262585090697e-07  3.662847787260166410e-02  -2.554296226338070852e-03  -4.097773478811354148e-03  5.306690384373527346e-07  -1.617331927860211555e-06  -1.500690965323021024e-07  6.625754324086678910e-04
2.025944160017061069e-02  4.853671638729854972e-04  5.078551207303071242e-07  5.984942571477804534e-07  -1.593131035208068424e-06  -7.524365500238402657e-03  1.960671866120923187e-02  -5.648383880363371488e-03  -2.677069727667259460e-07  -2.284763648375822937e-07  -6.679086531683122368e-08  -2.554298833539916762e-03  5.114997810967998604e-02  7.205951869810329601e-04  2.254278371985153693e-07  -5.485962771842868110e-07  4.354614581870059269e-07  -1.307536094888133360e-03
-6.920080408028410649e-04  3.445978945644733588e-02  5.886530220618091827e-07  4.526930403821010485e-06  9.002038568616713565e-07  -1.071951930641235539e-03  -2.422379214487011163e-03  1.960828505940616015e-02  -6.754322110932486731e-08  7.690980235304285486e-07  -1.585955731219452017e-06  -4.097894689621915491e-03  7.205385248341699984e-04  4.484427595466253247e-02  6.947218391867614644e-07  -5.316797319232534028e-06  2.250454902080064816e-07  -3.229562514846075552e-04
1.842911020515631225e-07  -9.553996162529236960e-07  2.085394511270462561e-02  8.364605218738748252e-03  2.972038533661641984e-04  -8.778856080523249154e-07  -4.231875120236408953e-07  7.168004727423512468e-08  1.417615498472448235e-02  3.020685211087399246e-03  3.133839279128322695e-03  5.842011082627056267e-07  2.289254721924154305e-07  6.377242712531655521e-07  5.200085887529426465e-02  1.379864778314291232e-03  6.171441195151662628e-05  3.259197880129138856e-07
-2.750773254176430907e-08  5.425807405798443188e-06  -8.228592737149972858e-03  -1.101614360101648912e-03  -4.010371644939926756e-04  7.072410021965213388e-07  1.391933096714756211e-06  2.430023919071960398e-07  -3.133343011203811989e-03  4.377050548984640142e-04  -1.205885049629255206e-03  -1.611325848433311870e-06  -5.324964297131948068e-07  -5.324608416371428874e-06  1.379828233435564759e-03  3.699312021348185459e-02  -1.066575349054593957e-04  -9.478010359494717347e-07
-1.747688922211926222e-07  -9.851104586028077640e-09  1.175841266013034604e-04  3.593579948276286363e-05  3.537436513550073700e-03  5.355428824410785524e-07  -2.257692537929105391e-07  -4.281933702886158826e-08  -3.020735682622229228e-03  -9.106913799734390373e-04  4.372384285414771562e-04  -1.732224627783147219e-07  4.314595625982903134e-07  2.441424171487224094e-07  6.172034103562229392e-05  -1.066742434216494032e-04  3.993027053983546487e-02  1.041039951731749478e-06
6.799366317507673195e-03  -1.026998178705603397e-04  7.145683085324436687e-07  4.744499347476131852e-07  -1.211479897224654515e-06  -1.197842761924644865e-03  4.093487882311290689e-03  2.554352943249986116e-03  -8.770039191918340698e-07  -6.621244390210896492e-08  -1.826257126941755053e-06  6.625795334552224327e-04  -1.307430177001451090e-03  -3.229436941622882665e-04  3.627533668122951964e-07  -9.521411841067354239e-07  1.014175571047381508e-06  3.662430770354932474e-02
