4.190215579408338581e-02  -7.700749234206187652e-04  -3.884251006668940842e-07  3.892289925308294338e-06  -4.997139293686631272e-06  2.452727245575951967e-03  3.714778646492972181e-02  1.038608724349146311e-03  5.133588231329468335e-06  -1.879387037686609190e-06  1.326617399263322979e-05  2.094194308233207527e-04  2.287475171590946932e-02  -1.080286995136146627e-03  1.586005639063036147e-06  -2.883499917671924154e-06  -6.812221264043836313e-07  7.720106952680358230e-03
-7.700429412013348306e-04  4.189280794620402204e-02  -1.457068955847566546e-05  -2.697594293116785432e-05  7.422239197781942331e-06  -2.438529873699306523e-03  -1.094016099643354938e-03  2.287242496565078734e-02  -4.044491941535229400e-06  -5.760455574883235286e-06  -8.164997751468483505e-06  -7.723066926926204848e-03  1.057078998402269420e-03  3.716621699448843796e-02  5.607391449919735150e-06  5.051113606263885732e-06  5.181378896249852436e-07  -1.674978999396271992e-04
-2.332100577091327840e-07  -1.457242257039183399e-05  4.840643292181849577e-02  -3.428298168188312432e-03  3.417447195821666714e-03  -1.662221059762259047e-05  -2.399013922813966607e-06  -3.924601377493934448e-06  2.363795451845785572e-02  -3.608685777320174196e-04  9.986522452167197195e-03  1.637823020256951216e-05  3.816274493412638776e-06  1.058384218456091361e-05  2.364235867837189559e-02  -9.987354190295264292e-03  3.592115835963071986e-04  6.194223697791819752e-06
3.961995985732968607e-06  -2.695369050979579015e-05  -3.428004459816982787e-03  3.137548289246036570e-02  -2.557456265480786495e-04  -1.142172762016300056e-05  -2.836460098410760330e-06  -1.029883184738493368e-05  -9.811002405550525978e-04  4.422416074773782846e-03  -1.024329842594597648e-03  1.096390352264444134e-05  1.681463942991700433e-06  3.489745669775581340e-05  1.044245863002925614e-02  -8.114250775977003508e-04  2.819025356099289054e-05  2.030191744364239596e-05
-4.887606963967016399e-06  7.506165101260971436e-06  3.417383862126862053e-03  -2.557718888490816459e-04  3.140816583602667328e-02  3.236425554447246817e-05  1.051689361256323643e-05  -3.400970359908283036e-06  -1.044144742952025397e-02  3.839520388262218458e-05  -8.373049708251395495e-04  -1.706965065380688682e-05  -9.837192091399219994e-06  7.500882053004006101e-06  9.770086109822189412e-04  -1.029120943762123477e-03  4.435235822309006523e-03  -8.939922133515393587e-06
2.452614420311000944e-03  -2.438676469427742636e-03  -1.656860516073569570e-05  -1.146109047236931272e-05  3.228481517514456071e-05  2.671727733202947791e-02  2.204023944989845756e-03  8.827935418042626853e-03  8.875870545520056836e-07  -9.851258753470482551e-06  -1.181077208676291350e-05  -9.124051647971131605e-04  -8.837021044501462003e-03  -2.182191248684709969e-03  -4.059364289703646358e-06  1.789630059644254943e-05  3.946538307613787258e-07  -8.511336843423693505e-04
3.714768952493249787e-02  -1.094125509222768598e-03  -2.558202541328248697e-06  -2.887506185708774914e-06  1.048795390833595898e-05  2.204136615832596926e-03  4.199872409325274697e-02  1.105167036842871417e-03  -5.110409133585219521e-06  1.357516201750103717e-06  -1.482983989095672662e-05  4.369749483501471853e-04  2.226381121860293230e-02  -1.849081015262188680e-03  1.543435842253057036e-07  -1.794361658264629359e-06  9.704655014070126380e-07  5.967288253874270844e-03
1.038622777008027260e-03  2.287231636861151302e-02  -3.733093645271000587e-06  -1.036667059236571181e-05  -3.299266019606706394e-06  8.827499803987629012e-03  1.105282664003392383e-03  4.901653850567014997e-02  4.067727841566756223e-06  1.164501068415591516e-06  1.152899493422033668e-05  3.903917566946158227e-03  -6.646946614286629307e-03  2.226496228861052015e-02  2.108136632172696877e-07  4.806267183640155429e-06  -1.393932351265201616e-06  2.651249543874894393e-03
5.413886377263932059e-06  -4.121511482674223179e-06  2.363795015242296793e-02  -9.813444875663719213e-04  -1.044119327971139953e-02  6.579941655473121375e-07  -4.874498050448520887e-06  4.059072089252571352e-06  5.034011261508686969e-02  -1.550902131074987777e-04  -3.854373709467164184e-03  -1.174825224718482166e-05  8.483646216094585112e-07  3.624591682675018866e-06  1.607891291080290261e-02  -4.044667983155043542e-03  -3.721043858652210365e-03  5.325450480953473674e-06
-1.985416645346122867e-06  -5.739605236074250914e-06  -3.609247643744070743e-04  4.422066946063972492e-03  3.855696503676020795e-05  -9.922258652615988827e-06  1.230891787483138385e-06  1.130127195240031202e-06  -1.551152356935532107e-04  3.911804282927668769e-02  -2.091333653533351692e-04  2.561040478542203368e-06  1.877770675307772041e-06  8.206389518955486402e-07  3.717421508776365922e-03  7.162829891458090403e-04  -1.098279357526886100e-03  2.485649849880674828e-06
1.321077109739248656e-05  -8.277880505067300882e-06  9.986684621929420302e-03  -1.024300179012917027e-03  -8.373613800837029090e-04  -1.176698332746101074e-05  -1.480101351680349010e-05  1.152029126926727874e-05  -3.854136223846590763e-03  -2.090872217459093668e-04  3.180291543790127878e-02  -1.621065285778431529e-05  5.217773953948018864e-06  -1.572130800770379086e-06  4.049644364851906313e-03  -2.042211079523987595e-03  7.118265739623818927e-04  8.180499818060771059e-06
2.093342569702329463e-04  -7.723294313457626514e-03  1.641669115842583416e-05  1.095891561023615098e-05  -1.708576404696108528e-05  -9.124819102814629799e-04  4.368724238265322881e-04  3.903703804148321837e-03  -1.170104445769589186e-05  2.561148071448681318e-06  -1.616710345491406524e-05  3.086860647195126608e-02  -2.636928965566879678e-03  -5.977723362096420447e-03  3.045223111045111026e-07  -6.309341247091060389e-06  -7.220068068635597766e-07  1.496345016315173224e-03
2.287465186833067404e-02  1.057178330210367277e-03  3.794433290900445039e-06  1.621617515702322209e-06  -9.846080727678824615e-06  -8.836472193802229202e-03  2.226375954172263305e-02  -6.646788814073975593e-03  6.214189183697402653e-07  2.014306436742423933e-06  5.106106014765223243e-06  -2.637425085379496974e-03  4.901560087023298234e-02  1.080802267577771853e-03  1.924608339317624686e-07  -1.434531305810405275e-06  1.164780546939684376e-06  -3.917139124882632918e-03
-1.080286145417124486e-03  3.716627496885389209e-02  1.065650357319527804e-05  3.489597141301898421e-05  7.468917427151417705e-06  -2.182145471129508154e-03  -1.849023667472623599e-03  2.226490942444846882e-02  3.854055860625888367e-06  8.997222641931118846e-07  -1.385504494345763199e-06  -5.977696533221743894e-03  1.080691784191070747e-03  4.198529787910903338e-02  -5.879213089858041745e-06  -6.833117326246067537e-06  1.801794303969078994e-06  -4.892127188209756611e-04
1.619487323718023459e-06  5.690720461788601224e-06  2.364228981391225740e-02  1.044214269756606715e-02  9.771420182944985829e-04  -4.265985702298903017e-06  2.352077851873698672e-07  1.321255054947449887e-07  1.607885006414212434e-02  3.717403324435214571e-03  4.049421313705100188e-03  2.389346706769499317e-07  1.650973101521430510e-07  -6.057971420074468111e-06  5.033518503442777070e-02  3.867645135418668317e-03  1.520064811462496271e-04  1.271918139513519755e-06
-2.772792537215967018e-06  5.216301145435887980e-06  -9.987567481374279993e-03  -8.113602055115776016e-04  -1.029105006504982744e-03  1.779087870187034745e-05  -1.710578348032010220e-06  4.805247741461489414e-06  -4.044860440895314997e-03  7.159986282849229193e-04  -2.042206795755107177e-03  -6.317929516643050499e-06  -1.283817003266159826e-06  -6.884343784134197016e-06  3.867297809776652859e-03  3.175845021781385780e-02  -1.977691314524307649e-04  -1.386623883541885171e-05
-8.551620515665036467e-07  6.056666536410212251e-07  3.593107154256558380e-04  2.826912008018633041e-05  4.434964683677173475e-03  2.099644491923295253e-07  9.485743824953469226e-07  -1.365375839920727998e-06  -3.721042175213726266e-03  -1.098213815391471367e-03  7.121012211648837477e-04  -7.638004032722992580e-07  1.127083058479884114e-06  1.689836138865402461e-06  1.519831988394960954e-04  -1.978073036298571088e-04  3.910684796529995816e-02  6.160646586541137318e-06
7.720214409854538745e-03  -1.672618103909393687e-04  6.199910777878743479e-06  2.014469957617438350e-05  -8.912055431331185204e-06  -8.512395662900663256e-04  5.967530621355584576e-03  2.650862415260858609e-03  5.139418423536255602e-06  2.450636427862601825e-06  8.144527886968948359e-06  1.496104696385680511e-03  -3.916901959372913987e-03  -4.892330946521979140e-04  1.135090054021662516e-06  -1.385022084249544225e-05  6.039308233034429813e-06  3.078444093836156178e-02
