4.485474444031838093e-02  -3.316617588211782236e-04  -2.113126258625559350e-07  7.477099575230601754e-07  2.831897540192189145e-06  1.067853724797197855e-03  3.464575864664420218e-02  5.017882347692622725e-04  4.706704441605933584e-08  2.512929775047159321e-07  -1.878649265397439279e-06  1.233380217027423226e-04  2.036923143398868680e-02  -7.162180158813327268e-04  -3.835503903175160726e-07  -1.336014453320492826e-07  -1.216399859640751339e-08  6.816826617251510977e-03
-3.317743194570442716e-04  4.488846432297381728e-02  4.716988042213231160e-07  1.022659988528406135e-06  5.578088744347324423e-07  -1.077793694305391892e-03  -7.109954433987012920e-04  2.037373602701438371e-02  3.058970232543622538e-07  1.911664873157637174e-07  -1.394195731587742877e-07  -6.830176936073912262e-03  5.061621529561006897e-04  3.460943868604394319e-02  -7.583264742076942878e-07  9.687215331697045438e-07  3.499100036001623349e-07  -1.061050894219658594e-04
-1.307600541301032002e-07  4.825128830004585359e-07  5.109246459501350091e-02  -1.356284653331033289e-03  1.359536655150730923e-03  -1.598889144956290520e-06  8.219426123436298439e-07  6.312601720222300269e-08  2.097944545675608716e-02  -1.248058050389768011e-04  8.304120108205715126e-03  -6.748160493903561576e-08  -1.770356221975944726e-07  -8.191674965377950536e-07  2.097672789223541459e-02  -8.299180644580989030e-03  1.239842473394544978e-04  4.093352145614762115e-08
7.548887476471721480e-07  1.064337673809400851e-06  -1.356228944866749199e-03  3.664024219090079165e-02  6.955610093171497945e-06  -1.883191010830717638e-06  8.230976384672787618e-07  -1.866173632255595561e-07  -3.156592913070830372e-04  3.580364844721978072e-03  -4.179935387629060543e-04  -1.440165779097556436e-07  -9.845889433472232446e-07  -1.031550799365754474e-06  8.444428424481724427e-03  -1.085286390806026839e-03  3.601989478068130649e-05  -1.014510244934479658e-06
2.822588879480968053e-06  5.167088396238150393e-07  1.359584451210930000e-03  7.082485393676287421e-06  3.663843458281136611e-02  1.358452616405358474e-06  -2.321721434724808397e-06  -6.900901042974846025e-07  -8.446001656168343474e-03  3.837299086694820230e-05  -1.089118384900759082e-03  -7.546820686864574335e-07  -2.915512649711422456e-07  1.237142179437692194e-06  3.147866581408594153e-04  -4.188066194230259209e-04  3.580919730569614903e-03  1.362287824433776530e-06
1.067878105022640510e-03  -1.077896742135082834e-03  -1.446376804856779503e-06  -1.931790586445624269e-06  1.355307040890519077e-06  3.430451764525459246e-02  1.117525234547799440e-03  7.584272395070596438e-03  3.407435576219765097e-07  1.176380089693063488e-07  -1.013853356182504406e-06  -1.181730266554340209e-03  -7.579962485602170438e-03  -1.114529679447220228e-03  3.602843726851838221e-07  -7.987454948792987237e-08  1.159918377715024730e-06  -1.184150883039717219e-03
3.464587001292650237e-02  -7.108623241489198758e-04  7.911206987945383420e-07  8.805743877051513636e-07  -2.352235982014850163e-06  1.117413857247175199e-03  4.468446970310230304e-02  7.324525474201638593e-04  1.012105792160021501e-07  -2.039666391184775192e-08  1.647488694754252100e-06  3.181691102770442601e-04  1.971996221430051890e-02  -2.383828898503193884e-03  4.615001349940420066e-08  -1.314500220990936197e-07  -2.066870731567338681e-07  4.171229194458963077e-03
5.016688160988469567e-04  2.037368573632499305e-02  6.553884462279031036e-08  -2.389736570409370555e-07  -6.620105369139322138e-07  7.584378664451939776e-03  7.325127508752914650e-04  5.108910963223815827e-02  -3.219585424939185013e-08  -1.322238412014493551e-07  1.582730867182272127e-07  1.374329647356291274e-03  -5.680670764485343596e-03  1.971995848717224969e-02  1.250394134688877685e-07  3.986397633985799183e-08  1.440584201222121306e-07  2.570220249527137898e-03
3.094408687419601998e-08  2.547549052871371083e-07  2.097944666201784908e-02  -3.156641113595439331e-04  -8.446040158447080254e-03  2.735030867213453595e-07  1.183727388129747581e-07  -3.749980540435687192e-08  5.195512337971742306e-02  -6.345785893801870515e-05  -1.448297430393636611e-03  -1.141339166777794800e-07  -1.630088106506810748e-07  -8.853645208845365683e-08  1.426033381835839324e-02  -3.167373234621964021e-03  -3.051288879039282861e-03  -2.873628545140765547e-07
1.759077460305264266e-07  9.160222924670910469e-08  -1.248329321917804595e-04  3.580248112883923847e-03  3.840748774519962979e-05  5.427347631387891637e-08  -7.796259790643302721e-08  -1.329046964682688443e-07  -6.351924951822254372e-05  3.990708988643618116e-02  -1.088244614105091931e-04  -1.246441418043824523e-07  -1.630693569277719262e-07  1.800820446412548275e-07  3.050992128740191885e-03  4.481766383486557813e-04  -9.209755857024644853e-04  7.151997985529556616e-09
-1.709314620117197148e-06  -1.252978389640028861e-07  8.304119364011092533e-03  -4.180791954529515866e-04  -1.089127302774469839e-03  -1.065496805087165364e-06  1.757445622451022603e-06  1.920237111721376718e-07  -1.448189259370849351e-03  -1.088170938197218060e-04  3.683893552654635833e-02  4.702130480802687781e-07  1.344153662357351261e-08  -5.862122881475483692e-07  3.167656262889475844e-03  -1.229659193245402019e-03  4.478964592499063151e-04  -4.683175766106868220e-07
1.232123508016498125e-04  -6.830302413791266777e-03  -5.943975725728670789e-08  -1.204138121131247326e-07  -7.309898269768045494e-07  -1.181799455676176133e-03  3.181151207719592187e-04  1.374217668159635752e-03  -1.363647345424635420e-07  -6.293698644377091591e-08  4.433106644299157450e-07  3.644915293672241347e-02  -2.570497170502432198e-03  -4.162950409596777833e-03  2.190039180647383449e-07  -3.801103162119411051e-07  -2.189941940708302428e-07  6.919883738839867479e-04
2.036915552307230759e-02  5.061769806148746749e-04  -1.749977166425669414e-07  -9.556512507976403310e-07  -2.861974446653230464e-07  -7.580086231819226777e-03  1.971998668670260982e-02  -5.680660088786749357e-03  -1.643215743478079248e-07  -1.629423639182472662e-07  -1.918691499199043765e-08  -2.570334625727367130e-03  5.109420582613732886e-02  7.287542542281374254e-04  -5.000779154472769214e-08  8.418792455436082022e-07  -9.740222844099102223e-08  -1.364681484199986713e-03
-7.162323173281629016e-04  3.460954375640591663e-02  -8.859513527770285293e-07  -1.045569472690889202e-06  1.313593441475719578e-06  -1.114522664992096714e-03  -2.383797972174136331e-03  1.971999323710297083e-02  -5.883839661868863506e-08  1.521689941769669101e-07  -5.601989752193213289e-07  -4.163088263513485023e-03  7.288040930370334779e-04  4.471681056829851508e-02  5.474015642751442538e-07  -1.034531992459662982e-06  -2.959942765768377936e-07  -3.361103389601509958e-04
-4.394746356106997260e-07  -8.605416406811824354e-07  2.097671382813719870e-02  8.444296917316263321e-03  3.147678608315289200e-04  3.221004994095887796e-07  1.644197794683254479e-08  1.258570355075248650e-07  1.426032546853473609e-02  3.050973349239379396e-03  3.167565764529243957e-03  2.886636118405716360e-07  -5.214143070267385817e-08  6.163856651094448363e-07  5.195901341637888804e-02  1.440719106242521102e-03  6.399656904397599060e-05  -8.212144354773573028e-07
-1.861780092155366068e-07  1.030321772794626913e-06  -8.299108527585502548e-03  -1.085234210076709092e-03  -4.187737202960847642e-04  -2.145295744920077885e-08  -2.048705917952826560e-07  3.153641807910829091e-08  -3.167297848525038768e-03  4.480981853529172779e-04  -1.229627212317081948e-03  -3.435049378033817272e-07  8.327493632490102241e-07  -1.030472634910987920e-06  1.440743837952426819e-03  3.685235046622774985e-02  -1.086258536769584530e-04  2.041982529166632279e-06
-3.772741338386017136e-08  3.394700973901684585e-07  1.239578892265272433e-04  3.605333741289357976e-05  3.580896929397893794e-03  1.144826288996548341e-06  -1.395546236774204397e-07  1.400708009215772992e-07  -3.051253825838466487e-03  -9.209803814048851678e-04  4.479901241235807697e-04  -2.566914462282113840e-07  -1.070671991819339907e-07  -3.658475986496215748e-07  6.399835731438992855e-05  -1.086062521519738172e-04  3.990667264265060354e-02  -8.225573698688575056e-07
6.816971099984989700e-03  -1.059319332364611852e-04  6.908851926779816787e-09  -9.958383212291732868e-07  1.352078718245453872e-06  -1.184093108993093625e-03  4.171448005672787236e-03  2.570484753184419397e-03  -2.580876231688776805e-07  1.473485006766664751e-08  -5.215085431053032134e-07  6.920458411644927338e-04  -1.364565079515450740e-03  -3.360410946373505042e-04  -7.552046986468129748e-07  2.018680247440784369e-06  -8.032667142994495035e-07  3.647264278093076406e-02
