4.188879404232091069e-02  -7.912082394976049666e-04  -5.273967569445918184e-06  2.584314578663842718e-06  9.629995694945636440e-07  2.415019035478512509e-03  3.714696643030417078e-02  1.041856083460007644e-03  1.286297085284540078e-05  1.243766698186232435e-06  2.594501153918190564e-05  2.438267937834134229e-04  2.288855779154679027e-02  -1.082753734966480138e-03  -1.484783371682879746e-06  7.244417906503493314e-07  -3.582762425336188214e-07  7.722905817967069472e-03
-7.911714430917878883e-04  4.187138874713530051e-02  2.906596778133022930e-06  7.668938629083230950e-06  -6.116650046743173662e-06  -2.403741102112257923e-03  -1.088929984618796200e-03  2.287355857255242084e-02  7.370029685640727652e-07  9.866618534057864003e-07  3.539386907668864213e-06  -7.700544048171203276e-03  1.044305307388749800e-03  3.717905843153023610e-02  2.682797507690034038e-06  -9.701591602939757037e-06  -2.009937700281933783e-07  -2.327321982942218430e-04
-5.515873214947342424e-06  3.090028511570273655e-06  4.839606806555735857e-02  -3.452499421868506207e-03  3.415669304599112943e-03  5.369834635573038317e-06  8.346883263634771182e-06  -9.754881105946820147e-07  2.363095034898214306e-02  -3.640170695981118413e-04  9.972496862386329847e-03  -4.554617591231599507e-06  -3.931014745779659682e-06  -6.918053489868251588e-07  2.364969096431750878e-02  -9.988328707418754962e-03  3.636816016232159027e-04  -3.948577367208393334e-06
2.618181925341793627e-06  7.678360015921916956e-06  -3.452373334940072105e-03  3.132082970599165545e-02  -2.595929672188418609e-04  -8.099695854780529985e-06  2.952310296229475373e-06  -1.318462369355498384e-06  -9.892755699967658960e-04  4.423493839638286546e-03  -1.038734881631106369e-03  -2.625831927479910872e-06  -1.528252349009309621e-06  -6.521755595097736521e-06  1.045837273117463523e-02  -8.194617359595126856e-04  3.423754242349106973e-05  5.793461133265345808e-06
9.969178264803934765e-07  -6.057692976947368630e-06  3.415385609273350904e-03  -2.595211976222984332e-04  3.138106206941009002e-02  -2.111563692149641329e-05  -3.613214006388881898e-06  7.162320854176859701e-07  -1.043227139987556659e-02  2.856266976797684355e-05  -7.985894548732471896e-04  1.375902943989058872e-05  5.707028294369847715e-06  -2.181292777549283219e-06  9.847982236008217226e-04  -1.032819335292167436e-03  4.429729976551833627e-03  6.028968318956156050e-06
2.414998954598408798e-03  -2.403649078842405151e-03  5.217811304345151282e-06  -8.133522275571577565e-06  -2.090243319949285271e-05  2.665921042234431493e-02  2.251487260961923444e-03  8.813799412576393821e-03  -3.377901527414685327e-06  -2.265383117198658877e-06  6.066844440812085573e-06  -8.435745842918309940e-04  -8.843179241380855898e-03  -2.238117093951288127e-03  2.129522238689575549e-06  5.264283569434182891e-06  -1.219079112339827014e-06  -8.852943105070328576e-04
3.714696096957529475e-02  -1.089010399141564700e-03  8.397825205796862486e-06  2.873877508422852680e-06  -3.826772258206346854e-06  2.251571969872647860e-03  4.199720486901503680e-02  1.103069149737912966e-03  -1.266426820714929760e-05  -8.512611265173070775e-07  -2.577998290027751075e-05  4.174732759567268900e-04  2.225687446713116996e-02  -1.836735779147528110e-03  9.363723072918580834e-07  -3.001358970117142750e-06  8.321319943492364035e-07  5.959687714019115505e-03
1.041824313773582426e-03  2.287340622457543701e-02  -1.141348406237299696e-06  -1.331561650124252213e-06  4.472741062361740933e-07  8.813288233800099791e-03  1.103011719258720821e-03  4.902297565622448089e-02  -4.079868488458673409e-09  -2.490667072832409474e-07  6.526810714705036271e-08  3.905345021053473805e-03  -6.647427277111050276e-03  2.225225135846538305e-02  3.183873422010965014e-07  3.279616860233479417e-07  6.953031740945219269e-08  2.640431045934935050e-03
1.292718260148457354e-05  6.671893034829133822e-07  2.363086294812623625e-02  -9.894644632049626794e-04  -1.043196399019276181e-02  -3.239340162488814508e-06  -1.289089500758217834e-05  1.087522164734840153e-08  5.034408626701355333e-02  -1.504278462650081175e-04  -3.852653359917281462e-03  1.041714259966711787e-06  1.939825993425052776e-06  7.281750380425086126e-07  1.607792015909353597e-02  -4.042952122751630739e-03  -3.718746881124391102e-03  4.845014993451095713e-06
1.174221489399849569e-06  7.673772061470647812e-07  -3.641160863260359411e-04  4.423078304127649706e-03  2.844526018895332902e-05  -2.430800413964622929e-06  -9.014614999803804556e-07  -2.936378108798441161e-07  -1.503876614420828091e-04  3.911062839915070699e-02  -1.934219453579340687e-04  1.365785716729764810e-06  4.807250540236599023e-07  -8.851286552444086870e-07  3.721356104182348395e-03  7.146519636716860274e-04  -1.098760689692267764e-03  1.494750687450583853e-06
2.584292110801770072e-05  3.442797525554567412e-06  9.972783430803145582e-03  -1.038647746739121240e-03  -7.985192465552357847e-04  6.220152462751038597e-06  -2.575769382684509255e-05  1.796309630155261408e-08  -3.852446977535449544e-03  -1.934244835587914889e-04  3.178129309644223133e-02  -5.795273874855915050e-06  2.091464042176258676e-06  3.716006833185252657e-06  4.043883097683490489e-03  -2.038913547917250903e-03  7.171369510218619011e-04  8.021316031739785863e-06
2.436863643488527758e-04  -7.700816943905276941e-03  -4.239782978607718533e-06  -2.664143450396305011e-06  1.359791319418848778e-05  -8.438880646616271760e-04  4.173800971138396125e-04  3.905024849022705868e-03  1.179999191062890987e-06  1.234489616054830794e-06  -5.571648352033636740e-06  3.079220485309381444e-02  -2.646021566194128177e-03  -5.958753557730697356e-03  -2.331587848758082005e-06  3.280625506965768298e-06  7.981842299170310147e-07  1.522743494199363954e-03
2.288839671528991246e-02  1.044267809278448924e-03  -3.804317378901064206e-06  -1.572984343209733059e-06  5.796909636768297154e-06  -8.842699055707945940e-03  2.225696750298353579e-02  -6.647470558014215505e-03  2.035584404600911651e-06  4.986714109235726814e-07  2.038013476823591290e-06  -2.646714022337042036e-03  4.901108033704029698e-02  1.097890597773102305e-03  1.261114401209264702e-06  -2.385156743646577461e-06  -1.092347518420726248e-06  -3.913046017543188142e-03
-1.082837466875119850e-03  3.717907832526781003e-02  -8.522247507515395804e-07  -6.582830915553469448e-06  -2.210816470511901291e-06  -2.238338792083717499e-03  -1.836766345140550564e-03  2.225221247454636439e-02  6.988272773336503414e-07  -9.562012668149138674e-07  3.743362401397837722e-06  -5.958512794716987540e-03  1.097866564794199116e-03  4.197549832715736368e-02  -2.035215679863266577e-06  8.705309585514342803e-06  -8.197905779727019178e-07  -4.246452493190811927e-04
-1.499870157542561750e-06  2.616344722501184383e-06  2.364958771030410342e-02  1.045807820105715616e-02  9.849909546700797922e-04  2.141471446018154168e-06  9.732979735699727245e-07  3.311684261184450918e-07  1.607786406048914221e-02  3.721364899904204982e-03  4.043716882578450578e-03  -2.449581055547416864e-06  1.228797459240227424e-06  -1.972722504048422838e-06  5.033168079419072377e-02  3.862999800661778404e-03  1.478872563253911176e-04  3.145357538399701625e-06
7.534884161087688546e-07  -9.632217873722334248e-06  -9.988513195153085611e-03  -8.196239490218872352e-04  -1.032860150659913176e-03  5.259001323843409972e-06  -3.017518511122926327e-06  3.272238031388571476e-07  -4.043178053033997035e-03  7.142302185615233149e-04  -2.038738276109204953e-03  3.296157939154452525e-06  -2.442625786572362889e-06  8.726306866554806493e-06  3.862747972880226609e-03  3.177457458942040819e-02  -1.918536065934322167e-04  -1.125043167837737587e-05
-2.160376538698966732e-07  -2.369807347031803203e-07  3.637592259959632744e-04  3.413244185234536596e-05  4.429467359423751478e-03  -1.593686664165119750e-06  9.104817806501867081e-07  5.378560302429071970e-08  -3.718778553694788210e-03  -1.098767408402175636e-03  7.173758556034661371e-04  1.028635914418312971e-06  -9.740498463587736038e-07  -4.923996114156511444e-07  1.479597294767610036e-04  -1.917789478059372834e-04  3.910868891840770661e-02  -2.611930377998429400e-06
7.723002203019448987e-03  -2.326841204601288885e-04  -3.862652025693484742e-06  5.775759189708976650e-06  6.030391759806604241e-06  -8.852354225797775438e-04  5.959597380089963481e-03  2.640033968199893919e-03  4.842497747114654583e-06  1.418060749650423310e-06  8.160356374655698553e-06  1.522690494255464835e-03  -3.912992210015758809e-03  -4.245638601371596113e-04  3.119708627055158385e-06  -1.126120660325245498e-05  -2.881054248700335613e-06  3.080681516617903709e-02
