4.239150030204608816e-02  -6.754141359867828643e-04  -7.323911301106824939e-06  6.492778990945044114e-06  1.427860303237475867e-05  2.115420821138918380e-03  3.687667455084100293e-02  8.993212756087601159e-04  9.322980276360769500e-06  -6.389214708015344585e-07  9.602181518694844235e-06  1.851229379614422875e-04  2.230978165708507113e-02  -1.005569952759856030e-03  -1.253769845193212189e-06  -1.658909957387798285e-06  1.977862304083489705e-06  7.450820685927865214e-03
-6.753965013770317797e-04  4.238995165089125966e-02  -7.923037558358128146e-07  3.654507855473041670e-07  -5.309523678683895958e-07  -2.052653277171178139e-03  -1.026932966346192667e-03  2.231804571444099758e-02  -2.508993654803761306e-07  -2.048172292311824597e-06  1.291578971084769471e-06  -7.457843504854630781e-03  8.985496420850606902e-04  3.688059533093608622e-02  2.211670539140214764e-06  -3.026721403339232454e-06  -2.147258547667529985e-06  -2.219182805152702855e-04
-7.268157906977592609e-06  -7.576615004036834731e-07  4.912866670669909647e-02  -2.887990224340657164e-03  2.864945138908176446e-03  -4.440623946480557931e-06  9.150256627720093817e-06  -1.815510426420278418e-06  2.308023968545097615e-02  -2.839059568168714339e-04  9.623332290646297027e-03  -1.726513696002286863e-07  -1.128194119736928622e-07  1.201630348306707493e-06  2.307849864993058789e-02  -9.611604910135835775e-03  2.901295836958219551e-04  5.427428172231878692e-06
6.495345454060258154e-06  4.744185742543240755e-07  -2.887784670758749336e-03  3.276729191424718191e-02  -1.437426695011878401e-04  -1.547204306143743882e-05  1.810614789213277436e-06  -5.139338520024660563e-06  -7.791758421177298307e-04  4.249237269091484664e-03  -8.495128696886992785e-04  -4.206815405331166993e-06  9.946987414290018249e-07  5.461414900689273246e-06  9.973332911558503711e-03  -8.471956734784702805e-04  4.121747572098265531e-05  2.384806278465025035e-05
1.418790133953882817e-05  -4.903112939383936890e-07  2.864915839098619577e-03  -1.438344546111434811e-04  3.281244221827559621e-02  -6.347459349018346340e-06  -1.529016004602782658e-05  1.663385798763294183e-06  -9.974405983595939496e-03  2.779175515640027388e-05  -8.759440773897533795e-04  2.500412936717948240e-06  4.277914132711457876e-06  -5.441236376032969825e-07  7.829436094948495845e-04  -8.527970789905260076e-04  4.256850775497378510e-03  5.707509920071524706e-06
2.115317468406333924e-03  -2.052727535254511571e-03  -4.178463919892120489e-06  -1.555499817141498979e-05  -6.522444596638465484e-06  2.861096622822513827e-02  1.906698896236008875e-03  8.559821029298548406e-03  -5.256829406908227219e-06  -1.101307780849926031e-05  -2.129119147554653875e-06  -9.348733995920511988e-04  -8.566130552390058966e-03  -1.945888280938569068e-03  4.378114832473789651e-06  9.041655492570528451e-06  -3.823300426173243596e-06  -9.249601443107228300e-04
3.687659792987980217e-02  -1.026915690948818549e-03  9.313266695700094162e-06  1.761747359323897522e-06  -1.532375374063261423e-05  1.906771311425223530e-03  4.242076105326329782e-02  9.852665612317748622e-04  -8.875225111468993135e-06  4.647224103630650579e-07  -9.488205844233979806e-06  4.575888688405031074e-04  2.170622962437447623e-02  -1.894609695847010661e-03  2.267585099886350471e-06  -4.757064123448886946e-06  -6.400934635345277896e-07  5.563737758000859152e-03
8.994257976262196594e-04  2.231801498901739983e-02  -1.888656022394876961e-06  -5.032196410208787027e-06  1.652075588479896883e-06  8.559560183559734164e-03  9.853467429269636632e-04  4.959781877255976107e-02  -1.262022663767004526e-06  -1.936016168514298464e-06  -1.827656062082749776e-06  3.190336525611481202e-03  -6.382934265696145471e-03  2.169311501313911372e-02  4.309500668216988325e-07  2.767707753789829266e-06  -1.061401449168539628e-06  2.673156151012244693e-03
9.282224796952937045e-06  -1.785134159150851377e-07  2.308005252001711638e-02  -7.792881167114102271e-04  -9.974157915531292259e-03  -5.330366507790532018e-06  -8.778628748305303495e-06  -1.255492205269526393e-06  5.078986812522844757e-02  -1.299402037962079834e-04  -3.193256825696063391e-03  2.437119280881438139e-06  1.566054058544037325e-06  1.649717344186692499e-06  1.568157968862782595e-02  -3.825874213373469009e-03  -3.567865257006074334e-03  6.072605797048082520e-06
-5.710947878181766138e-07  -2.018382570187733104e-06  -2.837642117628627137e-04  4.249130651457266872e-03  2.774015955076124967e-05  -1.112577751453105474e-05  4.952011383350841554e-07  -2.030379757910877016e-06  -1.298860957028800652e-04  3.935140634616059174e-02  -1.764955726834698023e-04  9.331951425512907303e-06  1.808754156297959173e-06  -8.585064671355069261e-07  3.569287970762783507e-03  6.526922269438544064e-04  -1.070144053309591854e-03  2.925228075079922060e-06
9.615221448947295973e-06  1.234363181429255699e-06  9.623291654461709616e-03  -8.493911957143452426e-04  -8.759151067855424364e-04  -2.001409046145547372e-06  -9.538056138864264269e-06  -1.861121227346756954e-06  -3.193082911079796540e-03  -1.763807853677998620e-04  3.313322640669719849e-02  2.100952236251833735e-06  9.258604009842159967e-07  1.202715180980099862e-06  3.829389959943428016e-03  -1.812645503072974869e-03  6.522387807406143830e-04  5.358639943994790623e-06
1.852154535687965836e-04  -7.457877092111321951e-03  -2.782354267407943293e-07  -4.249921115786172151e-06  2.593598434580801248e-06  -9.349529766015416766e-04  4.576181835521509313e-04  3.190165648364455455e-03  2.619901273036605759e-06  9.230557879062049789e-06  2.016285542671057127e-06  3.230398309086559422e-02  -2.678483814755987236e-03  -5.565182192085379835e-03  -2.714244432736314327e-06  1.634153741416206549e-06  1.052435597587433372e-06  1.306440326290844028e-03
2.230968026993097875e-02  8.985705034343463050e-04  -1.025649157245073302e-07  1.024482461310416723e-06  4.314503219055844748e-06  -8.565890106516439381e-03  2.170618833741616571e-02  -6.383093196134157800e-03  1.621789007448500468e-06  1.801992577133834523e-06  9.355099732436598785e-07  -2.678839711975889402e-03  4.959585425387212643e-02  9.848341640016468682e-04  -2.378345797534587228e-06  2.436289396454007482e-06  -5.576156240418315635e-07  -3.186743086086794505e-03
-1.005573855191199163e-03  3.688058052460502223e-02  1.141906958148481556e-06  5.330821876282954752e-06  -5.985082190705330972e-07  -1.945942318159178024e-03  -1.894623477840168702e-03  2.169330657529355486e-02  1.532496502142830886e-06  -9.451524529951441395e-07  1.234022169939081938e-06  -5.565309411429415765e-03  9.848733342697447383e-04  4.243085726060877305e-02  -1.706609602517945605e-06  1.373719840229347985e-06  2.733059733207123353e-06  -4.136324040432492024e-04
-1.328403408909043949e-06  2.278011643068894304e-06  2.307854074331934860e-02  9.973210632566458997e-03  7.829768362782272293e-04  4.052595961821364486e-06  2.268326340712698387e-06  4.441403480901815833e-07  1.568153517512628839e-02  3.569388395788622957e-03  3.829288425182865181e-03  -2.658939858996735882e-06  -2.443983932532898041e-06  -1.706263210702690305e-06  5.079443228192438015e-02  3.184260129842174727e-03  1.221199416041463123e-04  -4.805407587882370602e-06
-1.698685040798703662e-06  -3.018712565312666275e-06  -9.611788778293075403e-03  -8.472711732628566712e-04  -8.526959717816659816e-04  9.124115245114764231e-06  -4.750122880839507528e-06  2.739301418219951620e-06  -3.826153146430063493e-03  6.526966570791746265e-04  -1.812630544191658286e-03  1.544182389693678623e-06  2.668101831425916006e-06  1.324284361272421983e-06  3.184074064029887140e-03  3.313573526254896817e-02  -1.672450079691964583e-04  -5.889362254961808850e-06
1.968402227976343752e-06  -2.016288387954120341e-06  2.900298891000199775e-04  4.127921023509358467e-05  4.256783687457051449e-03  -3.649696784519880611e-06  -6.256043545226086431e-07  -1.096689244741477573e-06  -3.567855585748157862e-03  -1.070124822432337716e-03  6.523320709647186270e-04  9.238860610956113865e-07  -6.087424304468391657e-07  2.665654919259624280e-06  1.220541528304939816e-04  -1.672441580952065089e-04  3.934945309036224498e-02  1.678569847509108838e-06
7.451082663426125165e-03  -2.218616869055402426e-04  5.355772801292517267e-06  2.379108515290101296e-05  5.657732011280389322e-06  -9.248908049145357834e-04  5.563779461369257502e-03  2.672827546556774247e-03  6.116933506774607429e-06  2.758612832013350199e-06  5.287552046920682356e-06  1.306370009700579373e-03  -3.186549648724826354e-03  -4.136932382333319584e-04  -5.014260671987559691e-06  -5.931242410174461218e-06  1.809557302996593256e-06  3.232121770854554793e-02
