4.269094736098169585e-02  -6.260775843189048421e-04  -1.413555852899014354e-06  -1.952856921534497569e-06  1.201749249079957983e-05  1.863242092360882594e-03  3.667009088781659348e-02  8.263271145487750520e-04  -6.166171234391005636e-06  3.814528314575699677e-07  -2.093135046244464160e-05  2.060890104179010642e-04  2.198513737978568736e-02  -9.846132579600472712e-04  -7.998615013851367315e-07  1.510301291286730806e-07  2.465920385080185342e-06  7.309290845298011680e-03
-6.261513322161196609e-04  4.268150102724340561e-02  2.615054986214027585e-06  1.612183725683320344e-05  1.751807972124905612e-06  -1.902021600562323446e-03  -9.679781920699476010e-04  2.196937011502339207e-02  1.059683306774120561e-06  3.335023240678109446e-06  -2.062661509482422735e-06  -7.290516692361414218e-03  8.199340985467136770e-04  3.668564061597225784e-02  4.846219757148489812e-06  -2.149106616780388989e-05  1.338534166037701682e-07  -1.891275255340544052e-04
-1.393813378548517503e-06  2.501472605054582530e-06  4.952774949613913957e-02  -2.576881025471848639e-03  2.577550782386604789e-03  3.868067217951711241e-06  3.979088761696736629e-07  1.245862094809380784e-06  2.272611209491640777e-02  -2.550431484136130413e-04  9.375220430930020915e-03  -2.251098502392961665e-06  1.407555428522597488e-07  -2.875044234969901165e-06  2.273266271804834718e-02  -9.386485143235215323e-03  2.518951609892216008e-04  -1.769309251562130175e-06
-1.794894124571468385e-06  1.609996451699336937e-05  -2.576789450014376794e-03  3.353375143171085510e-02  -1.030473893813104840e-04  5.842909041410784373e-06  1.085077161745020161e-06  4.918228217932964393e-06  -6.835337480726831746e-04  4.142025069885534559e-03  -7.643904027472361602e-04  -9.678144703995133892e-06  2.483772285269103204e-06  -1.873412737811872090e-05  9.701176711050436136e-03  -8.752480159277798398e-04  3.884229808575278918e-05  1.041065528459137142e-06
1.192800206751008320e-05  1.809188991345563352e-06  2.577270992395488264e-03  -1.029022208253327358e-04  3.353290232318612007e-02  5.623676339901390311e-06  -1.246542845597515653e-05  -5.159712359400211380e-07  -9.697876155166828410e-03  4.048267522370903429e-05  -8.690543492019256943e-04  -2.557436487881083008e-06  1.116680131380073282e-06  2.503857926581545210e-06  6.785026962259709622e-04  -7.557105827016561729e-04  4.144142151716908098e-03  3.769187286394780132e-06
1.863286260833032712e-03  -1.901938562165299924e-03  3.857544974878145952e-06  5.833350691788185212e-06  5.619178643191815749e-06  2.968344063643003211e-02  1.793264856255494819e-03  8.392058991180678315e-03  -9.898205111064659065e-07  2.893413416206023900e-06  -4.746945942922300536e-06  -9.483890244509736922e-04  -8.403279600727087476e-03  -1.756053080150591066e-03  -1.437251556112250092e-06  -2.756389139521990063e-06  -1.912004962872259781e-06  -9.711884883441582964e-04
3.667007292877388219e-02  -9.679704704432420511e-04  3.239164238690982608e-07  9.287643879517950330e-07  -1.247507831404929488e-05  1.793302139903075543e-03  4.269468078062176736e-02  9.226140070261712976e-04  6.124762593143942598e-06  -4.895455024813851575e-07  1.941366011814046655e-05  4.140521118604751326e-04  2.136176829110261050e-02  -1.927018751520211039e-03  1.577629340013623109e-06  -1.728983066196467458e-06  -8.177007939154497451e-07  5.335051069891439367e-03
8.263824493868078937e-04  2.196936011534046662e-02  1.267028914959639799e-06  4.936644130999249935e-06  -4.906541163462410405e-07  8.391720499901654876e-03  9.228781497949287626e-04  4.991541083041779042e-02  -1.881908808416991897e-07  -1.502308033365370648e-06  -3.547014530119722248e-09  2.788148881365179899e-03  -6.240249143127320555e-03  2.136867037313154583e-02  7.531799624488591630e-07  -2.675279362084587171e-06  -4.805339114601950929e-07  2.685061866730042209e-03
-6.082661831354480262e-06  9.454275249631588161e-07  2.272619297101847666e-02  -6.835370456592548176e-04  -9.697499465620909934e-03  -9.779997386671200772e-07  6.110936673124410248e-06  -1.658857303355609501e-07  5.104931542665675642e-02  -1.074377954585318564e-04  -2.800377940223853362e-03  1.981000411587124354e-06  -3.660494490824021033e-07  -2.590104041716811511e-06  1.544097949311384367e-02  -3.700938380735499956e-03  -3.480399590855865876e-03  -2.278294441103800411e-06
3.374782210076923103e-07  3.293677327206641663e-06  -2.550217833391618433e-04  4.142051013683293106e-03  4.034458755846295508e-05  2.841944140318885331e-06  -4.196561533594356337e-07  -1.413405349612218598e-06  -1.074651351568457866e-04  3.947198262692184351e-02  -1.499303789776052886e-04  2.255371554056047301e-06  -1.481137613526057657e-07  -1.082019123438664591e-06  3.479276490287663230e-03  6.179990536845796122e-04  -1.048868460284379080e-03  -3.482872752597862942e-07
-2.094518896373207586e-05  -2.056293669924455484e-06  9.375496351322004998e-03  -7.643784565586467022e-04  -8.688826541381208064e-04  -4.799921092945905674e-06  1.941919554552341275e-05  -1.378375441156084235e-08  -2.800084452246513235e-03  -1.500144226392294310e-04  3.391939167462396099e-02  7.532551893959786982e-06  -6.471071449496679213e-07  -4.390677735831214152e-06  3.699714033897875606e-03  -1.684608991668824080e-03  6.162004394758537279e-04  -7.561379054531465501e-06
2.059958930483630113e-04  -7.290600663374486798e-03  -2.289507772584694651e-06  -9.612505268178457904e-06  -2.568374504678487891e-06  -9.484295829277725491e-04  4.140184580334770243e-04  2.787956762958046855e-03  1.986819275723058998e-06  2.196871491967756437e-06  7.549220441950478120e-06  3.316070134262713576e-02  -2.682038625862393898e-03  -5.332252688992828067e-03  -2.333223487948144674e-06  8.641099603284871250e-06  -1.140464611219886716e-07  1.188220194598385397e-03
2.198509678167184442e-02  8.201109291472175869e-04  1.911882900969371480e-07  2.517670675230855949e-06  9.377756318769430081e-07  -8.403053564009024118e-03  2.136176699410030980e-02  -6.240280367398274089e-03  -3.157425980893404242e-07  -1.227046879135140375e-07  -6.405300745692565218e-07  -2.682274259928205812e-03  4.990616368874209452e-02  9.273948752681695790e-04  9.447334918121385524e-07  -3.195354725546251465e-06  -1.185194225791255630e-06  -2.806007067227973741e-03
-9.846079479119984341e-04  3.668576951946301429e-02  -2.906014145307050464e-06  -1.871143614028867341e-05  2.443250463084137850e-06  -1.756082695057608646e-03  -1.926982366850734079e-03  2.136876407842920600e-02  -2.596604460864532995e-06  -1.104672974876615566e-06  -4.328962794772167838e-06  -5.332324387095621447e-03  9.274853951655449543e-04  4.267493686322090807e-02  -5.776570753795676481e-06  2.172345186998437451e-05  3.785626292452305741e-07  -4.374460534058549599e-04
-7.343800290811073105e-07  4.928147252263591754e-06  2.273259582513841026e-02  9.701033481441002915e-03  6.785505815518250205e-04  -1.446277798710827254e-06  1.644633141544887337e-06  7.163315791311724948e-07  1.544081568099045336e-02  3.479208621395206685e-03  3.699467888149303354e-03  -2.386363544141239813e-06  9.604137713297090864e-07  -5.694582292620768641e-06  5.104012355642194992e-02  2.818508946832855994e-03  1.132018041257297372e-04  2.774850646471394385e-06
1.514757460364285621e-07  -2.142468604870845014e-05  -9.386672174990779230e-03  -8.752980935750878308e-04  -7.558042675033554069e-04  -2.789571789199154799e-06  -1.709398199136988758e-06  -2.714173379831734565e-06  -3.701005101538340936e-03  6.179037021809702119e-04  -1.684740486830845927e-03  8.634601530398499069e-06  -3.100366270633836697e-06  2.176034447526605593e-05  2.818224710611548587e-03  3.388425094310822810e-02  -1.607746363099288767e-04  -7.058294409478933797e-06
2.485756618744844305e-06  1.680724664350783881e-07  2.517971909535404707e-04  3.884896162987691527e-05  4.144255612381963182e-03  -1.890476202415396192e-06  -7.994817568396519287e-07  -4.813012401445174793e-07  -3.480351795070094848e-03  -1.048872097224244669e-03  6.162047865898976793e-04  -8.794140748140667620e-08  -1.117287385789407772e-06  3.308881064782445747e-07  1.132681522801181083e-04  -1.608469817369899044e-04  3.946953643754192581e-02  -3.066570112277356385e-07
7.309410429382184882e-03  -1.890947159361594260e-04  -1.797032994051344967e-06  9.544957762980855658e-07  4.006920812928952280e-06  -9.711868651857158983e-04  5.335029598402665774e-03  2.684931918606003540e-03  -2.275940167959294254e-06  -2.223053056245382757e-07  -7.526875902841428053e-06  1.188164682976870822e-03  -2.805839173462176123e-03  -4.375794401230198496e-04  2.813041176360105760e-06  -7.134460514654145506e-06  -2.798847147405919178e-07  3.312539422916531417e-02
