4.471279095532840198e-02  -3.472166544664930074e-04  3.649717099294364125e-06  2.943762485949271047e-07  -2.347611162183663235e-06  1.117700823776738780e-03  3.480125817159982621e-02  5.227303511940883550e-04  -4.342949302171097132e-06  -1.594299467762280420e-07  -8.107883682406799228e-06  1.170389426094500888e-04  2.048694737581121736e-02  -7.349347147756240184e-04  2.581243361014122276e-07  -2.446388773638138344e-07  -4.672584704572624501e-07  6.858045152175576940e-03
-3.473145304393982316e-04  4.470664615300047606e-02  1.462118279991791377e-06  -1.687875018299783996e-06  6.182671046992203710e-07  -1.118264903824458525e-03  -7.340207875495617477e-04  2.048559130656289404e-02  -4.562731409417691392e-07  2.588453059607513364e-07  -1.079126665156408897e-06  -6.853488462690296261e-03  5.194147233333736100e-04  3.480727919413510729e-02  -2.831245696570111462e-06  6.596468083608067821e-06  -1.193269160252841255e-07  -1.261695912462770938e-04
3.573448226797953936e-06  1.445113392112192502e-06  5.100858765030087671e-02  -1.417650943372211845e-03  1.428907088331759752e-03  -6.855466095908897890e-07  -3.130927937367159956e-06  -1.319339973571853081e-07  2.110669131421709019e-02  -1.305145717781649127e-04  8.375453308254992429e-03  9.082338422931240772e-08  2.487824301465170149e-07  -8.957164961497512671e-07  2.110448112304485341e-02  -8.378829145852650234e-03  1.316751160237653181e-04  1.040166354298182635e-06
3.203250590739897377e-07  -1.505148213309416984e-06  -1.417698772007990743e-03  3.647953889883010642e-02  3.755779952565881764e-06  -3.146920615504389299e-06  -3.054853826865952669e-07  8.019122330625423312e-08  -3.320666670241653956e-04  3.625318942696891672e-03  -4.352870331305877592e-04  7.484468944752641162e-07  2.841204425598958135e-07  6.044420498527945177e-07  8.525081550315600706e-03  -1.070277787563643545e-03  3.850827685889738478e-05  9.021501042661063805e-07
-2.358279152435398770e-06  6.682076262098563735e-07  1.428721834290326911e-03  3.657778385930013158e-06  3.645271176786687300e-02  1.642936944239480406e-07  3.127838326482966167e-06  -8.764351213034477682e-07  -8.531964722954808386e-03  3.778899798750189477e-05  -1.068750777091809342e-03  8.098023668561981267e-07  -1.043605952062274755e-06  -2.030205678890625827e-07  3.347161667941175650e-04  -4.373703144515619251e-04  3.623342094037176365e-03  -1.096651098016750158e-06
1.117557959867030619e-03  -1.118283193615082815e-03  -7.161541370625151499e-07  -3.191289709492752193e-06  2.095434569641091254e-07  3.405361102919422789e-02  1.148102469831744060e-03  7.640577915005480197e-03  1.079661385891890504e-07  1.390456894001352481e-06  -7.274273166148777345e-07  -1.169833621279768631e-03  -7.638425608212414362e-03  -1.149330727124852139e-03  -1.804039409379662216e-07  3.932299548730095154e-07  9.629617800402173228e-07  -1.163678703886749256e-03
3.480136030737294300e-02  -7.339308824698217602e-04  -3.189291930994846820e-06  -2.952812815695124182e-07  3.159064443850406934e-06  1.148009471888559443e-03  4.455028317367482754e-02  7.408572402048639594e-04  4.282090652918867714e-06  1.876354890812862838e-07  8.186573543801537066e-06  3.388355960416821605e-04  1.983590648622692021e-02  -2.347116562245023762e-03  -9.418366812231100657e-07  1.818342479885831776e-06  -3.138980170360797703e-07  4.243826544469462593e-03
5.225618007214100210e-04  2.048550788793054162e-02  -1.529941411009349163e-07  3.476693705405125620e-08  -9.225529036207090339e-07  7.640602382850675452e-03  7.407852592411035084e-04  5.102845921591448591e-02  6.786316647070893768e-07  -2.572661803925272307e-07  1.856755767144799338e-06  1.441396284497367458e-03  -5.713709547647935656e-03  1.983625466400368298e-02  -8.756210635388185620e-08  3.933139406087464505e-07  1.044681385622394307e-07  2.585527328538784076e-03
-4.453616215926927709e-06  -3.762614200351917556e-07  2.110665695310899245e-02  -3.320932449149597795e-04  -8.531810932681670526e-03  9.347690583716847767e-08  4.298105409315397814e-06  6.895062074713964834e-07  5.191001036242340327e-02  -6.630372719168595543e-05  -1.512424618514927053e-03  -1.236799029190685045e-06  -2.155082800456507710e-07  -8.512429420600568818e-07  1.434617535627489768e-02  -3.202855802570289852e-03  -3.082250410094914544e-03  -9.617910801421229024e-07
-9.100309619854890541e-08  4.415694919362298139e-07  -1.304961287533022555e-04  3.625297958056948860e-03  3.773551726579828626e-05  1.404481392891884514e-06  2.112897076744743669e-07  -2.589047898280429750e-07  -6.631712501208501624e-05  3.988250580359434944e-02  -1.116469124875506020e-04  -4.220723117637252839e-07  -2.678264509501816252e-07  3.651698862621579051e-07  3.081726701362247269e-03  4.593588336967875923e-04  -9.312577129477118314e-04  -1.347710696517065095e-07
-8.126906028364104222e-06  -1.063626081370724008e-06  8.375444137935462649e-03  -4.352558592976313746e-04  -1.068602149815218701e-03  -6.651181577855023573e-07  8.236283109100346993e-06  1.879697843036218164e-06  -1.512413512348747841e-03  -1.116838801531130248e-04  3.668842224572129579e-02  -3.283778014927548812e-06  -3.235425292279015858e-07  -2.084789671347147394e-06  3.202335720111083774e-03  -1.255011192732177110e-03  4.591890389953298983e-04  -1.993194811675208242e-06
1.171640130384400159e-04  -6.853472306868439723e-03  1.393052544710405647e-07  7.760779154855571955e-07  7.977200785321312874e-07  -1.169815698628756456e-03  3.388850239563088659e-04  1.441306426831783080e-03  -1.244040800280175263e-06  -4.179438830504809924e-07  -3.271004306947445160e-06  3.628041903493274545e-02  -2.584601248536546551e-03  -4.244586640481638924e-03  8.291643757414909310e-07  -1.803375501924677841e-06  7.399720903687187483e-08  7.230712422963110966e-04
2.048689191723981548e-02  5.194017010985631667e-04  2.374162860129449581e-07  1.918940929495938411e-07  -1.033989550393230353e-06  -7.638377659832272168e-03  1.983583572074037321e-02  -5.713712659240819183e-03  -2.189709122807774005e-07  -2.733415905488685438e-07  -3.155092508814934538e-07  -2.584529459035942410e-03  5.102529457860625894e-02  7.441297170634993477e-04  2.420568838246600086e-07  -3.262447602828030164e-07  5.710635814038715028e-07  -1.450346984271429912e-03
-7.350948425554537299e-04  3.480730624582442645e-02  -8.164662283696672342e-07  5.558418045846295110e-07  -1.057948739307695437e-07  -1.149319011384980190e-03  -2.347292757331401539e-03  1.983613892856438132e-02  -7.982699111546786539e-07  4.172146088122849573e-07  -2.093133301891781181e-06  -4.244552529102842663e-03  7.440088394284110002e-04  4.454456066390895252e-02  2.729948426864994723e-06  -6.976696866356466097e-06  1.347892619473635472e-07  -3.306485450926643205e-04
2.493322841600518484e-07  -2.839197287786856198e-06  2.110446197259208123e-02  8.525049648385858714e-03  3.348111894220509783e-04  -2.088051356834814558e-07  -1.010767394358044441e-06  -8.205926271549889951e-08  1.434618301164191506e-02  3.081762078186195408e-03  3.202372435324729160e-03  8.644428939197247747e-07  2.511521613882254543e-07  2.741864021108657589e-06  5.190864078624241734e-02  1.519642682855414225e-03  6.620485674115064397e-05  1.447881040979277481e-07
-3.514161111021326724e-07  6.613739219465032901e-06  -8.378947911149809552e-03  -1.070311972590403836e-03  -4.373429675600904940e-04  4.212513101206097931e-07  1.868862088797075709e-06  4.772379127686139488e-07  -3.203004962805950165e-03  4.592426256294605152e-04  -1.255166626656804407e-03  -1.877919743907677109e-06  -3.574164753068258316e-07  -6.838206549501030954e-06  1.519550895334408980e-03  3.667413661458700236e-02  -1.116925456550232410e-04  -4.508253095505819485e-07
-3.816971495570393240e-07  -1.197670019385382541e-07  1.316628934995735646e-04  3.847570397983504496e-05  3.623209563937859583e-03  9.163131997431042692e-07  -3.074745532161617347e-07  9.272059843553962768e-08  -3.082229900349071038e-03  -9.312559505128961213e-04  4.592121162367785239e-04  1.076459757084803255e-07  5.802016925813864387e-07  1.580378148218869898e-07  6.623180593928992463e-05  -1.116972018403067005e-04  3.988251521534149496e-02  6.320313355263964611e-07
6.858055502415150335e-03  -1.261199128230828853e-04  1.021958221331019714e-06  9.383410119357292461e-07  -1.191316101812263721e-06  -1.163719933912319565e-03  4.243781474883566787e-03  2.585609858817200513e-03  -9.820758418714552541e-07  -1.415932172550850928e-07  -1.999762270540880125e-06  7.229682861283144493e-04  -1.450176510377826876e-03  -3.307140103094936747e-04  8.596788818323864736e-08  -5.096242361875844396e-07  6.117887007680553804e-07  3.625520394091146653e-02
