4.471301669396427619e-02  -3.465925295002849856e-04  2.588337906015190188e-06  -6.148807891208811449e-09  -2.031009623618096865e-06  1.135948818391410318e-03  3.479651827231636935e-02  5.221683679364595579e-04  -3.396693924153842363e-06  -1.390351106416104136e-08  -6.222239068374946927e-06  1.130890052662841274e-04  2.048786294073626918e-02  -7.301886755606983069e-04  3.437824400040111068e-07  -4.812628047160142251e-07  -1.044353602258330565e-07  6.858885045711218993e-03
-3.465874950203753652e-04  4.466512062220278495e-02  -1.936392898594315447e-07  -2.287742092125446362e-06  -4.458669086456351561e-07  -1.117241292137028264e-03  -7.439309158142388577e-04  2.048239554559444855e-02  -1.962393711464560302e-07  2.447220904370815423e-07  5.957114570209622091e-08  -6.841460779807295722e-03  5.223681802641168357e-04  3.484948530090279523e-02  1.460539684416105881e-07  1.142095158945229108e-06  -2.606136551809145109e-07  -1.232376439559548027e-04
2.618869934246939773e-06  -2.271431531386039818e-07  5.100542061639661701e-02  -1.430490220288262648e-03  1.423222401070818946e-03  1.792926808003196030e-07  -2.508627972256267105e-06  -2.690999798808750411e-08  2.110435950875913513e-02  -1.302101921243346589e-04  8.375004796414564634e-03  -4.060686690407857730e-07  1.213784427800097765e-07  7.073598400403146434e-07  2.110837835688996952e-02  -8.380536758265572789e-03  1.311723676188044946e-04  7.073660345224403136e-07
5.781788443780393229e-08  -2.326770466280249869e-06  -1.430539096553614482e-03  3.645423106441877947e-02  4.098302626603252843e-06  -1.374943622916377852e-06  -1.688348520063586319e-07  1.756590445058684833e-07  -3.330598200147561003e-04  3.623787519682878169e-03  -4.347372017055518194e-04  4.071799044855085317e-07  4.924663635354897863e-08  1.611950549177963592e-06  8.531567040792583170e-03  -1.070624558832962382e-03  3.836903441153300835e-05  -1.377898791934031151e-09
-2.187525342488436935e-06  -3.454504171687615642e-07  1.423122132475106161e-03  4.142601968824756288e-06  3.646757566931620176e-02  1.164056631914758860e-07  2.304999228049219932e-06  8.274317979059677515e-07  -8.529376437248877701e-03  3.757604898494220188e-05  -1.072355437519287823e-03  -2.178434626263601952e-06  -3.176767973089562712e-07  -7.359873265772958373e-07  3.336480660481973217e-04  -4.366455028279073408e-04  3.623845099984112240e-03  -6.727461077848791506e-07
1.135900229166552505e-03  -1.117162871774188748e-03  2.724700860809600956e-07  -1.476740543525096673e-06  9.721103130563750831e-08  3.403366300414980422e-02  1.141794184228826000e-03  7.635906443448132845e-03  -5.934137874887349838e-07  9.298357882094254957e-07  -1.702781011922030376e-06  -1.161474683041714565e-03  -7.643158099696838181e-03  -1.147246417713084377e-03  -1.030815660925854096e-07  4.394920587645683483e-08  1.411357110600458326e-07  -1.165241320535299928e-03
3.479653983711086113e-02  -7.438579671069185315e-04  -2.512778349614267471e-06  -1.638610283686276100e-07  2.485435320601902635e-06  1.141774212488912664e-03  4.455058955860508041e-02  7.424279216645683806e-04  3.350455727346040022e-06  9.186476000435705673e-09  6.390553342253042417e-06  3.450527952517125070e-04  1.983926078802028883e-02  -2.342901417762934587e-03  -2.785831501680704896e-07  6.079288946139910254e-07  -6.383024606507023781e-08  4.244091799724203709e-03
5.219845123694655080e-04  2.048236023077296478e-02  -4.225805385021604476e-08  1.736697177582954184e-07  7.927502754110667765e-07  7.635904823774616011e-03  7.425329995381210659e-04  5.102803565914843659e-02  -5.229535529786149379e-07  -3.532635957448281446e-07  -1.683381214812508188e-06  1.443489496314393937e-03  -5.714270993708131866e-03  1.983820511653315230e-02  3.892714451912404833e-08  6.309534880806608518e-08  1.001801005376393731e-07  2.584668387353807918e-03
-3.407190240031181323e-06  -2.024898802449274086e-07  2.110432644161395338e-02  -3.330294606173346246e-04  -8.529262524586619931e-03  -6.319855046996613701e-07  3.336893980978329356e-06  -5.280624820956390546e-07  5.191049385622678591e-02  -6.800594339611812551e-05  -1.512847974617288890e-03  1.863027944691553836e-06  -1.544874143499779121e-07  -3.368176001299330513e-07  1.434686830654021382e-02  -3.203039646878291357e-03  -3.082036783628786230e-03  -8.656520054308386430e-07
-3.783069157881455856e-09  2.491225196667323782e-07  -1.302140276049149872e-04  3.623748982429632857e-03  3.758349129690364778e-05  9.369258921017938655e-07  -1.900241350244513743e-08  -3.470470049932915675e-07  -6.801642574109986598e-05  3.988248588423314728e-02  -1.152023872808214522e-04  1.923906426838792249e-07  -1.696603327758987880e-07  3.433320875330707007e-07  3.082156195217638454e-03  4.591596103282835715e-04  -9.312405538320491860e-04  -1.217464230170967608e-07
-6.260015775781030805e-06  1.827838877364999828e-07  8.375069243098328536e-03  -4.347458163932734583e-04  -1.072405537567437412e-03  -1.710475419383929813e-06  6.213417928537524894e-06  -1.618803875591395483e-06  -1.512662126814927170e-03  -1.152005644349394289e-04  3.669106773479419159e-02  5.400759919023212944e-06  -2.236405627757659343e-07  -6.159080336212818577e-07  3.203755421979406250e-03  -1.255544706590505221e-03  4.589003693940423055e-04  -1.647764923626932968e-06
1.130975446721616397e-04  -6.841551264209547005e-03  -4.162559813481326878e-07  3.867818077209453335e-07  -2.116367347190014057e-06  -1.161456666942498354e-03  3.452198887632439519e-04  1.443303518940338565e-03  1.789554265581342210e-06  1.526224417331451985e-07  5.357641736437551758e-06  3.626870689036297557e-02  -2.586518364082295452e-03  -4.255530345079005725e-03  6.974257669542163500e-08  -2.843060310129124199e-07  -2.518899342124114975e-07  7.219341215949380336e-04
2.048785767052355156e-02  5.222456020459386675e-04  1.140763461642232835e-07  3.526999640112547817e-08  -2.310946791827201137e-07  -7.643006063829081709e-03  1.983927889937990227e-02  -5.714269833749820171e-03  -1.509064523956970396e-07  -1.626849944698107768e-07  -1.325141850457790081e-07  -2.586444121771929588e-03  5.102237088969562712e-02  7.413615595784677154e-04  6.979292255239891904e-10  6.710593131439462856e-08  9.801049223614317732e-08  -1.451833132371622591e-03
-7.302582722310769960e-04  3.484959140690346152e-02  7.739693474346895810e-07  1.690671528853036315e-06  -7.675025167366354160e-07  -1.147223651168130434e-03  -2.342862411545409973e-03  1.983820603170886876e-02  -2.875008769759686217e-07  3.109066825690905773e-07  -6.492193695680990950e-07  -4.255611137714472060e-03  7.412535667595866219e-04  4.450451224364681407e-02  -1.061092717416884963e-07  -1.112267448097012801e-06  1.861548381018514598e-07  -3.326106799724775232e-04
3.711718810398802187e-07  9.148984358470221815e-08  2.110837467338268561e-02  8.531515299042892811e-03  3.337124975190105874e-04  -1.443634974608153676e-07  -2.386391037570451728e-07  3.127634308269268510e-08  1.434685837221518628e-02  3.082193097436364965e-03  3.203580535670464292e-03  4.991687343638496753e-08  9.076588886119176899e-09  -1.200493663908795226e-07  5.190514746458636114e-02  1.523061411592948559e-03  6.628842714821295875e-05  -6.857732358783312262e-08
-5.577790767992946922e-07  1.196696145153124294e-06  -8.380440013276476557e-03  -1.070468940183733801e-03  -4.367096381113008013e-04  8.999643295477757572e-08  5.984614765381816339e-07  3.600271992749993369e-08  -3.203008742271122849e-03  4.590078360927850581e-04  -1.255460055195253225e-03  -2.071088961086541292e-07  6.992608393084456470e-08  -1.063498732084054170e-06  1.523109933088588087e-03  3.666806597072083673e-02  -1.118588982750594638e-04  3.006832006936837508e-07
-1.207509387214989658e-07  -2.598141237938328419e-07  1.311542341756611468e-04  3.835525318815949229e-05  3.623761176901727291e-03  2.081446225397549843e-07  -6.921128313482897512e-08  1.033072706546662988e-07  -3.082012425229893257e-03  -9.312350920359446045e-04  4.589244882820211926e-04  -2.825263186159020217e-07  9.233134234481524565e-08  2.031024500351963157e-07  6.631281814108445959e-05  -1.118584075288273197e-04  3.988273165749634669e-02  2.043760670587788270e-07
6.858871061549521447e-03  -1.233055762842149954e-04  7.051015391263253340e-07  -3.372319313931431688e-09  -6.324367753807212638e-07  -1.165163927532243378e-03  4.244174088977180521e-03  2.584832313748215791e-03  -8.721615589143256745e-07  -1.297243950205141132e-07  -1.623200681369115371e-06  7.219146559801396064e-04  -1.451715586747440471e-03  -3.325703100040945746e-04  -4.745030206449940334e-08  2.991020047107164825e-07  1.964540930703389262e-07  3.625679272057590052e-02
