4.537464829680214196e-02  -2.830558250802574184e-04  2.171236592883083336e-06  7.284747689814736416e-07  -8.449021024776703111e-07  9.455737738860151747e-04  3.407089391135973561e-02  4.513018696952839233e-04  -2.943680763522234002e-06  -1.050625811661282887e-07  -6.736959860898982872e-06  9.949504375556948894e-05  2.003885159585891765e-02  -6.504170736231156642e-04  1.397072643671352075e-07  -8.358364913142989091e-07  3.631991481718017897e-07  6.741092564646311222e-03
-2.830707637082530625e-04  4.536735682214625143e-02  -1.337301320064264086e-07  2.616708375397606866e-06  1.746343762486507185e-07  -9.468654830430090971e-04  -6.510808878410544263e-04  2.003731731455138040e-02  1.373591734444674083e-07  7.326760218465514478e-07  -1.510902713405164186e-07  -6.739484785805998843e-03  4.514242733533940311e-04  3.407934199375244749e-02  8.069463089823689174e-07  -4.541151867302214393e-06  -3.391568368278578003e-08  -9.618150840009905770e-05
2.199348962208188209e-06  -1.091199541897828461e-07  5.131691793374897059e-02  -1.184426676969636090e-03  1.182634839654448300e-03  -7.447713327412511639e-07  -2.059308565907767292e-06  -1.156757220054917451e-07  2.060759712040272432e-02  -1.075234077815204040e-04  8.082217454219737390e-03  1.559513050016656499e-07  1.582731197788952202e-07  3.694179078205909210e-07  2.060839448339685936e-02  -8.082417280717832386e-03  1.070614593166917608e-04  9.895472565348885103e-07
7.246491301337952475e-07  2.702091435128382549e-06  -1.184302497167090623e-03  3.710113586060058422e-02  1.474682359723266718e-05  -1.622713561665350419e-06  6.318992660321004556e-07  3.852326114585133978e-07  -2.684423923820082082e-04  3.452745895713281010e-03  -3.722360588092113714e-04  -6.750632030862983998e-07  -7.986844632685017603e-07  -3.172493906853059410e-06  8.206764270264420291e-03  -1.130627930357765805e-03  3.457256785781591862e-05  -1.202354354199582490e-06
-8.647394054575318991e-07  2.432301603086923031e-07  1.182631076129292717e-03  1.473035342392366799e-05  3.710681198263148656e-02  2.362413860920454943e-06  5.262902580964455727e-07  3.967651595511185864e-07  -8.205707164122300404e-03  3.489714890041035436e-05  -1.131696867935691160e-03  -2.450640980641670961e-06  -1.073062168151234270e-07  6.239250456277781789e-08  2.676377838144554920e-04  -3.713460209136533962e-04  3.452829711382094432e-03  8.085429187668791555e-08
9.457031707370358326e-04  -9.469639745096975402e-04  -9.034726754234903135e-07  -1.517129351415431870e-06  2.353616422469212491e-06  3.503042556848518646e-02  1.018686553922274569e-03  7.406522320341079636e-03  -2.758247574758392756e-07  1.004221817837776044e-06  -1.922852131524374742e-06  -1.217817241174933268e-03  -7.409974706527050134e-03  -1.014164761498037061e-03  6.412696560913322214e-07  -1.326527450346399386e-06  -1.582495823245117654e-07  -1.220279040535096442e-03
3.407090986377660224e-02  -6.511042195899140747e-04  -2.040874892726315712e-06  5.851164604213191751e-07  5.449016852509342915e-07  1.018617780899314920e-03  4.517941186527386910e-02  7.008961204353142882e-04  3.126494339495372346e-06  2.691212748491142987e-07  6.897250112812604757e-06  2.990894454524087331e-04  1.938390148946585179e-02  -2.499104245278634031e-03  -8.050093758177257291e-08  -5.873408781906568717e-07  3.760151666127588168e-09  3.947976715413437435e-03
4.513567066446850205e-04  2.003735285844095507e-02  -1.204507810815094221e-07  3.601323241679919873e-07  3.736576642760367832e-07  7.406692457910144141e-03  7.007554904496830989e-04  5.126383612125196693e-02  -1.787482521672353738e-07  -3.840086340617169681e-07  -4.711253465749198703e-07  1.183447352365948066e-03  -5.585701286327529602e-03  1.938452567832883375e-02  2.187580418894832697e-07  -4.187868647022419421e-07  -3.778687064669173294e-08  2.524108743680200488e-03
-2.968459853735406276e-06  1.550316929178444013e-07  2.060763803248385345e-02  -2.684991047252000885e-04  -8.205759684787032604e-03  -1.985176546690928914e-07  3.110882749666412211e-06  -1.603978155840316741e-07  5.208548889324494946e-02  -5.615513275044883092e-05  -1.252898585904082748e-03  6.174805670324814236e-07  -2.892057025968282622e-07  -5.812361052851131309e-07  1.401111997035964923e-02  -3.066590984166497977e-03  -2.961773495576251920e-03  -9.001917525600719675e-07
-1.147248092329679007e-07  7.189986365643156318e-07  -1.075380476035148793e-04  3.452700625116494979e-03  3.493932694893009313e-05  1.022802806803390833e-06  3.027160863078654437e-07  -3.732958950480727454e-07  -5.617398870430709778e-05  3.997257215737436836e-02  -9.904819205743728677e-05  4.942345810271212740e-08  -2.923564282552025748e-07  -9.172896083197877711e-08  2.961816068657797691e-03  4.175059183153596084e-04  -8.905908740780210317e-04  -3.078120062045580058e-07
-6.732518501478369910e-06  -1.736758527476414316e-07  8.082219014598969464e-03  -3.722699164734816820e-04  -1.131758952711017351e-03  -1.963502522844286406e-06  6.879115636636908099e-06  -4.738446144895309608e-07  -1.252862153635508598e-03  -9.899077096475328698e-05  3.728906597661999639e-02  3.179839780886159854e-06  -1.895982167856010531e-07  -1.071339777742745611e-06  3.066646326995689769e-03  -1.159251873093944396e-03  4.173092520755086179e-04  -1.639746810648728053e-06
9.960283504499007734e-05  -6.739394961171821935e-03  1.783376887861353266e-07  -6.618598654751538904e-07  -2.400498610656665649e-06  -1.217797262559432159e-03  2.990243796220314575e-04  1.183339422825232558e-03  6.212551585597450513e-07  1.288135509019176780e-07  3.170107270188771297e-06  3.694100753246414709e-02  -2.523991797678642925e-03  -3.949822918450832283e-03  -1.263253971772298904e-07  1.179963913220217124e-06  -1.483642109275080239e-07  6.092123640917344440e-04
2.003887648577875810e-02  4.514048078862152049e-04  1.595706349898154539e-07  -8.491308457095194003e-07  -1.537338443719369138e-07  -7.410057632276654919e-03  1.938392642987085343e-02  -5.585695907792695078e-03  -3.028461984194963637e-07  -2.936866736900627400e-07  -6.496283459713423706e-08  -2.524091377237873326e-03  5.126381357554998797e-02  7.003798646555057204e-04  -3.139114722427371194e-07  1.404335522477017559e-06  -3.336333139797090690e-07  -1.181980558728956557e-03
-6.504255942098944449e-04  3.407936620567278418e-02  3.995716064426740027e-07  -3.232856192782059494e-06  3.708356423006900105e-08  -1.014030539170416396e-03  -2.499108005056194064e-03  1.938449035675468557e-02  -5.614201623807937325e-07  -5.603085049383699580e-08  -1.083152597327131488e-06  -3.949834116030884711e-03  7.003958536500307953e-04  4.517165307781611377e-02  -9.841971837766098709e-07  4.747279692606229822e-06  8.343885210634950232e-08  -3.022724229311557769e-04
1.712427351656377545e-07  8.764989796442205388e-07  2.060843609767417164e-02  8.206706584835318438e-03  2.676164658409137297e-04  7.080114248737233548e-07  -6.922643704587510355e-08  2.211792519720257963e-07  1.401112301099262554e-02  2.961803868842251882e-03  3.066746691334210333e-03  -1.075134004152084434e-07  -3.004442211228397036e-07  -1.003881965545390904e-06  5.208490507135556113e-02  1.253509887189804784e-03  5.648094817204762588e-05  -1.331433907172000565e-06
-7.684850089795277117e-07  -4.537425495443507096e-06  -8.082440393697792880e-03  -1.130645155643039907e-03  -3.713652373912786921e-04  -1.383445685104540999e-06  -5.557341973714631145e-07  -4.453358397617039432e-07  -3.066600715752224905e-03  4.174156290351920722e-04  -1.159277977712154734e-03  1.211570849090515845e-06  1.440115103594910869e-06  4.709701235892501166e-06  1.253512631996047755e-03  3.728704256144049767e-02  -9.958889819365365878e-05  3.733733716938568671e-06
3.522785376142369685e-07  -5.458991716499846238e-08  1.070739406801442083e-04  3.457379450164468643e-05  3.452797911472106629e-03  -1.386779725487361307e-07  -6.140252783802592853e-09  -2.790025845875434907e-08  -2.961783431029292937e-03  -8.905910231540398138e-04  4.173732028823733532e-04  -1.817161782709340178e-07  -3.298354987405394339e-07  2.218378190632411039e-08  5.649642681238064760e-05  -9.960997735610993098e-05  3.997267821712426061e-02  -4.683455374289143947e-07
6.741008509369396211e-03  -9.620658021234311649e-05  9.525678935026463901e-07  -1.240352177505680862e-06  6.742694611381344959e-08  -1.220312857194339254e-03  3.948088807855576476e-03  2.524149991460651263e-03  -9.014170630862496803e-07  -3.119229485476882776e-07  -1.595632913533528352e-06  6.091945085654666171e-04  -1.181978262933671125e-03  -3.022396864477331735e-04  -1.368688249924851515e-06  3.706825300429697383e-06  -4.962496791973499023e-07  3.694549954152578919e-02
