4.306040102173632617e-02  -5.627841546590147456e-04  -4.716773455078484639e-06  -3.251792566141066846e-06  4.140803100817804424e-06  1.687740828135901724e-03  3.638608407922375165e-02  7.430907280272283080e-04  2.747141977312516663e-06  -5.269597761555034798e-07  3.153455467497350526e-06  2.058314367287799457e-04  2.166258660978089348e-02  -9.305904282291961550e-04  -8.257648254490602180e-07  2.936524839489151539e-06  1.797500533225963055e-06  7.185163586733414945e-03
-5.628493230640304202e-04  4.308042358237289260e-02  -5.110922415069633891e-07  7.807238396721476751e-06  -1.637356821388255076e-06  -1.695815766596521544e-03  -9.307019294637759428e-04  2.166489821551078124e-02  4.477417220657876833e-07  -2.076871318394162128e-07  3.434898479067149299e-07  -7.192006338918885064e-03  7.520259439296279533e-04  3.636533772091987693e-02  6.209487013290370321e-06  -1.634768333351312386e-05  2.284340574114983078e-07  -1.817584122761507358e-04
-4.701679218239856034e-06  -4.734446429443944483e-07  4.990784040643551217e-02  -2.274867307146719378e-03  2.282544301738071227e-03  4.934533534103730014e-06  2.523205834112140838e-06  1.026364204624579428e-06  2.239642475202661964e-02  -2.214745582683295554e-04  9.171288889556624205e-03  -2.064134496435536770e-06  6.280961385703111340e-07  3.260945460487410852e-07  2.239447187817559734e-02  -9.169998725923786745e-03  2.195595452302604117e-04  -3.444267023995394280e-07
-3.253321302444886932e-06  7.867176075257253611e-06  -2.274803817706390601e-03  3.427391785244929961e-02  -6.838405623840882852e-05  7.360396270312473095e-06  -2.096687067831907868e-06  1.445505276710428603e-06  -5.860199515163762307e-04  4.043946674877823416e-03  -6.692155590191966241e-04  -3.379695432906101175e-06  5.790973496637556309e-06  -6.584984762640894824e-06  9.427584282233478913e-03  -8.899526685871993366e-04  3.787733503932986048e-05  1.035583362356462762e-05
4.111506129276365716e-06  -1.598314594589211588e-06  2.282441614852398232e-03  -6.829176837906428764e-05  3.426513247871917217e-02  -1.775523661560370050e-06  -5.917086153525902979e-06  1.211402125211771088e-06  -9.430106642353478300e-03  4.635870747899589804e-05  -8.929736745094774908e-04  -3.439010552701019898e-07  2.201338705478158256e-06  1.221939558758400459e-08  5.848699162142654943e-04  -6.730521591402792349e-04  4.045162064241097401e-03  2.725106667469167004e-06
1.687836291855146454e-03  -1.695864216755278491e-03  4.840313021793929662e-06  7.347110701522661778e-06  -1.767853927483669467e-06  3.073521206377964957e-02  1.623719228735262098e-03  8.237851857359482916e-03  -2.223719828494619722e-06  -2.629279309806632630e-06  -1.953258159706464813e-06  -9.941233952941864582e-04  -8.233087183642172693e-03  -1.621724109519707708e-03  6.119377215950162441e-07  -2.066290448299554571e-06  -3.873370198274310500e-06  -9.895371267880984350e-04
3.638609499165715300e-02  -9.305716289071172933e-04  2.621935571833812681e-06  -2.058937627120369847e-06  -5.872400758380884762e-06  1.623741846400100558e-03  4.302323153962300112e-02  8.838212818230225132e-04  -2.937943955289381774e-06  -3.913630797499477024e-07  -3.853581522595587335e-06  3.924932994733780055e-04  2.104271586714584821e-02  -1.996373867417987336e-03  1.279194580582105393e-06  -8.668713439716898670e-07  4.889352559210258038e-07  5.099027030281485552e-03
7.431634560599965434e-04  2.166469268712791982e-02  9.809916601784209636e-07  1.570345855446828543e-06  1.242632594402438949e-06  8.237592919138036693e-03  8.838317273551067697e-04  5.019035457095973735e-02  -1.179390201778418424e-06  5.721659530780603905e-07  -2.885785783219351210e-06  2.453853576230409939e-03  -6.111706268663009110e-03  2.104102944936521793e-02  4.050686701584828354e-07  -2.420546752120283472e-06  -7.584407431597628042e-07  2.681017193624038192e-03
2.721181982604113594e-06  4.923669073735097241e-07  2.239642980524690283e-02  -5.861139963923841590e-04  -9.429863072819486686e-03  -2.314743802215640097e-06  -2.964092802329197728e-06  -1.115749087442155479e-06  5.126188281426533738e-02  -9.969315610112303096e-05  -2.492718841177963326e-03  3.581816000753927268e-06  8.695606650665174337e-07  6.341141169323473301e-08  1.521351805285419204e-02  -3.587770133493040515e-03  -3.396683746979114581e-03  1.890836088885846968e-06
-5.843412984785961147e-07  -1.773342649275934532e-07  -2.214704152939175061e-04  4.043957301063146569e-03  4.636858356501807969e-05  -2.574990826584346308e-06  -3.305743401386494419e-07  4.745449212369866597e-07  -9.965738072467868322e-05  3.957414729851920637e-02  -1.496208343189272259e-04  1.272338675448688262e-06  1.289249054084528320e-06  -1.658335178471758167e-06  3.395251863949785582e-03  5.847318008684908915e-04  -1.027041903774484743e-03  1.337091991964205490e-06
3.132631875763525225e-06  4.043811391917717278e-07  9.171460538115551453e-03  -6.692435661361962208e-04  -8.929503935597059771e-04  -1.938890241389155570e-06  -3.831382380477362674e-06  -2.804953057385126087e-06  -2.492588830096691046e-03  -1.495133063448370471e-04  3.455198495944732107e-02  8.678858388217711465e-06  9.237818555636729870e-07  1.377943802975433233e-06  3.588704860078769342e-03  -1.579365311703702889e-03  5.839135790958421661e-04  9.399577244280354571e-07
2.058147474460476467e-04  -7.192107441074086643e-03  -2.083326838471053841e-06  -3.410930362741883178e-06  -3.748120569842221086e-07  -9.942569561616984315e-04  3.925081649495836314e-04  2.453738170134337621e-03  3.543931510758840111e-06  1.280156178101371529e-06  8.715238216378953792e-06  3.389039432765979937e-02  -2.680799230585527871e-03  -5.090400825116555943e-03  -2.244274980937782076e-06  6.479090214241205138e-06  3.392477581120510674e-07  1.085133432600577600e-03
2.166252630731910211e-02  7.520526385577366510e-04  6.227080255758023877e-07  5.860929130479925136e-06  2.176552040189031635e-06  -8.232792753639035788e-03  2.104233726243381203e-02  -6.111795661860213065e-03  9.186003280940970014e-07  1.306394507722822955e-06  9.694979108891224724e-07  -2.680914024002187777e-03  5.019124180131057100e-02  8.757959533564289162e-04  1.122451534115012676e-06  -6.457585094787214787e-06  -1.194432059264202375e-06  -2.453877837242257002e-03
-9.305185419174685519e-04  3.636524307757595109e-02  2.248836779374807236e-07  -6.618963057722030151e-06  1.104954081290525722e-08  -1.621814641048187041e-03  -1.996359827363118188e-03  2.104122856287688609e-02  8.058793384410810464e-08  -1.650849533935180849e-06  1.291541678265061632e-06  -5.090466133888758675e-03  8.756640651273394586e-04  4.304165161382125099e-02  -5.575305074226125813e-06  1.632066133945801604e-05  1.801139177668840336e-09  -4.167709328669896656e-04
-8.288135524541041457e-07  6.200209190802466346e-06  2.239448755381515457e-02  9.427371072452990150e-03  5.850163180388682962e-04  5.271613066195431278e-07  1.236823808942289773e-06  4.129126495022200589e-07  1.521345254369303561e-02  3.395236852595850084e-03  3.588495754353680789e-03  -2.270157052201556089e-06  1.129374810645447191e-06  -5.626830115687495285e-06  5.126365337613567746e-02  2.491652849212155907e-03  1.000611270134417458e-04  3.508420583936106048e-06
2.905992153977445970e-06  -1.629215473188764125e-05  -9.170042663163605404e-03  -8.899007384270965970e-04  -6.731556453698453891e-04  -2.095681955555308852e-06  -7.997054805631404523e-07  -2.383250068761204202e-06  -3.587872853971388592e-03  5.847023574539557443e-04  -1.579389253447446894e-03  6.473111644941524773e-06  -6.421138826840307764e-06  1.626402924904612619e-05  2.491479311695382615e-03  3.455216083090442009e-02  -1.456014700719892587e-04  -1.388384515076642553e-05
1.756201529973048531e-06  2.814944114312253482e-07  2.195371545335823643e-04  3.784741276852136751e-05  4.045138045235294882e-03  -3.869472381166107020e-06  4.416136413366819061e-07  -7.437711471212721694e-07  -3.396723508970754361e-03  -1.027042677422349047e-03  5.838407758355998326e-04  2.937194666070761705e-07  -1.190423744759599682e-06  -9.127838699975389005e-08  1.000280029722939995e-04  -1.456086606515753085e-04  3.957172560714078413e-02  1.535948109125131921e-07
7.185156094665524386e-03  -1.817997398946800687e-04  -3.690734639251125742e-07  1.034788451053154916e-05  2.830540460294661230e-06  -9.895084339225999458e-04  5.099089717219651083e-03  2.680865874115828922e-03  1.885672835820571463e-06  1.196810862024869666e-06  9.991415483199328566e-07  1.085232003611551806e-03  -2.453773447296325218e-03  -4.166833375754736999e-04  3.496653250518554362e-06  -1.391017238950289440e-05  1.879493618001896135e-07  3.388639598691563226e-02
