4.192875240152717925e-02  -7.769208463672055498e-04  7.038260358090665138e-06  -2.271801611527630820e-06  -1.851705541400391029e-05  2.420713205277580642e-03  3.712530790961422744e-02  1.042351552099383960e-03  -8.276505645353468880e-06  -2.294408804413294657e-06  -4.554246192892116499e-06  2.107584964452295065e-04  2.288047804720901024e-02  -1.079901503382817065e-03  3.890128258431219439e-06  -3.529624132407094970e-06  -2.415906483292648122e-06  7.735890577620769398e-03
-7.770838590868341415e-04  4.192213260467195224e-02  -1.106993897786340432e-05  -2.714509047807807179e-05  -3.618627427772627914e-06  -2.430818936333436955e-03  -1.086193477891031055e-03  2.287018970893241188e-02  -4.537365069886930089e-06  -7.513029317214906070e-06  -2.261994543462967361e-06  -7.703565204284904856e-03  1.048309029368329906e-03  3.713373008803362574e-02  4.922774595653960225e-06  7.825274979654068083e-06  -9.804410202970331771e-07  -2.054093390392994136e-04
7.399719165659902641e-06  -1.117429175833439067e-05  4.840801967867177508e-02  -3.448089040128344759e-03  3.407368918824325681e-03  1.424706549826949828e-06  -1.149702559797570635e-05  -1.561206312355714667e-06  2.362846029032089623e-02  -3.620903110161511175e-04  9.973456608493190198e-03  3.848521723642698746e-06  2.960673755756252684e-06  1.348041204381664680e-05  2.364173194367617109e-02  -9.975897944476246407e-03  3.602589057052533279e-04  6.280234771190433816e-06
-2.258011867777983858e-06  -2.707626065877365837e-05  -3.448017655638912788e-03  3.131529256656748195e-02  -2.489973186932685945e-04  3.115576136138653909e-06  -5.893438305615945117e-06  -9.061617270627177027e-06  -9.883947863569954393e-04  4.422611750524826219e-03  -1.037492422705818583e-03  1.885754268779700954e-05  2.767738171091861004e-06  3.296610534741946364e-05  1.044062187248172811e-02  -7.797510477517701714e-04  3.038294401445680305e-05  7.508616248206136539e-06
-1.850473116468690901e-05  -3.576916820779547750e-06  3.407029482518201830e-03  -2.489054616750597843e-04  3.141497391470510214e-02  -5.747872201553804449e-06  2.051229809254754281e-05  3.693575644755981821e-06  -1.043250658280607361e-02  2.626418554474733983e-05  -8.177870540873263556e-04  -6.423959517310015151e-06  -3.057345112239017128e-06  -4.301295309067766486e-06  9.807151757068651322e-04  -1.030895402298745737e-03  4.430961706482251794e-03  -6.783170269166313391e-06
2.420740730390827898e-03  -2.430766801442360830e-03  1.448191810789989197e-06  3.224533291339647463e-06  -5.621244807770914413e-06  2.669613499024216241e-02  2.203426587385812381e-03  8.825844263606521384e-03  -5.368047161520525225e-07  -8.175047206235487872e-06  1.879232428775024817e-07  -8.246814398265658614e-04  -8.822061717685654794e-03  -2.223184210737599691e-03  -6.126743064131832498e-07  6.112642755807197745e-06  1.882008306046110778e-06  -8.965631080283897967e-04
3.712534794834042307e-02  -1.086176240010873918e-03  -1.129570120384455742e-05  -5.800447867993811556e-06  2.063644572667328316e-05  2.203570955281471296e-03  4.202821517336665508e-02  1.094317892555682391e-03  6.743109174380240187e-06  7.539794833678637716e-07  2.922780566760396524e-06  4.522062060561198938e-04  2.225437699611986994e-02  -1.852064482035300618e-03  -1.056460864373653003e-06  2.161290684400882104e-06  5.570482983821389095e-07  5.955647091179770009e-03
1.042251622740294559e-03  2.287031460759417212e-02  -1.520150689183912056e-06  -9.027196465099207817e-06  3.691370284610305579e-06  8.825604203690908672e-03  1.094133544249939775e-03  4.903910874537631415e-02  -1.276731632047008597e-06  6.440179475359560360e-06  -4.483242108855250417e-06  3.877564939373021654e-03  -6.641336627539005423e-03  2.224545949978520148e-02  -1.639965817001304385e-06  2.405670849144083405e-06  4.520660047529461231e-07  2.641640401122387696e-03
-8.416660812059372737e-06  -4.542582955552777548e-06  2.362842837353154243e-02  -9.887212450916543511e-04  -1.043257045026360630e-02  -5.026817064179661777e-07  6.904790422549109999e-06  -1.218330322313021590e-06  5.034993456820330282e-02  -1.522558104257049636e-04  -3.839791489453433029e-03  4.845795957505228782e-06  1.912256752077445515e-07  3.009498833896617459e-06  1.607581396868222948e-02  -4.037760593075877952e-03  -3.719035769268154261e-03  -1.876942143196994309e-06
-2.194936216168450737e-06  -7.479029152526076669e-06  -3.619788066199435776e-04  4.422506480946030924e-03  2.616930018123953501e-05  -8.118049046148660493e-06  7.470385250561153975e-07  6.451146553793589982e-06  -1.521103202138342680e-04  3.910879818894763549e-02  -1.949043510402416371e-04  -7.566828182442496865e-06  2.204740850665602296e-06  -1.036976863482691269e-06  3.720558940692129772e-03  7.186888774139862891e-04  -1.099572968801763037e-03  1.130935192484588201e-06
-4.426174696519301265e-06  -2.289386731387536091e-06  9.973508067248617118e-03  -1.037544797373148682e-03  -8.175381266971832673e-04  2.436378098097579088e-07  2.939393043588630339e-06  -4.605938165810228178e-06  -3.839722262275416503e-03  -1.950008227993582112e-04  3.182003785496326925e-02  1.274652810017885665e-05  8.826888769716417877e-07  3.895172942371366233e-06  4.042965385831280047e-03  -2.034413255782144270e-03  7.141307439447840263e-04  -1.827326931919781884e-06
2.108208015179613404e-04  -7.703915365829156446e-03  3.794631761503935444e-06  1.874258819488835553e-05  -6.471714007202448395e-06  -8.247450400261566433e-04  4.523453470747544549e-04  3.877390980305205591e-03  4.974404169230938825e-06  -7.603926587268335952e-06  1.276385530354539187e-05  3.083588640412704765e-02  -2.659820909986947146e-03  -5.936198633345206310e-03  1.488584913522100349e-06  -4.947445121869519069e-06  -7.706347329856136508e-07  1.502016669816116749e-03
2.288016571171532648e-02  1.048244524667046396e-03  2.911631879261024552e-06  2.727434384578260214e-06  -3.257921983489078928e-06  -8.821643487760951960e-03  2.225450570844711429e-02  -6.641217629079835573e-03  4.127169507898485946e-07  2.208808532734693891e-06  9.262623351992695669e-07  -2.660238333086605272e-03  4.902026955102410655e-02  1.094062032782265863e-03  -1.891898528184387850e-06  9.125915907963927038e-07  1.078406197822848729e-06  -3.901968416428506711e-03
-1.079956562321185681e-03  3.713368412971593951e-02  1.364212164446782515e-05  3.307150770905580928e-05  -4.340260697564262667e-06  -2.223495729491117064e-03  -1.851895386422991799e-03  2.224534347353471567e-02  3.055372090707863932e-06  -1.058635951974788583e-06  3.967476920187390633e-06  -5.936087498187236737e-03  1.094041310472286576e-03  4.202329715464740711e-02  -2.227572142281865905e-06  -8.856137940863492269e-06  5.319203730033231660e-07  -4.446984688141223871e-04
4.146971392713746221e-06  4.647939003738054672e-06  2.364169270514792504e-02  1.044033154966149575e-02  9.808831481538794576e-04  -6.746914010627671680e-07  -1.185917874696999680e-06  -1.610087149865649376e-06  1.607597603870445507e-02  3.720547760104718146e-03  4.043012018217215404e-03  1.541115068948626054e-06  -1.860091875165307216e-06  -2.358560066410992184e-06  5.034062928913399237e-02  3.856276486102488184e-03  1.490358889562016988e-04  -1.341751720568566630e-06
-3.587868574015866748e-06  7.930361384208948648e-06  -9.976068193768995035e-03  -7.800313871643996472e-04  -1.030910986314827020e-03  6.109579977193199343e-06  2.249674190171609728e-06  2.415914042250118596e-06  -4.037979927153620939e-03  7.182597266623961174e-04  -2.034565475472215317e-03  -5.080729563588884513e-06  9.097590232407834797e-07  -8.757249207947119285e-06  3.856019168879022338e-03  3.176073531457479504e-02  -1.919549663375379688e-04  -1.611524341750444977e-06
-2.626707620353872885e-06  -9.486363999817672125e-07  3.604060224259421439e-04  3.034766125805726859e-05  4.430670699410168070e-03  2.032975843570019708e-06  8.165894262808977420e-07  5.541071807440722985e-07  -3.719050712835110170e-03  -1.099525593480786285e-03  7.142211412195989670e-04  -7.340631327189149548e-07  1.079834568246722330e-06  5.755743788741103250e-07  1.490706934449715097e-04  -1.919910481634604961e-04  3.911219151399647487e-02  1.390688882777844744e-06
7.735805045509355944e-03  -2.052644073880592189e-04  6.272540589085688648e-06  7.475445312523327952e-06  -6.958606025514567333e-06  -8.965745153990354330e-04  5.955672547474459393e-03  2.641341235213318615e-03  -1.718968826355359937e-06  1.114940495467312893e-06  -1.809117426790420305e-06  1.502045907274493410e-03  -3.901942588748265241e-03  -4.447172201370935764e-04  -1.372890959135148281e-06  -1.688449915935224871e-06  1.447087104269473685e-06  3.084922175247437406e-02
