4.259782708743675012e-02  -6.411909529794154652e-04  -2.276132418422170297e-06  -2.064932491968921556e-06  -2.192421484282938621e-06  1.997133291234685134e-03  3.672609716155033482e-02  8.538048022605620188e-04  4.109127482522259049e-06  -9.886755914261325650e-07  1.317509876760281868e-05  1.985641226307388748e-04  2.214195188555576066e-02  -9.839707103700412461e-04  9.496825707422151312e-08  2.597927873463697106e-06  -3.469461593983771489e-06  7.383900776146411563e-03
-6.411199081031807587e-04  4.256845415592561133e-02  -5.672746947010399090e-06  -2.551230846766501826e-05  -8.638678611838247943e-06  -1.962416170202010285e-03  -9.997509273790340135e-04  2.212777383100832107e-02  -2.374261701925114306e-06  -4.601336791518673472e-06  3.583295682962331779e-06  -7.366652895963612772e-03  8.589557750356233579e-04  3.677634170077963977e-02  1.703167868710545836e-06  1.453258508223914989e-05  -1.094065576321812905e-06  -1.841130353861930981e-04
-2.254537672511181038e-06  -5.611506372237917375e-06  4.935504771674240759e-02  -2.727676030262880368e-03  2.688720444990446313e-03  8.231408940142565287e-06  1.389526371649146192e-06  -1.435527484014401700e-06  2.288441224414382649e-02  -2.681768713926146021e-04  9.481271846956370805e-03  -2.197858441601219404e-07  -2.558000170708346433e-06  8.521067300972974890e-06  2.290397230645756579e-02  -9.495589844602957477e-03  2.651064562398190152e-04  -4.748054849670969866e-06
-1.880009663652043216e-06  -2.547354833564329763e-05  -2.727553144864335120e-03  3.316161212789250218e-02  -1.154759277283948265e-04  1.251132790496212902e-05  -5.220243787596644215e-06  -2.274581834879515985e-06  -7.275475601438795683e-04  4.196618335112747497e-03  -8.015456091455353069e-04  7.132617171748427977e-06  -2.948674019288137018e-06  2.628754930470496393e-05  9.833450389329555230e-03  -8.583199476174344653e-04  3.639312797904789348e-05  -1.279805381055140772e-05
-2.357309780861115055e-06  -8.612210762017537150e-06  2.688549122927259664e-03  -1.155179466837361486e-04  3.323130960671769052e-02  -2.785489221230393069e-05  3.057828939438375782e-06  2.001206610502427382e-06  -9.800292916966983625e-03  3.487961931100024482e-05  -8.264456904856836914e-04  1.578035691460456544e-05  7.159462105215899897e-07  -5.123771125576430636e-06  7.202227012600137795e-04  -7.924458417194556572e-04  4.199751849139240524e-03  -8.110262209675896410e-06
1.997164342432040246e-03  -1.962448212142644914e-03  8.250303166270905135e-06  1.246801732630663721e-05  -2.791928577175747597e-05  2.920991553985484435e-02  1.836567615798836723e-03  8.445651069384545184e-03  2.257560492143135901e-06  -4.309962996578882060e-06  1.919332533906161679e-05  -9.124328822752610091e-04  -8.491510639204455715e-03  -1.818047283586339026e-03  6.714492485931181007e-06  -1.363875313252543359e-05  -8.368545925330285302e-07  -9.469317004488279855e-04
3.672601260207205426e-02  -9.997167290669488424e-04  1.344928310288224795e-06  -5.187221124990931184e-06  3.126014474808067739e-06  1.836529823272438225e-03  4.261142851691036848e-02  9.580110714714433874e-04  -5.513132702541613231e-06  -2.321891735078652662e-07  -1.184215804745004370e-05  4.354452734024347139e-04  2.152420695264782580e-02  -1.924238586348162071e-03  -5.153277350278988156e-07  3.500683084254721277e-06  -1.675047358668288778e-06  5.424739907309622869e-03
8.539282443582252779e-04  2.212770502940317879e-02  -1.363325168515523059e-06  -2.258167186212709468e-06  2.000520022960023486e-06  8.445469985061669974e-03  9.578693379263149418e-04  4.977684687801466751e-02  -8.841355313386954043e-10  1.528537082761845260e-06  -7.803560859323631725e-07  2.969852950668426181e-03  -6.302160638829211979e-03  2.151838060867342084e-02  -8.210193445409533088e-09  -7.540193130142913193e-08  6.860683321009370909e-07  2.686404266448073550e-03
4.235049488106756701e-06  -2.489918309573937565e-06  2.288445967300567832e-02  -7.275191265823792745e-04  -9.800017613650012158e-03  2.377260456423972819e-06  -5.469189697487956496e-06  6.251752460074006365e-08  5.093632838388701539e-02  -1.200154766972247799e-04  -2.983770531071152938e-03  -1.349451275630243887e-06  1.099154974188534641e-06  3.433742714794855281e-06  1.555572337023722503e-02  -3.758034364267307231e-03  -3.520693810773997071e-03  2.543219154418480737e-06
-9.147442248351169080e-07  -4.593733507815715020e-06  -2.679613573328858199e-04  4.196566170965346579e-03  3.485970185733649020e-05  -4.280204992596082088e-06  -2.639163027597728067e-07  1.545315308457216417e-06  -1.200452433568592749e-04  3.941244531059492906e-02  -1.662523501187604337e-04  1.475874219934975824e-06  7.245546515987965449e-07  8.526999638452664373e-07  3.523876044059960546e-03  6.347461236107148144e-04  -1.059736578482935090e-03  -1.458226895607773789e-06
1.329345862696639039e-05  3.546587195067175521e-06  9.481474752418624086e-03  -8.015055157798547979e-04  -8.264786090091473221e-04  1.920870340501273679e-05  -1.204367781592075624e-05  -1.002157804522474641e-06  -2.983558525906530434e-03  -1.662778390200254062e-04  3.352421949928075656e-02  -1.406499133155965332e-05  -2.557301906719009411e-06  6.775537744894441683e-06  3.757804515345565272e-03  -1.741175863287258057e-03  6.376586272952457354e-04  2.853902341027308581e-06
1.985210161532815988e-04  -7.366616405294214298e-03  -2.530202197696599539e-07  7.232302902531104827e-06  1.589389351574796129e-05  -9.125214668513001448e-04  4.354110215626273033e-04  2.969652054892476991e-03  -1.266243943513739562e-06  1.507325218978371285e-06  -1.408248199642296143e-05  3.275347522365330138e-02  -2.689798572059036615e-03  -5.433401023745357272e-03  -2.035264668312867257e-06  -2.965766517664124261e-06  1.286928891606918586e-06  1.234276383048860289e-03
2.214190796162717953e-02  8.588558163761870860e-04  -2.646157042548051482e-06  -3.057032815429739458e-06  7.240726722021905258e-07  -8.491248048184201272e-03  2.152413509878920925e-02  -6.302107542234059237e-03  1.156462735460069640e-06  7.266914506405125205e-07  -2.733249850112656367e-06  -2.690113326353674172e-03  4.977223687497683846e-02  9.468481642154956109e-04  -1.510733780665926851e-06  3.139175917149394736e-06  6.539580574220125310e-06  -2.960181035581414214e-03
-9.839946812969077496e-04  3.677633999003739051e-02  8.719683033490082565e-06  2.633204947447690512e-05  -5.182073878384493890e-06  -1.818103884764938998e-03  -1.924310564669973146e-03  2.151840565301717592e-02  3.433438821061617124e-06  1.014689201458682849e-06  6.760100313591813927e-06  -5.433451373458996099e-03  9.468225451410586463e-04  4.257817538695998771e-02  -8.543337530262060442e-08  -1.414058702525397989e-05  -9.440464890948048861e-08  -4.464074558362641988e-04
2.193590330935943478e-07  1.818733189034601145e-06  2.290400177454739866e-02  9.833211499322449395e-03  7.201540636332129331e-04  6.725247942141694270e-06  -5.669112952235310664e-07  -7.654677284691835685e-08  1.555567801094421068e-02  3.523947742717192366e-03  3.757808728069273341e-03  -2.035847569053519490e-06  -1.494350956488288882e-06  -1.300719040218501918e-07  5.092743615278199493e-02  2.983687983664467212e-03  1.195395610167187530e-04  -3.801460473373623291e-06
2.431945580076662116e-06  1.459074883032485853e-05  -9.495789665362030368e-03  -8.585365058317060783e-04  -7.924672889316151112e-04  -1.356199181121716227e-05  3.426067232357560391e-06  1.537293024713754465e-08  -3.758157502730072232e-03  6.344336812273255284e-04  -1.741220784422979834e-03  -2.961829429103543517e-06  3.002146929867254909e-06  -1.403822596978990585e-05  2.983465124921094551e-03  3.354232930378858030e-02  -1.669426766981846040e-04  1.451241293332063370e-05
-3.394005999370836405e-06  -1.098355148761197035e-06  2.651218038869636675e-04  3.640249413719875060e-05  4.199703235783897558e-03  -9.142016182571662041e-07  -1.876609644754056258e-06  6.768378607634258560e-07  -3.520568805093970619e-03  -1.059722687980169066e-03  6.378674068778529939e-04  1.287998379721259925e-06  6.551878293764423343e-06  -1.124916788641937510e-07  1.196439703275628801e-04  -1.669874237295629446e-04  3.941464161790972365e-02  1.184124024648142632e-05
7.384197485228644921e-03  -1.841760467874151218e-04  -4.719711964594647290e-06  -1.285892598983623748e-05  -8.127067741821506185e-06  -9.470463938891937215e-04  5.424771079452720551e-03  2.686114087896879308e-03  2.559329554596706818e-06  -1.413882872799741028e-06  2.850121144364238224e-06  1.234247768267121310e-03  -2.959802787329706298e-03  -4.464763388956417053e-04  -3.714850279464706364e-06  1.455315964567079239e-05  1.180910131638000211e-05  3.279656014059912500e-02
