4.213564927109195862e-02  -7.483977949334697823e-04  -9.920719806119484799e-07  3.991780040294094141e-06  2.390926061168162551e-06  2.306722658360452292e-03  3.699925880209745804e-02  9.935869210333388678e-04  1.764605022891991145e-06  -1.424850276166946964e-06  -1.299247015053616724e-06  2.044890297328488869e-04  2.268463091328522599e-02  -1.043825851936297077e-03  -1.340676514097992890e-06  1.589659563587449283e-06  3.831030887135757526e-06  7.635953908498924539e-03
-7.485015914889472802e-04  4.208896245389592838e-02  -3.841481046570412786e-06  8.348441253360814029e-06  -3.465238626416600467e-06  -2.234968619977997697e-03  -1.064692184974089760e-03  2.266286711657799005e-02  -2.468193114776351166e-06  -6.698423897269137808e-07  -3.785070299344780444e-06  -7.597121630428810800e-03  9.819967975094837532e-04  3.707393849675884312e-02  1.600246146303029092e-05  -3.762333600553238679e-05  -1.733284444145050892e-06  -2.463828390450800644e-04
-9.501350059468044775e-07  -3.785851383012837601e-06  4.869528093677855801e-02  -3.243141983525864649e-03  3.178467878465015932e-03  -1.558249449011502794e-06  2.583491982726687192e-06  -5.268020326568988073e-06  2.341515345845809545e-02  -3.305586586593524303e-04  9.817112888095825413e-03  9.110426816456929300e-06  -1.897639416105936177e-06  7.137083710606242887e-06  2.344825732078468367e-02  -9.851338997253319268e-03  3.343076715188173279e-04  -1.348017170655343119e-06
3.812964642877414771e-06  8.213005710407155752e-06  -3.243171060733064832e-03  3.187479176756532334e-02  -2.016342694950859569e-04  -5.785332801304482285e-07  2.389520711562235070e-06  -3.266293507832916320e-07  -9.055344455218930803e-04  4.365647782815069988e-03  -9.656051193856648963e-04  -3.526874294757832531e-06  -3.632408938887691129e-06  -6.507365313219921524e-06  1.028056750879038569e-02  -8.337335575845239303e-04  3.673020713332207984e-05  -4.176911128215588845e-06
2.404774385454306523e-06  -3.501239546913218961e-06  3.178076494798644496e-03  -2.016156635747391973e-04  3.194593737111639520e-02  -5.629867839231884583e-06  -8.002469887227323914e-06  5.505593066763741133e-06  -1.022563838358487610e-02  2.176575189431457049e-05  -7.515419640641520698e-04  -3.590640785045809248e-06  7.480744002826926465e-06  -2.692110451728443602e-06  9.063778600405396390e-04  -9.629946421231803683e-04  4.368592804605309597e-03  1.001139826583250838e-05
2.306728060548428327e-03  -2.234941018716560691e-03  -1.480153644496287840e-06  -6.646879156338161845e-07  -5.744133742421688987e-06  2.742671099363782825e-02  2.123476151494972392e-03  8.692900972411130717e-03  -3.022590203746512805e-06  -5.391552187823668033e-06  2.562035021783451771e-06  -8.452178343516953676e-04  -8.748956611532063277e-03  -2.124261562878657864e-03  7.958203423583922194e-06  -1.104538416109477937e-05  -5.192948421375953951e-06  -8.850478584178214430e-04
3.699928420308644383e-02  -1.064526106285372748e-03  2.491131546633039010e-06  2.515148990572514130e-06  -8.009314451341083786e-06  2.123499884030826887e-03  4.221425950631243346e-02  1.048492066930460783e-03  3.227007754178704200e-07  1.100867363295484056e-06  3.264011509400201188e-06  4.583368481826584915e-04  2.204756112552958697e-02  -1.863088038293353021e-03  1.303489990536643015e-06  -4.527716971802880208e-06  1.252931032049524132e-06  5.781925510634428229e-03
9.936193048002332859e-04  2.266274819653739045e-02  -5.212912378508642757e-06  -2.111480735702624230e-07  5.528537199924507275e-06  8.692621567317128373e-03  1.048470238205882234e-03  4.926845168000674319e-02  3.753860213034753077e-06  1.407075667725565646e-06  6.300039682937031452e-06  3.596663221690324028e-03  -6.536306505897559495e-03  2.203374208079061577e-02  2.349361229882976128e-06  -6.293489645781218056e-06  -1.163573248416029668e-06  2.668957736075173049e-03
1.653141971344582527e-06  -2.565574149879581650e-06  2.341513135134309226e-02  -9.056434036653443443e-04  -1.022539145520051825e-02  -2.993248953051130726e-06  3.964882351108575300e-07  3.755014943642704185e-06  5.053364159034913483e-02  -1.434744585418929212e-04  -3.582831008609879599e-03  -8.861201335569850987e-06  -1.197337230796247086e-06  -7.370413198711984344e-07  1.593149909406907719e-02  -3.956312095323891165e-03  -3.661221996057672200e-03  -1.038542565519151173e-06
-1.572977879740836750e-06  -3.595068311724327339e-07  -3.305738396601222147e-04  4.365413387009793415e-03  2.161289676256191244e-05  -5.362374013032761718e-06  1.171456360184665266e-06  1.408206078168722129e-06  -1.434371414395987508e-04  3.920111665473221402e-02  -1.844781861318622743e-04  1.021136429839057246e-06  1.018802176266136213e-06  -3.038734416522699087e-06  3.668778203139140635e-03  6.900015942227891207e-04  -1.090904736753916734e-03  -1.456098765755622941e-07
-1.238413741039691171e-06  -3.867377990423885369e-06  9.817481120923579607e-03  -9.655363226361996778e-04  -7.515311965609132146e-04  2.667088622446636522e-06  3.243192160403011572e-06  6.312421941059040507e-06  -3.582519025713847872e-03  -1.846929130696489142e-04  3.228915563984895848e-02  -1.877311384430893718e-05  -2.092133831516340545e-06  5.141399730240016627e-07  3.954459886697690545e-03  -1.943048069459568476e-03  7.008043108130270838e-04  -9.737152600360350823e-07
2.046302297883598599e-04  -7.597371785297339641e-03  9.137553554774691518e-06  -3.553351524077861870e-06  -3.521102685724997466e-06  -8.452164299358700880e-04  4.582649966069533777e-04  3.596425290289704917e-03  -8.740452911710954110e-06  1.084613050548998550e-06  -1.877095494720260741e-05  3.141231217511645385e-02  -2.675704315435488596e-03  -5.790933768441411042e-03  -5.815036987430285788e-06  1.320857756561078517e-05  1.730114410123991365e-06  1.432789344500662006e-03
2.268468608396504230e-02  9.820958163767070075e-04  -1.949173388350274313e-06  -3.429005340533581213e-06  7.440400609227817915e-06  -8.748638785121672090e-03  2.204749041323053257e-02  -6.536256274084569981e-03  -1.168175249832749212e-06  1.137553454132971733e-06  -2.166785906697055243e-06  -2.676063969613205924e-03  4.924466972019553301e-02  1.051222334631357874e-03  4.228255094359863300e-07  -3.385053970240519342e-07  -4.925478647665251040e-06  -3.621051010886270315e-03
-1.043769366429619667e-03  3.707388190800559730e-02  7.248180659586735221e-06  -6.380638039606722897e-06  -2.768924121332656958e-06  -2.124355754535773785e-03  -1.863055362971218583e-03  2.203365385716462774e-02  -5.482901916021411104e-07  -3.115836325268274224e-06  5.308370386280604873e-07  -5.790922432894602540e-03  1.050974886498857053e-03  4.216874116006132100e-02  -1.537421823209314840e-05  3.911250735493566617e-05  1.742819049872620783e-06  -4.131845355017518080e-04
-1.264188113587670483e-06  1.632031619284075952e-05  2.344826966131151325e-02  1.028044064557917525e-02  9.064810722348320450e-04  7.746205589499509196e-06  1.444043701569888092e-06  2.379976437569872385e-06  1.593151669814007673e-02  3.668932149896768791e-03  3.954430376002109754e-03  -5.903418866435416149e-06  5.006895581015918117e-07  -1.560329782145698931e-05  5.051693267432075946e-02  3.585100363044122461e-03  1.347879762445813585e-04  -1.521472667603982578e-06
1.692212626994583473e-06  -3.759576801619929766e-05  -9.851509586589247275e-03  -8.337887338455621375e-04  -9.629912090378556656e-04  -1.109906635849410513e-05  -4.540946869443703478e-06  -6.214778342688906066e-06  -3.956316746589313461e-03  6.895911839637987621e-04  -1.942981615592515856e-03  1.311982106482446324e-05  -1.788467914614193943e-07  3.907124583489174910e-05  3.584931206490962318e-03  3.233440502002017658e-02  -1.747292251206086918e-04  5.411660910198670809e-06
3.971350045682210236e-06  -1.641082797763041170e-06  3.344034004526863545e-04  3.672870957775451649e-05  4.368287818859926258e-03  -5.203251109256190417e-06  1.331180136934473008e-06  -1.127676697086349801e-06  -3.661222890231909458e-03  -1.090869074411049324e-03  7.011602830443809447e-04  1.710023263758606030e-06  -4.948666487283121428e-06  1.598373860041099585e-06  1.347626518603151243e-04  -1.747507802591685743e-04  3.920357757774151075e-02  -8.118646916008720216e-06
7.636152839242018979e-03  -2.461904482294031103e-04  -1.381293258883988693e-06  -4.068102518681502474e-06  9.937920959845734947e-06  -8.851124556626173033e-04  5.781913921221369657e-03  2.668639754645977646e-03  -1.007925389281486415e-06  -2.966397453574697838e-07  -7.782222809098986228e-07  1.432828765284553316e-03  -3.620872381196504723e-03  -4.131566892285049161e-04  -1.667443151527528152e-06  5.473477680834717633e-06  -8.263261798200009740e-06  3.138949266717361991e-02
