4.413892009387235249e-02  -4.083012498639434118e-04  -3.153309588126340892e-06  -2.255088636619687697e-06  9.491068048757332786e-06  1.280528371351775030e-03  3.538829415019244945e-02  5.860806479060181153e-04  -8.762840280447586595e-07  -1.684856378033798313e-07  -7.822098633351830859e-06  1.450820009020412364e-04  2.084669775001622011e-02  -8.071333797807654555e-04  -8.372100799147012837e-08  5.240611862559136109e-08  6.818383395178067316e-07  6.937629987145533562e-03
-4.082400441354607293e-04  4.416564805390154475e-02  -6.878492819990528563e-06  -1.166328130213613761e-05  -2.016812422004872944e-07  -1.292018309199302042e-03  -7.984471827038769646e-04  2.084687753674622362e-02  -8.222773916046124228e-07  -3.426114789687399715e-07  -8.756799571550051961e-07  -6.946129398441900672e-03  5.865575033441726861e-04  3.536267366384877181e-02  6.123792545596467141e-06  -6.893620111798582824e-06  2.216214242832565783e-07  -1.318065897622825128e-04
-3.246061697047387264e-06  -7.025245666337437114e-06  5.071347733983206513e-02  -1.651868502465625443e-03  1.658020582814825330e-03  2.461079728851300066e-06  3.779873936814966942e-07  2.007468664741269118e-07  2.150770169292691783e-02  -1.541406543147189816e-04  8.619963899415786224e-03  1.333298307779061631e-06  6.165800834025951994e-07  5.853597753461061164e-06  2.150430088220580890e-02  -8.615235176745767928e-03  1.534361168282884300e-04  -1.253891224902588257e-06
-2.255549719568122240e-06  -1.166423854160518387e-05  -1.651698458689597427e-03  3.587140312210947146e-02  -8.646265618375992973e-06  6.947061500779109845e-06  -3.845022491398593362e-06  7.500881513858020453e-07  -3.979831199537808774e-04  3.758866268686010970e-03  -4.976401891397764718e-04  1.742631599028877058e-06  1.799095778214961498e-06  1.046986757147634561e-05  8.797555435227302420e-03  -1.017178738399463628e-03  3.849801620126212315e-05  -2.145216580576628925e-06
9.546318222636724629e-06  -1.713176262880119204e-07  1.657966101098253551e-03  -8.580241072857483156e-06  3.585811730428416916e-02  2.753894243551889383e-06  -9.183340932368835052e-06  6.933958612154546052e-07  -8.798149494817792543e-03  4.050037581160994231e-05  -1.011142259495615564e-03  -3.490704828276610924e-06  -2.883608135006853644e-07  2.406439102849645745e-06  3.979376811939273374e-04  -4.982000792927740278e-04  3.757788039616197229e-03  7.507799291086550678e-07
1.280554278561764955e-03  -1.291999059835361114e-03  2.493322409053240460e-06  6.920088369115549358e-06  2.693136267661824162e-06  3.310813796470952336e-02  1.279865675480798288e-03  7.822234722201035911e-03  1.875307800045245418e-07  4.497650076390122730e-07  -1.402047475340040990e-06  -1.108432200538676500e-03  -7.827507452936784474e-03  -1.265778785565520575e-03  -8.571930054889957830e-07  -2.734964809202341561e-06  -1.060902314763744628e-06  -1.112292326852122376e-03
3.538826136670183281e-02  -7.983665392858798476e-04  3.453073087812709919e-07  -3.713334429922827935e-06  -9.312688201806975573e-06  1.279923839854487690e-03  4.401245242656466605e-02  7.791530202473983613e-04  2.616347476603295301e-07  -2.650409230297721586e-07  6.733128775358059300e-06  3.578438829740229407e-04  2.020821779513409105e-02  -2.221287339112779698e-03  1.835430637385799684e-06  -3.791443755980154059e-07  -7.622981930560365232e-07  4.506398899460029028e-03
5.861530043659876708e-04  2.084674509307858636e-02  2.089720360358817963e-07  8.244244476420687133e-07  6.965814075523223682e-07  7.822309506196403750e-03  7.789925538373030029e-04  5.080122829323294176e-02  -6.643092801304856699e-07  -5.807570240298176489e-07  -1.727535846013218150e-06  1.709097837253730238e-03  -5.826441169009074009e-03  2.020850907387866657e-02  3.148728974619996026e-07  -9.522148030540701170e-07  -3.956272579879062579e-08  2.627497952589550982e-03
-8.444662597183483396e-07  -9.620109468808214755e-07  2.150771062575420819e-02  -3.980613526572198422e-04  -8.798116178222974496e-03  1.847551161735577255e-07  2.684593336947340665e-07  -6.745133081249436646e-07  5.173719465778552767e-02  -7.545570894360935875e-05  -1.776089784681274394e-03  2.094974460511478678e-06  2.915097186224793022e-07  9.484071882482133940e-07  1.461540108328823750e-02  -3.316781613305689637e-03  -3.179113776192114393e-03  -1.984562051204956410e-07
-1.733092851871200685e-07  -2.712780945996226164e-07  -1.541358217272221966e-04  3.758786757249058235e-03  4.045269065105114542e-05  4.693684877910174319e-07  -3.410945381991843401e-07  -5.825548940489526845e-07  -7.543862353673982436e-05  3.979940285424420077e-02  -1.223263834299804685e-04  1.622464393642575537e-06  9.759213272884313839e-08  6.402026543078104174e-07  3.179049172796770580e-03  4.949549079126978543e-04  -9.628694226097599985e-04  -2.854771842452411200e-07
-7.753627931366561521e-06  -9.781835169538680853e-07  8.620041357716011488e-03  -4.977221114997121623e-04  -1.011166912923088879e-03  -1.397848274045933299e-06  6.733450899687522950e-06  -1.782813214662357292e-06  -1.776072968158055312e-03  -1.223445440655353874e-04  3.609659516545760116e-02  6.982149340182709531e-06  1.921986271545241771e-07  -1.752726560159055914e-07  3.316092909229596212e-03  -1.342656660049079210e-03  4.957511721786583793e-04  -2.373025863594517063e-06
1.450513084899722189e-04  -6.946143446855306339e-03  1.272008884451494072e-06  1.859040603390478926e-06  -3.521818748015784172e-06  -1.108494864291983701e-03  3.579706858294370137e-04  1.709025483504501494e-03  2.136316304007718211e-06  1.623278620155836842e-06  6.938116882550036671e-06  3.561819019632392336e-02  -2.626194445914311216e-03  -4.500141027021971503e-03  -1.583140026741667622e-06  2.177311934076449575e-06  -4.292927034312928840e-07  8.229979799796861666e-04
2.084645736752583148e-02  5.866726478655498326e-04  6.216884667904371680e-07  1.737146609365704617e-06  -2.972473533058643630e-07  -7.827373955430339328e-03  2.020819160618040136e-02  -5.826410905397967285e-03  2.706680712510275494e-07  1.185060977988779433e-07  1.759190672718259026e-07  -2.626264107946059325e-03  5.080356702037455707e-02  7.774537792046809200e-04  -4.512750304886241630e-07  -1.448401550196668329e-07  8.592866683396307745e-07  -1.702905565572341564e-03
-8.069421595924561666e-04  3.536256048187699785e-02  6.014936150851280662e-06  1.047167288668468569e-05  2.267991018967366215e-06  -1.265644949517979664e-03  -2.221128956196507121e-03  2.020844634016432523e-02  1.057953748129449727e-06  7.121885910409390587e-07  -8.479159889049829082e-08  -4.500180729404698425e-03  7.776862196270259648e-04  4.403606114755176382e-02  -6.351597834613837017e-06  7.417096294795130156e-06  7.685830321974672337e-09  -3.738113741165087034e-04
-1.284115202213758504e-07  6.060367778794885612e-06  2.150427758846217008e-02  8.797476874255466886e-03  3.979899550178943703e-04  -7.866182864282547379e-07  1.895925415889818806e-06  3.412947166371411627e-07  1.461538647080055237e-02  3.179074293830831243e-03  3.315996066127624084e-03  -1.567187392965619263e-06  -4.410699103282479345e-07  -6.447359031863054181e-06  5.174225250010123373e-02  1.765436277869527303e-03  7.619094048431886894e-05  -2.093135713213111717e-07
7.635742619320420202e-08  -6.785750384773325743e-06  -8.615242776044251816e-03  -1.017172841248438530e-03  -4.982166597191810872e-04  -2.847528112668842800e-06  -3.736395167048720135e-07  -9.361614207387637691e-07  -3.316764173875412589e-03  4.949019237368902126e-04  -1.342619063540222320e-03  2.128678190893011509e-06  -1.580068468525827771e-07  7.526519852113142716e-06  1.765425970823572945e-03  3.612356917378468923e-02  -1.227824903311614338e-04  1.520898032006218256e-06
7.110732430742308825e-07  2.501553355201117701e-07  1.533981533635386493e-04  3.849920380220168937e-05  3.757835335620364134e-03  -1.031082752553737488e-06  -7.213365194512114844e-07  -3.265092624301289420e-08  -3.179113953327932125e-03  -9.628583545940375393e-04  4.957533782276280724e-04  -5.020554536182522138e-07  8.531160438896905833e-07  -1.553686906027187347e-08  7.618938120234324950e-05  -1.227670153624745291e-04  3.979931925570616424e-02  3.070816648860669048e-06
6.937624052756237621e-03  -1.316840646687442856e-04  -1.189115147162353738e-06  -2.249252425830414064e-06  6.410925363137800927e-07  -1.112263015091573444e-03  4.506332521495557721e-03  2.627699333552777246e-03  -1.341341411305306199e-07  -2.080903069628088821e-07  -2.422437561169794608e-06  8.230152816967332887e-04  -1.702904008554674206e-03  -3.737304916607401845e-04  -1.735628226650096631e-07  1.456240473228293475e-06  2.976526939774167996e-06  3.562964614271067060e-02
