4.362352669719167519e-02  -4.739826726570899301e-04  -1.242407431401208290e-06  4.810718807670809107e-06  1.475003296178445314e-05  1.467796094907709674e-03  3.589802580745285465e-02  6.622057439907847983e-04  -3.108477116209874826e-06  -4.978111856839047176e-07  -1.707053286135954681e-05  1.475519116169641512e-04  2.122868972325825734e-02  -8.706023643005774944e-04  -3.889595434485388262e-07  -3.384893464063096745e-06  1.787048877461998193e-06  7.047684304574151730e-03
-4.739812467216502723e-04  4.363656523331870679e-02  5.617887496764552469e-07  2.049308830289322383e-06  2.266662632218407248e-06  -1.479582917192483974e-03  -8.618333127718323054e-04  2.123744512097821766e-02  1.491881877915212027e-07  1.103007499337877692e-06  -8.576551088679068639e-07  -7.060129039522663845e-03  6.559393339683056157e-04  3.587425632579091528e-02  -7.227619748139838478e-07  -3.277012383906333250e-07  -3.781285170595702710e-07  -1.652257967102925920e-04
-1.317547338542777304e-06  7.085888010295841204e-07  5.036044456961733667e-02  -1.922680806348895386e-03  1.933653723202105211e-03  -3.636091183924829641e-06  2.607690510731885300e-06  8.034963904679447769e-07  2.193727336968592095e-02  -1.807548055557006066e-04  8.886669098036866637e-03  -3.296123283825184952e-06  3.842426239349473346e-07  -1.405979924780005307e-06  2.192693776056947597e-02  -8.873388483949527436e-03  1.826643731249935740e-04  3.756933196619337903e-06
4.909925770349300593e-06  2.001413304981389731e-06  -1.922372876478271137e-03  3.516467924757636643e-02  -2.933302520351240860e-05  -1.868340712127929939e-05  2.005000304988310113e-06  -1.658931524866260928e-06  -4.761015882441817595e-04  3.900043186395888480e-03  -5.705372429743525275e-04  -4.674984909051673057e-07  -2.750233006675668788e-08  -1.786406858759569865e-06  9.081137035917841160e-03  -9.363772520775720965e-04  4.250338368489458879e-05  1.232395743397087101e-05
1.479730029540620956e-05  2.159208945785129405e-06  1.933448787024612519e-03  -2.935073003452512945e-05  3.515099395239926899e-02  2.305112370412861587e-06  -1.437441121798878169e-05  -1.756028429426156570e-06  -9.094992364886285777e-03  3.926813124038870510e-05  -9.572869390275575438e-04  9.713992380829068620e-08  9.555168144860359814e-07  2.628319044918495786e-06  4.789834178082768993e-04  -5.726417429681310636e-04  3.898213117762776292e-03  5.296524172896522584e-06
1.467833761572954641e-03  -1.479580622696195042e-03  -3.559442738794571526e-06  -1.870417899400844347e-05  2.268762222203131373e-06  3.206495963310944386e-02  1.409682438721955892e-03  8.027478405572616507e-03  -3.696788007351346435e-06  -6.678780719186531426e-08  -7.756030301484372888e-06  -1.060134875579535211e-03  -8.008590906444540414e-03  -1.418976589960224298e-03  -9.936343567570081778e-07  1.178409672431286426e-05  3.142923742151083841e-07  -1.042109375931690339e-03
3.589805039651891572e-02  -8.619097432881050059e-04  2.580309228875643716e-06  1.828236937050556827e-06  -1.438849638580057688e-05  1.409704707797224382e-03  4.353219201832058544e-02  8.173333060855063900e-04  3.564209113853360313e-06  1.073309489180940392e-06  1.659407899105429205e-05  4.039373365149228528e-04  2.060335540308228658e-02  -2.110531054230240216e-03  1.328380825233438537e-06  -2.889806634833200455e-06  -1.291377781659506005e-06  4.779298145990540370e-03
6.621593179041702741e-04  2.123731879372248166e-02  7.628785711575055817e-07  -1.607580885957624408e-06  -1.678654418298631152e-06  8.027238217538697901e-03  8.171822836648733393e-04  5.052981660184982515e-02  -2.002637819894954439e-06  -1.833130631377079709e-06  -2.732519187457921604e-06  2.035591173446416741e-03  -5.953663017947897172e-03  2.060723605336413702e-02  2.690607865703122540e-07  1.945484460816043195e-06  -2.343773690429587550e-07  2.663255511754247708e-03
-3.060393410456125103e-06  1.109867793922617310e-07  2.193723607808342746e-02  -4.762100973042398297e-04  -9.095013067219699307e-03  -3.820854667563177920e-06  3.603787653620508506e-06  -1.984120657994182961e-06  5.152558978631879144e-02  -8.803391129699367928e-05  -2.096642389730281591e-03  5.695385931832716850e-06  -6.916036214418987084e-08  -4.483919320302962252e-07  1.490185049056118316e-02  -3.442536248428168175e-03  -3.282709087388861746e-03  6.117123765528874744e-08
-6.516257119534608620e-07  1.130048128079990691e-06  -1.807388628239110632e-04  3.900105458820145136e-03  3.931956193230013764e-05  -2.968909248853034016e-08  1.139819788524504053e-06  -1.831293465997782212e-06  -8.801706230733117740e-05  3.969734603439452336e-02  -1.362527072952451142e-04  2.525297863785526250e-06  -4.221840222000527882e-07  4.724928512464224083e-07  3.282537765731936494e-03  5.379814689995656221e-04  -9.947750906635574337e-04  5.269543481466167312e-07
-1.710326728051423466e-05  -9.304144738083916262e-07  8.886824047394870779e-03  -5.705246782563254404e-04  -9.573776900172611352e-04  -7.799387871739840895e-06  1.660141104325899253e-05  -2.776408841269014271e-06  -2.096610275577078138e-03  -1.362291564353869150e-04  3.539863953541512454e-02  1.254909112621366750e-05  -8.643800242865815235e-08  -2.906561692850135839e-06  3.442686728711971331e-03  -1.447969313514356092e-03  5.369725438436322726e-04  -3.858461510099799030e-06
1.474423298923015885e-04  -7.060141396622426554e-03  -3.309888671327217666e-06  -5.140202898353468398e-07  6.576546875141330092e-08  -1.060091601768484420e-03  4.039214813472370908e-04  2.035578095148619579e-03  5.645570194231613408e-06  2.531011535562880935e-06  1.253431662952259103e-05  3.484886835826513790e-02  -2.660838745783624532e-03  -4.781243680895557076e-03  -2.919229011669334892e-07  -1.881208504408250155e-07  -1.765192187452415476e-07  9.379275886384287652e-04
2.122874118397567039e-02  6.558419160399988441e-04  3.763643025082184496e-07  1.604254779158047884e-07  8.574911489686261344e-07  -8.008441642102352015e-03  2.060317790463238666e-02  -5.953621810480709542e-03  -6.819917476418001914e-08  -4.189664696220375458e-07  -9.714846717623530695e-08  -2.660683701761535659e-03  5.053752183329211778e-02  8.259901235270169281e-04  -1.153181766703423124e-06  2.656229751919841894e-06  -4.458839440693897658e-07  -2.028330522215454970e-03
-8.706790943588162959e-04  3.587413602280154629e-02  -1.345637859007237989e-06  -1.686394926548710356e-06  2.715935986403045808e-06  -1.419037021392147331e-03  -2.110458747407202486e-03  2.060729126416979348e-02  -3.822790688733585327e-07  4.303247146208178748e-07  -2.865065228680372405e-06  -4.781205053989026968e-03  8.259254792620249544e-04  4.354838292686132734e-02  1.063270103451378346e-07  -1.431639045822095189e-07  8.915839168587105252e-07  -3.868460441478180399e-04
-2.694300637337477051e-07  -8.081889305064350922e-07  2.192699898606367478e-02  9.081221794776031878e-03  4.790108212430245222e-04  -1.106991230480337670e-06  1.286525441011737917e-06  2.954878883160842370e-07  1.490186684176706203e-02  3.282516109880318465e-03  3.442752005357420115e-03  -2.617408813661210772e-07  -1.129100233046439869e-06  9.299317758085648100e-08  5.153457932147201964e-02  2.085537748497861502e-03  8.732866559712318150e-05  -2.255102013911229376e-06
-3.311562847265376898e-06  -3.415652728961459911e-07  -8.873565987987544132e-03  -9.364990941563671985e-04  -5.726689215283429189e-04  1.182959336154199367e-05  -2.852957928206869480e-06  1.657427390134062281e-06  -3.442449642255420925e-03  5.379681987019494221e-04  -1.447790869424564692e-03  -1.611968507884256483e-07  2.757251683071748363e-06  -7.864890408505589952e-08  2.085540805460747455e-03  3.540910707654262163e-02  -1.364345302232178726e-04  -2.940214046736241198e-06
1.810649506561003141e-06  -3.906752988220230207e-07  1.826583554418546992e-04  4.250637634003970073e-05  3.898287869194349588e-03  4.089717559483714949e-07  -1.318521189818684292e-06  -2.303035851258115760e-07  -3.282677395363811472e-03  -9.947745357913049050e-04  5.369217821310256263e-04  -2.221910563633255701e-07  -4.752929371382452824e-07  9.237432994263650334e-07  8.739035353288661541e-05  -1.364174701995294096e-04  3.969900571292293151e-02  -5.858961720903660899e-07
7.047979677756249783e-03  -1.652399341078663827e-04  3.731166259111271814e-06  1.229535172750454022e-05  5.264010963208267592e-06  -1.042379191674630773e-03  4.779298856181093437e-03  2.662951111246183913e-03  -5.916780317752470300e-08  5.241853965089001068e-07  -3.974657744237018731e-06  9.380418784531812087e-04  -2.028106171163807959e-03  -3.869981895751314687e-04  -2.495096504173371623e-06  -2.911300003575610650e-06  -5.260270301192901172e-07  3.485168825967488448e-02
