4.360566952020379639e-02  -4.776277251832008151e-04  -5.269784123732891059e-06  1.229473172668057985e-06  1.077158891970555606e-05  1.492289920303963837e-03  3.590325684010896301e-02  6.654911252871961334e-04  4.593354822641322263e-06  -4.660232444801379809e-07  3.052824679593524531e-06  1.401776067479684740e-04  2.123504913902189012e-02  -8.667723123885940793e-04  -1.303969746057464490e-06  1.431920881032824479e-06  8.302929251650577914e-07  7.051857580606809943e-03
-4.776332712361741313e-04  4.358522569623848875e-02  -2.912800779094674411e-06  -8.748440497710913702e-06  3.484939036564686287e-07  -1.484232116377800885e-03  -8.717216167562635712e-04  2.123389373730586935e-02  -3.979728121885259685e-07  -6.326808553830060668e-07  -6.313155928150172349e-07  -7.042956668052097538e-03  6.625219504987872165e-04  3.592282317786572171e-02  -1.211673610261563525e-07  5.664626051000015773e-06  6.750091542724784908e-07  -1.568002222053851307e-04
-5.268577465672299091e-06  -2.960002393845230601e-06  5.034798157870598589e-02  -1.942694665926454406e-03  1.938009486578226581e-03  -3.358775641039529308e-06  5.085351526368572168e-06  -4.738054632217983155e-07  2.193518720137472081e-02  -1.816433606806733118e-04  8.881862916836090471e-03  2.035447916518581724e-06  9.017439702953293677e-08  1.384091160250960325e-06  2.193533748710345399e-02  -8.881121111574420343e-03  1.829965893897719808e-04  4.157795755829310141e-07
1.135534303039013063e-06  -8.737761414915448235e-06  -1.942765895174643339e-03  3.513078525157981719e-02  -3.102469690724279726e-05  -3.936801065085259047e-06  -1.898781888948774395e-06  -5.092848150500839079e-07  -4.794511467734296605e-04  3.896594562811728831e-03  -5.731447425890813041e-04  -1.501342934630538338e-06  1.913659656282635592e-06  9.332288002334374608e-06  9.096039806360827276e-03  -9.491314372565606882e-04  4.277575869930170366e-05  8.821803052704672572e-06
1.075074208309942951e-05  4.044183040992293337e-07  1.937869740119935440e-03  -3.102358313594367101e-05  3.514033038195461811e-02  3.452002036914873425e-06  -1.084069012766766578e-05  -1.099878005571025344e-06  -9.098936253073567487e-03  3.915147927694682283e-05  -9.598932646235191352e-04  5.613017477531127839e-07  4.584253293436157030e-07  3.520751340894699635e-06  4.802536668403366770e-04  -5.730567069034326645e-04  3.897928711972872308e-03  2.006215921768119124e-06
1.492203820048841221e-03  -1.484240359311976608e-03  -3.355721200202070026e-06  -4.007746166344520215e-06  3.497462534800421372e-06  3.200995894833102290e-02  1.410303100588043224e-03  8.024622332328607693e-03  1.968718498152349722e-08  -2.957862414835461961e-06  -4.103000967680133417e-07  -1.053287914426796843e-03  -8.020323478644586848e-03  -1.420803411076092433e-03  4.658691324037459867e-07  3.283924097248263318e-06  -5.572475255858312389e-07  -1.048043707111007573e-03
3.590331398892042392e-02  -8.716985014063262502e-04  5.214587483414704398e-06  -1.716752116296798826e-06  -1.081729093567136722e-05  1.410320643243095137e-03  4.351613632871396964e-02  8.186705552695786557e-04  -4.410776159861308626e-06  2.006944440232600074e-07  -2.753235697198335263e-06  4.119270128912933134e-04  2.061217616770617475e-02  -2.102945643887113494e-03  7.824659718515091334e-07  2.463898522433956756e-07  -4.403030392399095402e-07  4.788934665852724419e-03
6.654402777593241116e-04  2.123386417439666884e-02  -4.628216304833496051e-07  -5.083447501996166381e-07  -1.249116359739927727e-06  8.024527038096430573e-03  8.185939868394701132e-04  5.052978944185624460e-02  3.726735927889491135e-07  -2.006868825017302444e-06  1.737615988895212680e-06  2.030547716342436058e-03  -5.957310502159291962e-03  2.061189585393827586e-02  4.495491113026704980e-07  8.514516653323495986e-07  -2.453530136535063345e-07  2.661535217209883356e-03
4.490435421311532663e-06  -4.101554064205326671e-07  2.193525312968776925e-02  -4.794330483500171074e-04  -9.098823083237365592e-03  1.378541975118600626e-07  -4.188429245354510068e-06  3.712429356265757749e-07  5.152737192592932169e-02  -8.862393018992909227e-05  -2.090414755492807277e-03  -2.017093356186924253e-06  3.809911987288780222e-07  1.312916725961657004e-06  1.490388465366132217e-02  -3.443936370331423819e-03  -3.283235469074810477e-03  2.274666242457521193e-06
-5.521800321841982949e-07  -6.489063385748548536e-07  -1.816554079586776035e-04  3.896660157095184658e-03  3.919359337607577554e-05  -2.941488366955133475e-06  3.578502582864802816e-07  -2.079012925127344312e-06  -8.862643518508734935e-05  3.969857987011668476e-02  -1.373767276759687780e-04  5.815352341975377139e-06  4.935568135559750230e-07  1.005600178393567257e-06  3.283185667444512082e-03  5.372781615579731371e-04  -9.947462829894711776e-04  8.623079983889384586e-07
2.967499876151197436e-06  -5.544318810130045660e-07  8.882016302355161264e-03  -5.731718535553595624e-04  -9.598784472474617769e-04  -3.304383228647673165e-07  -2.736851369644043714e-06  1.706199439388352584e-06  -2.090335719717519979e-03  -1.374117200128976545e-04  3.541343591658070028e-02  -5.018176371716485289e-06  1.136143010112938815e-07  2.562743833738266179e-08  3.444578239742100527e-03  -1.449023006361957857e-03  5.366008579220115683e-04  1.696063634520934959e-06
1.402141831944115681e-04  -7.042895555655799555e-03  2.100823530477122947e-06  -1.456417354039504556e-06  6.712078243118897413e-07  -1.053311633496120713e-03  4.118336870958664350e-04  2.030528556452066910e-03  -1.950631807672950188e-06  5.902829827264638859e-06  -4.994059012571771104e-06  3.485729921551729976e-02  -2.661737636867860489e-03  -4.794034108500068274e-03  -8.512600259087812772e-07  -1.870789697189334255e-06  -2.503692059129077180e-07  9.343887309498570375e-04
2.123488746195337923e-02  6.624378303090628110e-04  9.447408151135191633e-08  1.977110266156196964e-06  4.615453705569047738e-07  -8.020134688897026173e-03  2.061219990803507887e-02  -5.957257917399777329e-03  3.793616164922645951e-07  4.865630497510986638e-07  1.871571710541747164e-08  -2.661808376864128762e-03  5.052577370046805461e-02  8.220844227502788464e-04  4.270263138307558846e-07  -2.390604479776433043e-06  3.255633937388988000e-07  -2.040688125351953781e-03
-8.667453577155371331e-04  3.592285775646620466e-02  1.334805610191595183e-06  9.279719366653576987e-06  3.430170819420685183e-06  -1.420881675781395610e-03  -2.103029992739076023e-03  2.061194938389859441e-02  1.372786542124607972e-06  9.947198397164480494e-07  3.014964891709985240e-08  -4.794030826420825342e-03  8.221180801299191303e-04  4.349817967713683065e-02  -2.867439308989599852e-07  -5.619160860577896939e-06  -2.313354109168681187e-07  -3.943860827931763824e-04
-1.278733420163869781e-06  -9.820944233964887428e-08  2.193544093354830860e-02  9.096145949499482436e-03  4.803087773812537531e-04  5.605465841046489848e-07  8.150758241992865328e-07  4.631042944051573223e-07  1.490387551536662483e-02  3.283227616616312371e-03  3.444582876605387523e-03  -8.714584396756865976e-07  4.164202390002075092e-07  -3.812996314130607961e-07  5.152533063264815721e-02  2.095965434816626696e-03  8.795190194959831358e-05  5.975761422189280159e-07
1.477605416697801202e-06  5.615208149748052762e-06  -8.881247798848223782e-03  -9.492466737273640978e-04  -5.730909087517297405e-04  3.254734753140032875e-06  3.718043734547323526e-07  8.681879140719416820e-07  -3.443984367828258931e-03  5.372024519060318798e-04  -1.448994740144731634e-03  -1.887496160532705559e-06  -2.342000410604937152e-06  -5.599475417998315151e-06  2.095983334184349078e-03  3.539623981574450268e-02  -1.377961315870925745e-04  -7.044138940960895607e-06
8.008984280610136296e-07  7.627649014696138855e-07  1.830197338267609711e-04  4.281615644482891162e-05  3.898008313726335824e-03  -6.345783977518313314e-07  -4.561952310930592554e-07  -2.338239099838165432e-07  -3.283240869500881221e-03  -9.947456159214000410e-04  5.365407031772561784e-04  -2.348117662367913129e-07  3.361931177314250987e-07  -3.884141317228431720e-07  8.794549584419705367e-05  -1.377970264813971758e-04  3.969811512544984405e-02  1.640535003350195637e-06
7.051836891070663998e-03  -1.567245283410675233e-04  3.514711682856060748e-07  8.821976942786061807e-06  2.014480729334636268e-06  -1.048144026098409443e-03  4.788878416573348618e-03  2.661428331287277529e-03  2.276085571980001419e-06  8.461215662493814536e-07  1.597384705955105082e-06  9.343686951510420721e-04  -2.040669237762207655e-03  -3.943970188324598955e-04  5.848833428843988861e-07  -7.054235034606546715e-06  1.601125391359045303e-06  3.483360040610475328e-02
