4.470829134802865173e-02  -3.526520266671033239e-04  -1.071406494820234596e-06  1.116704090753160786e-06  6.513257120784191844e-06  1.121713757605918198e-03  3.480241878979258019e-02  5.281885143380902039e-04  -9.347967986030811169e-08  2.089924294306554963e-07  -4.015502506534532333e-06  1.069031569657877961e-04  2.048837731195054732e-02  -7.343226846461177199e-04  -4.175927985741829432e-07  -7.604407047382502112e-07  -7.879065053800684150e-08  6.857645035376460328e-03
-3.526340021171454333e-04  4.469163591118072848e-02  -3.030072952626029493e-06  -1.283440596850018814e-05  -2.893886774633748389e-06  -1.123618955476232912e-03  -7.342605776539360037e-04  2.048536744754722930e-02  -9.730821794304251840e-07  -6.043906286439254340e-07  8.084352711467367085e-07  -6.850404981104460736e-03  5.245008341767311722e-04  3.482032172997133468e-02  1.593146677376827023e-06  4.876667865930560603e-06  3.213023432160199516e-07  -1.140341156334777274e-04
-1.182853013481197146e-06  -3.104263534367685713e-06  5.100565622457924053e-02  -1.428117217875174080e-03  1.426588870220391742e-03  1.389433950619754211e-06  1.130834850684710557e-06  -5.765371927323639872e-07  2.110550341688386886e-02  -1.305332636029294204e-04  8.375916092241263849e-03  -6.655351938583360681e-07  -6.364779126130382842e-07  3.890962084855890997e-06  2.110664128865527914e-02  -8.377729222112545795e-03  1.308314417975056242e-04  -6.846709829516800475e-08
1.037780187997540388e-06  -1.282890408234636224e-05  -1.428060802904604441e-03  3.645598211883908230e-02  6.763006178901550158e-06  -6.304449070000885637e-06  -1.414412461900496348e-06  -1.096197726801674537e-06  -3.339850693069249129e-04  3.623570523573915996e-03  -4.377210788841625136e-04  3.415592813931610075e-06  -4.441073281668501576e-07  1.163985572857521717e-05  8.530307525373578836e-03  -1.067105539793286074e-03  3.781102954497359215e-05  1.201585056285658964e-06
6.533303668688047353e-06  -2.893131191116883822e-06  1.426541399971762878e-03  6.845029799083666416e-06  3.645993983975165387e-02  -1.033449267751674888e-05  -5.907976315050794627e-06  8.667083802369539827e-07  -8.530442098856743163e-03  3.624452382987370427e-05  -1.069821931251466228e-03  4.561151961085105810e-06  9.649422835446337478e-07  8.481876578997947597e-08  3.339863635741892388e-04  -4.367103171629852583e-04  3.623688562001169903e-03  6.293229794079330591e-07
1.121737339460712182e-03  -1.123527703689296536e-03  1.357330341292940374e-06  -6.344886367355472844e-06  -1.030854076860928619e-05  3.403375080313481710e-02  1.151740309863909977e-03  7.640181076094249187e-03  -1.158982891019522545e-06  3.886192415613236996e-07  4.181633573863620011e-06  -1.165025095282166577e-03  -7.642472682697268489e-03  -1.148373465304105851e-03  9.655290850504008495e-07  2.123138769896038859e-06  -4.354477170272869299e-07  -1.169672348660102815e-03
3.480245578072881790e-02  -7.343632793710124645e-04  1.134370154558341079e-06  -1.381772238034534522e-06  -5.816105104994176103e-06  1.151852392603605526e-03  4.454608923247507096e-02  7.363927776844170735e-04  -8.604068757198931757e-08  -2.043247142845498062e-07  3.944950345034452329e-06  3.501192077171215791e-04  1.983720120215645005e-02  -2.342891462731643958e-03  6.079317782726400096e-07  2.924783641190783571e-07  -7.021766843911157099e-07  4.244731434786528680e-03
5.279240829958613051e-04  2.048532176179774719e-02  -5.905013794383756813e-07  -1.138575962215551289e-06  8.046015145253498231e-07  7.640145448707920742e-03  7.363673443651744298e-04  5.102707545127991434e-02  -5.276296259320503159e-07  -6.026813361828015915e-07  -1.718772062339499110e-06  1.442472791173857313e-03  -5.714213464932704420e-03  1.983880484866080637e-02  2.033933784138076446e-07  7.158143567244867360e-07  2.381126948869138371e-07  2.586688052784202971e-03
-2.412059094399011185e-07  -9.691390848108105036e-07  2.110547099202244453e-02  -3.340496434684224795e-04  -8.530339195447966469e-03  -1.137370837000589209e-06  -6.009161024117245625e-08  -5.030454354260873828e-07  5.190946226280751530e-02  -6.665406895893855109e-05  -1.514425119025182304e-03  1.872069255803587362e-06  2.936515793336274276e-07  9.274968978259276198e-07  1.434662103925818562e-02  -3.202704095095171115e-03  -3.082178065047617987e-03  2.990470260831922204e-07
1.844361364989470488e-07  -6.219468952786580572e-07  -1.305276151054805941e-04  3.623552181190349553e-03  3.622494924927619251e-05  3.700217803455343578e-07  -2.207077963953395731e-07  -5.969930504580901883e-07  -6.664927594912333875e-05  3.988255579588684263e-02  -1.112504425371619113e-04  8.012989752865568008e-07  -1.342945427769496318e-07  1.220101377159007135e-06  3.082185323050214924e-03  4.595377700697891193e-04  -9.314560237913130977e-04  4.860371878106897843e-09
-4.006851892926181503e-06  7.263607257635009767e-07  8.375795833434653004e-03  -4.377139957380303341e-04  -1.069735929598516697e-03  4.157816038632964188e-06  4.020310888770616994e-06  -1.727752699764494503e-06  -1.514362341914861441e-03  -1.112523043091477300e-04  3.668505282666316425e-02  7.719827851420907290e-07  -8.136771273895444951e-07  9.052582509757910599e-07  3.202690888931521065e-03  -1.254858111723426923e-03  4.590652810477082011e-04  -1.104825505133895025e-06
1.070246996005831913e-04  -6.850368936585810552e-03  -6.272589024897222701e-07  3.464684679851811965e-06  4.597538304452689621e-06  -1.164905370109697380e-03  3.502783385030476234e-04  1.442396462910614440e-03  1.956784041952153201e-06  8.377409153705248416e-07  7.587626274813620475e-07  3.627607850188509231e-02  -2.586718769119129065e-03  -4.249402517508328939e-03  -8.155655641388138691e-07  -1.266530396317339630e-06  2.134564671815188586e-08  7.169885149746616556e-04
2.048836665385147388e-02  5.244251211000990455e-04  -6.464648534609892724e-07  -4.756080170725256228e-07  1.033088979623750665e-06  -7.642444996667309420e-03  1.983725117873017321e-02  -5.714215039923938207e-03  2.868971203813865271e-07  -1.415933377753496285e-07  -8.985480437268618989e-07  -2.586673485141820650e-03  5.102543081534987451e-02  7.397582858714885643e-04  -3.538200454410036068e-07  1.070605872491635165e-06  1.166347536936014626e-06  -1.445250950685785223e-03
-7.344493424467549549e-04  3.482047348059111314e-02  3.865855074639835129e-06  1.152610409463285081e-05  7.947772080906925692e-08  -1.148332672322375679e-03  -2.342765008343122759e-03  1.983881742953478439e-02  8.156975464059075822e-07  1.211271944584679557e-06  8.424404681430736275e-07  -4.249444247590332575e-03  7.397852729525812923e-04  4.452875289385065105e-02  -1.490165988010676864e-06  -4.834787079238228118e-06  -5.453515615554968537e-07  -3.433879588086593236e-04
-4.267998319362146699e-07  1.555934545733091617e-06  2.110663206293681218e-02  8.530306716854148610e-03  3.339546463181596037e-04  9.442555654068687478e-07  6.200519122889233064e-07  2.026027422826228610e-07  1.434665181428833834e-02  3.082199144376056993e-03  3.202599814961338415e-03  -8.285929902946832689e-07  -3.541694367933376956e-07  -1.358318792019081920e-06  5.190757776270469442e-02  1.518487155067507885e-03  6.677359673371538495e-05  -8.868943513865519326e-07
-5.850153228276401324e-07  4.843611010551806823e-06  -8.377754329870640629e-03  -1.067162018183045969e-03  -4.367977011124151939e-04  2.098564860886420105e-06  3.355857650960448469e-07  6.790135159427256298e-07  -3.202710130927739676e-03  4.594043961851731637e-04  -1.254836068384879199e-03  -1.235926874707505623e-06  1.077559065723016013e-06  -4.930617126251491215e-06  1.518486844650647049e-03  3.667430354384743074e-02  -1.124577323895324546e-04  8.375083181067656705e-07
-3.533566475794495173e-08  3.368294581448089894e-07  1.308248754100552430e-04  3.778368156770587933e-05  3.623663008224967640e-03  -4.212860288829579177e-07  -7.472504702293205471e-07  2.382370506787313525e-07  -3.082152797568326816e-03  -9.314556997089856087e-04  4.591805805604834813e-04  3.289245039247276789e-08  1.169211540787785428e-06  -5.355315682955747429e-07  6.675547748578956192e-05  -1.123721568226025393e-04  3.988261386588709545e-02  2.261726966138711038e-06
6.857340106270480226e-03  -1.140105921271907728e-04  -4.945517915832111453e-08  1.180405994799478076e-06  6.469360487145495883e-07  -1.169589300155784734e-03  4.244710937519406355e-03  2.586875891524306834e-03  3.325251625926725532e-07  1.126504353354766724e-08  -1.117691243466225576e-06  7.169604192065904408e-04  -1.445276140927717742e-03  -3.432849757078690616e-04  -8.607830789546238176e-07  8.181353801725832431e-07  2.286390477566511634e-06  3.627192961595240156e-02
