4.397129162504376243e-02  -4.359159211243804821e-04  -1.328750909680707227e-06  -3.566375336079708618e-07  4.707218394005332950e-06  1.341525567103093964e-03  3.555426452499842183e-02  6.098250809743755710e-04  -1.265873197027446087e-06  -3.466192065956155107e-07  -5.794675045496433917e-06  1.471405847490694278e-04  2.097455131095387823e-02  -8.212698795633082685e-04  2.616715599870727759e-07  -5.930459159411479276e-07  7.058833870963386384e-07  6.978672179181986089e-03
-4.358649141525556821e-04  4.397640009512028547e-02  -1.357390991400586394e-06  3.027000848483434836e-07  6.606246839467878481e-07  -1.332502607513458108e-03  -8.245042011385851632e-04  2.097426858476904646e-02  -1.809875198788147166e-07  4.725358452449613299e-07  -2.391707121520471047e-07  -6.972629341184612833e-03  6.107901365934909109e-04  3.554889872147920515e-02  3.050652595044868560e-06  -6.808456162228791350e-06  -8.465774486402430962e-07  -1.557484291956787398e-04
-1.303907416652264210e-06  -1.381168580179073098e-06  5.059684222431486134e-02  -1.750231041851151546e-03  1.745853827352971625e-03  1.351314511399057445e-06  1.924483827183578030e-07  -4.179235786111568321e-08  2.164314387069325371e-02  -1.634277497825687472e-04  8.695789615017990304e-03  1.073729342826050792e-06  2.793785178881793442e-07  1.167791225911239633e-06  2.164757307342198359e-02  -8.703129302487198904e-03  1.640702759091143147e-04  -6.757974993257396323e-07
-4.429575268486106680e-07  3.824206524536844407e-07  -1.750320784674281585e-03  3.562386974593975686e-02  -1.604759308004917004e-05  2.265422656537377149e-06  -9.761411799872902145e-07  1.033162784430845435e-06  -4.246836508450462866e-04  3.803102466123058165e-03  -5.235442930775545487e-04  -2.458229652093312556e-06  1.011258101948585750e-06  -4.523878808867541095e-07  8.900381822609311142e-03  -9.999692411794176578e-04  4.073944219251021253e-05  1.397684630979916025e-06
4.725492441010780094e-06  5.645905573982582795e-07  1.745832652547553432e-03  -1.619478556907352076e-05  3.562697608010770289e-02  3.246011640346090681e-06  -5.165856712892031202e-06  1.114539384862940453e-06  -8.894771079869589342e-03  4.018572516064064434e-05  -9.906728885833394546e-04  -4.642578493224733979e-06  4.422253845914887660e-07  2.079836468992830260e-07  4.255207239691901852e-04  -5.246467986344872415e-04  3.803531798613800710e-03  1.425548733428064207e-06
1.341490376350779404e-03  -1.332347849961786068e-03  1.326730763325313205e-06  2.269625467477575383e-06  3.304346557270465743e-06  3.277095262322059915e-02  1.324056881247062407e-03  7.892259797354004430e-03  -3.548709020297878627e-07  -3.830385285003577952e-07  -2.248930899716840741e-06  -1.093928376357650861e-03  -7.888833686239226511e-03  -1.337377426575283180e-03  -2.027694908534557659e-06  3.036284974611839392e-06  -8.182191795142811000e-07  -1.098228888104858672e-03
3.555421094566676293e-02  -8.246502732943179629e-04  2.088698778738560131e-07  -7.307939383814822378e-07  -5.215354921419202881e-06  1.323969470893555846e-03  4.385575375538499493e-02  7.918545809091723665e-04  1.114309034949572235e-06  1.392329770207460696e-07  5.742584391594504158e-06  3.738631555292864389e-04  2.033798489997735298e-02  -2.179799253240163708e-03  1.136476459950844342e-06  -1.178144069585937030e-06  -4.532496984966303742e-07  4.594593825781559567e-03
6.098736090049211795e-04  2.097421119887372953e-02  -3.069824629956009750e-08  9.951821240166365447e-07  1.238871887970575129e-06  7.892204179611511314e-03  7.916025518415585344e-04  5.072296865088955775e-02  -1.702121747951007071e-07  -8.121227297641532039e-07  -1.032792896222817253e-06  1.795716183605444369e-03  -5.867386532878550789e-03  2.033350356745627224e-02  -4.952236942347291778e-08  -8.248376225199094807e-08  -3.971830389413556867e-08  2.637480516448293191e-03
-1.225261164450981399e-06  -1.131365563891258176e-07  2.164310289290132319e-02  -4.246747930625543142e-04  -8.894706864409206160e-03  -2.786679737426628699e-07  9.818558031755811959e-07  -1.716079041065570952e-07  5.167784132749402709e-02  -7.907301628472550086e-05  -1.861084160483097126e-03  8.411656344903948588e-07  -4.706924133207847639e-08  5.827384573655890320e-08  1.470929668430871924e-02  -3.356589549710514622e-03  -3.213033415964509486e-03  -2.190852976561769671e-07
-3.397656121257046610e-07  4.807386369869769555e-07  -1.633872190109680791e-04  3.803013219486092115e-03  4.021792456536390993e-05  -3.767126406945554602e-07  1.801824456063524177e-07  -8.018187704454362049e-07  -7.906689767251292016e-05  3.976789202876934021e-02  -1.258333667689870070e-04  2.314462689270537771e-06  1.986874468634492275e-07  -1.352632058903057834e-07  3.213439412127431366e-03  5.080788678031131385e-04  -9.735299958246491914e-04  1.003145733487836251e-08
-5.811927231837856607e-06  -1.885796350034432002e-07  8.695920992443092329e-03  -5.234805879958647759e-04  -9.906973338378336977e-04  -2.139756479583845017e-06  5.562317195079469369e-06  -9.232524158892628180e-07  -1.861039626702883478e-03  -1.259445712081499655e-04  3.590861700993892847e-02  4.509990502324436993e-06  -2.085137631363039835e-07  -7.206430179290550768e-07  3.356646183338197077e-03  -1.373967202455551482e-03  5.086154101325791790e-04  -1.540397293361761978e-06
1.471247737322900668e-04  -6.972695815480563393e-03  1.061416045278346446e-06  -2.430527600339234177e-06  -4.740216563620571063e-06  -1.093964337856451804e-03  3.740343865675531724e-04  1.795579554517182878e-03  7.663925955842415170e-07  2.270517589179821145e-06  4.540025767654208147e-06  3.540376178725217898e-02  -2.640116689558148939e-03  -4.588041737028830495e-03  -8.603218810221093709e-07  1.884653332627221593e-06  -2.778683213662882511e-09  8.624607602901177613e-04
2.097451049178732096e-02  6.106398330335262260e-04  2.565566089038264466e-07  1.041684269660910926e-06  4.207449474357586867e-07  -7.888829392961973705e-03  2.033803900921614047e-02  -5.867423562809999209e-03  -4.145015147049438574e-08  2.031536758019585980e-07  -1.669703051735073276e-07  -2.640066324916492523e-03  5.071571995436750802e-02  7.913535055391648487e-04  -1.321800889852930348e-10  -6.707399686064030887e-07  -9.229947172771767551e-08  -1.810454471500980590e-03
-8.211866637892063347e-04  3.554891915229629190e-02  1.207944983970495754e-06  -5.990619331079869496e-07  2.855979886454799986e-07  -1.337274691028192191e-03  -2.179657872467715470e-03  2.033337751383459263e-02  3.717444492739044197e-08  -1.092656042928107401e-07  -9.232856629527575794e-07  -4.587987787146995122e-03  7.913779598895986965e-04  4.386318893446188028e-02  -2.934715051558318066e-06  6.099447438095210657e-06  8.177322271039323548e-07  -3.647181407995852480e-04
2.606547798304416557e-07  3.020681568653933355e-06  2.164754959267127521e-02  8.900357364675967609e-03  4.255499939314740182e-04  -1.980591597885576386e-06  1.016670166745718626e-06  -7.061821755872593141e-08  1.470930287063086130e-02  3.213432848009231853e-03  3.356598173029771634e-03  -8.254761411838414418e-07  -1.452405925750217553e-09  -2.859796659014698962e-06  5.167399557020575102e-02  1.866362131163810381e-03  7.808704782158939367e-05  1.618188532387559219e-06
-7.638655650634179153e-07  -6.741278396554230733e-06  -8.703259838037578217e-03  -1.000083665122198772e-03  -5.245535580399060364e-04  3.013103330273201594e-06  -1.089755913513797887e-06  2.005792315193303291e-08  -3.356677818948616138e-03  5.080594022592369290e-04  -1.374054203193106208e-03  1.903283763809180023e-06  -7.856378653424433209e-07  6.181929416710052507e-06  1.866235393478676450e-03  3.590161114981234997e-02  -1.240613254656297516e-04  -4.240929431907705129e-06
7.086072195369052942e-07  -8.782573201129598872e-07  1.640328980810929632e-04  4.071578667740188975e-05  3.803513512092274087e-03  -7.793175216069634020e-07  -4.657029779039034214e-07  -3.188632724903639518e-08  -3.213049826143626973e-03  -9.735313340973874782e-04  5.087992614102818676e-04  9.090431324923529073e-08  -9.644804453485002622e-08  8.970506481136368521e-07  7.807227110251479358e-05  -1.241385569975159912e-04  3.976780910338943709e-02  2.307744868078984519e-07
6.978654139945052008e-03  -1.557183468545786712e-04  -7.204287445461542412e-07  1.266196257966630529e-06  1.389265747323763444e-06  -1.098208342990822850e-03  4.594456368524444702e-03  2.637396813086303332e-03  -2.155809447348596977e-07  7.214777476808745760e-08  -1.567531809591458019e-06  8.625239441015942338e-04  -1.810393254841027822e-03  -3.646956437545554718e-04  1.683879134969832392e-06  -4.156461458548838901e-06  2.274228985070481480e-07  3.537770981747714871e-02
