4.224724632474181896e-02  -7.001576791986677652e-04  -8.544751116238564326e-06  3.877116211460675119e-06  1.850590000908107594e-05  2.241628681073658692e-03  3.695670704916374089e-02  9.507464404281464618e-04  4.873254308108305288e-06  -1.515032015724160321e-06  -3.317717349970590230e-06  1.603631297654652555e-04  2.249201699029498153e-02  -1.029187308412661279e-03  -7.841508886110860790e-07  -1.653360502604094367e-06  4.005437736212746193e-06  7.545125908669704333e-03
-7.000882801496630939e-04  4.221132051550886832e-02  -5.317882293666342585e-06  -1.269481961105320688e-06  1.126502555985868622e-06  -2.191398524782891405e-03  -1.050154685218123753e-03  2.247984992845204408e-02  1.032360852688726653e-06  6.597814592565650037e-07  -4.824233049775963749e-07  -7.506821428305890213e-03  9.430341494764752893e-04  3.700403358816760357e-02  4.589089001207908521e-06  -1.100170395963225728e-05  2.814795001685869792e-06  -2.081672556104162571e-04
-8.433212194150194161e-06  -5.320358060948697898e-06  4.890557884109224956e-02  -3.078725312932889275e-03  3.037241461292724057e-03  -5.831577088925995155e-06  7.309384102304719242e-06  -1.417914231595764294e-06  2.323837324619176803e-02  -3.053091174396017991e-04  9.697344321707030909e-03  8.789584698164763007e-06  -1.804316004933234388e-07  1.461677529125687440e-06  2.326869870370808918e-02  -9.740249597190712982e-03  3.091669886841481559e-04  -4.006264232614718843e-06
3.780362468855545268e-06  -1.425157647868709710e-06  -3.078595597268050932e-03  3.229439524982442161e-02  -1.738229894208362402e-04  5.124133331865733409e-06  -6.981263176368374854e-07  3.728389144466359150e-06  -8.394114848123743590e-04  4.305289699153757796e-03  -8.948168094298402037e-04  -5.603711777287904034e-06  -6.424442500037002069e-06  -6.075752011284741993e-07  1.013201058398595367e-02  -8.353101407244570677e-04  3.568078705058922920e-05  -1.845386967104889776e-05
1.860231603214540538e-05  1.286636839392430583e-06  3.037137374905435772e-03  -1.738372601118581416e-04  3.234185427991945888e-02  1.999346032518989553e-05  -2.085863466364244710e-05  2.878065358484239351e-06  -1.010089976287931006e-02  2.934018640384574865e-05  -7.929617788695301909e-04  -1.473394690726858619e-05  9.487405659879577317e-07  6.917942807608859390e-06  8.424008311066413920e-04  -9.010513442526647213e-04  4.307015283482820527e-03  3.112416830706304255e-06
2.241547375573350181e-03  -2.191261765413168080e-03  -5.791114918519268922e-06  5.151562059670912409e-06  1.984026547898985873e-05  2.797862480063121118e-02  1.975920780505646592e-03  8.635547284675375648e-03  2.013402704219184312e-06  -9.779743173472713370e-07  -1.596453531766257744e-06  -8.698260264502130894e-04  -8.650182704202490774e-03  -2.010936350512252096e-03  -3.465678723791573275e-07  -3.667824637993945058e-06  -5.018831007540274515e-06  -9.153212843396428414e-04
3.695667362792235539e-02  -1.050231542356483286e-03  7.221972401035327835e-06  -6.200887092324690572e-07  -2.082076811889172448e-05  1.976012283267682829e-03  4.229499648534446737e-02  1.012976426841708097e-03  -3.511493577096584690e-06  1.519433715806722885e-06  3.593550948875671699e-06  4.898216924815503850e-04  2.188925321498350063e-02  -1.881841708071770036e-03  3.547105690165107883e-06  -5.848398129128598317e-06  -5.417996706192807316e-07  5.693955494246366600e-03
9.508730173481425366e-04  2.247965238868972204e-02  -1.258362844782060008e-06  3.777331070180047944e-06  3.011060234292434544e-06  8.635200421607858862e-03  1.012858460139111870e-03  4.943893708941636544e-02  2.393673400580808286e-07  -3.044142788250533283e-06  -4.381962357807210082e-08  3.375952363938446426e-03  -6.462074593004804059e-03  2.187348483013467140e-02  1.168680046016786037e-06  -2.724632908126282951e-06  -7.000739492990068916e-07  2.668093689989322042e-03
4.893435692596432221e-06  1.063380398366407075e-06  2.323829881454373900e-02  -8.394799413849775294e-04  -1.010077652701899843e-02  1.910475022425080930e-06  -3.161026573066806375e-06  2.415160423187864054e-07  5.067511798654607963e-02  -1.427985313473693397e-04  -3.359730488050766909e-03  -3.461404350838189410e-06  -9.085430000735983600e-07  1.017315052378475024e-06  1.580820568849571409e-02  -3.891257810714815555e-03  -3.614915838253310310e-03  3.336452347320285272e-07
-1.631700808824813949e-06  9.083533992847301244e-07  -3.052658474779475044e-04  4.305108243127317089e-03  2.943365426670505397e-05  -9.242895419346611024e-07  1.509418463333659681e-06  -2.848392090030919682e-06  -1.427940764284682789e-04  3.927673378228743739e-02  -1.960448294211337256e-04  7.581773985593194065e-06  -8.410999630767707839e-07  -9.421122802346667945e-08  3.618142472985027419e-03  6.722329284844033321e-04  -1.079833273976483089e-03  -3.147264582084552924e-06
-3.259051310402260226e-06  -5.260523649287422201e-07  9.697465643242140707e-03  -8.947777673220465343e-04  -7.929039626028685844e-04  -1.647789892059383037e-06  3.524261109883347506e-06  -3.180524852378162861e-08  -3.359460696084246543e-03  -1.960815381479106417e-04  3.275880868038206356e-02  1.910046263267311558e-07  -1.071038431484671578e-06  -4.684904736547867002e-07  3.892783738664014424e-03  -1.875479300195990887e-03  6.763315188918107715e-04  -9.127550956551172218e-07
1.605823827144026920e-04  -7.507025303974270737e-03  8.738887059573805584e-06  -5.690161765662676507e-06  -1.470534699177186761e-05  -8.698756341352614340e-04  4.897773136795757461e-04  3.375567935301314153e-03  -3.578193659166236012e-06  7.756949745450304461e-06  6.833229059704422164e-08  3.189071620274097629e-02  -2.683250498439948908e-03  -5.687846661664028997e-03  -1.499023611957454447e-06  2.516604278018404573e-06  -1.203772009563622943e-06  1.351741962121682074e-03
2.249191862707992581e-02  9.430013803557431643e-04  -2.317323217224157923e-07  -6.237982567867942172e-06  7.539647376254726210e-07  -8.649894176732134121e-03  2.188929961700339377e-02  -6.462076938737694974e-03  -9.125632837462347142e-07  -7.925918192354318675e-07  -9.460875328665912730e-07  -2.683679792476950828e-03  4.941041588606780166e-02  1.020383185333747405e-03  -3.075834250335040275e-06  1.022730750049944959e-05  -1.604547252257666512e-07  -3.417124045221671576e-03
-1.029154952243531863e-03  3.700398175972459403e-02  1.562436843315090740e-06  -6.379507128839140393e-07  6.827222103550431513e-06  -2.010970077825888474e-03  -1.881821146600856772e-03  2.187358818095112151e-02  9.782578396878890841e-07  -1.134957497222619389e-07  -4.519668203314558461e-07  -5.687901686398107171e-03  1.020292370768464876e-03  4.226717760638654814e-02  -6.244892157105017210e-06  1.336205942003685028e-05  -1.737733827320170933e-06  -4.316079352725214605e-04
-9.509052395062004656e-07  4.493330271494673216e-06  2.326866912324270648e-02  1.013173866707611954e-02  8.424949619872633411e-04  -5.093788626256818774e-07  3.671166047964074131e-06  1.133915723085213872e-06  1.580828057944777196e-02  3.618297871193823598e-03  3.892770068482992105e-03  -1.450902849264447935e-06  -3.106877505825012513e-06  -6.251116291283485913e-06  5.064548107329475829e-02  3.403997537782002709e-03  1.343627627126857188e-04  -7.657883540454168045e-06
-1.592966293629349347e-06  -1.089314226757211830e-05  -9.740448987570780870e-03  -8.352850323543054966e-04  -9.010748012343914150e-04  -3.685177540834284405e-06  -5.753229442532611884e-06  -2.756996411451421797e-06  -3.891445782008947935e-03  6.719296745374830904e-04  -1.875498024854582550e-03  2.554740447924503162e-06  1.034791405949803497e-05  1.333878762056607600e-05  3.403793655155672778e-03  3.269132675497773977e-02  -1.820560802507799998e-04  2.796684427544955960e-05
3.999305677339628161e-06  2.759149248962198835e-06  3.091331519008109498e-04  3.566955853206691703e-05  4.307004390877981585e-03  -4.842728752167678993e-06  -4.260169315623088938e-07  -7.166315839426937287e-07  -3.614821958777234088e-03  -1.079803652899912359e-03  6.764660740288514331e-04  -1.375156547024739723e-06  -2.483120896992509358e-07  -1.592006676428497701e-06  1.343900596456786608e-04  -1.820645533552252586e-04  3.927826839379913032e-02  3.825647994579748826e-06
7.545277927019599512e-03  -2.081467959861871286e-04  -4.097353573929295070e-06  -1.840906723035084993e-05  3.091653224553157959e-06  -9.154379866035564041e-04  5.693821816025427737e-03  2.667827484811151513e-03  3.495711285238686906e-07  -3.214366446534948451e-06  -9.075795740280421056e-07  1.351743619781671599e-03  -3.416980010048121640e-03  -4.316487163548873266e-04  -7.804293443112958627e-06  2.792134777442096489e-05  3.812598924030274276e-06  3.185333818557149060e-02
