4.291063529697985296e-02  -5.850691167535247272e-04  -3.446656638038959288e-06  -2.770715439676015933e-06  -6.829884500200195948e-06  1.801234304508678987e-03  3.650245779085153908e-02  7.878398284294021482e-04  7.557839126096847766e-06  -3.278464371193951768e-07  2.153613668393855626e-05  1.724761253747880729e-04  2.181511059886908493e-02  -9.511052757851583229e-04  1.104586775990956730e-06  8.318162135575163121e-07  -2.278056930026004427e-06  7.247079590163885664e-03
-5.849811144314442891e-04  4.290769222859650012e-02  -8.547145385658007032e-06  -2.547687160314951951e-05  -5.355305183768402090e-06  -1.801460015734289259e-03  -9.506252101903246449e-04  2.181227439686409669e-02  -2.158665900005111999e-06  -4.606599903981691958e-06  1.895136814039547331e-06  -7.247625602083038535e-03  7.883856313589832771e-04  3.651030333282644091e-02  4.345667755337084157e-06  8.894039004159853248e-06  -2.747112757265394622e-07  -1.628254917344289601e-04
-3.377498935769745754e-06  -8.619341073990526280e-06  4.973262153849710571e-02  -2.416477924228627866e-03  2.420530190644429661e-03  5.596962830231069742e-06  4.427421154632320504e-07  -5.529640961748746421e-07  2.255720554156120244e-02  -2.328628409591569604e-04  9.271656893925056889e-03  6.836438979200135184e-07  -2.030891907194387105e-07  9.546391938952939981e-06  2.255857853054782022e-02  -9.275392172834467583e-03  2.311659946177677582e-04  -1.562109113051506341e-06
-2.839067768751631230e-06  -2.551883203563302732e-05  -2.416188905853300026e-03  3.393248441240333951e-02  -7.200182512204876127e-05  6.334098489765068082e-06  -5.835102555887194481e-06  -3.830219832628682387e-06  -6.280468751466056253e-04  4.097753525407030369e-03  -7.099212084732674797e-04  9.632723105088936309e-06  2.887922514051788073e-06  2.762233464158406351e-05  9.556068662804799788e-03  -8.835245573294888809e-04  3.311545073647206248e-05  3.302127985825549954e-06
-6.870631829205364903e-06  -5.329493974722546973e-06  2.420421246521162716e-03  -7.186127814991447320e-05  3.392378352031964056e-02  -1.434989776702269930e-05  6.948339368031932835e-06  -6.298047739870700896e-07  -9.554938016000102952e-03  3.741448442501491749e-05  -8.727249598525891900e-04  1.208437117241636827e-05  -5.638813811407389026e-08  -2.694974018154063873e-06  6.276514259860637096e-04  -7.108211677364171394e-04  4.092805287594922410e-03  -6.039335514119114649e-06
1.801161433213540903e-03  -1.801407818380244743e-03  5.737373096382680311e-06  6.388973013399160451e-06  -1.435999924905134446e-05  3.023363361910320901e-02  1.675511075766908343e-03  8.303361575120876692e-03  1.736233776335752971e-06  -4.829744766447288108e-06  1.272895369235315150e-05  -9.553649007617868788e-04  -8.315665807753388344e-03  -1.662825715725181315e-03  5.116482149155169230e-07  1.334434174186725626e-06  -2.362356398910752743e-06  -9.710059269179180082e-04
3.650245426123543968e-02  -9.506166918422130152e-04  5.290335112227690801e-07  -5.835579773155691304e-06  6.914395878531130215e-06  1.675561355031452261e-03  4.288751938555708521e-02  8.969044096777379314e-04  -8.627179267252327335e-06  -8.718516201632827682e-07  -2.168122160105701458e-05  4.372804251098090229e-04  2.120021473160407441e-02  -1.972742810120657175e-03  2.342041255561038916e-07  2.153986156986107087e-06  3.934922970690507936e-07  5.204958266105597607e-03
7.878251671583682289e-04  2.181227610516130178e-02  -6.345628446390766500e-07  -3.912579905971397586e-06  -6.794368863079589264e-07  8.302955190968370341e-03  8.969037435589093240e-04  5.005825898804439067e-02  7.919690485386023684e-07  2.245685144621807576e-06  2.288143489418130036e-06  2.619889910270154203e-03  -6.170326343505236691e-03  2.120136027711230428e-02  -4.362535498824728208e-07  1.474811072916259660e-06  -9.137455507621051530e-08  2.690047339199371380e-03
7.482138692825933432e-06  -2.104134198000092820e-06  2.255732536293222901e-02  -6.281710702931277233e-04  -9.554779295696621058e-03  1.751363378000869273e-06  -8.514651081024607874e-06  8.693598248858935954e-07  5.116084690220484149e-02  -1.074692257836833728e-04  -2.642017757422514008e-03  -2.720649691536214833e-06  1.393649395052861650e-06  3.679129812210152471e-06  1.532529772296362114e-02  -3.642764449543940426e-03  -3.437317592226257681e-03  3.810248630264841338e-06
-3.586185779005719849e-07  -4.651723266106620466e-06  -2.327978928208464162e-04  4.097806475529172307e-03  3.739543622424374260e-05  -4.909450567324331566e-06  -9.570396786222323573e-07  2.210851270680436736e-06  -1.074482998122110194e-04  3.952135338208121601e-02  -1.544584493076481930e-04  -6.580791429205810679e-07  1.434960624227655900e-06  6.276385293941181156e-07  3.437596084875171355e-03  5.995549566489971876e-04  -1.038678638793951239e-03  8.565416503765297251e-07
2.164165428301079131e-05  1.813693111806205528e-06  9.271838867432241615e-03  -7.099166105968930315e-04  -8.727662414604996782e-04  1.273488808746937348e-05  -2.172187149806655400e-05  2.185022764677438139e-06  -2.641935870985710842e-03  -1.545387807598017711e-04  3.423744534723077715e-02  -1.367746531018905232e-05  2.970307771738857722e-07  6.186919093468205635e-06  3.642135417602345403e-03  -1.629216410277902318e-03  6.004160985425642917e-04  5.991131201904025674e-06
1.725129284431650863e-04  -7.247626703594147422e-03  8.072515117457924534e-07  9.691740411715707315e-06  1.208185978209425307e-05  -9.553356889049496609e-04  4.372443772342373813e-04  2.619780751165439250e-03  -2.593910964724871547e-06  -6.328087769703090307e-07  -1.365930197970237529e-05  3.351780079788716643e-02  -2.690397221834383949e-03  -5.207944376837212418e-03  -1.778041518262747297e-06  -3.081956768529016729e-06  1.141733639686516563e-06  1.117403281610156304e-03
2.181519011132299415e-02  7.882536590825881375e-04  -1.495165272011781926e-07  2.887699846072981180e-06  -5.171650230768530626e-09  -8.315387648734736542e-03  2.120001451160637845e-02  -6.170330279151780596e-03  1.420401051280787281e-06  1.452552927679136720e-06  2.389351003999867526e-07  -2.690539412289590527e-03  5.006188454055554571e-02  8.949614151507312822e-04  5.552427544379591119e-09  -2.853700953125610175e-06  3.341760941449432300e-06  -2.606661211323640145e-03
-9.510806896459245499e-04  3.651033130799317961e-02  9.562306256818044672e-06  2.766344848942415275e-05  -2.664157943260599273e-06  -1.662832355855267284e-03  -1.972817319385797297e-03  2.120152296624390476e-02  3.736257857728428888e-06  6.581859642211787422e-07  6.250009252152291845e-06  -5.207921762329641158e-03  8.948888419396509603e-04  4.288143856839393003e-02  -2.861903611156762234e-06  -9.311060700719828764e-06  -2.916121092224976378e-07  -4.471754544017536516e-04
1.081761544451528286e-06  4.121722852835170417e-06  2.255856413032668664e-02  9.555934989019907941e-03  6.276129583309017707e-04  4.885950736791986516e-07  2.569334241175040018e-07  -4.700746016627667934e-07  1.532526928027668281e-02  3.437637934267784561e-03  3.642078917196940342e-03  -1.678551137835416950e-06  -7.110577274111704416e-09  -2.652766215282475520e-06  5.115809647657915821e-02  2.646158755422075171e-03  1.086918407874230082e-04  2.228918239072016165e-06
7.007816050086261881e-07  8.957378581253112195e-06  -9.275784133683240285e-03  -8.836872330721410934e-04  -7.108497157917794155e-04  1.306384740733162514e-06  2.110911390098243547e-06  1.539783026821579719e-06  -3.642913472734342784e-03  5.994980924343383533e-04  -1.629185275929947952e-03  -3.140238524966771649e-06  -2.904545161995241394e-06  -9.270947860307693198e-06  2.645995614154900057e-03  3.423707496023013774e-02  -1.546653155519411415e-04  -6.881706746994631211e-06
-2.173339724980042222e-06  -2.743040592178900354e-07  2.311085174895915399e-04  3.312431575956304472e-05  4.092796616552583401e-03  -2.551241623937735913e-06  3.039295898672876628e-07  -1.223742357571221072e-07  -3.437336792260275217e-03  -1.038684043999009085e-03  6.004637251886068379e-04  1.161181133767698630e-06  3.414219060012367489e-06  -2.282957630782784792e-07  1.086671886568714511e-04  -1.545937234927427279e-04  3.952502791741310112e-02  7.358182846344814351e-06
7.247311798081573254e-03  -1.628363900598588673e-04  -1.703911325025526825e-06  3.309312282117484420e-06  -6.066940465574603463e-06  -9.711645701364862542e-04  5.204895633295657416e-03  2.689870542217546057e-03  3.820572203752302863e-06  8.126524694549206674e-07  5.971791362096545607e-06  1.117402533905249851e-03  -2.606478404688858126e-03  -4.471972058862023819e-04  2.270697041801675482e-06  -6.846029111573212193e-06  7.290504881390920249e-06  3.355534812656295329e-02
