1.010000000000000009e+00  3.624552786286162842e+00  3.618223527993797539e+00  -7.474541230939338527e-04  2.896901238559590919e+00  1.574268740413309553e+00
1.010000000000000009e+00  -4.091710607966082194e-12  1.140381674267389185e-12  1.221725096125918366e-13  3.676646523768149650e-15  1.334255873130564195e-17
1.020000000000000018e+00  3.131728664652334793e+00  3.128663569291140867e+00  -4.324175682684031899e-04  2.564711619962205980e+00  1.555797788277842653e+00
1.020000000000000018e+00  -1.764039881891072927e-11  5.161790441824086461e-13  1.364448389261133344e-13  2.605470138278684607e-14  -5.951164482774803477e-14
1.030000000000000027e+00  2.858794250007450355e+00  2.857200651980011497e+00  -2.851941842056268878e-04  2.382237276575148499e+00  1.541920206241244262e+00
1.030000000000000027e+00  -9.227883125759646083e-12  1.036675201427603107e-12  9.522313982657564457e-14  1.423979594318319251e-14  -5.800078349945971855e-14
1.040000000000000036e+00  2.700721149013548317e+00  2.699627182356453048e+00  -2.316919377041217767e-04  2.266712846995525332e+00  1.530480622544694302e+00
1.040000000000000036e+00  -2.398359777654731650e-11  3.778261237596139456e-13  2.689975354263966218e-14  7.876659374278592812e-15  -5.670452224715679291e-14
1.050000000000000044e+00  2.592544088296460103e+00  2.591721148769228211e+00  -2.175753118945571271e-04  2.182942570178508568e+00  1.520584948048439022e+00
1.050000000000000044e+00  8.851243709143282696e-11  -1.831150148830286656e-12  -9.742570600836230222e-14  -1.154729745035141325e-14  -5.768486008325147869e-14
1.060000000000000053e+00  2.506160854568103336e+00  2.505568672484049131e+00  -1.944323921342242325e-04  2.114642122301019445e+00  1.511742403296701731e+00
1.060000000000000053e+00  2.573312656881559840e-10  -1.179015583290812366e-11  -3.337486500496530458e-13  1.270444620538911388e-13  -5.480143599474025182e-14
1.070000000000000062e+00  2.433092931868158004e+00  2.432667985424376234e+00  -1.746843957356097648e-04  2.056809990470574778e+00  1.503737049536099324e+00
1.070000000000000062e+00  -2.077657843511162945e-10  2.047814671275251391e-11  6.353343067546288855e-13  3.143532096958128960e-14  -5.360792561172937024e-14
1.080000000000000071e+00  2.369929033206316760e+00  2.369620360416770488e+00  -1.584218822210981838e-04  2.006983123190791307e+00  1.496420766286761239e+00
1.080000000000000071e+00  -3.629206951335540156e-09  1.647093682145597322e-10  6.209349930890219805e-12  6.256689502430468064e-14  -5.321266687190667278e-14
1.090000000000000080e+00  2.314460297682678469e+00  2.314231186536496843e+00  -1.447615583512979821e-04  1.963489054027355962e+00  1.489685318360228106e+00
1.090000000000000080e+00  1.788575318731898990e-08  -4.576551051785255944e-10  -1.447510161902998560e-11  2.118322254379792794e-12  -5.694997798785277001e-14
1.100000000000000089e+00  2.265146352292138676e+00  2.264973905822277978e+00  -1.333805353743785648e-04  1.925119789378202828e+00  1.483448785381610069e+00
1.100000000000000089e+00  -2.035796488099328983e-07  6.871518021495512083e-09  9.966120580622654995e-11  1.165028579454253053e-11  2.475168482243069075e-13
1.110000000000000098e+00  2.220860914115986962e+00  2.220728256762292130e+00  -1.232288404819088085e-04  1.890969313991157863e+00  1.477646536141522748e+00
1.110000000000000098e+00  -1.294116491762246103e-10  9.316222184805615478e-09  1.580978223038379379e-08  1.510319513279689135e-09  -6.543320328926058305e-12
1.120000000000000107e+00  2.180751891240884976e+00  2.180647755583668523e+00  -1.146608430453503567e-04  1.860340097424396655e+00  1.472226679183307407e+00
1.120000000000000107e+00  -1.159824895164675946e-11  1.580096578506905926e-09  1.331849197224428794e-07  -1.238306826010991579e-09  -9.431152365145523131e-12
1.129999999999999893e+00  2.144162550064309336e+00  2.144079251207295922e+00  -1.072768326084306271e-04  1.832685716097715467e+00  1.467146690449335766e+00
1.129999999999999893e+00  -3.858113470164942712e-12  1.528862703164687560e-11  4.104605708384920002e-09  1.347395747980460051e-09  -2.789517054846424315e-11
1.140000000000000124e+00  2.110575236331415638e+00  2.110507344382428929e+00  -1.008111057269459911e-04  1.807570607156001596e+00  1.462371320612475767e+00
1.140000000000000124e+00  -1.266233158337783397e-10  4.942598901612787860e-12  1.041067870654360484e-09  1.626126567655459404e-09  -2.039455545971833629e-11
1.149999999999999911e+00  2.079576024859229655e+00  2.079520063267864316e+00  -9.464142368311091085e-05  1.784643223850103988e+00  1.457870620641770421e+00
1.149999999999999911e+00  -4.312413420657720137e-11  -2.287798209487216948e-12  1.337807119477493721e-11  -5.431200265620719498e-09  1.685319915368730504e-10
1.159999999999999920e+00  2.050829579433717242e+00  2.050782909116466435e+00  -8.955887436269670558e-05  1.763616251327578155e+00  1.453619128314263431e+00
1.159999999999999920e+00  7.171614779886833116e-11  -1.197679108397906182e-11  6.953137225354816872e-12  -3.909206402948625994e-09  2.015565104683710029e-10
1.169999999999999929e+00  2.024058648024956053e+00  2.024019426594428683e+00  -8.493952667818952624e-05  1.744252542722481758e+00  1.449594652883465562e+00
1.169999999999999929e+00  -5.442270543528074817e-10  -8.969962242729114370e-11  -3.454161186389430636e-12  6.636179288434327500e-09  4.994750292270166785e-10
1.179999999999999938e+00  1.999035145720830853e+00  1.999001140839229862e+00  -8.082379817842071893e-05  1.726354575921438039e+00  1.445778271259982928e+00
1.179999999999999938e+00  -5.908209583752933744e-10  -1.473369500046096019e-11  3.090301517361700992e-11  -3.918960457600989468e-08  -4.950151644790351177e-10
1.189999999999999947e+00  1.975565018783745463e+00  1.975536224293270138e+00  -7.696199724852105018e-05  1.709756061166506136e+00  1.442153119582202381e+00
1.189999999999999947e+00  -1.457390197841756877e-09  -9.117355574095423017e-11  -3.193415353133109744e-11  -5.838933702852374102e-09  1.308299942510527758e-09
1.199999999999999956e+00  1.953486347142290525e+00  1.953461510314605576e+00  -7.348056650851119797e-05  1.694315659656990602e+00  1.438704408964469605e+00
1.199999999999999956e+00  -1.340617649317355907e-09  -4.670284310010804732e-10  1.276725074405794259e-11  -2.907247847212321846e-08  -1.654450608349293918e-09
1.209999999999999964e+00  1.932658734224905528e+00  1.932636824924079733e+00  -7.023983618595186333e-05  1.679912849574416889e+00  1.435419064811591650e+00
1.209999999999999964e+00  3.828598130862019327e-09  2.882396248712689457e-10  -3.005646199375399119e-12  6.938637724458388809e-08  -1.893708484015355054e-09
1.219999999999999973e+00  1.912963602038594502e+00  1.912944423234339997e+00  -6.733167021297662498e-05  1.666444076088846815e+00  1.432285311970981967e+00
1.219999999999999973e+00  1.017283387368929169e-08  -3.295162758198632354e-10  1.682367997343542225e-11  4.754068592178366855e-08  2.749190713648890297e-09
1.229999999999999982e+00  1.894296407227488599e+00  1.894279342693090173e+00  -6.457593486689972473e-05  1.653819498570859414e+00  1.429292637806482524e+00
1.229999999999999982e+00  -8.730983059038917828e-09  -4.533076468687260766e-10  -7.273039924789740375e-11  -4.413213356356290970e-08  1.780258217129156509e-09
1.239999999999999991e+00  1.876566584512064484e+00  1.876551785927894844e+00  -6.205405611730837690e-05  1.641960974376787341e+00  1.426431539837616613e+00
1.239999999999999991e+00  -6.897491787925518956e-09  1.490649025913415190e-10  -2.434763886464195519e-10  -9.148524685924117419e-08  3.455452767666620508e-09
1.250000000000000000e+00  1.859695433718187685e+00  1.859682232312794836e+00  -5.973666628632142957e-05  1.630799874019997153e+00  1.423693536687235639e+00
1.250000000000000000e+00  2.462063458962348763e-08  5.744472766435552854e-09  3.855737959399126052e-10  6.067287267828700608e-08  -8.523962255733115510e-10
1.260000000000000009e+00  1.843612795000665106e+00  1.843600207898470345e+00  -5.754437155871527649e-05  1.620275874332981036e+00  1.421070806423397670e+00
1.260000000000000009e+00  -4.831839029052778933e-08  4.015312565918996020e-09  2.732079620504874652e-10  9.566503286904647356e-08  9.189633392647029910e-09
1.270000000000000018e+00  1.828256230007078598e+00  1.828245542520800404e+00  -5.550801459945288354e-05  1.610335717376978781e+00  1.418556238107293588e+00
1.270000000000000018e+00  -2.708446532299419889e-08  5.094201811818863093e-09  -5.060943053257167426e-10  2.482420240109821938e-07  6.276852748404791225e-11
1.280000000000000027e+00  1.813571159564110857e+00  1.813561317858552568e+00  -5.356078660754455827e-05  1.600932322501725791e+00  1.416143416713463887e+00
1.280000000000000027e+00  -1.470362431302868776e-07  -2.245239487055263485e-08  -7.374351774018955908e-11  1.989163528289444914e-07  3.055888226612747975e-09
1.290000000000000036e+00  1.799508234110660743e+00  1.799499272500592051e+00  -5.177293187040658942e-05  1.592023565296774912e+00  1.413826384564078387e+00
1.290000000000000036e+00  -1.948240990847677353e-08  -7.698207329274577419e-09  5.026633260061507792e-10  2.765679455828790566e-07  -2.343940264053738379e-09
1.300000000000000044e+00  1.786023270801106566e+00  1.786015419431712825e+00  -5.010519988466765099e-05  1.583571661102137762e+00  1.411599694025482243e+00
1.300000000000000044e+00  2.887927595562981888e-08  -9.085636495173976212e-09  7.959412632938594334e-10  -1.847810571018587960e-07  -3.153399714608947843e-08
1.310000000000000053e+00  1.773076913407838351e+00  1.773069561439273745e+00  -4.843894640867177451e-05  1.575542492501626368e+00  1.409458296124810772e+00
1.310000000000000053e+00  1.985598565538083187e-08  3.616408060735067234e-08  1.999010757653700932e-10  -1.729098183796159266e-07  2.460450854358973635e-08
1.320000000000000062e+00  1.760632577564881007e+00  1.760626226885346535e+00  -4.695037819852529529e-05  1.567905973659495134e+00  1.407397647859101486e+00
1.320000000000000062e+00  2.890022687492681750e-08  5.034145712825251170e-08  1.541599583903322128e-10  1.029798680920749536e-07  2.291233954247653276e-08
1.330000000000000071e+00  1.748658812612262414e+00  1.748652335887777465e+00  -4.556977840314448944e-05  1.560634265304606139e+00  1.405413307345435348e+00
1.330000000000000071e+00  3.420682280239090893e-08  -8.059507020368400496e-08  -6.634593847823189976e-10  7.889159575111186836e-08  6.081345861666520840e-09
1.340000000000000080e+00  1.737124948009893588e+00  1.737119363848901754e+00  -4.417156701923224098e-05  1.553702404249534874e+00  1.403501376217513252e+00
1.340000000000000080e+00  -1.979738109406754261e-08  -8.652385395853428377e-08  3.581566650675199241e-10  -1.743016088022597142e-07  1.840738403198417979e-08
1.350000000000000089e+00  1.726004631317563875e+00  1.725998922079761577e+00  -4.286997954278377149e-05  1.547087922860648668e+00  1.401658199779260983e+00
1.350000000000000089e+00  -6.170550932721491800e-08  2.387470332537600208e-08  -9.297534371018097336e-11  6.498043655297358482e-08  -1.278394438268895539e-08
1.359999999999999876e+00  1.715272930578899180e+00  1.715268268152667419e+00  -4.165461731859718494e-05  1.540769658283535293e+00  1.399880320323317884e+00
1.359999999999999876e+00  -5.556300100660166523e-08  -4.078098219268879935e-08  8.549680902261074700e-09  -3.278255832497389919e-07  1.470740275718435391e-08
1.370000000000000107e+00  1.704907662123560819e+00  1.704903821708764422e+00  -4.048831951769291901e-05  1.534729318185073632e+00  1.398164508997837618e+00
1.370000000000000107e+00  3.791739348246356523e-08  1.589547463748690236e-08  -5.359477201578017543e-09  1.099570342313590035e-07  9.752619951379428061e-10
1.379999999999999893e+00  1.694888184171688739e+00  1.694883861150419779e+00  -3.935403742876194286e-05  1.528949266631858706e+00  1.396507838756909203e+00
1.379999999999999893e+00  5.544529504845914128e-08  -7.481812555030420873e-08  -9.535011015040422467e-09  -9.337953360719980977e-08  2.314383174699169345e-08
1.390000000000000124e+00  1.685195033745646498e+00  1.685191156767121390e+00  -3.827490253595479213e-05  1.523413678827608253e+00  1.394907342057158051e+00
1.390000000000000124e+00  -1.380491392813548732e-08  6.225481072111775046e-09  -3.258623630087359270e-09  5.528541231418161370e-08  1.220788550356974832e-08
1.399999999999999911e+00  1.675811173590374237e+00  1.675807634586798267e+00  -3.730031167232444254e-05  1.518108175666491588e+00  1.393360565577880017e+00
1.399999999999999911e+00  -8.576697735356559333e-08  3.472449604470093930e-08  -8.391200072958575488e-09  -2.331997531947752273e-07  -2.184729250643885259e-08
1.410000000000000142e+00  1.666719443320467731e+00  1.666715813025983595e+00  -3.634937167783326624e-05  1.513019146889220234e+00  1.391865061335207487e+00
1.410000000000000142e+00  -5.247012798261228677e-08  -1.740209947984449322e-08  -5.613233073768352687e-10  1.247318919428107840e-07  1.402033705199233222e-08
1.419999999999999929e+00  1.657905464224906700e+00  1.657902269044993160e+00  -3.534358051500061625e-05  1.508134294842836898e+00  1.390418292503818209e+00
1.419999999999999929e+00  -6.400173995042105507e-09  -7.283094778457737502e-08  -1.102164467349277585e-08  1.399104158365165138e-07  4.160674386827754347e-08
1.429999999999999938e+00  1.649355846884608789e+00  1.649352672524738495e+00  -3.450283817362173881e-05  1.503442100195880426e+00  1.389018403462888740e+00
1.429999999999999938e+00  1.886236091407342395e-08  5.017563388917266275e-10  1.694244323340108935e-09  -1.147638009625133134e-07  1.924745827668983104e-08
1.439999999999999947e+00  1.641056183095342735e+00  1.641053628334216308e+00  -3.361572440304411049e-05  1.498932086414914711e+00  1.387663062423519333e+00
1.439999999999999947e+00  -1.595907635563027219e-08  -8.997951372489413740e-09  3.811262773816222637e-09  -2.600575746688831794e-07  -2.373446064716318218e-08
1.449999999999999956e+00  1.632995981781567796e+00  1.632993198545631630e+00  -3.283728608275179845e-05  1.494594339066531052e+00  1.386350560069985471e+00
1.449999999999999956e+00  -2.345609591288771965e-09  6.983420356540096121e-08  1.577397953263965816e-08  -1.718450010344918879e-07  -3.334369619192693868e-08
1.459999999999999964e+00  1.625162643110384719e+00  1.625160524781999349e+00  -3.197920670058739841e-05  1.490419695449741733e+00  1.385078965401673745e+00
1.459999999999999964e+00  -1.645227303952825000e-08  -2.012784686321183293e-08  -2.163322701028320708e-08  1.189794120808979018e-07  -3.739111608582076050e-08
1.469999999999999973e+00  1.617546139550579465e+00  1.617544059698230452e+00  -3.124847197243246652e-05  1.486399725071951616e+00  1.383846663530501120e+00
1.469999999999999973e+00  -1.055633154262566267e-08  -4.350223155503304154e-08  8.196054079238105879e-09  -9.948752912101012716e-08  -1.677674536917700063e-08
1.479999999999999982e+00  1.610137192132348849e+00  1.610135185253132484e+00  -3.049014516719709836e-05  1.482526401640850366e+00  1.382651861894948375e+00
1.479999999999999982e+00  -3.659321078331972911e-09  3.109290823391914295e-08  6.635299471847308906e-09  1.095690228202195307e-07  6.434083496679500209e-09
1.489999999999999991e+00  1.602926156062086438e+00  1.602924158767593976e+00  -2.976079895447153727e-05  1.478792568814587094e+00  1.381493221081499190e+00
1.489999999999999991e+00  -2.538668044044030592e-08  5.697740093618682081e-08  2.581374403967141991e-09  2.231009903256274407e-07  -1.800150004493299757e-08
1.500000000000000000e+00  1.595904419755180603e+00  1.595902340054403679e+00  -2.909961796902053323e-05  1.475190929895664693e+00  1.380369117929130862e+00
1.500000000000000000e+00  -8.368581086711718176e-09  1.620916121232021484e-08  -6.104378465582836478e-09  -8.935288217615248051e-08  -3.712235813587089553e-08
1.510000000000000009e+00  1.589063749505059464e+00  1.589062333242391434e+00  -2.848977197734724523e-05  1.471715349558656794e+00  1.379278268080996295e+00
1.510000000000000009e+00  -2.226475057458502566e-08  -4.910603085654114132e-09  8.643245966736131776e-09  -1.097229986495376619e-07  -2.731252932966412444e-08
1.520000000000000018e+00  1.582396885222995042e+00  1.582394829844578243e+00  -2.784405200325280164e-05  1.468359900877927782e+00  1.378219400160280772e+00
1.520000000000000018e+00  -5.565145842258520747e-09  5.584307406847373112e-10  -4.314871772503836357e-11  -1.590705499458864441e-07  -5.952902825117224045e-08
1.530000000000000027e+00  1.575896219477424864e+00  1.575894864669067585e+00  -2.723041583742459554e-05  1.465118718645282980e+00  1.377191275322148023e+00
1.530000000000000027e+00  -6.333021640230580381e-08  -3.071258225322406396e-08  3.178482824228811780e-08  1.130181071504175444e-07  2.517816255461554232e-09
1.540000000000000036e+00  1.569555418525331092e+00  1.569553881962009623e+00  -2.662077519885123949e-05  1.461986264653290846e+00  1.376192598289935010e+00
1.540000000000000036e+00  1.040712784147638889e-08  1.407598575956929123e-08  -1.149141614749389878e-08  -3.475346494005054129e-08  -3.610383122651904253e-08
1.550000000000000044e+00  1.563367764696719009e+00  1.563366691847046130e+00  -2.604569855694059344e-05  1.458957896921355246e+00  1.375222366251269701e+00
1.550000000000000044e+00  -6.058594824136104304e-09  8.552790270842128465e-08  5.119109261957210378e-09  -1.109164939681371391e-07  -4.953630716966641971e-08
1.560000000000000053e+00  1.557327714076528702e+00  1.557326580018992379e+00  -2.552220935448313831e-05  1.456028998425381582e+00  1.374279417852635632e+00
1.560000000000000053e+00  -2.635026887398093364e-08  9.731589409548528496e-09  7.091934658017237743e-09  4.646210874269402997e-08  2.725428125676808595e-08
1.570000000000000062e+00  1.551429168366923905e+00  1.551427842110703725e+00  -2.497664060695528205e-05  1.453194643589052593e+00  1.373362776008374198e+00
1.570000000000000062e+00  2.381078345138685620e-08  -2.736154737619115629e-08  -5.165556632932216488e-09  9.973274103348506257e-08  -2.973642174692952243e-08
1.580000000000000071e+00  1.545666925257964897e+00  1.545665873150080749e+00  -2.444673456280935510e-05  1.450451167916066098e+00  1.372471570622310955e+00
1.580000000000000071e+00  2.565655340916645916e-09  -2.791474391705374272e-08  -2.427404531865851693e-08  1.465793994788276423e-07  -4.199261127214339029e-08
1.589999999999999858e+00  1.540035993123349156e+00  1.540034957862733700e+00  -2.394721510071538980e-05  1.447794446062554696e+00  1.371604757414827347e+00
1.589999999999999858e+00  -1.590923785451181126e-08  -2.713556396129582597e-09  2.630381271085289337e-09  1.969427981892392311e-07  1.489982692957849027e-08
1.600000000000000089e+00  1.534531224946231509e+00  1.534530567821353442e+00  -2.348136336324372733e-05  1.445220826575657425e+00  1.370761525902659317e+00
1.600000000000000089e+00  6.200961385365584802e-09  6.417053181743273777e-08  -8.681259927192987782e-11  1.445462226754522499e-07  -5.294980694085772012e-10
1.609999999999999876e+00  1.529148629024812411e+00  1.529147875256240408e+00  -2.298726789177967414e-05  1.442726739420736815e+00  1.369940973774874227e+00
1.609999999999999876e+00  2.867915024304172757e-08  2.793263308880683338e-08  1.502757823308261066e-08  1.455882322721326419e-08  1.615675135902537064e-09
1.620000000000000107e+00  1.523883010479641920e+00  1.523882425190317358e+00  -2.255419034153522868e-05  1.440308832053765808e+00  1.369142427518109217e+00
1.620000000000000107e+00  -3.911541749274151223e-08  -1.041974944783074568e-08  8.246025746712608676e-10  1.381715847275776388e-07  4.661595422484634231e-09
1.629999999999999893e+00  1.518731544455101279e+00  1.518730729164442961e+00  -2.211170512600025469e-05  1.437964221736524273e+00  1.368364983581929595e+00
1.629999999999999893e+00  9.884349337964693203e-09  -3.275630976050624357e-08  1.404381541007160947e-09  -1.823557257142448132e-08  2.062294254073467666e-08
1.640000000000000124e+00  1.513689124291028643e+00  1.513688301241792100e+00  -2.165079815455172609e-05  1.435689432855265402e+00  1.367608032267877860e+00
1.640000000000000124e+00  3.068166555180400628e-08  1.749467975219569855e-09  -3.181438721190954848e-08  -5.031794831798936123e-09  6.572787118676488849e-08
1.649999999999999911e+00  1.508752222597800730e+00  1.508751943539909712e+00  -2.123573438680294217e-05  1.433482190174245829e+00  1.366870765647191455e+00
1.649999999999999911e+00  3.247501454410356721e-08  -1.290470722316659071e-08  1.212613171880790286e-08  1.334424208132757193e-07  -3.665229430683679575e-08
1.660000000000000142e+00  1.503917668018696530e+00  1.503917025388659345e+00  -2.085632958685943358e-05  1.431339731365071311e+00  1.366152553375785228e+00
1.660000000000000142e+00  -4.178294740226272024e-08  2.435423490873349004e-08  2.800632336347264380e-08  3.475261321390971965e-08  -3.167632655122780330e-08
1.669999999999999929e+00  1.499181993863076379e+00  1.499180974342861461e+00  -2.047507894621781487e-05  1.429259191658025507e+00  1.365452787957932124e+00
1.669999999999999929e+00  1.686380319526265868e-08  4.353027935047876112e-08  8.206037572484486659e-09  1.383762710077099303e-07  6.406533173332774195e-08
1.680000000000000160e+00  1.494541473519463093e+00  1.494540629453380509e+00  -2.010356336612282611e-05  1.427238445666009437e+00  1.364770845564868607e+00
1.680000000000000160e+00  3.772363773676924975e-08  -2.065234997513199706e-08  9.080027837640292786e-09  3.572602059835876948e-08  3.297375778180794935e-08
1.689999999999999947e+00  1.489994019954874016e+00  1.489993130220776951e+00  -1.969725851579322585e-05  1.425275237773882209e+00  1.364106179090098125e+00
1.689999999999999947e+00  -1.044976245907654581e-08  2.370366097278837786e-08  -3.324672059181061759e-09  1.573111023933705687e-07  1.449603268934636542e-08
1.700000000000000178e+00  1.485535580838046599e+00  1.485534911078532083e+00  -1.931616200516098110e-05  1.423367007653548733e+00  1.363458104827559358e+00
1.700000000000000178e+00  5.840163687234300033e-09  -3.102054391708869086e-09  -6.022821532608086495e-09  1.752284919891766631e-08  8.116152793645426897e-09
1.709999999999999964e+00  1.481164036068878920e+00  1.481163244060045070e+00  -1.899598337626205987e-05  1.421512288100517774e+00  1.362826166440179954e+00
1.709999999999999964e+00  -8.545142804605055697e-09  3.546978390999593002e-08  2.862927701047875717e-08  -3.529655418502619310e-09  -7.929170498535914949e-08
1.719999999999999973e+00  1.476876318820281808e+00  1.476875739948820376e+00  -1.869704322672582908e-05  1.419708520372965355e+00  1.362209817761348862e+00
1.719999999999999973e+00  5.464877179684800370e-08  1.284304893180087126e-08  1.446697949046503269e-08  5.265781156238318105e-08  -1.539247488241976894e-08
1.729999999999999982e+00  1.472670380733460682e+00  1.472669900558922329e+00  -1.835273191336720370e-05  1.417954229288940882e+00  1.361608571181331273e+00
1.729999999999999982e+00  -1.649116578873858296e-08  -2.775816169434375988e-11  1.641144561880343687e-08  1.204445645583895538e-07  3.264182673359513134e-08
1.739999999999999991e+00  1.468543258503659521e+00  1.468542732219466407e+00  -1.801945231329185382e-05  1.416247475203433304e+00  1.361021971856536172e+00
1.739999999999999991e+00  -9.235998108729258685e-09  1.756735073852257077e-08  -1.539034635624385496e-08  2.173923943362906803e-08  1.015597760227875145e-08
1.750000000000000000e+00  1.464492959129720218e+00  1.464492266385755803e+00  -1.771095449154139604e-05  1.414586697844517849e+00  1.360449585093826075e+00
1.750000000000000000e+00  -1.637708412277418181e-08  6.144874637449511840e-08  -1.187663436385829065e-08  -1.236936095768736749e-07  2.036719466997770518e-08
1.760000000000000009e+00  1.460516572812781577e+00  1.460516307773694011e+00  -1.738932020486325756e-05  1.412969887467311558e+00  1.359890930166089307e+00
1.760000000000000009e+00  -1.136088827955910719e-08  8.691955622885181335e-10  -3.125800285652679199e-08  1.548612520826132810e-08  -2.155594937445983079e-08
1.770000000000000018e+00  1.456612779191619467e+00  1.456612097404292649e+00  -1.711343752214705241e-05  1.411395952579107549e+00  1.359345529289878174e+00
1.770000000000000018e+00  -1.922056123084768224e-08  -4.088701401953397466e-08  2.845928129824069497e-08  -2.502784094822962067e-08  -5.894440594601596181e-08
1.780000000000000027e+00  1.452778839544813794e+00  1.452778412133972852e+00  -1.680206370776526906e-05  1.409862998523751854e+00  1.358813101918992183e+00
1.780000000000000027e+00  -1.477596137696348518e-08  -1.147215684658909887e-08  2.208302339078884836e-08  -2.186191784292015644e-08  -2.971564947824520148e-08
1.790000000000000036e+00  1.449013194699857676e+00  1.449012086642688768e+00  -1.652551376957632278e-05  1.408369908999106856e+00  1.358293152815848837e+00
1.790000000000000036e+00  7.707551667513908791e-09  9.455873129937988777e-09  -2.659982501367087314e-09  -5.487791516211589182e-09  2.655181767838689713e-08
1.800000000000000044e+00  1.445313932352072950e+00  1.445312902044543657e+00  -1.621385268151006426e-05  1.406915275265636867e+00  1.357785346018147710e+00
1.800000000000000044e+00  -2.002104134480907458e-08  4.834247789776634319e-08  1.156348681441039820e-08  -8.499801133220448693e-08  -1.959421570135733148e-08
1.810000000000000053e+00  1.441678452257528331e+00  1.441677578763580492e+00  -1.597871447129173899e-05  1.405497654457333212e+00  1.357289311488812489e+00
1.810000000000000053e+00  4.341688775823597999e-08  -1.818964322298094173e-08  -2.006800123611942228e-08  -4.169868338720284428e-09  -3.000717132084040721e-08
1.820000000000000062e+00  1.438106180209318685e+00  1.438105774615545673e+00  -1.571587264703812087e-05  1.404115908204424557e+00  1.356804749325972059e+00
1.820000000000000062e+00  -4.486442273377242420e-09  -3.191558453857540999e-08  4.008828338136521466e-09  -1.043094743230171362e-07  6.815746583538773856e-08
1.830000000000000071e+00  1.434594771102811084e+00  1.434594275348226811e+00  -1.544619682381295558e-05  1.402768997676494545e+00  1.356331167567882856e+00
1.830000000000000071e+00  -3.221539360934888199e-08  2.344925431378409180e-08  -2.814812521225263122e-09  -1.307877995852108066e-07  -5.429741972033175820e-09
1.839999999999999858e+00  1.431141957319306934e+00  1.431141676555360620e+00  -1.523829524757840882e-05  1.401455485818313029e+00  1.355868422604480816e+00
1.839999999999999858e+00  8.330756257107090668e-09  1.377847839278152864e-08  3.047694960968881881e-08  1.411056807070892047e-07  -7.527573966985496093e-08
1.850000000000000089e+00  1.427747271106441174e+00  1.427747042347450313e+00  -1.499882673612445103e-05  1.400174307000833895e+00  1.355416101854147293e+00
1.850000000000000089e+00  -6.152080343320822844e-09  -7.576932329620107101e-08  -2.537740392584252613e-08  -1.471009715511178203e-08  -3.487771163445860766e-08
1.859999999999999876e+00  1.424408788298846096e+00  1.424408409009046750e+00  -1.475560948828521497e-05  1.398924458897947476e+00  1.354973918897536711e+00
1.859999999999999876e+00  -3.070044874303467955e-08  6.111974989240541529e-08  2.387596540636030463e-08  -3.993769117522640803e-08  7.098115708701821513e-09
1.870000000000000107e+00  1.421124938254664904e+00  1.421124484419688194e+00  -1.447995509419593080e-05  1.397705140972266058e+00  1.354541611621643549e+00
1.870000000000000107e+00  -2.161927782213865772e-08  2.449805553239402884e-08  -3.925641402650098223e-10  -1.038474696420720413e-07  -1.254580220360322369e-08
1.879999999999999893e+00  1.417894521437561783e+00  1.417893753406537671e+00  -1.428851944779915399e-05  1.396515256101555025e+00  1.354118885127741923e+00
1.879999999999999893e+00  -4.125486695434431711e-08  -4.624914675634481080e-10  9.275412921018678824e-09  -7.743460014101026957e-08  9.283730270119778562e-09
1.890000000000000124e+00  1.414715554951317511e+00  1.414715166856413298e+00  -1.402877647403585770e-05  1.395353829094225562e+00  1.353705504172820095e+00
1.890000000000000124e+00  -2.080754803504766402e-08  1.588362236879001282e-08  -5.375005909438819384e-08  6.108171231344102642e-09  -2.178941518359077227e-08
1.899999999999999911e+00  1.411587970261777736e+00  1.411587305395223924e+00  -1.385615149395842255e-05  1.394220012120090946e+00  1.353301165188528721e+00
1.899999999999999911e+00  -3.769290911211301575e-08  -5.170020795431821599e-09  2.079632962570496072e-08  6.869590172544574186e-08  3.317041888782775415e-08
1.910000000000000142e+00  1.408508987501712717e+00  1.408508562598907998e+00  -1.364680721698790327e-05  1.393112709847670105e+00  1.352905553937395977e+00
1.910000000000000142e+00  -5.884940964265757891e-10  4.260308796849976053e-08  7.096356665717382746e-09  -2.952239154628956506e-08  6.189441795597045229e-09
1.919999999999999929e+00  1.405478185650207434e+00  1.405478170079080824e+00  -1.341643787614181932e-05  1.392031625123100413e+00  1.352518553254353773e+00
1.919999999999999929e+00  5.464423138860567355e-09  -4.848994343251075531e-09  2.606663433923054136e-08  2.211988771102656355e-08  -4.638555939004418427e-08
1.930000000000000160e+00  1.402494636634060710e+00  1.402494344349618949e+00  -1.322200021243467880e-05  1.390975553927263464e+00  1.352139807232569879e+00
1.930000000000000160e+00  3.504503075099703671e-08  1.146785621223310560e-08  -7.317274806081138238e-08  7.607187515066486487e-08  -2.553070903291349870e-08
1.939999999999999947e+00  1.399556771370223052e+00  1.399556840525405077e+00  -1.305312585750811950e-05  1.389943702720114249e+00  1.351769241746259009e+00
1.939999999999999947e+00  2.007415056502657539e-08  -8.113242007173691408e-09  -3.198809885533129572e-08  -5.387645555043701039e-08  7.252748090557509242e-08
1.950000000000000178e+00  1.396663609540145901e+00  1.396663298627864869e+00  -1.283705541339697240e-05  1.388935636792977268e+00  1.351406443415029690e+00
1.950000000000000178e+00  -4.866478404351125364e-09  -5.097619422021766235e-09  3.407213243031174055e-08  -2.137456686922582436e-08  5.401073052788574885e-08
1.959999999999999964e+00  1.393813837073158757e+00  1.393813583142140766e+00  -1.263148204243552737e-05  1.387950694584698219e+00  1.351051339707570520e+00
1.959999999999999964e+00  2.627781589503044000e-09  -3.789829234603685460e-08  5.624517554544461439e-08  -2.877140498211487292e-08  3.093029746963158605e-08
1.969999999999999973e+00  1.391007097344440391e+00  1.391007188730826405e+00  -1.243652322006481434e-05  1.386987514553382539e+00  1.350703752397491852e+00
1.969999999999999973e+00  1.015665262517333372e-09  -4.472671268053259064e-09  3.088084492919674484e-08  -3.149690175396617389e-08  1.697720448896660947e-08
1.979999999999999982e+00  1.388241554101801389e+00  1.388241411660852132e+00  -1.227944491954185768e-05  1.386046289341200444e+00  1.350363357447188051e+00
1.979999999999999982e+00  -1.428045592262137604e-09  -3.021013778649386588e-08  -4.319334589538251847e-09  7.866447229192870131e-08  2.713754047653092923e-08
1.989999999999999991e+00  1.385517279565004811e+00  1.385516902531622296e+00  -1.208341827076539739e-05  1.385125985555797135e+00  1.350030015128336869e+00
1.989999999999999991e+00  -3.130448291157423076e-09  -3.145818205012522073e-08  -2.948123040165928137e-09  3.063498480494221670e-08  -8.303689130251864364e-08
2.000000000000000000e+00  1.382831865772458757e+00  1.382831882350871844e+00  -1.188786815937632440e-05  1.384225848326900543e+00  1.349703548483901061e+00
2.000000000000000000e+00  -7.482468231818879472e-09  -1.078041209900458434e-08  8.162580955183713885e-09  -1.769659915366048400e-07  -4.965966079814593129e-09
2.009999999999999787e+00  1.380185793096279090e+00  1.380185621067398838e+00  -1.178234928140496834e-05  1.383346000948450616e+00  1.349383949926259874e+00
2.009999999999999787e+00  -5.543675459945730557e-13  2.363918344231235587e-13  3.203163682365139314e-14  1.098290402485777894e-18  6.451529452598035527e-18
2.020000000000000018e+00  1.377577463192816820e+00  1.377577331626627766e+00  -1.161972623586794480e-05  1.382485139891525439e+00  1.349070686223361015e+00
2.020000000000000018e+00  -5.523195773068073753e-13  2.350215501009555948e-13  3.176433160648051569e-14  1.270656949708191457e-16  -3.993031520552723287e-14
2.030000000000000249e+00  1.375006240390205692e+00  1.375006094435504478e+00  -1.145413890947467108e-05  1.381642813162605066e+00  1.348763818828620842e+00
2.030000000000000249e+00  -5.496103048034225591e-13  2.339512269619075505e-13  3.169847224362849878e-14  1.936554713089254466e-16  -3.984848565040073658e-14
2.040000000000000036e+00  1.372471300997673449e+00  1.372471226512038456e+00  -1.131382007524675094e-05  1.380818627203875604e+00  1.348463128072513229e+00
2.040000000000000036e+00  -5.433219857989938334e-13  2.355555998360204732e-13  3.160050026502097403e-14  -6.130928386791077828e-18  -3.984628696126747999e-14
2.049999999999999822e+00  1.369971795686672378e+00  1.369971625957276062e+00  -1.116178031805239362e-05  1.380012179202549039e+00  1.348168473562982417e+00
2.049999999999999822e+00  -5.452726906193746228e-13  2.320802745007269936e-13  3.153448298100289766e-14  3.050033372229897346e-16  -3.985816504402865178e-14
2.060000000000000053e+00  1.367506992787860032e+00  1.367506849140165182e+00  -1.099380869818154509e-05  1.379222810322545012e+00  1.347879684187441640e+00
2.060000000000000053e+00  -5.507181456843786633e-13  2.315857630846042465e-13  3.144855160571506051e-14  1.273930788401008558e-16  -3.975509375391862612e-14
2.070000000000000284e+00  1.365076046350146788e+00  1.365075954489725518e+00  -1.084653923725116747e-05  1.378450185864163569e+00  1.347596584522320118e+00
2.070000000000000284e+00  -5.411187447591154161e-13  2.310806799904576756e-13  3.140279238049923811e-14  -3.479766784897522164e-17  -3.974524618987098673e-14
2.080000000000000071e+00  1.362678385366749012e+00  1.362678218716133483e+00  -1.068331948528413055e-05  1.377693778955497272e+00  1.347319174125914953e+00
2.080000000000000071e+00  -5.390973167709729716e-13  2.302913015506188867e-13  3.124958085886326632e-14  -4.865226140901611493e-18  -3.980515218028616871e-14
2.089999999999999858e+00  1.360313173826571020e+00  1.360313078381451657e+00  -1.055490049517052398e-05  1.376953211117645015e+00  1.347047188061467615e+00
2.089999999999999858e+00  -5.371474933536824966e-13  2.297927700099610205e-13  3.128089028900599986e-14  -1.004901690649025756e-17  -3.976402618334257729e-14
2.100000000000000089e+00  1.357979853186178198e+00  1.357979749396674096e+00  -1.043653747325912245e-05  1.376227936268963781e+00  1.346780482247382338e+00
2.100000000000000089e+00  -5.351910064595285648e-13  2.283552895973857662e-13  3.119286642134654988e-14  2.911221137721998272e-17  -3.967098527443192531e-14
2.110000000000000320e+00  1.355677594066845071e+00  1.355677579071598027e+00  -1.023723998478131864e-05  1.375517622117168770e+00  1.346519004700279742e+00
2.110000000000000320e+00  -5.330837204700587855e-13  2.277332488697464372e-13  3.109634762169008652e-14  8.751411338350386635e-18  -3.972034700327565417e-14
2.120000000000000107e+00  1.353405962029252230e+00  1.353405860339440991e+00  -1.014302287025037052e-05  1.374821923388146683e+00  1.346262518715827916e+00
2.120000000000000107e+00  -5.314020822735208241e-13  2.273668018274860935e-13  3.103135701014180718e-14  3.049847421511207543e-17  -3.969945525957623424e-14
2.129999999999999893e+00  1.351164110446236188e+00  1.351164027389445188e+00  -9.988800757663412374e-06  1.374140403841454861e+00  1.346010978855044726e+00
2.129999999999999893e+00  -5.292803167937871446e-13  2.262557394125980866e-13  3.098555379420946561e-14  1.667980040448462623e-17  -3.968701392136013549e-14
2.140000000000000124e+00  1.348951593996105203e+00  1.348951487782293679e+00  -9.877105789563356939e-06  1.373472617890424630e+00  1.345764254978710772e+00
2.140000000000000124e+00  -5.273796072530257564e-13  2.256648461472329420e-13  3.087573273062266369e-14  -7.923142233659421602e-18  -3.968155872002106385e-14
2.150000000000000355e+00  1.346767635004580965e+00  1.346767550395945756e+00  -9.775795823919842474e-06  1.372818311616646136e+00  1.345522255805628342e+00
2.150000000000000355e+00  -5.257711011737639569e-13  2.250183528641390648e-13  3.080606449947778855e-14  9.957045568633115031e-17  -3.965929211105031583e-14
2.160000000000000142e+00  1.344611890040310787e+00  1.344611779431475806e+00  -9.612611388325697191e-06  1.372177171350761782e+00  1.345284804061940509e+00
2.160000000000000142e+00  -5.244602834015403230e-13  2.244730531839438355e-13  3.076511950279423619e-14  -6.792730598530619684e-17  -3.970893635557404637e-14
2.169999999999999929e+00  1.342483588229223201e+00  1.342483541978881423e+00  -9.483471484797349621e-06  1.371548652638419297e+00  1.345051851603544346e+00
2.169999999999999929e+00  -5.245425050022505902e-13  2.236066612560248017e-13  2.972564207117470895e-14  1.221449946859197013e-16  -3.961256931371564926e-14
2.179999999999999716e+00  1.340382317118711697e+00  1.340382268583938830e+00  -9.380553825600034882e-06  1.370932630051889145e+00  1.344823230272174763e+00
2.179999999999999716e+00  -5.238472307280394929e-13  2.235817232260859618e-13  3.063332448597918597e-14  -1.495456519419698814e-16  -3.964451166332963108e-14
2.189999999999999947e+00  1.338307568336191133e+00  1.338307481801044307e+00  -9.245452679386441641e-06  1.370328755081254402e+00  1.344598908329983633e+00
2.189999999999999947e+00  -5.206096589697676766e-13  2.222158491554083450e-13  2.879333462639136247e-14  4.217220588336175811e-17  -3.958733531294608637e-14
2.200000000000000178e+00  1.336258712872326893e+00  1.336258642688168630e+00  -9.166685046433020194e-06  1.369736693844944231e+00  1.344378732844931257e+00
2.200000000000000178e+00  -5.204118383166948981e-13  2.218178165760845429e-13  3.360821494740981878e-14  9.956447834997787142e-18  -3.955766986208208530e-14
2.209999999999999964e+00  1.334235332576897637e+00  1.334235222640971497e+00  -9.006814233886018656e-06  1.369156107764981645e+00  1.344162564781396840e+00
2.209999999999999964e+00  -5.169682313955594088e-13  2.207441409827962002e-13  3.770968361349796346e-14  -2.790349011406108525e-17  -3.959995449106477612e-14
2.219999999999999751e+00  1.332236832337829302e+00  1.332236784341244817e+00  -8.915112517895715293e-06  1.368586768119998354e+00  1.343950454245712356e+00
2.219999999999999751e+00  -5.181379778539537499e-13  2.201183157669236117e-13  3.038806427932845713e-14  3.446735040950048637e-18  -3.956064372351896489e-14
2.229999999999999982e+00  1.330262901472377468e+00  1.330262797598922742e+00  -8.784859530510708245e-06  1.368028402188190551e+00  1.343742213806379926e+00
2.229999999999999982e+00  -5.112829480879598012e-13  2.196051895864928262e-13  3.143655140416401703e-14  8.993530611407442943e-17  -3.949025331820474437e-14
2.240000000000000213e+00  1.328312961629074307e+00  1.328312845105960927e+00  -8.708439307198586761e-06  1.367480707230172454e+00  1.343537760913173118e+00
2.240000000000000213e+00  -5.140184637367963583e-13  2.188511309684947898e-13  3.027794211507975099e-14  -4.738663637526695159e-17  -3.951989133779507922e-14
2.250000000000000000e+00  1.326386572492104010e+00  1.326386529945563719e+00  -8.609443815838663746e-06  1.366943421840048023e+00  1.343337000883067622e+00
2.250000000000000000e+00  -5.079013947929526580e-13  2.182432417584262253e-13  3.017354804941447840e-14  2.159906790270320360e-17  -3.952309959905649919e-14
2.259999999999999787e+00  1.324483296024123735e+00  1.324483256003592846e+00  -8.523180852937263535e-06  1.366416317628486921e+00  1.343139851164430132e+00
2.259999999999999787e+00  -5.169275819974441343e-13  2.176122793474692409e-13  3.019697868441579220e-14  9.182171294307405007e-17  -3.949748255767353654e-14
2.270000000000000018e+00  1.322602757290353592e+00  1.322602701864834529e+00  -8.402496259270864727e-06  1.365899081657762304e+00  1.342946287530004668e+00
2.270000000000000018e+00  -5.057861780919078516e-13  2.171424736801538272e-13  3.006268307466855286e-14  1.078926874011622103e-17  -3.949219888562446394e-14
2.280000000000000249e+00  1.320744484447557321e+00  1.320744448923230507e+00  -8.277645823192683106e-06  1.365391602905202229e+00  1.342756117737477162e+00
2.280000000000000249e+00  -5.045938577113322660e-13  2.165892460065186022e-13  3.005615502611183060e-14  1.599422729022464635e-18  -3.949132741440149358e-14
2.290000000000000036e+00  1.318908044298514159e+00  1.318908012424624854e+00  -8.218372977048710824e-06  1.364893526040058092e+00  1.342569330597489285e+00
2.290000000000000036e+00  -5.027001769811807382e-13  2.160591212935822379e-13  3.001222309831621449e-14  3.943197185558265398e-17  -3.945302503502989523e-14
2.299999999999999822e+00  1.317093151427823905e+00  1.317093103727235315e+00  -8.117432768200939777e-06  1.364404655480045969e+00  1.342385839210168408e+00
2.299999999999999822e+00  -5.012338896436439074e-13  2.154762298605275657e-13  2.989971431397250165e-14  1.295361728283456315e-17  -3.944943133676114214e-14
2.310000000000000053e+00  1.315299313361106393e+00  1.315299253921367928e+00  -8.018469858595570149e-06  1.363924800657084990e+00  1.342205596203887019e+00
2.310000000000000053e+00  -5.000351886876506225e-13  2.146028508957075268e-13  2.981455888937508890e-14  2.234547572107653753e-17  -3.947350474202332538e-14
2.320000000000000284e+00  1.313526174214850961e+00  1.313526143671444490e+00  -7.917982773026967325e-06  1.363453762457979890e+00  1.342028460423273728e+00
2.320000000000000284e+00  -4.986418798534389825e-13  2.143286361338347583e-13  2.986372742108671535e-14  3.088665361051914268e-17  -3.942697640399392449e-14
2.330000000000000071e+00  1.311773370577003384e+00  1.311773276854975245e+00  -7.806499773057658009e-06  1.362991304002968196e+00  1.341854522667119465e+00
2.330000000000000071e+00  -4.969840676828515805e-13  2.135569833518798204e-13  2.974940138591213062e-14  1.214646969224786269e-17  -3.941609995294402345e-14
2.339999999999999858e+00  1.310040556780593057e+00  1.310040549057957637e+00  -7.714199532487164409e-06  1.362537270243107779e+00  1.341683537898468392e+00
2.339999999999999858e+00  -4.957821873725358140e-13  2.128855469524199894e-13  2.972448416665370629e-14  8.713875255401794048e-18  -3.940676848342416815e-14
2.350000000000000089e+00  1.308327425487872731e+00  1.308327364247356961e+00  -7.622617410586403373e-06  1.362091354138775579e+00  1.341515536877025516e+00
2.350000000000000089e+00  -4.944975688618102148e-13  2.123638283690962877e-13  2.957096509528600100e-14  3.821104693189047173e-17  -3.939026560092608425e-14
2.360000000000000320e+00  1.306633535608489272e+00  1.306633467168569984e+00  -7.541025700001327236e-06  1.361653446835781489e+00  1.341350405284568170e+00
2.360000000000000320e+00  -4.933985698651290093e-13  2.118652375339253479e-13  2.962600607352435629e-14  2.408251596839039227e-17  -3.938304489966727364e-14
2.370000000000000107e+00  1.304958600687543990e+00  1.304958587361564115e+00  -7.500306307458532931e-06  1.361223429524240691e+00  1.341188121771835551e+00
2.370000000000000107e+00  -4.914598414761839126e-13  2.112320497005863885e-13  2.966590552724003928e-14  1.024240783044663994e-17  -3.936982511253004919e-14
2.379999999999999893e+00  1.303302324287455516e+00  1.303302281102419524e+00  -7.390855356581190052e-06  1.360800976493759640e+00  1.341028626871439977e+00
2.379999999999999893e+00  -4.906223529859459397e-13  2.110620760940007071e-13  2.951813499333608623e-14  8.543395405568494962e-18  -3.936338646737191925e-14
2.390000000000000124e+00  1.301664332716346184e+00  1.301664311954160658e+00  -7.327357853239348465e-06  1.360386074148219215e+00  1.340871771338856488e+00
2.390000000000000124e+00  -4.888873892685030179e-13  2.099428604587397337e-13  2.950271911365954315e-14  1.305891487873044171e-17  -3.935140518286918836e-14
2.400000000000000355e+00  1.300044382703455126e+00  1.300044344172016642e+00  -7.220152548327316561e-06  1.359978439544025308e+00  1.340717627440067616e+00
2.400000000000000355e+00  -4.876296701256956927e-13  2.097932855907412942e-13  2.942605312802114203e-14  -7.777789192082486947e-18  -3.934163470223186914e-14
2.410000000000000142e+00  1.298442107787841415e+00  1.298442063414622316e+00  -7.135775193652337815e-06  1.359577998807130150e+00  1.340566080008432026e+00
2.410000000000000142e+00  -4.866745360533267210e-13  2.092394808770423195e-13  2.937875520712295981e-14  1.537578046751588713e-17  -3.933034797089061152e-14
2.419999999999999929e+00  1.296857182632525918e+00  1.296857199855179665e+00  -7.058887123640867947e-06  1.359184438464570599e+00  1.340417070007966505e+00
2.419999999999999929e+00  -4.852701086438248186e-13  2.084738488022927534e-13  2.933496342230886244e-14  1.799419799109091650e-17  -3.932357473789554635e-14
2.429999999999999716e+00  1.295289418957862981e+00  1.295289461615169113e+00  -6.980980950774085079e-06  1.358797809130014356e+00  1.340270492885057951e+00
2.429999999999999716e+00  -4.841116937481946949e-13  2.082477888964606397e-13  2.929617875386305237e-14  -1.143810834987928644e-19  -3.931311646030120205e-14
2.439999999999999947e+00  1.293738492965442521e+00  1.293738438555048553e+00  -6.927593914498450209e-06  1.358417770298224303e+00  1.340126388297990356e+00
2.439999999999999947e+00  -4.828973556244558505e-13  2.074265344272186281e-13  2.922384929152705199e-14  6.148661727101059719e-18  -3.929964538499966588e-14
2.450000000000000178e+00  1.292204113858288483e+00  1.292204077352580915e+00  -6.851444311034370553e-06  1.358044284886209541e+00  1.339984668407312451e+00
2.450000000000000178e+00  -4.813962843436903498e-13  2.073757982925843270e-13  2.920499557464642177e-14  -9.780153847830215472e-17  -3.929601919275000624e-14
2.459999999999999964e+00  1.290685999488437652e+00  1.290685958027088853e+00  -6.790442832588257366e-06  1.357677159451089022e+00  1.339845237119896559e+00
2.459999999999999964e+00  -4.803933081667467383e-13  2.068063582275128530e-13  2.915370963986802854e-14  -6.906130499773847754e-17  -3.929050546833089769e-14
2.469999999999999751e+00  1.289183914858065716e+00  1.289183852849078438e+00  -6.707653492312538662e-06  1.357316298192137394e+00  1.339708185525753326e+00
2.469999999999999751e+00  -4.791131311710818555e-13  2.063255375691330829e-13  2.914519462495642386e-14  -3.790065142176397582e-17  -3.928647614924781881e-14
2.479999999999999982e+00  1.287697566009061045e+00  1.287697519777055932e+00  -6.614845954115462671e-06  1.356961593738595484e+00  1.339573260030781476e+00
2.479999999999999982e+00  -4.781702711420904382e-13  2.058435838669709603e-13  2.909484800463066736e-14  -1.310524750081213010e-17  -3.926678793059219669e-14
2.490000000000000213e+00  1.286226742481057395e+00  1.286226691013346191e+00  -6.583609193448429989e-06  1.356612822000203611e+00  1.339440587338490918e+00
2.490000000000000213e+00  -4.770873750976801541e-13  2.053578518035872695e-13  2.907263764514291975e-14  1.682736200375679327e-18  -3.926123468219095065e-14
2.500000000000000000e+00  1.284771143207192656e+00  1.284771042015638187e+00  -6.530136845132485367e-06  1.356269935612962829e+00  1.339310048198364411e+00
2.500000000000000000e+00  -4.758364354783725856e-13  2.047823489845017855e-13  2.899210080833604953e-14  7.691176483391123228e-18  -3.925151201342021761e-14
2.509999999999999787e+00  1.283330582233308759e+00  1.283330570850470531e+00  -6.455310482835224845e-06  1.355932724739855155e+00  1.339181640948381879e+00
2.509999999999999787e+00  -4.746199447028678581e-13  2.044655952267627780e-13  2.892483013748999238e-14  -1.659347024744269613e-18  -3.924548557805562062e-14
2.520000000000000018e+00  1.281904772119877967e+00  1.281904751627777506e+00  -6.361672078021665563e-06  1.355601128595851357e+00  1.339055231276713664e+00
2.520000000000000018e+00  -4.735623744447473513e-13  2.043466207688007256e-13  2.891504702249975200e-14  -7.548932325991019681e-17  -3.923933772731125551e-14
2.530000000000000249e+00  1.280493489969042997e+00  1.280493498920545647e+00  -6.297187013512113407e-06  1.355275055334313139e+00  1.338930899762826865e+00
2.530000000000000249e+00  -4.725492649800073522e-13  2.037577910939331968e-13  2.885896935191111391e-14  -1.674931898314670695e-18  -3.922901266498321376e-14
2.540000000000000036e+00  1.279096540128835668e+00  1.279096568140740020e+00  -6.230257707836735024e-06  1.354954305274911119e+00  1.338808552234888705e+00
2.540000000000000036e+00  -4.712386493411322119e-13  2.035630596952324345e-13  2.882483632232489052e-14  -1.498462704680616846e-17  -3.922234243784299890e-14
2.549999999999999822e+00  1.277713722609535640e+00  1.277713711892233039e+00  -6.176288999093310063e-06  1.354638880265586875e+00  1.338688140383131442e+00
2.549999999999999822e+00  -4.703081269454635415e-13  2.027880364694215266e-13  2.877806809111231024e-14  -1.335782178072676519e-17  -3.921179823567345352e-14
2.560000000000000053e+00  1.276344749526526545e+00  1.276344776842264883e+00  -6.108745128391722106e-06  1.354328560578911045e+00  1.338569598461146537e+00
2.560000000000000053e+00  -4.692864754666471949e-13  2.023498513574683422e-13  2.875003011075526161e-14  -2.798093428498825159e-17  -3.920601485818116971e-14
2.570000000000000284e+00  1.274989482498460225e+00  1.274989449043659961e+00  -6.039581979467561035e-06  1.354023317124403381e+00  1.338452931219986430e+00
2.570000000000000284e+00  -4.681099814630396003e-13  2.019372460194872366e-13  2.869264560660391331e-14  3.254102828942705552e-17  -3.919929434362959045e-14
2.580000000000000071e+00  1.273647644382956745e+00  1.273647633565615278e+00  -5.982420593523394520e-06  1.353722914593170401e+00  1.338338087946882471e+00
2.580000000000000071e+00  -4.671698046267999235e-13  2.013231442420604757e-13  2.868728598282334098e-14  1.632161536528356275e-17  -3.919248841306379047e-14
2.589999999999999858e+00  1.272319054445988584e+00  1.272319054013324013e+00  -5.924821252676187268e-06  1.353427433058822960e+00  1.338225021727522224e+00
2.589999999999999858e+00  -4.661484137067574382e-13  2.009915328453879127e-13  2.861958193970525470e-14  6.315961245193677142e-18  -3.918199726889537244e-14
2.600000000000000089e+00  1.271003508771605617e+00  1.271003472973363690e+00  -5.904488214893065575e-06  1.353136702049541729e+00  1.338113793221300751e+00
2.600000000000000089e+00  -4.652207529847194187e-13  2.005177416869643448e-13  2.860542319080578938e-14  -3.073491607635841335e-18  -3.917759522713966206e-14
2.610000000000000320e+00  1.269700809180998480e+00  1.269700761929210220e+00  -5.810891735026541681e-06  1.352850576335196564e+00  1.338004237019479348e+00
2.610000000000000320e+00  -4.642675827609371916e-13  2.001085024073431561e-13  2.853893333427542915e-14  1.554885006475072489e-18  -3.916947662541012941e-14
2.620000000000000107e+00  1.268410766146079505e+00  1.268410747968900631e+00  -5.759236771512543381e-06  1.352569015482248505e+00  1.337896355410346239e+00
2.620000000000000107e+00  -4.633076388515790131e-13  1.997112305852291297e-13  2.851622140542911734e-14  -4.649446193551172285e-18  -3.916168858475061129e-14
2.629999999999999893e+00  1.267133233425362215e+00  1.267133235999580387e+00  -5.721184196264572663e-06  1.352291927202301069e+00  1.337790125043978762e+00
2.629999999999999893e+00  -4.623555744738921592e-13  1.994936113945999919e-13  2.854882742588445602e-14  1.522141650687502157e-17  -3.915681316645209332e-14
2.640000000000000124e+00  1.265868017957215930e+00  1.265867999503651031e+00  -5.652747489379452021e-06  1.352019186003170725e+00  1.337685565560410961e+00
2.640000000000000124e+00  -4.612076728450691767e-13  1.991077552524276423e-13  2.848461096250573012e-14  -5.329902868162220298e-18  -3.915034237452211894e-14
2.650000000000000355e+00  1.264614812932727705e+00  1.264614826848499796e+00  -5.598265894989273909e-06  1.351750737372606981e+00  1.337582554869508167e+00
2.650000000000000355e+00  -4.602427764906933145e-13  1.987277897604916903e-13  2.842129773013501057e-14  9.941834437275840107e-17  -3.914473758909809688e-14
2.660000000000000142e+00  1.263373662146664689e+00  1.263373645348183416e+00  -5.559207963914693354e-06  1.351486520329994390e+00  1.337481105523116165e+00
2.660000000000000142e+00  -4.591226350292325881e-13  1.984495260616644614e-13  2.834866465598879473e-14  3.787023940033704708e-17  -3.913694976262665862e-14
2.669999999999999929e+00  1.262144193316353302e+00  1.262144128369305784e+00  -5.499273782677933821e-06  1.351226358200027455e+00  1.337381170047687862e+00
2.669999999999999929e+00  -4.582133126135802357e-13  1.980055187696457359e-13  2.837629452938366399e-14  1.309664594325515275e-17  -3.913075979225909262e-14
2.679999999999999716e+00  1.260926322604030370e+00  1.260926288005275842e+00  -5.454365995948505192e-06  1.350970241605285116e+00  1.337282763823874454e+00
2.679999999999999716e+00  -4.573212826239355335e-13  1.973914913840446713e-13  2.830456700824061584e-14  -1.135738878848786089e-17  -3.912499245586683775e-14
2.689999999999999947e+00  1.259719868194088654e+00  1.259719880960114891e+00  -5.384150364267226180e-06  1.350718058277513345e+00  1.337185838980559316e+00
2.689999999999999947e+00  -4.562204714969097154e-13  1.970073889797387147e-13  2.828407929989724417e-14  8.592836583297370781e-18  -3.911738926365614441e-14
2.700000000000000178e+00  1.258524718866059766e+00  1.258524646428250238e+00  -5.355040224056481625e-06  1.350469778788414343e+00  1.337090364260165698e+00
2.700000000000000178e+00  -4.557660749856825071e-13  1.969457936801019046e-13  2.824455998342493821e-14  1.547226971756789540e-17  -3.911198600667460169e-14
2.709999999999999964e+00  1.257340666574917831e+00  1.257340605431125802e+00  -5.295625874656150057e-06  1.350225296219528026e+00  1.336996322420659578e+00
2.709999999999999964e+00  -4.546731698056726282e-13  1.966045941628501317e-13  2.823742716785730461e-14  -8.908280843606959516e-18  -3.910825673660537846e-14
2.719999999999999751e+00  1.256167508267105770e+00  1.256167494731250223e+00  -5.222677273966842395e-06  1.349984549983861637e+00  1.336903657711284277e+00
2.719999999999999751e+00  -4.536710965515339615e-13  1.959785392303789445e-13  2.818093737210201733e-14  1.311085141722152636e-17  -3.910061763974131787e-14
2.729999999999999982e+00  1.255005162073308700e+00  1.255005169365761342e+00  -5.213749976548179152e-06  1.349747374611235173e+00  1.336812375090956184e+00
2.729999999999999982e+00  -4.532592855086629143e-13  1.957275147060000117e-13  2.815094097496635713e-14  1.199484616522441076e-17  -3.909538740966027321e-14
2.740000000000000213e+00  1.253853502691237409e+00  1.253853482513545003e+00  -5.152803432223894299e-06  1.349513916424821769e+00  1.336722405233374600e+00
2.740000000000000213e+00  -4.520317916450151412e-13  1.953833648759165117e-13  2.804459977886398490e-14  1.244893261865595106e-18  -3.908798725291173772e-14
2.750000000000000000e+00  1.252712287152142334e+00  1.252712307345924314e+00  -5.111858658732741824e-06  1.349283895054427251e+00  1.336633774937927122e+00
2.750000000000000000e+00  -4.512387770635837446e-13  1.947872446245996553e-13  2.803876495921055017e-14  2.895456046517527621e-17  -3.908371502676171108e-14
2.759999999999999787e+00  1.251581423322104980e+00  1.251581427513110967e+00  -5.050706450261369890e-06  1.349057291434373917e+00  1.336546449404196091e+00
2.759999999999999787e+00  -4.502453164498241242e-13  1.946161819681301719e-13  2.805364964581444787e-14  1.644829191545842063e-16  -3.907895749116136017e-14
2.770000000000000018e+00  1.250460761915945129e+00  1.250460775674646419e+00  -5.015743881287535858e-06  1.348834175213515119e+00  1.336460400862888420e+00
2.770000000000000018e+00  -4.493372878220732335e-13  1.943374153128019030e-13  2.799303858550104702e-14  5.065973610478941023e-18  -3.907564508486229006e-14
2.780000000000000249e+00  1.249350134714394267e+00  1.249350178293904490e+00  -4.943814411200047023e-06  1.348614348193488022e+00  1.336375616272843736e+00
2.780000000000000249e+00  -4.486747197299451736e-13  1.939565313343250458e-13  2.797016464947837051e-14  1.729072788319884637e-18  -3.907509572505937700e-14
2.790000000000000036e+00  1.248249517513588369e+00  1.248249494904496659e+00  -4.894634384026822049e-06  1.348397712818108163e+00  1.336291999291275401e+00
2.790000000000000036e+00  -4.479888436993220422e-13  1.935753806585088657e-13  2.793484369394310967e-14  1.021698148062264510e-17  -3.906670958334124265e-14
2.799999999999999822e+00  1.247158615996049935e+00  1.247158622921831439e+00  -4.876165026939743222e-06  1.348184317264852217e+00  1.336209530662994194e+00
2.799999999999999822e+00  -4.470582942939398041e-13  1.933990752508829458e-13  2.792108713956693035e-14  1.750593368400143638e-17  -3.904096079519605866e-14
2.810000000000000053e+00  1.246077407503926260e+00  1.246077410245661765e+00  -4.841835481649533897e-06  1.347974051285609542e+00  1.336128403237119011e+00
2.810000000000000053e+00  -4.462385611819067811e-13  1.930781339190066198e-13  2.797877133897830977e-14  2.299190649062491742e-17  -3.906531698548893053e-14
2.820000000000000284e+00  1.245005729802519667e+00  1.245005764319283115e+00  -4.798244331151457165e-06  1.347766826263955275e+00  1.336048346323174263e+00
2.820000000000000284e+00  -4.454198010636223652e-13  1.924370035481159571e-13  2.783865435732468598e-14  2.416381729382300331e-18  -3.904643226335206889e-14
2.830000000000000071e+00  1.243943453912670360e+00  1.243943439581406185e+00  -4.744864944329300979e-06  1.347562708784460384e+00  1.335969403217607487e+00
2.830000000000000071e+00  -4.448514565416980943e-13  1.921077226866266978e-13  2.780246612690486148e-14  2.173599172705728820e-17  -3.904791700121470480e-14
2.839999999999999858e+00  1.242890461818903836e+00  1.242890429148313602e+00  -4.695985292749338734e-06  1.347361459821861285e+00  1.335891596686111127e+00
2.839999999999999858e+00  -4.440209439749497580e-13  1.919298157985416147e-13  2.779902074234342975e-14  2.839044064952319411e-17  -3.905377242241602922e-14
2.850000000000000089e+00  1.241846576858358420e+00  1.241846579206596690e+00  -4.673597023259745540e-06  1.347163204588760044e+00  1.335814903455925018e+00
2.850000000000000089e+00  -4.432645448931566081e-13  1.914806997835555085e-13  2.774028096182773414e-14  -4.976033883721841622e-18  -3.903126181341425033e-14
2.860000000000000320e+00  1.240811768866424636e+00  1.240811774511317855e+00  -4.608422856700109689e-06  1.346967775532639244e+00  1.335739321860127005e+00
2.860000000000000320e+00  -4.421838311166525988e-13  1.914173632949505311e-13  2.769620432432474363e-14  7.411412831217448787e-18  -3.902729706141314914e-14
2.870000000000000107e+00  1.239785851717167375e+00  1.239785841802330868e+00  -4.592456297826424468e-06  1.346775154408458963e+00  1.335664745885195126e+00
2.870000000000000107e+00  -4.416666941752803767e-13  1.909394631446760240e-13  2.772532605741271406e-14  1.823447564756909872e-17  -3.903299149201906875e-14
2.879999999999999893e+00  1.238768727408457337e+00  1.238768730545433128e+00  -4.568143702841034965e-06  1.346585305841326852e+00  1.335591266321717763e+00
2.879999999999999893e+00  -4.409009770342187555e-13  1.903978699272593947e-13  2.779595813420079090e-14  -2.406975359582094194e-17  -3.901704106204881067e-14
2.890000000000000124e+00  1.237760289944309200e+00  1.237760250332202272e+00  -4.503126553764916703e-06  1.346398127348926721e+00  1.335518771949654404e+00
2.890000000000000124e+00  -4.401815811518945340e-13  1.905102986917775202e-13  2.765343946182019246e-14  1.993359121819416834e-17  -3.901070800933930648e-14
2.900000000000000355e+00  1.236760410149150280e+00  1.236760412659946073e+00  -4.464033323625652226e-06  1.346213604303510891e+00  1.335447286739454453e+00
2.900000000000000355e+00  -4.392431700696582372e-13  1.899806365146914781e-13  2.761941453729359616e-14  -1.867179208622513812e-18  -3.902065520858419758e-14
2.910000000000000142e+00  1.235768978876004898e+00  1.235768973150519257e+00  -4.440338217593807054e-06  1.346031774160681982e+00  1.335376734729113224e+00
2.910000000000000142e+00  -4.388205705850389151e-13  1.897971477228862579e-13  2.764231385435310586e-14  2.362575878443469140e-17  -3.904419907303245059e-14
2.919999999999999929e+00  1.234785909767390333e+00  1.234785932929600483e+00  -4.399354413723762850e-06  1.345852417767085196e+00  1.335307272320316097e+00
2.919999999999999929e+00  -4.380066331934212095e-13  1.898002251367334628e-13  2.758016688372121704e-14  -2.428021108546672242e-17  -3.897147067345990494e-14
2.929999999999999716e+00  1.233811111502149949e+00  1.233811119764684161e+00  -4.368982051179518699e-06  1.345675591502835999e+00  1.335238627334854655e+00
2.929999999999999716e+00  -4.372827465875138942e-13  1.891639638892736577e-13  2.753314849421912158e-14  4.499790139767705383e-17  -3.905139549995240280e-14
2.939999999999999947e+00  1.232844413086725321e+00  1.232844441973300453e+00  -4.336265113703629705e-06  1.345501236418688018e+00  1.335171064379118366e+00
2.939999999999999947e+00  -4.362776631371314730e-13  1.887931704084107779e-13  2.755385038870569636e-14  2.496382733268498483e-17  -3.899174136954182975e-14
2.950000000000000178e+00  1.231885810433149375e+00  1.231885783765377607e+00  -4.289903733334264706e-06  1.345329328516367440e+00  1.335104371065883422e+00
2.950000000000000178e+00  -4.356924879804420968e-13  1.885522479364446333e-13  2.750673470563256658e-14  -8.095813939854008060e-18  -3.896988174004990272e-14
2.959999999999999964e+00  1.230935078071386135e+00  1.230935078963787399e+00  -4.271299963304559223e-06  1.345159838010795195e+00  1.335038545184212166e+00
2.959999999999999964e+00  -4.350349056682046266e-13  1.884079109397874771e-13  2.745272615745699070e-14  3.349204213390987333e-18  -3.898159860381042306e-14
2.969999999999999751e+00  1.229992202504605503e+00  1.229992201849427591e+00  -4.215755833856400838e-06  1.344992637207322428e+00  1.334973624493356992e+00
2.969999999999999751e+00  -4.343779144622475724e-13  1.879232579382018005e-13  2.740488678583746585e-14  4.353777879953939895e-18  -3.899578250004027285e-14
2.979999999999999982e+00  1.229057063094377789e+00  1.229057037956059917e+00  -4.198572294610607839e-06  1.344827757586566808e+00  1.334909612426003811e+00
2.979999999999999982e+00  -4.338432796553545338e-13  1.876710827520604724e-13  2.741598696811827305e-14  -1.510514131406916278e-17  -3.898538061894800816e-14
2.990000000000000213e+00  1.228129556493272379e+00  1.228129543640352095e+00  -4.127589986962296317e-06  1.344665141885285742e+00  1.334846379594023080e+00
2.990000000000000213e+00  -4.329590835330807712e-13  1.872774705080291486e-13  2.738202327382557719e-14  -3.276162828202253301e-18  -3.897432033088437634e-14
3.000000000000000000e+00  1.227209605072239418e+00  1.227209587961708870e+00  -4.122954510091940879e-06  1.344504772848612362e+00  1.334784066631549804e+00
3.000000000000000000e+00  -4.323446743337112937e-13  1.869257298371981337e-13  2.738568059913453952e-14  -1.602192817079984415e-17  -3.897784286075627326e-14
