0.010000000000000  0.810651945257738  0.951613201391736  0.072852596117425  0.733218463977863  0.584308181457020
0.010000000000000  0.737760599108898  0.454138761297477  -0.199998185097648  0.100489294200099  -0.009465562269748
0.020000000000000  0.812654106818886  0.955547286682785  0.066690375370923  0.734691543073433  0.596723305223102
0.020000000000000  0.734369353944468  0.448761055724372  -0.195616054221596  0.098062220707005  -0.009366854853278
0.030000000000000  0.814880010545298  0.958958624734931  0.061296908363394  0.735952213602698  0.607907648631469
0.030000000000000  0.730758923948496  0.443876457686171  -0.191817462757787  0.095860830447508  -0.009812097772672
0.040000000000000  0.817374090798022  0.961926483126593  0.056561720387512  0.737050779347293  0.617982232425680
0.040000000000000  0.726885378540436  0.439400433409792  -0.188481194786552  0.093834026376994  -0.010615988855186
0.050000000000000  0.820143547451002  0.964518124519158  0.052394181729932  0.738021802101211  0.627042467933656
0.050000000000000  0.722740762944267  0.435262728133739  -0.185507492417964  0.091946723525901  -0.011623308705818
0.060000000000000  0.823191396472980  0.966797990832063  0.048708174371641  0.738890672654187  0.635198899471231
0.060000000000000  0.718322464601633  0.431400460284094  -0.182813676992193  0.090173401908630  -0.012719172319849
0.070000000000000  0.826485575785409  0.968814890657663  0.045434001879629  0.739675534930251  0.642556040058043
0.070000000000000  0.713662328376778  0.427768220016693  -0.180342515692100  0.088495471565008  -0.013842919954381
0.080000000000000  0.829966401829111  0.970608358906888  0.042514169128393  0.740389861818465  0.649205967268183
0.080000000000000  0.708820381831637  0.424330058191726  -0.178051053672671  0.086899408651532  -0.014951842152904
0.090000000000000  0.833557897723794  0.972217793804770  0.039893869647498  0.741044587574974  0.655230109385739
0.090000000000000  0.703872771863571  0.421050425848504  -0.175895876617419  0.085373912295339  -0.015996696938353
0.100000000000000  0.837187309642277  0.973670870426728  0.037530863528161  0.741648069954599  0.660705926138260
0.100000000000000  0.698891857777310  0.417906147898696  -0.173852475386721  0.083910466723366  -0.016967111404741
0.110000000000000  0.840794204605100  0.974992025996870  0.035387795473626  0.742206821340502  0.665701568804839
0.110000000000000  0.693938448289964  0.414876859372165  -0.171899040917496  0.082502242926466  -0.017853177227776
0.120000000000000  0.844340205539178  0.976201419396509  0.033433406018992  0.742726107188602  0.670275070041585
0.120000000000000  0.689050807634178  0.411945811729820  -0.170018239520488  0.081143945802730  -0.018647734850631
0.130000000000000  0.847802350843010  0.977314659432788  0.031642535421408  0.743210209027012  0.674476579532619
0.130000000000000  0.684251807748078  0.409100849909772  -0.168198333058452  0.079831226667817  -0.019352343843764
0.140000000000000  0.851167882858509  0.978344090414533  0.029994665415258  0.743662742544007  0.678349245268050
0.140000000000000  0.679554318000070  0.406332449678560  -0.166431121806352  0.078560137884930  -0.019971569590195
0.150000000000000  0.854430468717693  0.979299781914556  0.028472778883031  0.744086710176305  0.681930158531173
0.150000000000000  0.674964601008434  0.403633233712590  -0.164710597896871  0.077327688812598  -0.020513299021395
0.160000000000000  0.857588115563968  0.980190038455906  0.027062614731627  0.744484742696677  0.685251159992730
0.160000000000000  0.670484799169103  0.400997099009312  -0.163032175732072  0.076131335896117  -0.020983359771990
0.170000000000000  0.860641053389261  0.981021813497504  0.025752117150200  0.744859076530642  0.688339732864354
0.170000000000000  0.666114318836700  0.398418985069963  -0.161392282615376  0.074968528510646  -0.021390026627883
0.180000000000000  0.863591491480630  0.981801020431484  0.024531040882957  0.745211685018604  0.691219468087341
0.180000000000000  0.661851180997360  0.395894745712982  -0.159788026764402  0.073837310541533  -0.021739152498443
0.190000000000000  0.866442433800302  0.982532691304276  0.023390572825972  0.745544311776958  0.693910856603659
0.190000000000000  0.657692148238753  0.393420701826241  -0.158217032992275  0.072735607677190  -0.022036323020745
0.200000000000000  0.869197621743560  0.983221178797516  0.022323111773147  0.745858477198997  0.696431650409223
0.200000000000000  0.653633704769344  0.390993806819659  -0.156677286045930  0.071662024708375  -0.022287477155454
0.210000000000000  0.871860764711035  0.983870265372822  0.021322018702625  0.746155558720942  0.698797426822856
0.210000000000000  0.649671897693594  0.388611248676139  -0.155167081776900  0.070614955710793  -0.022496904457136
0.220000000000000  0.874435974128323  0.984483245475726  0.020381509447896  0.746436776684113  0.701021791784668
0.220000000000000  0.645802662008011  0.386270702701184  -0.153684903687239  0.069593383712929  -0.022668872748959
0.230000000000000  0.876927255118258  0.985063066748111  0.019496473578182  0.746703239138728  0.703116773793410
0.230000000000000  0.642022039269105  0.383970010696890  -0.152229424142156  0.068595757245318  -0.022808065218187
0.240000000000000  0.879338365672310  0.985612293965210  0.018662408142418  0.746955949810293  0.705092992795304
0.240000000000000  0.638326181634189  0.381707238743430  -0.150799503564750  0.067621153554709  -0.022916124224069
0.250000000000000  0.881673121941917  0.986133235729357  0.017875278773914  0.747195813317722  0.706959923326727
0.250000000000000  0.634711180373397  0.379480760510168  -0.149394052820479  0.066668373976490  -0.022997037020900
0.260000000000000  0.883935065704747  0.986627940116861  0.017131506177322  0.747423660501920  0.708725999168169
0.260000000000000  0.631173592147345  0.377288957820184  -0.148012118640691  0.065736856316140  -0.023053818360645
0.270000000000000  0.886127529010148  0.987098282563187  0.016427888774112  0.747640248001508  0.710398761370907
0.270000000000000  0.627709890384361  0.375130404390379  -0.146652880937868  0.064825522689646  -0.023087587036847
0.280000000000000  0.888253870499018  0.987545922086036  0.015761512656642  0.747846264478196  0.711985041927773
0.280000000000000  0.624316878026520  0.373003842572644  -0.145315493889810  0.063933754975937  -0.023101788277956
0.290000000000000  0.890317045824600  0.987972362921862  0.015129772592351  0.748042358476036  0.713490942293834
0.290000000000000  0.620991464903655  0.370908107780600  -0.143999238823705  0.063060444710462  -0.023097621748551
0.300000000000000  0.892319942737781  0.988378988217097  0.014530291278410  0.748229111732879  0.714922026297215
0.300000000000000  0.617730750188869  0.368842031378536  -0.142703458715267  0.062205388508998  -0.023077082764417
0.310000000000000  0.894265249304836  0.988767055100507  0.013960916554188  0.748407067670639  0.716283349708853
0.310000000000000  0.614532036476817  0.366804675640964  -0.141427487901861  0.061367625418836  -0.023041497418458
0.320000000000000  0.896155505262178  0.989137705497829  0.013419681843187  0.748576728542932  0.717579484057764
0.320000000000000  0.611392745627691  0.364795094016782  -0.140170764535273  0.060546800801548  -0.022992379009019
0.330000000000000  0.897993129047638  0.989491984027736  0.012904789871557  0.748738572202251  0.718814623378429
0.330000000000000  0.608310440724826  0.362812387576719  -0.138932719886645  0.059742042117065  -0.022930900918103
0.340000000000000  0.899780388758781  0.989830862695203  0.012414597521671  0.748893016875291  0.719992586247968
0.340000000000000  0.605282869767994  0.360855784417072  -0.137712854653823  0.058953021495800  -0.022858306725170
0.350000000000000  0.901519410487539  0.990155233767533  0.011947587582830  0.749040480999557  0.721116890572276
0.350000000000000  0.602307832948005  0.358924436757565  -0.136510674235374  0.058179395720852  -0.022775463683519
0.360000000000000  0.903212199006496  0.990465909701207  0.011502366061846  0.749181336587451  0.722190791094393
0.360000000000000  0.599383329993377  0.357017683029029  -0.135325709788151  0.057420377062511  -0.022683534172116
0.370000000000000  0.904860640615797  0.990763652215646  0.011077646459647  0.749315928472154  0.723217241315096
0.370000000000000  0.596507425301016  0.355134881354222  -0.134157534333466  0.056675640502381  -0.022583430297690
0.380000000000000  0.906466487180452  0.991049174411693  0.010672241742587  0.749444596648726  0.724198994564272
0.380000000000000  0.593678327187016  0.353275336771811  -0.133005732117714  0.055944888997603  -0.022475747120345
0.390000000000000  0.908031486424994  0.991323116673755  0.010285058593554  0.749567639314122  0.725138582771928
0.390000000000000  0.590894341513465  0.351438479631551  -0.131869915384294  0.055227711487041  -0.022361510196501
0.400000000000000  0.909557179751746  0.991586102846951  0.009915069072808  0.749685353130777  0.726038373789041
0.400000000000000  0.588153828911807  0.349623677747358  -0.130749699293119  0.054523554342352  -0.022240684989928
0.410000000000000  0.911045121814622  0.991838682837636  0.009561325664298  0.749798007703375  0.726900533943585
0.410000000000000  0.585455277366374  0.347830484780201  -0.129644729533604  0.053832102280556  -0.022114809261437
0.420000000000000  0.912496669965034  0.992081397054900  0.009222952390181  0.749905850252406  0.727727096102238
0.420000000000000  0.582797232340353  0.346058287329795  -0.128554670205966  0.053153173989199  -0.021983622350896
0.430000000000000  0.913913249314971  0.992314730007174  0.008899120419116  0.750009121253025  0.728519962051542
0.430000000000000  0.580178302978374  0.344306692657227  -0.127479183509369  0.052486219398931  -0.021848313397046
0.440000000000000  0.915296083775119  0.992539155637175  0.008589061490644  0.750108056919257  0.729280878469245
0.440000000000000  0.577597253091852  0.342575158288434  -0.126417954267453  0.051831062248122  -0.021708529689011
0.450000000000000  0.916646385911867  0.992755096842708  0.008292066183680  0.750202855742159  0.730011495577095
0.450000000000000  0.575052773933988  0.340863256929104  -0.125370691615488  0.051187343839199  -0.021565653846006
0.460000000000000  0.917965363401489  0.992962964089520  0.008007454744948  0.750293720952955  0.730713336294382
0.460000000000000  0.572543730569309  0.339170558520216  -0.124337100729049  0.050554858821877  -0.021419329785173
0.470000000000000  0.919254051198999  0.993163137487330  0.007734605036431  0.750380845590689  0.731387851979753
0.470000000000000  0.570069050171229  0.337496692224907  -0.123316893744257  0.049933279024863  -0.021270117144176
0.480000000000000  0.920513501410738  0.993355981131367  0.007472924353791  0.750464402608145  0.732036386732328
0.480000000000000  0.567627573903324  0.335841228168812  -0.122309806322917  0.049322270121915  -0.021118648660974
0.490000000000000  0.921744711175621  0.993541826456017  0.007221867723238  0.750544560572335  0.732660190135688
0.490000000000000  0.565218340954828  0.334203789842456  -0.121315586638513  0.048721615449306  -0.020964768472300
0.500000000000000  0.922948618471114  0.993720991229383  0.006980904347879  0.750621482190887  0.733260457312064
0.500000000000000  0.562840457671076  0.332583976215432  -0.120333977437094  0.048131110143528  -0.020809198227649
0.510000000000000  0.924126126778865  0.993893780318239  0.006749552971486  0.750695309395848  0.733838304750079
0.510000000000000  0.560492902793943  0.330981516393957  -0.119364730304351  0.047550511361068  -0.020651998784136
0.520000000000000  0.925278099058271  0.994060473949585  0.006527351521183  0.750766196352429  0.734394776376199
0.520000000000000  0.558174881909950  0.329395987259826  -0.118407603398811  0.046979508063245  -0.020493296970807
0.530000000000000  0.926405327346179  0.994221336303024  0.006313870914176  0.750834266381786  0.734930859776653
0.530000000000000  0.555885472196287  0.327827164880782  -0.117462388903670  0.046417910026954  -0.020333451087202
0.540000000000000  0.927508601559612  0.994376626528062  0.006108694726367  0.750899648963128  0.735447488016913
0.540000000000000  0.553623942403109  0.326274660281803  -0.116528853416702  0.045865569500713  -0.020172753482822
0.550000000000000  0.928588687249756  0.994526581392558  0.005911442962602  0.750962473340275  0.735945519172994
0.550000000000000  0.551389512074003  0.324738187289374  -0.115606785640409  0.045322282448281  -0.020011045075796
0.560000000000000  0.929646253110029  0.994671424094798  0.005721753302499  0.751022839323695  0.736425806969971
0.560000000000000  0.549181453859860  0.323217486850798  -0.114695975823775  0.044787708033838  -0.019848777725352
0.570000000000000  0.930682017723920  0.994811374458606  0.005539279187675  0.751080871708437  0.736889121681622
0.570000000000000  0.546999035291909  0.321712195942141  -0.113796227024462  0.044261787785229  -0.019686352700203
0.580000000000000  0.931696593617573  0.994946630939114  0.005363697150909  0.751136669460856  0.737336206223417
0.580000000000000  0.544841669304116  0.320222110468812  -0.112907343377497  0.043744318951557  -0.019523601219956
0.590000000000000  0.932690647392215  0.995077393047000  0.005194698603381  0.751190318843560  0.737767756749860
0.590000000000000  0.542708627425568  0.318746968440488  -0.112029129410041  0.043235168009855  -0.019360550577731
0.600000000000000  0.933664747690469  0.995203837480012  0.005031990391871  0.751241922610821  0.738184440935762
0.600000000000000  0.540599317239644  0.317286444118073  -0.111161398654836  0.042733979037342  -0.019197514551641
0.610000000000000  0.934619462589522  0.995326139925385  0.004875302234265  0.751291572506690  0.738586884597551
0.610000000000000  0.538513162090204  0.315840360902255  -0.110303974280082  0.042240711460502  -0.019034599489631
0.620000000000000  0.935555371925035  0.995444470309769  0.004724365419719  0.751339344863795  0.738975686904647
0.620000000000000  0.536449609228431  0.314408455875719  -0.109456677612135  0.041755151725351  -0.018871873626422
0.630000000000000  0.936472975277345  0.995558981743313  0.004578933941685  0.751385323639589  0.739351408965625
0.630000000000000  0.534408076512204  0.312990457532745  -0.108619342872278  0.041277217350982  -0.018709482359507
0.640000000000000  0.937372804438086  0.995669826774639  0.004438773591927  0.751429589521721  0.739714586966802
0.640000000000000  0.532388047315020  0.311586204645865  -0.107791796701658  0.040806613412158  -0.018547542081087
0.650000000000000  0.938255332751477  0.995777144295858  0.004303661652055  0.751472208536884  0.740065740476946
0.650000000000000  0.530389031984567  0.310195383693103  -0.106973874842867  0.040343320312772  -0.018386230565547
0.660000000000000  0.939121015660741  0.995881077788874  0.004173379917622  0.751513249931539  0.740405343504569
0.660000000000000  0.528410534071974  0.308817850706660  -0.106165424798332  0.039887134260786  -0.018225138677945
0.670000000000000  0.939970316033039  0.995981751285096  0.004047735556015  0.751552784190049  0.740733863723053
0.670000000000000  0.526452089536945  0.307453368201870  -0.105366292467442  0.039437894925743  -0.018064917197927
0.680000000000000  0.940803670249772  0.996079288572218  0.003926528316265  0.751590864622888  0.741051739327519
0.680000000000000  0.524513259459244  0.306101750515411  -0.104576313341433  0.038995536643469  -0.017905283614686
0.690000000000000  0.941621495102152  0.996173810525348  0.003809579316404  0.751627562717395  0.741359383000270
0.690000000000000  0.522593601072298  0.304762766276016  -0.103795358570038  0.038559889753526  -0.017746449532488
0.700000000000000  0.942424194869801  0.996265427204668  0.003696714791596  0.751662928326928  0.741657201071883
0.700000000000000  0.520692683436912  0.303436166094484  -0.103023267352492  0.038130698075822  -0.017588478823091
0.710000000000000  0.943212132930794  0.996354246478261  0.003587762479071  0.751697019020234  0.741945567107084
0.710000000000000  0.518810122251631  0.302121931742404  -0.102259907233651  0.037708000086820  -0.017431383299455
0.720000000000000  0.943985716515764  0.996440375150901  0.003482574811035  0.751729880895533  0.742224841966185
0.720000000000000  0.516945513472057  0.300819678339703  -0.101505141190770  0.037291665438948  -0.017275131367877
0.730000000000000  0.944745292454019  0.996523907507706  0.003380993023399  0.751761567648045  0.742495371343370
0.730000000000000  0.515098493518201  0.299529381178547  -0.100758828604787  0.036881456632603  -0.017120025893250
0.740000000000000  0.945491196130517  0.996604937317343  0.003282879633481  0.751792128948272  0.742757488821014
0.740000000000000  0.513268682216360  0.298250766695520  -0.100020843960166  0.036477440013937  -0.016965741804708
0.750000000000000  0.946223778612412  0.996683556760354  0.003188089392858  0.751821609518046  0.743011502479116
0.750000000000000  0.511455740002375  0.296983706929901  -0.099291053345596  0.036079240535165  -0.016812498492919
0.760000000000000  0.946943358876030  0.996759850623221  0.003096491688125  0.751850049818259  0.743257728774463
0.760000000000000  0.509659340369384  0.295728027250935  -0.098569325278450  0.035686855266576  -0.016660440496662
0.770000000000000  0.947650248244658  0.996833901010885  0.003007972456572  0.751877493475326  0.743496434375196
0.770000000000000  0.507879122743865  0.294483535972216  -0.097855556049741  0.035300248793556  -0.016509445241407
0.780000000000000  0.948344755817498  0.996905790245927  0.002922406667496  0.751903981148661  0.743727908542286
0.780000000000000  0.506114794413882  0.293250117020186  -0.097149606024133  0.034919252007319  -0.016359460413503
0.790000000000000  0.949027168282612  0.996975588618950  0.002839679544094  0.751929543360597  0.743952404258800
0.790000000000000  0.504366068096847  0.292027590525023  -0.096451359119430  0.034543842489151  -0.016210765912842
0.800000000000000  0.949697771720476  0.997043371863181  0.002759676770815  0.751954222519068  0.744170174817211
0.800000000000000  0.502632559368939  0.290815754007768  -0.095760708831762  0.034173750333878  -0.016063210252354
0.810000000000000  0.950356838834317  0.997109210316705  0.002682304097296  0.751978045523599  0.744381465542640
0.810000000000000  0.500914105628884  0.289614496691746  -0.095077532996107  0.033809076374660  -0.015916659957709
0.820000000000000  0.951004643356962  0.997173169283636  0.002607458309029  0.752001053023316  0.744586502101955
0.820000000000000  0.499210341056301  0.288423725324979  -0.094401721928856  0.033449584669902  -0.015771422274622
0.830000000000000  0.951641424513921  0.997235311604182  0.002535044885628  0.752023280732327  0.744785505216108
0.830000000000000  0.497520997320530  0.287243221421651  -0.093733169133390  0.033095164010956  -0.015627406190495
0.840000000000000  0.952267448724487  0.997295699317797  0.002464973514765  0.752044740390791  0.744978686675522
0.840000000000000  0.495845872497657  0.286072819392595  -0.093071771395260  0.032745814092072  -0.015484630623884
0.850000000000000  0.952882938480672  0.997354393092058  0.002397152937245  0.752065476536869  0.745166251360337
0.850000000000000  0.494184635907513  0.284912500324081  -0.092417416799148  0.032401339703130  -0.015343033115639
0.860000000000000  0.953488145754534  0.997411447154017  0.002331504504094  0.752085513469512  0.745348392374276
0.860000000000000  0.492537095578889  0.283762017624388  -0.091770005334131  0.032061790749611  -0.015202834458670
0.870000000000000  0.954083291141052  0.997466918550018  0.002267944651243  0.752104881465367  0.745525295485893
0.870000000000000  0.490902978030139  0.282621276277745  -0.091129434690748  0.031727014153543  -0.015063828078635
0.880000000000000  0.954668603942088  0.997520858504014  0.002206395750950  0.752123597305338  0.745697142452626
0.880000000000000  0.489282067759333  0.281490138899797  -0.090495605677899  0.031396749481927  -0.014926013078810
0.890000000000000  0.955244274696864  0.997573315019955  0.002146788120219  0.752141691612274  0.745864099493679
0.890000000000000  0.487674134407882  0.280368496989339  -0.089868429130864  0.031071222641366  -0.014789355816487
0.900000000000000  0.955810529688339  0.997624337929888  0.002089055316729  0.752159186409348  0.746026335960600
0.900000000000000  0.486078983551191  0.279256192379400  -0.089247801130278  0.030750225192734  -0.014654088358233
0.910000000000000  0.956367553038447  0.997673975408731  0.002033121400308  0.752176102998033  0.746184006398236
0.910000000000000  0.484496360456421  0.278153135723270  -0.088633634726059  0.030433616654761  -0.014520221768931
0.920000000000000  0.956915558729519  0.997722267810501  0.001978928159002  0.752192466640919  0.746337269359675
0.920000000000000  0.482926099068698  0.277059183578797  -0.088025827074933  0.030121321512666  -0.014387384660016
0.930000000000000  0.957454728573416  0.997769263951165  0.001926414119030  0.752208284975351  0.746486259883891
0.930000000000000  0.481367942124922  0.275974254187741  -0.087424310060302  0.029813415970347  -0.014255917079906
0.940000000000000  0.957985256572002  0.997815000346066  0.001875513810592  0.752223591952057  0.746631130008931
0.940000000000000  0.479821754882763  0.274898158797218  -0.086828975470257  0.029509632148008  -0.014125711686094
0.950000000000000  0.958507302638606  0.997859519011928  0.001826176233071  0.752238402829304  0.746772009568359
0.950000000000000  0.478287308287785  0.273830839330827  -0.086239742170055  0.029209949077901  -0.013996808618906
0.960000000000000  0.959021061188362  0.997902857280278  0.001778339279895  0.752252729919731  0.746909026654092
0.960000000000000  0.476764438197065  0.272772155453456  -0.085656529588334  0.028914446023964  -0.013869073519659
0.970000000000000  0.959526689857989  0.997945052626394  0.001731960222673  0.752266596845967  0.747042305505986
0.970000000000000  0.475252947815900  0.271722053540794  -0.085079255711499  0.028622805747128  -0.013742721774094
0.980000000000000  0.960024354096265  0.997986141194200  0.001686983226928  0.752280016580662  0.747171968683255
0.980000000000000  0.473752670329977  0.270680340917542  -0.084507831056959  0.028335210391846  -0.013617538845176
0.990000000000000  0.960514220319175  0.998026156767746  0.001643361079385  0.752293007621759  0.747298132482589
0.990000000000000  0.472263439665921  0.269646990188419  -0.083942183228682  0.028051407324667  -0.013493651957384
1.000000000000000  0.960996434902951  0.998065130904640  0.001601040686587  0.752305586264680  0.747420903036852
1.000000000000000  0.470785076916296  0.268621842690486  -0.083382229044481  0.027771418461426  -0.013370925728210
1.010000000000000  0.961471165188414  0.998103098119991  0.001559983623708  0.752317763999691  0.747540399065783
1.010000000000000  0.469317427639916  0.267604812683150  -0.082827888956653  0.027495094583924  -0.013249513793346
1.020000000000000  0.961938541130498  0.998140087058226  0.001520148414701  0.752329558462483  0.747656712717975
1.020000000000000  0.467860332255315  0.266595793842035  -0.082279090623117  0.027222466258664  -0.013129374934682
1.030000000000000  0.962398725409355  0.998176128469345  0.001481492517125  0.752340982366340  0.747769948366696
1.030000000000000  0.466413618293623  0.265594721929582  -0.081735758082146  0.026953456709644  -0.013010257380838
1.040000000000000  0.962851847486661  0.998211251102699  0.001443975038781  0.752352046940602  0.747880202998925
1.040000000000000  0.464977165523291  0.264601483860071  -0.081197818758793  0.026687986288225  -0.012892661547088
1.050000000000000  0.963298054421603  0.998245481108515  0.001407546860449  0.752362766834152  0.747987557632051
1.050000000000000  0.463550823941637  0.263615951511102  -0.080665200442547  0.026426033573778  -0.012776065478932
1.060000000000000  0.963737459815046  0.998278846601334  0.001372194804763  0.752373145621523  0.748092118746139
1.060000000000000  0.462134426318237  0.262638070081716  -0.080137828403229  0.026167463797486  -0.012660684192110
1.070000000000000  0.964170211717466  0.998311372037422  0.001337858518714  0.752383206913501  0.748193951629890
1.070000000000000  0.460727865153432  0.261667708828184  -0.079615639208303  0.025912339579135  -0.012546459428858
1.080000000000000  0.964596436803325  0.998343083688667  0.001304529364498  0.752392962112517  0.748293167081512
1.080000000000000  0.459330958423306  0.260704815493148  -0.079098559318918  0.025660467675080  -0.012433566521670
1.090000000000000  0.965016254365692  0.998374004237228  0.001272142711635  0.752402404924223  0.748389809472131
1.090000000000000  0.457943623875579  0.259749282089463  -0.078586527733961  0.025411864731482  -0.012321754452064
1.100000000000000  0.965429779531278  0.998404156730990  0.001240704842437  0.752411566665179  0.748483998141962
1.100000000000000  0.456565702577085  0.258801052730048  -0.078079469203063  0.025166517587239  -0.012211051590754
1.110000000000000  0.965837141224556  0.998433564049374  0.001210147993071  0.752420445442749  0.748575758772231
1.110000000000000  0.455197076989977  0.257859989748288  -0.077577325996395  0.024924279927493  -0.012101780095873
1.120000000000000  0.966238443318568  0.998462248679700  0.001180474721366  0.752429057548765  0.748665215584189
1.120000000000000  0.453837613942805  0.256926048159789  -0.077080028493228  0.024685120151140  -0.011993377381647
1.130000000000000  0.966633806294659  0.998490230517910  0.001151626134840  0.752437403339214  0.748752395767226
1.130000000000000  0.452487199725249  0.255999101389336  -0.076587516539123  0.024449087679249  -0.011886330701888
1.140000000000000  0.967023341105048  0.998517528415049  0.001123610296022  0.752445500802331  0.748837391021284
1.140000000000000  0.451145731318338  0.255079135594089  -0.076099726502829  0.024216034764112  -0.011780253955965
1.150000000000000  0.967407156032206  0.998544164688488  0.001096366650479  0.752453354642434  0.748920244009670
1.150000000000000  0.449813060578393  0.254166017547246  -0.075616603903257  0.023985922926045  -0.011675363812655
1.160000000000000  0.967785339138860  0.998570156020718  0.001069903797796  0.752460974953092  0.749001043438673
1.160000000000000  0.448489091484737  0.253259681603233  -0.075138082349997  0.023758750397338  -0.011571557061196
1.170000000000000  0.968158016356001  0.998595521108229  0.001044156560577  0.752468366372989  0.749079820127560
1.170000000000000  0.447173719672964  0.252360056194360  -0.074664106410386  0.023534357513247  -0.011468780146274
1.180000000000000  0.968525263621013  0.998620278670890  0.001019148130138  0.752475533221959  0.749156660503131
1.180000000000000  0.445866836753100  0.251467055740559  -0.074194615665272  0.023312953338961  -0.011367231767026
1.190000000000000  0.968887197646258  0.998644443729110  0.000994809777650  0.752482484869271  0.749231594504790
1.190000000000000  0.444568318520965  0.250580572906396  -0.073729553054565  0.023094183601992  -0.011266661476104
1.200000000000000  0.969243904811383  0.998668034937216  0.000971165091854  0.752489240586550  0.749304706999942
1.200000000000000  0.443278074459344  0.249700615876987  -0.073268864168061  0.022878206563447  -0.011167162618601
1.210000000000000  0.969595484751764  0.998691067124349  0.000948139490898  0.752495785707689  0.749376015198160
1.210000000000000  0.441995988769184  0.248827034170021  -0.072812496161128  0.022664913933263  -0.011068776652985
1.220000000000000  0.969942020835729  0.998713555980600  0.000925775812077  0.752502149186689  0.749445606537003
1.220000000000000  0.440722005350450  0.247959837990130  -0.072360386638390  0.022454251121204  -0.010971333147325
1.230000000000000  0.970283598695065  0.998735515596966  0.000903997542780  0.752508315461858  0.749513494153983
1.230000000000000  0.439455978199945  0.247098827898646  -0.071912492019942  0.022246181585733  -0.010875144298187
1.240000000000000  0.970620319665782  0.998756962302300  0.000882836514536  0.752514311040106  0.749579763410362
1.240000000000000  0.438197845127997  0.246244070849650  -0.071468751958431  0.022040725439804  -0.010779659719148
1.250000000000000  0.970952258650220  0.998777908504137  0.000862216620369  0.752520121656628  0.749644420051664
1.250000000000000  0.436947498829527  0.245395406665458  -0.071029121796027  0.021837784425878  -0.010685641126812
1.260000000000000  0.971279504535179  0.998798369048567  0.000842169657585  0.752525777612384  0.749707545298059
1.260000000000000  0.435704838186460  0.244552816665030  -0.070593543004270  0.021637286499102  -0.010592299847703
1.270000000000000  0.971602134382353  0.998818355966193  0.000822656436821  0.752531259151916  0.749769159160732
1.270000000000000  0.434469782604965  0.243716225979494  -0.070161970194632  0.021439291358121  -0.010500035496945
1.280000000000000  0.971920227356768  0.998837882782831  0.000803667267860  0.752536595088516  0.749829313769516
1.280000000000000  0.433242265272612  0.242885528549924  -0.069734358080927  0.021243666622893  -0.010408688291506
1.290000000000000  0.972233861124080  0.998856961196380  0.000785184210605  0.752541768443232  0.749888047177662
1.290000000000000  0.432022178539029  0.242060711464460  -0.069310649014284  0.021050477703181  -0.010318396485772
1.300000000000000  0.972543116757169  0.998875603953227  0.000767183730981  0.752546801652464  0.749945392419822
1.300000000000000  0.430809433583971  0.241241664793796  -0.068890798661584  0.020859556480340  -0.010229133357444
1.310000000000000  0.972848067765696  0.998893822426308  0.000749673982846  0.752551682687949  0.750001402351966
1.310000000000000  0.429603955171863  0.240428402177230  -0.068474761392179  0.020670949322672  -0.010140766709838
1.320000000000000  0.973148782306728  0.998911626939581  0.000732610397700  0.752556431182500  0.750056091722018
1.320000000000000  0.428405675603673  0.239620787650414  -0.068062489027599  0.020484604727273  -0.010053231633345
1.330000000000000  0.973445338010553  0.998929029583640  0.000716006549339  0.752561046813856  0.750109521369165
1.330000000000000  0.427214481142459  0.238818762540541  -0.067653938651550  0.020300569732734  -0.009966739225461
1.340000000000000  0.973737802463024  0.998946040879190  0.000699824011363  0.752565522623208  0.750161697167775
1.340000000000000  0.426030339713397  0.238022308045083  -0.067249063824168  0.020118699110159  -0.009881226802694
1.350000000000000  0.974026247750400  0.998962670378623  0.000684076924342  0.752569879484076  0.750212684852111
1.350000000000000  0.424853152699927  0.237231341770450  -0.066847823620845  0.019939011035630  -0.009796498598968
1.360000000000000  0.974310733262528  0.998978928273339  0.000668722273487  0.752574112015383  0.750262484064279
1.360000000000000  0.423682817800165  0.236445815024530  -0.066450166929924  0.019761422052118  -0.009712763613758
1.370000000000000  0.974591332080612  0.998994824432401  0.000653778702289  0.752578230436563  0.750311158384253
1.370000000000000  0.422519304046473  0.235665654710920  -0.066056053787395  0.019585962000664  -0.009629823591371
1.380000000000000  0.974868105902853  0.999010368347723  0.000639201723321  0.752582229800532  0.750358708289980
1.380000000000000  0.421362524903112  0.234890852417089  -0.065665447578608  0.019412516701650  -0.009547837122228
1.390000000000000  0.975141116089407  0.999025568559590  0.000625020017238  0.752586120360891  0.750405190700802
1.390000000000000  0.420212426344369  0.234121269912777  -0.065278303309017  0.019241190635515  -0.009466703770856
1.400000000000000  0.975410429486256  0.999040434660534  0.000611180837432  0.752589903475040  0.750450599294696
1.400000000000000  0.419068897670341  0.233356898330123  -0.064894571077735  0.019071851295808  -0.009386518108013
1.410000000000000  0.975676098835413  0.999054974161117  0.000597717608750  0.752593586810682  0.750495004109236
1.410000000000000  0.417931888109084  0.232597700324184  -0.064514228301071  0.018904524827573  -0.009306986223270
1.420000000000000  0.975938193529693  0.999069196210960  0.000584567136759  0.752597161201567  0.750538387685616
1.420000000000000  0.416801351537255  0.231843601016619  -0.064137224348137  0.018739065636031  -0.009228503227481
1.430000000000000  0.976196769646160  0.999083108625951  0.000571787578048  0.752600642728317  0.750580827121078
1.430000000000000  0.415677190634007  0.231094555140336  -0.063763514843805  0.018575629063989  -0.009150793458482
1.440000000000000  0.976451878626232  0.999096719324064  0.000559291425997  0.752604022849988  0.750622286423999
1.440000000000000  0.414559375008653  0.230350483731049  -0.063393072756755  0.018414045362948  -0.009073931903954
1.450000000000000  0.976703583748509  0.999110035858963  0.000547146195018  0.752607319791977  0.750662858435878
1.450000000000000  0.413447810907555  0.229611383966397  -0.063025854078624  0.018254287503309  -0.008997793518067
1.460000000000000  0.976951930047806  0.999123065116578  0.000535263999979  0.752610519695705  0.750702500577563
1.460000000000000  0.412342443343049  0.228877164207057  -0.062661816564062  0.018096468167178  -0.008922579798387
1.470000000000000  0.977196981413428  0.999135814753823  0.000523718249649  0.752613639166932  0.750741292813335
1.470000000000000  0.411243233290259  0.228147801457624  -0.062300937351107  0.017940367397737  -0.008847995051607
1.480000000000000  0.977438784291062  0.999148291638232  0.000512430752567  0.752616669270925  0.750779205089373
1.480000000000000  0.410150090548883  0.227423229199575  -0.061943167895659  0.017786122405411  -0.008774331087455
1.490000000000000  0.977677399431493  0.999160503371794  0.000501452379184  0.752619620288969  0.750816308019473
1.490000000000000  0.409062957042429  0.226703424745358  -0.061588474000830  0.017633628832787  -0.008701408740415
1.500000000000000  0.977912863938613  0.999172455394180  0.000490710653043  0.752622497842830  0.750852578356046
1.500000000000000  0.407981806092897  0.225988298114987  -0.061236826278188  0.017482890490247  -0.008629208535786
1.510000000000000  0.978145233546300  0.999184153695914  0.000480259036761  0.752625284182300  0.750888083997803
1.510000000000000  0.406906551435548  0.225277818319759  -0.060888181701905  0.017333818400236  -0.008557868558113
1.520000000000000  0.978374563103378  0.999195605393191  0.000470049718091  0.752628011037400  0.750922798178745
1.520000000000000  0.405837129237269  0.224571984377647  -0.060542514480979  0.017186465522346  -0.008487185872489
1.530000000000000  0.978600896249761  0.999206816622450  0.000460101544949  0.752630662952877  0.750956779208617
1.530000000000000  0.404773532353359  0.223870683688723  -0.060199782647888  0.017040800853969  -0.008417291435906
1.540000000000000  0.978824278103215  0.999217793210821  0.000450389810388  0.752633234887952  0.750990015620707
1.540000000000000  0.403715636256318  0.223173897148615  -0.059859956270927  0.016896781532185  -0.008348183450163
1.550000000000000  0.979044761348132  0.999228540476675  0.000440910258052  0.752635755980994  0.751022547120092
1.550000000000000  0.402663432879355  0.222481573840597  -0.059523007986552  0.016754339617296  -0.008279724813004
1.560000000000000  0.979262377008327  0.999239064064787  0.000431670200672  0.752638193329985  0.751054376373415
1.560000000000000  0.401616864903012  0.221793709201336  -0.059188896836222  0.016613481862196  -0.008212014043279
1.570000000000000  0.979477189465196  0.999249369305499  0.000422643399077  0.752640580378042  0.751085530028477
1.570000000000000  0.400575879912325  0.221110212854603  -0.058857593715064  0.016474284348599  -0.008144964713403
1.580000000000000  0.979689220672640  0.999259461254601  0.000413842488986  0.752642893476464  0.751116021005242
1.580000000000000  0.399540421457550  0.220431056970253  -0.058529069967577  0.016336535128229  -0.008078647519130
1.590000000000000  0.979898531716080  0.999269346133251  0.000405242170516  0.752645157308036  0.751145864283087
1.590000000000000  0.398510423802073  0.219756212343752  -0.058203291610008  0.016200347203521  -0.008012994951168
1.600000000000000  0.980105160412772  0.999279026792889  0.000396859527360  0.752647353487173  0.751175084605855
1.600000000000000  0.397485882830556  0.219085616987727  -0.057880227515973  0.016065755874878  -0.007948044096258
1.610000000000000  0.980309137315295  0.999288510250308  0.000388664535218  0.752649499068855  0.751203684962261
1.610000000000000  0.396466689816098  0.218419222689415  -0.057559850392392  0.015932566786742  -0.007883842546532
1.620000000000000  0.980510517976520  0.999297799954763  0.000380673710013  0.752651583893583  0.751231692518385
1.620000000000000  0.395452833458280  0.217757034407820  -0.057242126573797  0.015800838281985  -0.007820268672729
1.630000000000000  0.980709331641628  0.999306901202235  0.000372855489439  0.752653619750328  0.751259106047529
1.630000000000000  0.394444279449613  0.217098969693130  -0.056927029282059  0.015670622466906  -0.007757278754032
1.640000000000000  0.980905622949567  0.999315817648109  0.000365241831545  0.752655604503980  0.751285962152292
1.640000000000000  0.393440931865153  0.216444996849841  -0.056614532734032  0.015541829299034  -0.007695040892295
1.650000000000000  0.981099424441361  0.999324553934193  0.000357788310647  0.752657534297073  0.751312242075760
1.650000000000000  0.392442777216140  0.215795087743014  -0.056304601464112  0.015414379800798  -0.007633300220589
1.660000000000000  0.981290779204146  0.999333114209380  0.000350532438391  0.752659420692441  0.751337999665295
1.660000000000000  0.391449783132818  0.215149185206955  -0.055997213047817  0.015288324514960  -0.007572292756894
1.670000000000000  0.981479720514576  0.999341503705005  0.000343416763745  0.752661257389553  0.751363199456821
1.670000000000000  0.390461875022339  0.214507297999448  -0.055692336241695  0.015163698198609  -0.007511848569676
1.680000000000000  0.981666287315275  0.999349723938861  0.000336501980033  0.752663046976721  0.751387913305846
1.680000000000000  0.389479028069507  0.213869329758327  -0.055389945197371  0.015040394964112  -0.007452167042432
1.690000000000000  0.981850516881344  0.999357780906950  0.000329714223227  0.752664781803180  0.751412087053112
1.690000000000000  0.388501183579324  0.213235256947766  -0.055090012145203  0.014918421259469  -0.007392980366811
1.700000000000000  0.982032446677269  0.999365677593470  0.000323114852335  0.752666488836455  0.751435803513630
1.700000000000000  0.387528323613283  0.212605072256096  -0.054792510491803  0.014797775033989  -0.007334427857745
1.710000000000000  0.982212098514810  0.999373417902571  0.000316631387591  0.752668135481749  0.751459000433253
1.710000000000000  0.386560369826543  0.211978690556492  -0.054497412937181  0.014678412308272  -0.007276485721778
1.720000000000000  0.982389515050768  0.999381004845484  0.000310332566642  0.752669756908067  0.751481759249299
1.720000000000000  0.385597319201443  0.211356133610040  -0.054204699018836  0.014560323775502  -0.007219090161772
1.730000000000000  0.982564728512660  0.999388442693907  0.000304152136526  0.752671320920474  0.751504027536319
1.730000000000000  0.384639110327790  0.210737347125783  -0.053914336224142  0.014443549902646  -0.007162335840960
1.740000000000000  0.982737776939151  0.999395734034186  0.000298139445792  0.752672867755217  0.751525871913551
1.740000000000000  0.383685695977970  0.210122276882804  -0.053626303425486  0.014327934274463  -0.007106046182226
1.750000000000000  0.982908681336455  0.999402883471453  0.000292233356957  0.752674360881313  0.751547255558030
1.750000000000000  0.382737026312857  0.209510911961868  -0.053340573617365  0.014213615029922  -0.007050398397053
1.760000000000000  0.983077480198951  0.999409893160925  0.000286483738720  0.752675823459713  0.751568231887107
1.760000000000000  0.381793119634213  0.208903187558517  -0.053057123234987  0.014100485619054  -0.006995392061380
1.770000000000000  0.983244205780817  0.999416766937885  0.000280850941958  0.752677245223223  0.751588772995032
1.770000000000000  0.380853890044043  0.208299088330147  -0.052775928440313  0.013988581472260  -0.006940856325678
1.780000000000000  0.983408883730234  0.999423507124238  0.000275355367513  0.752678645588328  0.751608919545119
1.780000000000000  0.379919275146004  0.207698598564621  -0.052496964351479  0.013877785775900  -0.006886933741911
1.790000000000000  0.983571543958395  0.999430116343334  0.000269979581252  0.752679984906400  0.751628656130072
1.790000000000000  0.378989292301945  0.207101652875324  -0.052220207704564  0.013768241120746  -0.006833513469296
1.800000000000000  0.983732221312572  0.999436598582606  0.000264720256863  0.752681323009170  0.751648007410347
1.800000000000000  0.378063882437984  0.206508266335829  -0.051945636655634  0.013659834727757  -0.006780593929041
1.810000000000000  0.983890941454102  0.999442956086513  0.000259591923391  0.752682596162625  0.751666976098486
1.810000000000000  0.377143004282594  0.205918344816070  -0.051673226106509  0.013552515076692  -0.006728264485366
1.820000000000000  0.984047732794868  0.999449192854754  0.000254563708200  0.752683865102000  0.751685570619608
1.820000000000000  0.376226615438383  0.205331890855629  -0.051402955732568  0.013446357349964  -0.006676387678318
1.830000000000000  0.984202622994093  0.999455309517062  0.000249659553719  0.752685080950442  0.751703804445427
1.830000000000000  0.375314687797262  0.204748862200247  -0.051134797180048  0.013341304368985  -0.006625171552447
1.840000000000000  0.984355638385053  0.999461309831708  0.000244848346732  0.752686295680813  0.751721674555889
1.840000000000000  0.374407201602856  0.204169275974976  -0.050868735887963  0.013237346605840  -0.006574381958001
1.850000000000000  0.984506807714492  0.999467196263105  0.000240160547532  0.752687448871445  0.751739208454405
1.850000000000000  0.373504082539044  0.203593038515886  -0.050604748854263  0.013134431125021  -0.006524032193736
1.860000000000000  0.984656160817238  0.999472971178979  0.000235557779249  0.752688602591886  0.751756390452757
1.860000000000000  0.372605338759258  0.203020136120167  -0.050342812932888  0.013032660243928  -0.006474237065960
1.870000000000000  0.984803717453434  0.999478637165183  0.000231076193009  0.752689703643851  0.751773252615751
1.870000000000000  0.371710911076973  0.202450549311629  -0.050082901924627  0.012931819592496  -0.006424968804970
1.880000000000000  0.984949501448467  0.999484196899105  0.000226666569517  0.752690798572765  0.751789773517937
1.880000000000000  0.370820785523267  0.201884261893922  -0.049825003139623  0.012832093429682  -0.006376175204549
1.890000000000000  0.985093549893248  0.999489651727347  0.000222380371044  0.752691858034418  0.751805997341258
1.890000000000000  0.369934903819819  0.201321227416807  -0.049569090030059  0.012733368069294  -0.006327849247529
1.900000000000000  0.985235873808546  0.999495004956164  0.000218164528359  0.752692894245031  0.751821887884782
1.900000000000000  0.369053244210418  0.200761389398385  -0.049315145840165  0.012635654863433  -0.006280020644429
1.910000000000000  0.985376508904114  0.999500258196107  0.000214064196681  0.752693908487477  0.751837493636979
1.910000000000000  0.368175773066329  0.200204779453380  -0.049063152517137  0.012538973157324  -0.006232606343341
1.920000000000000  0.985515470696868  0.999505413775151  0.000210023616984  0.752694896401416  0.751852780993323
1.920000000000000  0.367302474511389  0.199651330227083  -0.048813083436721  0.012443236389974  -0.006185716737555
1.930000000000000  0.985652787036887  0.999510473305057  0.000206106156864  0.752695866469361  0.751867804029109
1.930000000000000  0.366433283540807  0.199101017801039  -0.048564919126658  0.012348469174805  -0.006139197105802
1.940000000000000  0.985788477921275  0.999515439915859  0.000202237078707  0.752696798160182  0.751882508866010
1.940000000000000  0.365568206133848  0.198553828149509  -0.048318652542674  0.012254683574649  -0.006093196664532
1.950000000000000  0.985922575023692  0.999520314618296  0.000198483916872  0.752697724889449  0.751896971480025
1.950000000000000  0.364707190279383  0.198009721456153  -0.048074249149640  0.012161814763107  -0.006047760300943
1.960000000000000  0.986055087664133  0.999525099840758  0.000194774891569  0.752698615859565  0.751911126688454
1.960000000000000  0.363850190213253  0.197468693257740  -0.047831694504459  0.012069902666882  -0.006002581914643
1.970000000000000  0.986186047956755  0.999529797162849  0.000191180808998  0.752699494246810  0.751925050239413
1.970000000000000  0.362997197242496  0.196930688311333  -0.047590977755325  0.011978937083118  -0.005957923788918
1.980000000000000  0.986315470074218  0.999534408570678  0.000187633438972  0.752700343110960  0.751938678815393
1.980000000000000  0.362148203810503  0.196395680777355  -0.047352068712561  0.011888864801671  -0.005913731239893
1.990000000000000  0.986443384416773  0.999538935334977  0.000184194807294  0.752701187263288  0.751952080629856
1.990000000000000  0.361303133611980  0.195863667822910  -0.047114957824675  0.011799661436469  -0.005869912602336
2.000000000000000  0.986569804971834  0.999543381025231  0.000180791805726  0.752702003089560  0.751965207462069
2.000000000000000  0.360461983478975  0.195334612711407  -0.046879625557478  0.011711408934368  -0.005826534034601
