1.010000000000000  0.110186762340229  0.362613863058523  0.089599717784361  0.673792099985412  0.507097809649134
1.010000000000000  0.073156740363711  0.006033988126479  -0.024768285326938  0.003259456518713  -0.011844750678629
1.020000000000000  0.114818792160434  0.373739862750413  0.083145522798688  0.681819775225300  0.519757446931716
1.020000000000000  0.076792583274542  0.006614661830266  -0.025705666225804  0.003225048158968  -0.012109654616463
1.030000000000000  0.119440110110995  0.384696647606382  0.076662409741073  0.689109263754524  0.532169313143368
1.030000000000000  0.080539402494457  0.007239376144066  -0.026646650233343  0.003197070550588  -0.012357834662444
1.040000000000000  0.124045428364903  0.395462283951676  0.070200644245731  0.695736016629418  0.544287398045239
1.040000000000000  0.084388727889141  0.007909306758949  -0.027586126027080  0.003177864100520  -0.012591876756558
1.050000000000000  0.128631773574547  0.406014013946537  0.063811084351813  0.701766749907896  0.556069272507676
1.050000000000000  0.088328540928177  0.008620800226862  -0.028519002393575  0.003169021857979  -0.012808789753873
1.060000000000000  0.133195518370150  0.416331092225232  0.057534276139565  0.707264400499790  0.567480855407797
1.060000000000000  0.092346236409281  0.009374377884904  -0.029448833702920  0.003172408758844  -0.013014468709222
1.070000000000000  0.137734209106029  0.426395019610703  0.051408237028115  0.712283952366497  0.578493305942946
1.070000000000000  0.096425670530167  0.010165965814547  -0.030368458653309  0.003188570364590  -0.013207259195090
1.080000000000000  0.142243576592129  0.436189607711860  0.045460922232046  0.716873107343032  0.589084486703031
1.080000000000000  0.100552152365275  0.010993477771415  -0.031276632604711  0.003219028368322  -0.013390228796192
1.090000000000000  0.146720691725467  0.445701628345116  0.039719588868311  0.721074806791870  0.599237132457147
1.090000000000000  0.104706603316490  0.011852057202647  -0.032171071715107  0.003262011268133  -0.013561542608407
1.100000000000000  0.150450488060144  0.452141152158860  0.037522756128102  0.724216054082448  0.605653971527594
1.100000000000000  0.108413789458775  0.012597426774444  -0.032828822010899  0.003367979103714  -0.013695495989035
1.110000000000000  0.154193904311237  0.458269086116756  0.035595955342331  0.727114817768938  0.611720125349785
1.110000000000000  0.112099901563128  0.013352001562668  -0.033465100943235  0.003483151208358  -0.013822620139336
1.120000000000000  0.157977129451883  0.464173875158107  0.033842216064832  0.729817963615439  0.617528914173609
1.120000000000000  0.115765624682823  0.014116707352456  -0.034086639986255  0.003605382971546  -0.013944105335241
1.130000000000000  0.161806164141567  0.469879392512740  0.032239943283298  0.732349894029050  0.623097910150726
1.130000000000000  0.119397639905552  0.014888739451766  -0.034695536511358  0.003733898951088  -0.014059052118394
1.140000000000000  0.165684135531971  0.475404472128386  0.030767465502195  0.734730256886388  0.628443907658571
1.140000000000000  0.122986930018066  0.015667648927082  -0.035291908519915  0.003869302581669  -0.014170249823540
1.150000000000000  0.169611896405587  0.480764039838813  0.029409524434233  0.736975119375181  0.633582072881436
1.150000000000000  0.126524928976720  0.016450594937657  -0.035877359782319  0.004006287767056  -0.014276950141693
1.160000000000000  0.173588658421330  0.485970473925482  0.028152415343551  0.739097899432938  0.638521371724965
1.160000000000000  0.130002995399995  0.017235170956756  -0.036452689448463  0.004147817999696  -0.014379543049243
1.170000000000000  0.177612525540320  0.491033977271335  0.026984651588501  0.741109629160876  0.643273398448425
1.170000000000000  0.133414709322390  0.018019150224237  -0.037018859976714  0.004292647004781  -0.014478271075287
1.180000000000000  0.181680161102214  0.495962117819393  0.025894276302600  0.743021581863257  0.647846953480126
1.180000000000000  0.136754563745973  0.018802680451011  -0.037575685930775  0.004441141324602  -0.014572230746821
1.190000000000000  0.185788619608038  0.500763576198833  0.024876684758385  0.744840022457886  0.652251535042304
1.190000000000000  0.140018420368308  0.019583493925442  -0.038123979471807  0.004590473024601  -0.014663480948498
1.200000000000000  0.189933650027584  0.505443945741729  0.023923001559583  0.746573396192400  0.656494450136020
1.200000000000000  0.143203151046930  0.020360359356259  -0.038664046519668  0.004741050987507  -0.014751250528001
1.210000000000000  0.194110267501912  0.509989120814556  0.023020745492461  0.748226225573548  0.660583109254725
1.210000000000000  0.146226002466735  0.021113281911210  -0.039196280994815  0.004892358456405  -0.014835402133862
1.220000000000000  0.198309546760297  0.514310765067127  0.022134861198845  0.749795865068929  0.664524841094079
1.220000000000000  0.148710788831927  0.021751608503726  -0.039721275477001  0.005040008887801  -0.014918011336586
1.230000000000000  0.202534041954095  0.518528613724877  0.021297649379080  0.751299772680722  0.668325551223804
1.230000000000000  0.151126233268381  0.022381702792022  -0.040238844946402  0.005188776998251  -0.014995711985951
1.240000000000000  0.206778100380625  0.522648249638784  0.020506962254887  0.752738623689200  0.671991613905754
1.240000000000000  0.153480083312612  0.023007230980684  -0.040749181377836  0.005338447742933  -0.015071695915854
1.250000000000000  0.211038535642803  0.526675964778318  0.019759420022416  0.754117838978539  0.675529546163491
1.250000000000000  0.155778469621041  0.023628451856695  -0.041252495544963  0.005488654150008  -0.015145003096806
1.260000000000000  0.215311408982235  0.530615692647623  0.019051947692082  0.755441038355029  0.678943643313770
1.260000000000000  0.158026122697023  0.024246254506252  -0.041748964735866  0.005639907442734  -0.015215588951115
1.270000000000000  0.219593091628868  0.534471846953591  0.018381508374027  0.756711570922176  0.682239575791772
1.270000000000000  0.160226908352721  0.024861405056623  -0.042238730228081  0.005791671349809  -0.015283657489698
1.280000000000000  0.223879780713552  0.538247749185790  0.017745732620573  0.757932854019860  0.685422370190279
1.280000000000000  0.162383928573885  0.025474440117756  -0.042721916945372  0.005943914947709  -0.015349255138983
1.290000000000000  0.228168516254283  0.541946984148834  0.017142695174824  0.759107307810577  0.688496736590928
1.290000000000000  0.164499815171120  0.026083566752210  -0.043198624017271  0.006096450551593  -0.015412517693338
1.300000000000000  0.232455377984842  0.545572283945331  0.016570433332338  0.760237684662730  0.691467201105446
1.300000000000000  0.166576704357296  0.026693141768346  -0.043668961718409  0.006249262983296  -0.015473473514158
1.310000000000000  0.236737985494181  0.549126517567945  0.016025482526892  0.761326730969335  0.694338045977132
1.310000000000000  0.168616489914927  0.027301553602871  -0.044133115135483  0.006402175772501  -0.015531591396794
1.320000000000000  0.241013210882756  0.552612320692094  0.015507106886239  0.762375797892772  0.697113559056225
1.320000000000000  0.170620362152077  0.027909002199424  -0.044590995135192  0.006555003028074  -0.015588082542612
1.330000000000000  0.245278370202013  0.556032415266878  0.015012840159752  0.763387462579374  0.699797453507883
1.330000000000000  0.172590077291852  0.028515623795507  -0.045042819931556  0.006707914058476  -0.015642471423682
1.340000000000000  0.249531033506563  0.559388190107720  0.014542379563808  0.764363542259452  0.702393312003220
1.340000000000000  0.174526751936814  0.029121504400302  -0.045488663771651  0.006860651582802  -0.015694883270220
1.350000000000000  0.253768812767356  0.562682213015898  0.014093763378462  0.765305783949352  0.704905071208323
1.350000000000000  0.176431429448275  0.029726733674194  -0.045928616364995  0.007013279306297  -0.015745254612045
1.360000000000000  0.257990042381884  0.565916207962433  0.013665606543275  0.766215669529896  0.707335937963037
1.360000000000000  0.178305063360871  0.030331359972680  -0.046362767891525  0.007165669707226  -0.015793814804427
1.370000000000000  0.262192216611962  0.569092248829362  0.013256753123499  0.767094871364880  0.709689071965349
1.370000000000000  0.180148632426425  0.030935322183230  -0.046791206336249  0.007317878030360  -0.015840446000278
1.380000000000000  0.266374137447304  0.572211957500032  0.012865895761621  0.767944678859800  0.711967753118300
1.380000000000000  0.181962896693965  0.031538576763956  -0.047214004324522  0.007469712338578  -0.015885292905656
1.390000000000000  0.270533715642214  0.575277059849810  0.012492079907083  0.768766446675433  0.714174775764649
1.390000000000000  0.183748614811690  0.032141412145843  -0.047631257318998  0.007621213095288  -0.015928409898346
1.400000000000000  0.274669825513264  0.578289157343039  0.012134287870823  0.769561709749203  0.716313186560882
1.400000000000000  0.185506577580430  0.032741935433983  -0.048042913377819  0.007772329939396  -0.015969896428687
1.410000000000000  0.278780838103679  0.581249615521976  0.011791686410382  0.770331242539449  0.718385426613538
1.410000000000000  0.187237490336327  0.033341867155860  -0.048449238734641  0.007922998853701  -0.016009636391512
1.420000000000000  0.282865848395056  0.584160030803970  0.011463429668260  0.771076792475071  0.720394032043941
1.420000000000000  0.188941823460441  0.033941247883283  -0.048850227734718  0.008073163626204  -0.016047863171329
1.430000000000000  0.286923750041880  0.587021756690938  0.011148506498039  0.771798705543996  0.722341655345085
1.430000000000000  0.190620339958700  0.034542271488234  -0.049245968732326  0.008222853965218  -0.016084494171554
1.440000000000000  0.290953295371005  0.589836042631695  0.010846401276422  0.772497999696168  0.724230416313644
1.440000000000000  0.192273549858023  0.035141693722901  -0.049636539783248  0.008371965642997  -0.016119632614961
1.450000000000000  0.294953966773408  0.592604227620936  0.010556246190936  0.773175997290064  0.726062529896050
1.450000000000000  0.193902098913762  0.035741566322670  -0.050022001082269  0.008520569675688  -0.016153267880174
1.460000000000000  0.298924900870684  0.595327462526885  0.010277566873055  0.773833417031996  0.727840598646954
1.460000000000000  0.195506480405663  0.036339622033999  -0.050402430033231  0.008668495555183  -0.016185511202401
1.470000000000000  0.302865345374156  0.598007048864224  0.010009622185478  0.774470886551812  0.729565992914366
1.470000000000000  0.197087260604228  0.036936937662945  -0.050777904419191  0.008815816191634  -0.016216367759762
1.480000000000000  0.306774887553243  0.600643989072362  0.009751889812501  0.775089816646071  0.731241232434787
1.480000000000000  0.198644918878260  0.037533474837078  -0.051148471383463  0.008962466811278  -0.016245853244840
1.490000000000000  0.310653072756828  0.603239375189979  0.009503814705739  0.775691669180194  0.732867788292867
1.490000000000000  0.200180005353024  0.038129219674188  -0.051514223672146  0.009108444132592  -0.016273871386982
1.500000000000000  0.314499745774329  0.605794320983146  0.009264895352122  0.776274802801618  0.734447682879118
1.500000000000000  0.201692951387528  0.038724138212261  -0.051875217218317  0.009253773604060  -0.016300819393938
1.510000000000000  0.318314015775323  0.608309838763444  0.009034713756445  0.776841015918734  0.735982312057921
1.510000000000000  0.203184291644500  0.039318203067703  -0.052231530474588  0.009398364967277  -0.016326502191735
1.520000000000000  0.322096107776611  0.610786922756792  0.008812769752544  0.777391228525957  0.737473929817936
1.520000000000000  0.204654427522308  0.039911145781283  -0.052583218333439  0.009542261749557  -0.016350968548550
1.530000000000000  0.325845788804495  0.613225955823208  0.008598107616278  0.777925628986476  0.738923388945077
1.530000000000000  0.206103914169848  0.040503326632825  -0.052930336145493  0.009685357408364  -0.016374263307227
1.540000000000000  0.329562595361479  0.615628755474371  0.008391442506912  0.778445076343938  0.740332453514904
1.540000000000000  0.207532995994492  0.041094568501574  -0.053272974273622  0.009827639576536  -0.016396436458437
1.550000000000000  0.333246703851773  0.617995915566965  0.008191826728040  0.778949851630388  0.741702644756115
1.550000000000000  0.208942206989077  0.041684815733638  -0.053611172884950  0.009969197686075  -0.016417563066664
1.560000000000000  0.336897798189205  0.620328041990069  0.007998986138026  0.779440937089548  0.743034918799402
1.560000000000000  0.210332318825593  0.042274071383223  -0.053945001711063  0.010109879882281  -0.016437541176497
1.570000000000000  0.340516125618815  0.622626131185972  0.007812538753406  0.779918500946993  0.744331111435261
1.570000000000000  0.211703040684034  0.042862302096489  -0.054274540144549  0.010249764703565  -0.016456447333377
1.580000000000000  0.344101694824755  0.624891023748176  0.007632170754913  0.780383031239250  0.745592410991647
1.580000000000000  0.213055191325606  0.043449461636781  -0.054599815529971  0.010388796804421  -0.016474357990785
1.590000000000000  0.347654184470243  0.627123318536469  0.007457635346632  0.780835170149391  0.746819577058125
1.590000000000000  0.214389043601209  0.044035548234088  -0.054920910432785  0.010527048440654  -0.016491307672721
1.600000000000000  0.351174355370761  0.629323777231607  0.007288656714161  0.781275085121607  0.748014200526934
1.600000000000000  0.215705011039334  0.044620532450485  -0.055237880688645  0.010664410262771  -0.016507331872715
1.610000000000000  0.354661718262820  0.631493194849641  0.007124774984468  0.781703423257486  0.749177254076841
1.610000000000000  0.217003425056524  0.045204381101430  -0.055550779355977  0.010800908749132  -0.016522428450561
1.620000000000000  0.358116746701310  0.633632188408675  0.006966226888586  0.782121812897579  0.750309752585676
1.620000000000000  0.218284651551493  0.045787080323494  -0.055859674132712  0.010936598144891  -0.016536624014088
1.630000000000000  0.361539543464707  0.635741639345460  0.006812431994923  0.782528690724265  0.751412732461146
1.630000000000000  0.219549072505603  0.046368598055461  -0.056164605923418  0.011071335928813  -0.016549880586562
1.640000000000000  0.364930137145923  0.637821875910887  0.006663290994487  0.782924261590027  0.752487175661101
1.640000000000000  0.220797073903210  0.046948938401701  -0.056465629421767  0.011205246651756  -0.016562259156888
1.650000000000000  0.368289000587430  0.639873918355373  0.006518466633267  0.783310392347778  0.753534019388148
1.650000000000000  0.222028902513013  0.047528066580852  -0.056762820514819  0.011338282842846  -0.016573824464721
1.660000000000000  0.371616478737237  0.641898001840428  0.006377876921570  0.783686381255760  0.754554065710687
1.660000000000000  0.223244885677503  0.048105961602583  -0.057056219379980  0.011470328805625  -0.016584558018839
1.670000000000000  0.374911529245678  0.643894972492489  0.006241281656925  0.784052903587512  0.755548423792525
1.670000000000000  0.224445350850830  0.048682607127067  -0.057345515041364  0.011601524815130  -0.016594567820449
1.680000000000000  0.378176308137352  0.645865197428372  0.006108705869034  0.784410526415489  0.756517825293524
1.680000000000000  0.225630642524525  0.049257965846988  -0.057631461197175  0.011731811569784  -0.016603778734345
1.690000000000000  0.381409932604189  0.647809517614002  0.005979798185926  0.784758949268287  0.757462901587899
1.690000000000000  0.226801033711989  0.049832061651565  -0.057913784801773  0.011861214133487  -0.016612165552389
1.700000000000000  0.384613163647102  0.649728229351087  0.005854314254400  0.785098838747299  0.758384591046205
1.700000000000000  0.227956840679851  0.050404842751957  -0.058192520018142  0.011989734334275  -0.016619969620473
1.710000000000000  0.387786060523792  0.651622011760496  0.005732311018909  0.785430489167391  0.759283516018826
1.710000000000000  0.229098284970578  0.050976290360167  -0.058467719383245  0.012117319050966  -0.016627014122908
1.720000000000000  0.390928870038884  0.653491268329085  0.005613503878971  0.785753967136081  0.760160475505042
1.720000000000000  0.230225725340174  0.051546420274716  -0.058739443527626  0.012243914591708  -0.016633379855481
1.730000000000000  0.394042044551034  0.655336591830613  0.005497940050045  0.786069569333984  0.761015953546330
1.730000000000000  0.231339452121392  0.052115186098435  -0.059007726497437  0.012369664233644  -0.016639127973733
1.740000000000000  0.397125766703891  0.657158379280211  0.005385290858795  0.786377689077898  0.761850882542093
1.740000000000000  0.232439642117326  0.052682594128009  -0.059272629535990  0.012494483091061  -0.016644181065046
1.750000000000000  0.400180286465883  0.658957200745504  0.005275531603043  0.786678696959098  0.762665998048926
1.750000000000000  0.233526756595997  0.053248602592185  -0.059534188060002  0.012618343496920  -0.016648581539198
1.760000000000000  0.403206097974857  0.660733431886844  0.005168557035266  0.786972257768744  0.763461591180873
1.760000000000000  0.234600853678619  0.053813217578811  -0.059792453617290  0.012741323221233  -0.016652443182043
1.770000000000000  0.406203017014964  0.662487493139326  0.005064263422746  0.787259250258526  0.764238192221549
1.770000000000000  0.235662196556327  0.054376428636975  -0.060047479909331  0.012863315123118  -0.016655700144303
1.780000000000000  0.409172278427182  0.664219990206624  0.004962548545878  0.787539368985831  0.764996558965327
1.780000000000000  0.236711094554880  0.054938203407588  -0.060299290608854  0.012984417337046  -0.016658388444627
1.790000000000000  0.412113367091166  0.665931100733580  0.004863333655809  0.787812857201670  0.765737206263674
1.790000000000000  0.237747736202430  0.055498536165314  -0.060547949997482  0.013104649787079  -0.016660486807395
1.800000000000000  0.415026960034847  0.667621536813015  0.004766387899713  0.788080482313311  0.766460832616026
1.800000000000000  0.238772396410502  0.056057438053294  -0.060793485000066  0.013223925104534  -0.016662083206791
1.810000000000000  0.417913131218813  0.669291341675851  0.004671848107878  0.788341451701240  0.767167537952569
1.810000000000000  0.239785308950733  0.056613526739545  -0.061035953392782  0.013342275403615  -0.016663175947670
1.820000000000000  0.420772658845282  0.670941133099779  0.004579480433267  0.788597082884070  0.767858140301863
1.820000000000000  0.240786624003090  0.057169429503849  -0.061275382731730  0.013459729350377  -0.016663713900806
1.830000000000000  0.423605409528016  0.672571881175851  0.004489118619254  0.788846504575687  0.768533039989890
1.830000000000000  0.241776651884294  0.057723866204151  -0.061511824517323  0.013576255592449  -0.016663812136067
1.840000000000000  0.426412077501119  0.674182613935068  0.004400933908939  0.789090160561174  0.769192655722282
1.840000000000000  0.242755560443792  0.058276802409513  -0.061745316305532  0.013691838579308  -0.016663480875409
1.850000000000000  0.429192369779389  0.675774467583529  0.004314766755139  0.789328883064228  0.769837338652995
1.850000000000000  0.243723545901780  0.058828241425412  -0.061975901024668  0.013806523766235  -0.016662627845833
1.860000000000000  0.431947177257424  0.677347734292245  0.004230515928181  0.789562168133069  0.770467609070870
1.860000000000000  0.244680835919687  0.059378156318872  -0.062203627782935  0.013920324111082  -0.016661319746692
1.870000000000000  0.434676765580555  0.678902737461367  0.004148021442871  0.789790211823549  0.771084003773146
1.870000000000000  0.245627599283760  0.059926556236926  -0.062428513723781  0.014033155487563  -0.016659556678958
1.880000000000000  0.437380831523674  0.680439843798390  0.004067356239036  0.790013403605307  0.771686464978084
1.880000000000000  0.246564057137486  0.060473425293871  -0.062650606825145  0.014145235123176  -0.016657435163878
1.890000000000000  0.440060607619147  0.681959146809506  0.003988543179277  0.790231751316910  0.772276004805286
1.890000000000000  0.247490375478168  0.061018754349047  -0.062869961820489  0.014256336133313  -0.016654903312118
1.900000000000000  0.442715492352789  0.683461338245418  0.003911214228013  0.790444979811592  0.772852505495838
1.900000000000000  0.248406786549732  0.061562530073954  -0.063086599841185  0.014366504918462  -0.016651978099505
1.910000000000000  0.445346606861072  0.684946497588035  0.003835537363549  0.790654228646121  0.773417008116668
1.910000000000000  0.249313376123924  0.062104737057239  -0.063300011339193  0.014475602528566  -0.016648634280117
1.920000000000000  0.447953873303150  0.686414883609588  0.003761562214607  0.790858744121211  0.773969061918467
1.920000000000000  0.250210337426241  0.062645391580236  -0.063511316910013  0.014583897854997  -0.016645027557559
1.930000000000000  0.450537366365328  0.687867001403503  0.003689016239605  0.791058846295413  0.774509005142727
1.930000000000000  0.251097758784907  0.063184461155809  -0.063720011222280  0.014691557639611  -0.016640962230218
1.940000000000000  0.453097548991171  0.689302885872302  0.003617880835911  0.791254851077887  0.775037719704116
1.940000000000000  0.251975924542224  0.063721972057883  -0.063926147867992  0.014798069094425  -0.016636574136075
1.950000000000000  0.455634790779056  0.690723031337498  0.003548207754891  0.791446729108597  0.775555142845420
1.950000000000000  0.252845092533960  0.064257876464213  -0.064129754311365  0.014903762554801  -0.016631882297568
1.960000000000000  0.458149345796922  0.692127610297533  0.003479886099868  0.791634542834639  0.776061432513970
1.960000000000000  0.253705325894765  0.064792191843122  -0.064330866381170  0.015008536709235  -0.016626879771515
1.970000000000000  0.460641692801875  0.693516775441290  0.003412942732322  0.791818267749581  0.776557064073947
1.970000000000000  0.254556835670894  0.065324901729255  -0.064529497085607  0.015112468555438  -0.016621564932281
1.980000000000000  0.463112329427810  0.694890955984095  0.003347307845279  0.791998589493642  0.777042633922415
1.980000000000000  0.255399722974755  0.065856010100984  -0.064725704479336  0.015215465111513  -0.016615875638774
1.990000000000000  0.465560088746404  0.696250355966042  0.003282849980614  0.792174809745905  0.777518043541700
1.990000000000000  0.256234107724602  0.066385517466901  -0.064919529508856  0.015317638328574  -0.016610012552286
2.000000000000000  0.467986634003904  0.697595181951302  0.003219701432051  0.792347873592578  0.777983600407900
2.000000000000000  0.257060241625382  0.066913387892853  -0.065110981768604  0.015418934313988  -0.016603780693384
2.010000000000000  0.470392199588383  0.698926391880613  0.003157967646951  0.792518236255351  0.778439720092931
2.010000000000000  0.257878521605674  0.067438505186036  -0.065300039135843  0.015519288645952  -0.016597821630324
2.020000000000000  0.472776148925546  0.700242733567341  0.003097002949368  0.792684097517302  0.778886606783773
2.020000000000000  0.258688264348673  0.067962974178701  -0.065486881350673  0.015618832794555  -0.016590431234635
2.030000000000000  0.475139525455853  0.701545426774239  0.003037259168418  0.792846671495517  0.779324309078766
2.030000000000000  0.259490259295966  0.068485911062357  -0.065671435378172  0.015717568364743  -0.016583417568079
2.040000000000000  0.477482615026707  0.702834535655490  0.002978630081037  0.793006087475853  0.779753089101816
2.040000000000000  0.260284514368566  0.069007224430369  -0.065853753803677  0.015815442347185  -0.016576172698076
2.050000000000000  0.479805155731781  0.704110197605260  0.002921027423074  0.793162349427056  0.780173264989131
2.050000000000000  0.261071113411778  0.069526898053474  -0.066033861471694  0.015912499955285  -0.016568710723974
2.060000000000000  0.482107713822026  0.705372754849120  0.002864519960922  0.793315494125971  0.780585145805784
2.060000000000000  0.261850196784051  0.070044911069157  -0.066211804189208  0.016008689168248  -0.016561006193629
2.070000000000000  0.484390395263984  0.706622336319753  0.002808976689334  0.793465635789039  0.780988762433889
2.070000000000000  0.262621891786939  0.070561296197047  -0.066387591688073  0.016104071946013  -0.016553127052345
2.080000000000000  0.486653585440246  0.707859157528858  0.002754455115857  0.793612917418730  0.781384425914530
2.080000000000000  0.263386329817324  0.071076024190185  -0.066561267485280  0.016198611921162  -0.016544968929901
2.090000000000000  0.488897419117552  0.709083440405946  0.002700891285077  0.793757271003774  0.781772396541897
2.090000000000000  0.264143642636336  0.071589093665388  -0.066732839769277  0.016292336225001  -0.016536696149013
2.100000000000000  0.491122186968559  0.710295350246039  0.002648263876928  0.793898812569533  0.782152599455211
2.100000000000000  0.264893870499266  0.072100517941542  -0.066902361030114  0.016385253317795  -0.016528132471079
2.110000000000000  0.493328104933931  0.711495118747811  0.002596517380249  0.794037646692686  0.782525524638268
2.110000000000000  0.265637253140147  0.072610274953312  -0.067069854732234  0.016477373980297  -0.016519460958935
2.120000000000000  0.495515454125899  0.712682883890404  0.002545717388836  0.794173916097947  0.782891277623725
2.120000000000000  0.266373796249215  0.073118378482757  -0.067235343504386  0.016568682999089  -0.016510592574205
2.130000000000000  0.497684394958961  0.713858878184634  0.002495751849222  0.794307559091003  0.783249951258424
2.130000000000000  0.267103671127489  0.073624809547143  -0.067398839076742  0.016659184007872  -0.016501540168694
2.140000000000000  0.499835171321413  0.715023248674407  0.002446601382633  0.794438611566002  0.783601658367188
2.140000000000000  0.267826955274370  0.074129575109470  -0.067560396731419  0.016748909799470  -0.016492316979299
2.150000000000000  0.501967966819461  0.716176231208686  0.002398303650685  0.794567207270855  0.783946823595268
2.150000000000000  0.268543744119105  0.074632686919044  -0.067720016962508  0.016837837270294  -0.016482982245634
2.160000000000000  0.504083146371140  0.717317918813792  0.002350882467910  0.794693722245243  0.784285215666440
2.160000000000000  0.269254178836378  0.075134107869148  -0.067877752278681  0.016925899425354  -0.016474787080532
2.170000000000000  0.506180699207262  0.718448573876576  0.002304162338155  0.794817609229862  0.784617435292689
2.170000000000000  0.269958321036610  0.075633872712998  -0.068033601204613  0.017013233402207  -0.016465179599118
2.180000000000000  0.508261041884365  0.719568291762492  0.002258248104196  0.794939175520418  0.784943306864982
2.180000000000000  0.270656317133860  0.076131964132018  -0.068187603433695  0.017099811143744  -0.016455453025632
2.190000000000000  0.510324302875914  0.720677259588805  0.002213058966507  0.795058635144029  0.785263229792845
2.190000000000000  0.271348214388465  0.076628399550831  -0.068339787184495  0.017185614428532  -0.016445616680784
2.200000000000000  0.512370619599205  0.721775624784143  0.002168610263312  0.795175748495045  0.785577128576044
2.200000000000000  0.272034124242318  0.077123142216897  -0.068490160835413  0.017270679349497  -0.016435650097360
2.210000000000000  0.514400256012891  0.722863549078848  0.002124917447285  0.795290790757812  0.785885189155999
2.210000000000000  0.272714149753619  0.077616216723665  -0.068638767026511  0.017354947871374  -0.016425556531644
2.220000000000000  0.516413427462899  0.723941207194238  0.002081870339031  0.795403747455045  0.786187533673127
2.220000000000000  0.273388387439038  0.078107613610197  -0.068785616227429  0.017438470238770  -0.016415367396716
2.230000000000000  0.518410229934694  0.725008688656469  0.002039520636146  0.795514665355743  0.786484380961301
2.230000000000000  0.274057064142572  0.078597349383703  -0.068930734901247  0.017521286084999  -0.016405021471345
2.240000000000000  0.520391086512729  0.726066193998637  0.001997810443691  0.795623582526558  0.786775932786227
2.240000000000000  0.274719973770915  0.079085413980725  -0.069074162353553  0.017603316533861  -0.016394619934235
2.250000000000000  0.522355900751982  0.727113895472505  0.001956776022800  0.795730598523378  0.787062091680117
2.250000000000000  0.275377376010383  0.079571787952226  -0.069215894288424  0.017684643980994  -0.016384107985652
2.260000000000000  0.524305079372301  0.728151814837808  0.001916360471707  0.795835621994913  0.787343050068007
2.260000000000000  0.276029314709426  0.080056491199829  -0.069355965836935  0.017765223866871  -0.016373508818172
2.270000000000000  0.526238664213395  0.729180232587775  0.001876563472711  0.795938731061336  0.787618973656413
2.270000000000000  0.276675885090898  0.080539526897768  -0.069494398201891  0.017845097633392  -0.016362833398315
2.280000000000000  0.528156888131915  0.730199249268355  0.001837393109057  0.796040199090040  0.787890077685194
2.280000000000000  0.277317165061687  0.081020898197755  -0.069631219741647  0.017924248977349  -0.016352035527732
2.290000000000000  0.530059971929469  0.731208877424291  0.001798796367457  0.796139772353857  0.788156158369682
2.290000000000000  0.277953238363052  0.081500593930349  -0.069766457891952  0.018002682795293  -0.016341199299691
2.300000000000000  0.531948001297961  0.732209417918683  0.001760841970107  0.796237600650792  0.788417686055263
2.300000000000000  0.278584162037009  0.081978605183810  -0.069900104262286  0.018080415504619  -0.016330286447951
2.310000000000000  0.533821260332113  0.733200950647650  0.001723341009188  0.796333859374959  0.788674538457731
2.310000000000000  0.279210060570533  0.082454970774192  -0.070032205704361  0.018157445590649  -0.016319283418574
2.320000000000000  0.535679795007812  0.734183500655817  0.001686497039015  0.796428287484007  0.788926918817219
2.320000000000000  0.279830932525777  0.082929646206302  -0.070162769803316  0.018233807454875  -0.016308211221370
2.330000000000000  0.537523851416367  0.735157293775713  0.001650184097543  0.796521064790305  0.789174874577622
2.330000000000000  0.280446913503164  0.083402664779146  -0.070291822125302  0.018309430238518  -0.016297097071378
2.340000000000000  0.539353583074112  0.736122421909919  0.001614413449044  0.796612452764085  0.789418426796086
2.340000000000000  0.281058049483466  0.083874011913021  -0.070419390791087  0.018384399292588  -0.016285919552992
2.350000000000000  0.541169187148281  0.737079038656589  0.001576759292976  0.796702178702240  0.789657862298652
2.350000000000000  0.281664400230490  0.084343703463938  -0.070545481140878  0.018458699815030  -0.016274721723725
2.360000000000000  0.542970787368316  0.738027223817630  0.001541910952481  0.796790225165740  0.789893110135669
2.360000000000000  0.282266060760168  0.084811730565858  -0.070670116628379  0.018532304962292  -0.016263429768679
2.370000000000000  0.544758487181987  0.738967051719234  0.001507584755668  0.796877015999811  0.790124359075556
2.370000000000000  0.282863070546600  0.085278096184178  -0.070793313429741  0.018605266211374  -0.016252097325491
2.380000000000000  0.546532538201272  0.739898730610330  0.001473822416467  0.796962254025688  0.790351638146651
2.380000000000000  0.283455511520119  0.085742805828632  -0.070915108965294  0.018677562166945  -0.016240712678988
2.390000000000000  0.548293037884389  0.740822270952424  0.001440466301552  0.797045955168568  0.790575011163075
2.390000000000000  0.284043439675401  0.086205843704756  -0.071035496178783  0.018749199953483  -0.016229300910277
2.400000000000000  0.550040162385687  0.741737805842978  0.001407614649268  0.797128397812006  0.790794736730078
2.400000000000000  0.284626932933400  0.086667241201224  -0.071154512833519  0.018820181199982  -0.016217871203844
2.410000000000000  0.551774056516313  0.742645534987882  0.001375264543010  0.797209393676824  0.791010662923554
2.410000000000000  0.285206053322432  0.087127002493622  -0.071272175479094  0.018890523254744  -0.016206422642038
2.420000000000000  0.553494894263533  0.743545498952095  0.001343364140982  0.797289038293719  0.791222941172374
2.420000000000000  0.285780824956112  0.087585089864420  -0.071388484262831  0.018960222480821  -0.016194906104744
2.430000000000000  0.555202718329269  0.744437754239024  0.001311923555722  0.797367492569008  0.791431674224532
2.430000000000000  0.286351337975925  0.088041529704596  -0.071503468492294  0.019029296452503  -0.016183371001840
2.440000000000000  0.556897807190215  0.745322464654592  0.001280911728245  0.797444590939244  0.791636891991956
2.440000000000000  0.286917671455419  0.088496341661528  -0.071617149023089  0.019097747229347  -0.016171811176386
2.450000000000000  0.558580234651248  0.746199712444040  0.001250357416879  0.797520373379330  0.791838720900710
2.450000000000000  0.287479828481766  0.088949492089987  -0.071729538351498  0.019165571884288  -0.016160218556159
2.460000000000000  0.560250119383003  0.747069584747473  0.001220242137377  0.797594980560334  0.792037314703098
2.460000000000000  0.288037903746331  0.089401022554842  -0.071840660949620  0.019232775560455  -0.016148655853529
2.470000000000000  0.561907613558438  0.747932162174785  0.001190548847227  0.797668356725880  0.792232622930310
2.470000000000000  0.288591930671559  0.089850909242810  -0.071950519097299  0.019299362110999  -0.016137039830907
2.480000000000000  0.563552832484123  0.748787567312010  0.001161255867336  0.797740573067101  0.792424650642795
2.480000000000000  0.289141975279902  0.090299159913116  -0.072059143735768  0.019365359643466  -0.016125386253816
2.490000000000000  0.565186001998961  0.749635914160428  0.001132390651650  0.797811687744886  0.792613664872937
2.490000000000000  0.289688098474810  0.090745783196645  -0.072166543369611  0.019430740124289  -0.016113754314570
2.500000000000000  0.566807176895805  0.750477229282844  0.001103930478304  0.797881566317187  0.792799451872684
2.500000000000000  0.290230333841794  0.091190775922142  -0.072272728047702  0.019495538672158  -0.016102108096800
2.510000000000000  0.568416483542140  0.751311669721451  0.001075844954830  0.797950442747714  0.792982313913266
2.510000000000000  0.290768756094388  0.091634150842252  -0.072377725508484  0.019559735097783  -0.016090470927088
2.520000000000000  0.570014054778666  0.752139250189472  0.001048161745587  0.798018131639478  0.793162325455018
2.520000000000000  0.291303372000304  0.092075898478734  -0.072481538292538  0.019623356652122  -0.016078814508220
2.530000000000000  0.571600079743916  0.752960126890446  0.001020861055073  0.798084814602373  0.793339391126075
2.530000000000000  0.291834280872422  0.092516023122314  -0.072584197271954  0.019686408731520  -0.016067163478973
2.540000000000000  0.573174564004972  0.753774318276705  0.000993949976077  0.798150368881079  0.793513585860751
2.540000000000000  0.292361512329257  0.092954538617108  -0.072685710509751  0.019748864310884  -0.016055534891420
2.550000000000000  0.574737744976573  0.754582000982336  0.000967401833669  0.798214936760712  0.793685082156174
2.550000000000000  0.292885084567471  0.093391456586742  -0.072786082310886  0.019810760761246  -0.016043882403507
2.560000000000000  0.576289623260638  0.755383205002154  0.000941189084799  0.798278530519537  0.793853796470670
2.560000000000000  0.293405105833279  0.093826761366076  -0.072885342972499  0.019872089267727  -0.016032229306196
2.570000000000000  0.577830469388326  0.756177954243488  0.000915356079755  0.798341133634011  0.794019912292395
2.570000000000000  0.293921530182894  0.094260458226635  -0.072983497541102  0.019932872543918  -0.016020587906443
2.580000000000000  0.579360258841452  0.756966354388125  0.000889887485799  0.798402651470848  0.794183295741542
2.580000000000000  0.294434504095754  0.094692557338314  -0.073080575682754  0.019993101466341  -0.016009012608734
2.590000000000000  0.580879156826575  0.757748541355849  0.000864753323164  0.798463371144708  0.794344306384683
2.590000000000000  0.294944007991149  0.095123067658659  -0.073176565104094  0.020052778657909  -0.015997378438275
2.600000000000000  0.582387350755695  0.758524576525103  0.000839965177749  0.798523101682146  0.794502766427443
2.600000000000000  0.295450106691829  0.095551969601258  -0.073271496530774  0.020111898142170  -0.015985788648384
2.610000000000000  0.583884875721988  0.759294549486715  0.000815555794013  0.798581970337500  0.794658644049519
2.610000000000000  0.295952843640101  0.095979292950040  -0.073365375301731  0.020170502034282  -0.015974202688126
2.620000000000000  0.585371820726029  0.760058468521569  0.000791426094065  0.798639971074375  0.794812109657171
2.620000000000000  0.296452241576006  0.096405027550209  -0.073458229502013  0.020228554772704  -0.015962644769565
2.630000000000000  0.586848353630660  0.760816406501705  0.000767671259670  0.798696987161943  0.794963403230140
2.630000000000000  0.296948337745865  0.096829199984341  -0.073550058185271  0.020286078893632  -0.015951090325350
2.640000000000000  0.588314503163417  0.761568468353055  0.000744162187197  0.798753101110702  0.795112220136569
2.640000000000000  0.297441203400196  0.097251777781830  -0.073640879333334  0.020343095579619  -0.015939579233309
2.650000000000000  0.589770482198376  0.762314718147753  0.000721029406600  0.798808445795425  0.795258868808340
2.650000000000000  0.297930861402959  0.097672788659956  -0.073730700132500  0.020399593412107  -0.015928066039302
2.660000000000000  0.591216353122016  0.763055259069825  0.000698194287495  0.798863006201830  0.795403173520581
2.660000000000000  0.298417359623904  0.098092972372073  -0.073819547060571  0.020455562320226  -0.015916597594105
2.670000000000000  0.592652166996181  0.763790130004390  0.000675679727203  0.798916692305608  0.795545410828977
2.670000000000000  0.298900721314952  0.098510865561997  -0.073907419803924  0.020511029380423  -0.015905133562048
2.680000000000000  0.594078102661493  0.764519402702597  0.000653409873047  0.798969547359562  0.795685381034307
2.680000000000000  0.299380988272546  0.098927198837847  -0.073994338158153  0.020565997528267  -0.015893729008387
2.690000000000000  0.595494281739629  0.765243129290537  0.000631505303862  0.799021709843111  0.795823269353687
2.690000000000000  0.299858189846305  0.099341972796639  -0.074080296254892  0.020620450662972  -0.015882326523163
2.700000000000000  0.596900558331257  0.765961403316145  0.000609884809809  0.799073155443770  0.795959068119096
2.700000000000000  0.300332377553222  0.099755196933138  -0.074165338396908  0.020674428483217  -0.015870939394270
2.710000000000000  0.598297376104343  0.766674233363100  0.000588532105115  0.799123715219704  0.796092910915364
2.710000000000000  0.300803551679060  0.100166871377162  -0.074249042453471  0.020727905647117  -0.015859599994869
2.720000000000000  0.599684611884790  0.767381735309618  0.000567514374713  0.799173542034358  0.796224775081044
2.720000000000000  0.301271822368715  0.100577015125702  -0.074332244791824  0.020780892606140  -0.015848257140533
2.730000000000000  0.601062498948359  0.768084013282775  0.000546657008557  0.799222733306265  0.796354727597973
2.730000000000000  0.301737168660563  0.100985615018363  -0.074414548460912  0.020833405674911  -0.015836995905839
2.740000000000000  0.602431032956058  0.768781032465242  0.000526137433660  0.799271142807646  0.796482668625584
2.740000000000000  0.302199617922220  0.101392684007688  -0.074495956147864  0.020885438178706  -0.015825751987514
2.750000000000000  0.603790280314910  0.769472883173998  0.000505934936520  0.799318781856698  0.796608747302524
2.750000000000000  0.302659230060944  0.101798216205869  -0.074576499390782  0.020937002656966  -0.015814535077633
2.760000000000000  0.605140423277207  0.770159633353193  0.000485969057604  0.799365818750901  0.796732980340989
2.760000000000000  0.303115998865238  0.102202246797692  -0.074656168868955  0.020988096482951  -0.015803350960337
2.770000000000000  0.606481549783306  0.770841324007744  0.000466287874996  0.799412205126862  0.796855446538365
2.770000000000000  0.303569984008715  0.102604739932418  -0.074734994986660  0.021038723273627  -0.015792196870516
2.780000000000000  0.607813692116180  0.771518059069229  0.000446830994516  0.799457846604768  0.796976213605834
2.780000000000000  0.304021241814112  0.103005739148895  -0.074812970239428  0.021088929795212  -0.015781084861530
2.790000000000000  0.609136894045910  0.772189869825512  0.000427624999418  0.799502974577254  0.797095093233694
2.790000000000000  0.304469750109887  0.103405209060955  -0.074890115180058  0.021138635013593  -0.015769986187872
2.800000000000000  0.610451307906529  0.772856782420642  0.000408694489284  0.799547325885506  0.797212251301223
2.800000000000000  0.304915574264697  0.103803177602180  -0.074966442625019  0.021187911572090  -0.015758965797436
2.810000000000000  0.611757106980159  0.773518879985530  0.000390018673541  0.799591207734114  0.797327793387284
2.810000000000000  0.305358726668956  0.104199659292973  -0.075041948556904  0.021236740793352  -0.015747988837525
2.820000000000000  0.613054192007584  0.774176247040167  0.000371609204730  0.799634325216333  0.797441667284723
2.820000000000000  0.305799286956122  0.104594643450832  -0.075116651497991  0.021285120811913  -0.015737007679081
2.830000000000000  0.614342853294880  0.774828864304470  0.000353415767457  0.799676886555013  0.797553879632688
2.830000000000000  0.306237174278118  0.104988136223030  -0.075190572718717  0.021333060552566  -0.015726096022606
2.840000000000000  0.615622990212439  0.775476783059184  0.000335421608240  0.799718797008780  0.797664445742349
2.840000000000000  0.306672533649259  0.105380138725649  -0.075263711294923  0.021380591533165  -0.015715231377474
2.850000000000000  0.616894850523498  0.776120178293698  0.000317754181468  0.799760140504887  0.797773559624523
2.850000000000000  0.307105307912003  0.105770667216872  -0.075336065618679  0.021427677074818  -0.015704389940155
2.860000000000000  0.618158339416084  0.776759003280238  0.000300260661968  0.799800991689891  0.797881094934981
2.860000000000000  0.307535584349669  0.106159721697334  -0.075407665398332  0.021474333840258  -0.015693616248831
2.870000000000000  0.619413643348989  0.777393343038868  0.000282969817147  0.799841279512547  0.797987135225470
2.870000000000000  0.307963354730208  0.106547311786508  -0.075478511327804  0.021520557915390  -0.015682871948691
2.880000000000000  0.620660831590672  0.778023185941562  0.000265967057645  0.799880923544779  0.798091623122103
2.880000000000000  0.308388656935745  0.106933436782476  -0.075548610456815  0.021566403155547  -0.015672139086471
2.890000000000000  0.621899910333061  0.778648574137102  0.000249173955188  0.799920131950929  0.798194644469390
2.890000000000000  0.308811513582578  0.107318092646045  -0.075617975293063  0.021611819290405  -0.015661469618162
2.900000000000000  0.623130987678820  0.779269644530340  0.000232576290363  0.799958609732899  0.798296390218763
2.900000000000000  0.309231967719057  0.107701304044323  -0.075686612209636  0.021656822912028  -0.015650857075675
2.910000000000000  0.624354262425961  0.779886345684314  0.000216210382790  0.799996682629262  0.798396668341992
2.910000000000000  0.309650017495169  0.108083055852569  -0.075754537392768  0.021701438485650  -0.015640330415572
2.920000000000000  0.625569667455090  0.780498885679754  0.000200044560486  0.800034292561447  0.798495433308582
2.920000000000000  0.310065672426753  0.108463375204290  -0.075821747178462  0.021745627299674  -0.015629744943257
2.930000000000000  0.626777280661659  0.781107161099659  0.000184117108761  0.800071300319582  0.798592949813402
2.930000000000000  0.310479046562379  0.108842244732060  -0.075888264433600  0.021789446221418  -0.015619276494784
2.940000000000000  0.627977260532457  0.781711209434531  0.000168393506716  0.800107840565308  0.798689130815577
2.940000000000000  0.310890074821615  0.109219677958751  -0.075954082300759  0.021832856529034  -0.015608876322413
2.950000000000000  0.629169604202782  0.782311189183430  0.000152865779713  0.800143980371767  0.798783940983738
2.950000000000000  0.311298784487013  0.109595687504277  -0.076019223890426  0.021875879549654  -0.015598471703069
2.960000000000000  0.630354425720120  0.782907028580277  0.000137534017488  0.800179566362076  0.798877515368769
2.960000000000000  0.311705253514169  0.109970282682926  -0.076083688234235  0.021918517874405  -0.015588136840869
2.970000000000000  0.631531880653262  0.783498854966088  0.000122391472258  0.800214594132626  0.798969837027363
2.970000000000000  0.312109465154949  0.110343453122631  -0.076147486444120  0.021960778688303  -0.015577832549686
2.980000000000000  0.632701736707318  0.784086693782541  0.000107468059270  0.800249213737218  0.799060874778358
2.980000000000000  0.312511443487408  0.110715208845359  -0.076210622732992  0.022002655285075  -0.015567603135163
2.990000000000000  0.633864414427429  0.784670589741590  0.000092695859122  0.800283411287304  0.799150641578828
2.990000000000000  0.312911216574845  0.111085558279122  -0.076273115239736  0.022044158685411  -0.015557359653706
3.000000000000000  0.635019785004823  0.785250489178678  0.000078155485213  0.800317205806963  0.799239366952351
3.000000000000000  0.313308805006544  0.111454504556482  -0.076334968173635  0.022085301387472  -0.015547235898075
