1.010000000000000  0.032662138665119  0.292382332219022  0.080003918162137  0.635295778029142  0.367854898364440
1.010000000000000  0.016567031857940  0.000593679205191  -0.003093367063383  0.000045157175428  -0.001365531314695
1.020000000000000  0.040696854130336  0.327126776075540  0.060181288872265  0.642710721776484  0.401692959589889
1.020000000000000  0.019798152855531  0.000759782957322  -0.003449617174168  0.000030369418364  -0.001412350456020
1.030000000000000  0.048540318825958  0.353652346662451  0.047398244046514  0.648541195837503  0.427023239651231
1.030000000000000  0.022509083398286  0.000901733900664  -0.003747118971256  0.000025269232536  -0.001452769720775
1.040000000000000  0.054885187384286  0.372398485073383  0.040443936339904  0.653377738323416  0.446298347299884
1.040000000000000  0.024708562433757  0.001017839436757  -0.003984898813313  0.000025388337375  -0.001489673076725
1.050000000000000  0.060583371484728  0.386968730208358  0.036520864601999  0.657630297194174  0.462236197884154
1.050000000000000  0.026587459114368  0.001118258015243  -0.004191076543080  0.000028009658266  -0.001524279917140
1.060000000000000  0.066514822461848  0.399697618788013  0.033839923141538  0.661478461992678  0.476391202743799
1.060000000000000  0.028346894299501  0.001213482299572  -0.004383640210542  0.000031841755590  -0.001557456208268
1.070000000000000  0.072822604586920  0.411262459107766  0.031765983809989  0.665001344149553  0.489224607442844
1.070000000000000  0.030032522197733  0.001306953498536  -0.004567759008599  0.000036455340444  -0.001589466422782
1.080000000000000  0.079388726230694  0.421892532445015  0.030080920554325  0.668253943316424  0.500939410193814
1.080000000000000  0.031654784556551  0.001398658690910  -0.004744933897293  0.000041883284133  -0.001620563894227
1.090000000000000  0.086118232368573  0.431739219922968  0.028657391276154  0.671275724341038  0.511693776499798
1.090000000000000  0.033220499943930  0.001489566365058  -0.004916137033404  0.000047608506470  -0.001650806151703
1.100000000000000  0.092939342896247  0.440923354282165  0.027417224175921  0.674098830677871  0.521614195846671
1.100000000000000  0.034736450948841  0.001579541497643  -0.005081799478097  0.000053982922030  -0.001680446305164
1.110000000000000  0.099797832021244  0.449534464024676  0.026311030781536  0.676746369506211  0.530800439655540
1.110000000000000  0.036207893445160  0.001669161838366  -0.005243288574871  0.000060655519736  -0.001709326524721
1.120000000000000  0.106655061446318  0.457647553535886  0.025307553302531  0.679238194670335  0.539348702871057
1.120000000000000  0.037639218694627  0.001758639152261  -0.005400977244350  0.000068001789360  -0.001737669908150
1.130000000000000  0.113483390365837  0.465321987772537  0.024384596201990  0.681590638694181  0.547319502312110
1.130000000000000  0.039034811134309  0.001847928538867  -0.005555243956797  0.000075214441294  -0.001765616154299
1.140000000000000  0.120262105674448  0.472608187640034  0.023527993221589  0.683817272274744  0.554778729739818
1.140000000000000  0.040398173388419  0.001937255457699  -0.005706491566869  0.000083025425228  -0.001792944222804
1.150000000000000  0.126975991417603  0.479547710714261  0.022727171000867  0.685928201460255  0.561779036534103
1.150000000000000  0.041732668207728  0.002026728114289  -0.005855025516615  0.000091528971547  -0.001819895402502
1.160000000000000  0.133616326074542  0.486174834189953  0.021973468958096  0.687934757209870  0.568367340717910
1.160000000000000  0.043040362852021  0.002116458563530  -0.006001130750674  0.000100570462235  -0.001846501863653
1.170000000000000  0.140176743668735  0.492519635642061  0.021261405034050  0.689845291498954  0.574574437989463
1.170000000000000  0.044323891409463  0.002206605373041  -0.006145160346919  0.000108976987319  -0.001872634708849
1.180000000000000  0.146653814806019  0.498607443833333  0.020586239865789  0.691665828996491  0.580446407096562
1.180000000000000  0.045585331767772  0.002297142782510  -0.006287012756630  0.000118113164174  -0.001898415727493
1.190000000000000  0.153042007398550  0.504460492822430  0.019944553205873  0.693404530258131  0.586001218196940
1.190000000000000  0.046826161158282  0.002388222170000  -0.006427241976159  0.000127501603436  -0.001923852944195
1.200000000000000  0.159342183493034  0.510097356885285  0.019333261996258  0.695066591787475  0.591261518549051
1.200000000000000  0.048047902020242  0.002479882273388  -0.006565792293016  0.000137211327355  -0.001948868201124
1.210000000000000  0.165553911766968  0.515534967543555  0.018749445816010  0.696658153200073  0.596267128348414
1.210000000000000  0.049251621943062  0.002572225442657  -0.006702844678400  0.000146915393199  -0.001973602607999
1.220000000000000  0.171675677498732  0.520787993335281  0.018191320064743  0.698182604963761  0.601025510078953
1.220000000000000  0.050438673459596  0.002665086081854  -0.006838513736807  0.000157156055694  -0.001998229572021
1.230000000000000  0.177709109600773  0.525869229840503  0.017656490704335  0.699643605891819  0.605559975733693
1.230000000000000  0.051610185630169  0.002758647938908  -0.006972928793858  0.000167568746403  -0.002022397857623
1.240000000000000  0.183654271859724  0.530790756220244  0.017143881127199  0.701046983755056  0.609883043862817
1.240000000000000  0.052766983698203  0.002852936839463  -0.007106089860628  0.000178412944517  -0.002046245420897
1.250000000000000  0.189512403077868  0.535562366010124  0.016651981046829  0.702394787791806  0.614009886656559
1.250000000000000  0.053909702922238  0.002947949927651  -0.007238158959321  0.000189189535850  -0.002069868642259
1.260000000000000  0.195285155372139  0.540193306379676  0.016179319953964  0.703691536126082  0.617956947479338
1.260000000000000  0.055039080080942  0.003043683740888  -0.007369131658765  0.000200327350114  -0.002093163448761
1.270000000000000  0.200973718650371  0.544692590792742  0.015725018798881  0.704938147296304  0.621735276572101
1.270000000000000  0.056155422245160  0.003140000256502  -0.007499099934812  0.000211739240032  -0.002116289610434
1.280000000000000  0.206579842848970  0.549067453325366  0.015287675987885  0.706138907886258  0.625351377018338
1.280000000000000  0.057259611188310  0.003237496913504  -0.007628123474878  0.000223417952847  -0.002139140891124
1.290000000000000  0.212105272734833  0.553324849778174  0.014867012072952  0.707295603354664  0.628816668957348
1.290000000000000  0.058352155971225  0.003335593171838  -0.007756315658702  0.000235018575481  -0.002161652873039
1.300000000000000  0.217551757291427  0.557470891523982  0.014461510556958  0.708411645758821  0.632139684132106
1.300000000000000  0.059433368768998  0.003434479321905  -0.007883575299068  0.000246877280825  -0.002183901470243
1.310000000000000  0.222919826006890  0.561511973834389  0.014070947098103  0.709487169096368  0.635332441881857
1.310000000000000  0.060504151802187  0.003534275594553  -0.008010011535439  0.000258930757468  -0.002206014680554
1.320000000000000  0.228211657990711  0.565452758617463  0.013693956272105  0.710526460448703  0.638400544950748
1.320000000000000  0.061564175195972  0.003634878651434  -0.008135649597188  0.000271276426206  -0.002227910095884
1.330000000000000  0.233428090974431  0.569298370915421  0.013330132824948  0.711529638973121  0.641349529472143
1.330000000000000  0.062614373783073  0.003736389785538  -0.008260532741822  0.000283710509571  -0.002249500341410
1.340000000000000  0.238571084725884  0.573053521858905  0.012978906320672  0.712497937996517  0.644187583168359
1.340000000000000  0.063654009558355  0.003838724995376  -0.008384680717137  0.000296432642696  -0.002270876839303
1.350000000000000  0.243644048197897  0.576721883183219  0.012639715749373  0.713434172292495  0.646919010081214
1.350000000000000  0.064685043697350  0.003941956106808  -0.008508114319550  0.000309559186350  -0.002291898506242
1.360000000000000  0.248644985848379  0.580307791119409  0.012312013857076  0.714339926622903  0.649552057176761
1.360000000000000  0.065706243321078  0.004045993700124  -0.008630849550548  0.000322409078818  -0.002312823262885
1.370000000000000  0.253578698838875  0.583814832613250  0.011995422460945  0.715216129860561  0.652089756616988
1.370000000000000  0.066718538095604  0.004150987886941  -0.008752926638772  0.000335729843624  -0.002333495155470
1.380000000000000  0.258444465778564  0.587246377031375  0.011689025210003  0.716063914338811  0.654539231436517
1.380000000000000  0.067722333930624  0.004256540211739  -0.008874338645684  0.000348693901687  -0.002354011982733
1.390000000000000  0.263243450406448  0.590604878732226  0.011392938053281  0.716885741593452  0.656900687933639
1.390000000000000  0.068717181595359  0.004363169957127  -0.008995101131844  0.000362170036447  -0.002374223810827
1.400000000000000  0.267978626025774  0.593893883674248  0.011106298677530  0.717681101895193  0.659180588696525
1.400000000000000  0.069703310400084  0.004470789058927  -0.009115200256442  0.000375834721604  -0.002394008766646
1.410000000000000  0.272650295028493  0.597116173855005  0.010829184825289  0.718451769642375  0.661385523576931
1.410000000000000  0.070681321657931  0.004579218242466  -0.009234364237025  0.000389731833637  -0.002413832483737
1.420000000000000  0.277260941087275  0.600274176685968  0.010560907320764  0.719199283046655  0.663514383351631
1.420000000000000  0.071651157575999  0.004688576292328  -0.009352575376356  0.000403838830633  -0.002433448650587
1.430000000000000  0.281808236855377  0.603370187084224  0.010300876841649  0.719923036431996  0.665571685124975
1.430000000000000  0.072613145491422  0.004798814109157  -0.009471869751060  0.000417557559774  -0.002452681894772
1.440000000000000  0.286296678858311  0.606406741041527  0.010048851876079  0.720625778938244  0.667559511034270
1.440000000000000  0.073567323679516  0.004910050228223  -0.009589575823413  0.000431758870121  -0.002471874028088
1.450000000000000  0.290727976329217  0.609385514196032  0.009805148959967  0.721307714311237  0.669487150836580
1.450000000000000  0.074513834238630  0.005021878492901  -0.009706763015794  0.000445896177432  -0.002490669447611
1.460000000000000  0.295102907275767  0.612309044894515  0.009569011898200  0.721968953308542  0.671352441097197
1.460000000000000  0.075452910212513  0.005134736395775  -0.009823390248344  0.000460303169926  -0.002509478931955
1.470000000000000  0.299422546839138  0.615179165797761  0.009339879247183  0.722612212386220  0.673157693198808
1.470000000000000  0.076384251655984  0.005248667224664  -0.009939466954818  0.000475206364699  -0.002527916093438
1.480000000000000  0.303685724591390  0.617997636149538  0.009117373573798  0.723235645425259  0.674906192668518
1.480000000000000  0.077308434814140  0.005363214218526  -0.010054989147878  0.000489717646445  -0.002546137152464
1.490000000000000  0.307895694556376  0.620765816194984  0.008902026189761  0.723841367173126  0.676601216440991
1.490000000000000  0.078225372187384  0.005478762926439  -0.010169964569348  0.000504901014993  -0.002564219112339
1.500000000000000  0.312056362340760  0.623485870774000  0.008693330135141  0.724430439518780  0.678246732156108
1.500000000000000  0.079135097345631  0.005595192321415  -0.010284405549392  0.000519458240300  -0.002582101300643
1.510000000000000  0.316161857603247  0.626159116638682  0.008490859302407  0.725002846773207  0.679839907856846
1.510000000000000  0.080037771669296  0.005712539137258  -0.010398322546257  0.000534802660561  -0.002599821233546
1.520000000000000  0.320216320682670  0.628787098948994  0.008293627519515  0.725559375439909  0.681388258871485
1.520000000000000  0.080933518041098  0.005830729365665  -0.010511675523218  0.000549879943485  -0.002617184392470
1.530000000000000  0.324224375182124  0.631371098907525  0.008102925548763  0.726099907783607  0.682885887847575
1.530000000000000  0.081822321770468  0.005949695038809  -0.010624494696616  0.000564990097171  -0.002634444826380
1.540000000000000  0.328184371320163  0.633911901642091  0.007916919125256  0.726626044195419  0.684345607126114
1.540000000000000  0.082704334995302  0.006069597426168  -0.010736430096840  0.000580049006452  -0.002651570624553
1.550000000000000  0.332094727186084  0.636411866495782  0.007736844144366  0.727138368632117  0.685758225362470
1.550000000000000  0.083579521779161  0.006190413404900  -0.010848188933329  0.000595884827856  -0.002668311125103
1.560000000000000  0.335956969154035  0.638871287385394  0.007561155057489  0.727636928691307  0.687131282266406
1.560000000000000  0.084448035694030  0.006312005583158  -0.010959443885664  0.000611471113129  -0.002684917466041
1.570000000000000  0.339775587782860  0.641292471923921  0.007391185247238  0.728121846281987  0.688464120199205
1.570000000000000  0.085310069309354  0.006434444788802  -0.011070181269942  0.000627284863691  -0.002701394959926
1.580000000000000  0.343549275680811  0.643675246429189  0.007226169256052  0.728594440530206  0.689760638431251
1.580000000000000  0.086165396108467  0.006557798757024  -0.011180399730502  0.000642718684666  -0.002717807173694
1.590000000000000  0.347277976776275  0.646021247642120  0.007064765593923  0.729053608762943  0.691018705949299
1.590000000000000  0.087014261740793  0.006682054019481  -0.011290103754677  0.000658500608062  -0.002733762997377
1.600000000000000  0.350963321334241  0.648331618679729  0.006908742376424  0.729502237283481  0.692244461870257
1.600000000000000  0.087856754598799  0.006807066997143  -0.011399301342960  0.000674686818609  -0.002749584038256
1.610000000000000  0.354602963223491  0.650606802742430  0.006756721293218  0.729938164502885  0.693436001755257
1.610000000000000  0.088692907462414  0.006933212530998  -0.011508002485652  0.000690758761921  -0.002765235842375
1.620000000000000  0.358203463828320  0.652847961825966  0.006609081768558  0.730362837871853  0.694593532296206
1.620000000000000  0.089522598361154  0.007059562275361  -0.011616190775883  0.000706665528793  -0.002780719028519
1.630000000000000  0.361763908947992  0.655056126990766  0.006465752219401  0.730778600329454  0.695723968058171
1.630000000000000  0.090346192262124  0.007187438349643  -0.011723855308629  0.000722692497270  -0.002795972102683
1.640000000000000  0.365283235627736  0.657232157714739  0.006326256772711  0.731181723191520  0.696822148487583
1.640000000000000  0.091163462549014  0.007315752407804  -0.011831030285715  0.000738899634800  -0.002811067145229
1.650000000000000  0.368760557570562  0.659377061361223  0.006191008722647  0.731575311938233  0.697891800020392
1.650000000000000  0.091974614846850  0.007444866975450  -0.011937691799596  0.000755591478111  -0.002826123226099
1.660000000000000  0.372201619610099  0.661490884719172  0.006058989200545  0.731959524119484  0.698933581580519
1.660000000000000  0.092779657593248  0.007574784521716  -0.012043847833327  0.000771874195725  -0.002840858180465
1.670000000000000  0.375604203594574  0.663575151859327  0.005930086465953  0.732333954121974  0.699946448111938
1.670000000000000  0.093578683928429  0.007705585048061  -0.012149523631741  0.000788197047972  -0.002855423200495
1.680000000000000  0.378969869111020  0.665629723891835  0.005804592969363  0.732699794025326  0.700934179169617
1.680000000000000  0.094371667858015  0.007837167697141  -0.012254672326811  0.000805004461776  -0.002869524790416
1.690000000000000  0.382296354449132  0.667656155490477  0.005683471215234  0.733055622778259  0.701897963497128
1.690000000000000  0.095158693956264  0.007969469656354  -0.012359341778665  0.000821550380313  -0.002883872432683
1.700000000000000  0.385587741062254  0.669654790861011  0.005564809974122  0.733403925083646  0.702835580719126
1.700000000000000  0.095939894078664  0.008102604853178  -0.012463506943059  0.000837976074998  -0.002897794767634
1.710000000000000  0.388845088105241  0.671626800989149  0.005449254374098  0.733742366339146  0.703749550378897
1.710000000000000  0.096715229034042  0.008236453490045  -0.012567147641202  0.000854732632679  -0.002911431154676
1.720000000000000  0.392064493167784  0.673571933549811  0.005336576761388  0.734075125106885  0.704639821037035
1.720000000000000  0.097484650732833  0.008371154332301  -0.012670316319851  0.000871476090121  -0.002925163666130
1.730000000000000  0.395251354514694  0.675491685535531  0.005227137101384  0.734397791518339  0.705509273243386
1.730000000000000  0.098248357045260  0.008506543914342  -0.012772968735129  0.000888336236263  -0.002938498115765
1.740000000000000  0.398404855556202  0.677386195322413  0.005120881085944  0.734713257204951  0.706358868007516
1.740000000000000  0.099006315248472  0.008642839188488  -0.012875134923530  0.000905324913287  -0.002951917960805
1.750000000000000  0.401524927345003  0.679255787079618  0.005016645132059  0.735022211841269  0.707188250566228
1.750000000000000  0.099758649591471  0.008779728840952  -0.012976797606445  0.000922240247434  -0.002964919314493
1.760000000000000  0.404613189898857  0.681101183781888  0.004915922060776  0.735323040099814  0.707994252603299
1.760000000000000  0.100505293531267  0.008917374252761  -0.013077959752185  0.000939425630017  -0.002977677352894
1.770000000000000  0.407667712529978  0.682923477405923  0.004818076931140  0.735617072503982  0.708780644034236
1.770000000000000  0.101246350442003  0.009055753043025  -0.013178626131081  0.000956245571027  -0.002990418441686
1.780000000000000  0.410691257497992  0.684722353171877  0.004722079829880  0.735905770091909  0.709549457662729
1.780000000000000  0.101981863500047  0.009194949425822  -0.013278787854823  0.000973390620409  -0.003002947175055
1.790000000000000  0.413683123118485  0.686499130428658  0.004628048672312  0.736186629471957  0.710298316140553
1.790000000000000  0.102711938530143  0.009334839232830  -0.013378444650602  0.000990391649537  -0.003015232425022
1.800000000000000  0.416642752675446  0.688253574275127  0.004537155495360  0.736460917669605  0.711031232487250
1.800000000000000  0.103436350204043  0.009475307502938  -0.013477619726764  0.001007714508574  -0.003027616970171
1.810000000000000  0.419575789103208  0.689986113115657  0.004447894497684  0.736729797445736  0.711746195509797
1.810000000000000  0.104155405572031  0.009616565100315  -0.013576290781290  0.001025025030669  -0.003039574427332
1.820000000000000  0.422477087393424  0.691698036395887  0.004360818050473  0.736992319079077  0.712445673041646
1.820000000000000  0.104869123107168  0.009758447370444  -0.013674467072944  0.001042406186378  -0.003051524224430
1.830000000000000  0.425348072066592  0.693388780698853  0.004276934412860  0.737249166856106  0.713125694705905
1.830000000000000  0.105577513556351  0.009901103956377  -0.013772139605987  0.001059508276426  -0.003063104726085
1.840000000000000  0.428192508830545  0.695059165567748  0.004194163256159  0.737499764528184  0.713793588875484
1.840000000000000  0.106280476666247  0.010044394247838  -0.013869337633878  0.001076818079261  -0.003074729065939
1.850000000000000  0.431004576138035  0.696709938411904  0.004113679695943  0.737745787826207  0.714443711903791
1.850000000000000  0.106978255238629  0.010188420323769  -0.013966013578953  0.001094581071042  -0.003085867389505
1.860000000000000  0.433790220639733  0.698341457790224  0.004034999455995  0.737985732455097  0.715079519808719
1.860000000000000  0.107670736901143  0.010333055175198  -0.014062208255433  0.001111962659726  -0.003097089845655
1.870000000000000  0.436547149437842  0.699953358827381  0.003958996894317  0.738220882310600  0.715702059927812
1.870000000000000  0.108358075673645  0.010478365876019  -0.014157909888752  0.001129438335057  -0.003108160788380
1.880000000000000  0.439281016197179  0.701546593747473  0.003885034223246  0.738451748294170  0.716312953199512
1.880000000000000  0.109040283114680  0.010624382190369  -0.014253073867266  0.001146846310361  -0.003119114746049
1.890000000000000  0.441983356085559  0.703121567040682  0.003812108026887  0.738675450541705  0.716902991204671
1.890000000000000  0.109717215678444  0.010770912167243  -0.014347769398466  0.001164337647331  -0.003129707481386
1.900000000000000  0.444661831347358  0.704678522959705  0.003741306572752  0.738895827398677  0.717485561775971
1.900000000000000  0.110389241405821  0.010918152936812  -0.014442020982739  0.001182008383407  -0.003140107243411
1.910000000000000  0.447312872189207  0.706217710614634  0.003672097269536  0.739111266518907  0.718053969071677
1.910000000000000  0.111056203616686  0.011066147867023  -0.014535741927136  0.001199460442313  -0.003150621062240
1.920000000000000  0.449940452910996  0.707740015351956  0.003604684446944  0.739321831096475  0.718612148767266
1.920000000000000  0.111717987071570  0.011214557795681  -0.014628951371013  0.001217289606066  -0.003160711308201
1.930000000000000  0.452541286749438  0.709244482983729  0.003538810592839  0.739528318624392  0.719157838520863
1.930000000000000  0.112374981172227  0.011363705882292  -0.014721673595715  0.001234331625775  -0.003170835515899
1.940000000000000  0.455117479343583  0.710732577436097  0.003473974670906  0.739730733174796  0.719689759148495
1.940000000000000  0.113026961962286  0.011513385152077  -0.014813900715184  0.001252307057329  -0.003180840135112
1.950000000000000  0.457671179192753  0.712204478608701  0.003411775668028  0.739928740068978  0.720212240330252
1.950000000000000  0.113674128523153  0.011663594336577  -0.014905640690579  0.001269706330548  -0.003190512668918
1.960000000000000  0.460199385912769  0.713659987546799  0.003350312572972  0.740123138438964  0.720721449253271
1.960000000000000  0.114316353623347  0.011814525602379  -0.014996882130018  0.001287143412901  -0.003200147136962
1.970000000000000  0.462706524790811  0.715099325425528  0.003290893129729  0.740311662974450  0.721220860865576
1.970000000000000  0.114953712855559  0.011966026901757  -0.015087632043582  0.001305184981730  -0.003209554242499
1.980000000000000  0.465190157856711  0.716523419060411  0.003231704481740  0.740497604045181  0.721709313258594
1.980000000000000  0.115586434021737  0.012118000583099  -0.015177864659118  0.001322589076993  -0.003218855185478
1.990000000000000  0.467652298047597  0.717932641803561  0.003174353856952  0.740681510812577  0.722187915202728
1.990000000000000  0.116214453360394  0.012270714983210  -0.015267637493597  0.001340464244166  -0.003227991377879
2.000000000000000  0.470089178713373  0.719326353502048  0.003118782182277  0.740859559003458  0.722654157398354
2.000000000000000  0.116837485978354  0.012423803964255  -0.015356915188697  0.001358398149759  -0.003236966187549
2.010000000000000  0.472555592618150  0.720701991010732  0.003060801956737  0.741034644422130  0.723116786986675
2.010000000000000  0.117455989555226  0.012577646756577  -0.015445693124707  0.001375874061794  -0.003245794873875
2.020000000000000  0.474949593858685  0.722066193369868  0.003007499349896  0.741206299029469  0.723566559967240
2.020000000000000  0.118069869826922  0.012731941101808  -0.015534257952542  0.001393589135301  -0.003254463936133
2.030000000000000  0.477321699206806  0.723416132145565  0.002955245278258  0.741373981814020  0.724007431519563
2.030000000000000  0.118679165921732  0.012886786475840  -0.015622047212058  0.001411306708266  -0.003263046053342
2.040000000000000  0.479672424562018  0.724752049833995  0.002904195400672  0.741538772433880  0.724438271013089
2.040000000000000  0.119283896398480  0.013042159532615  -0.015709348059843  0.001429023130026  -0.003271382910141
2.050000000000000  0.482002044217826  0.726074156336738  0.002854304965866  0.741700678757756  0.724860987104904
2.050000000000000  0.119884098257038  0.013198050027788  -0.015796159082558  0.001446741821532  -0.003279609465965
2.060000000000000  0.484310837431106  0.727382738873013  0.002805504944565  0.741859159872407  0.725275898498274
2.060000000000000  0.120479805760249  0.013354446890651  -0.015882482248021  0.001464486108046  -0.003287760186952
2.070000000000000  0.486599078347283  0.728678042825847  0.002757832619103  0.742013615126194  0.725680886505709
2.070000000000000  0.121071075746620  0.013511341007904  -0.015968318839031  0.001482216926785  -0.003295720325372
2.080000000000000  0.488867041490387  0.729960203785873  0.002711157267496  0.742166172058382  0.726078883614211
2.080000000000000  0.121657925218103  0.013668735717063  -0.016053672290115  0.001499944991949  -0.003303573180776
2.090000000000000  0.491115038856884  0.731229506444921  0.002665407820199  0.742316512215973  0.726469047695923
2.090000000000000  0.122240401234857  0.013826616801575  -0.016138545361154  0.001517652898639  -0.003311268189899
2.100000000000000  0.493343300931789  0.732486085045493  0.002620642751094  0.742461996366291  0.726850711717977
2.100000000000000  0.122818535549092  0.013984988059170  -0.016222948282902  0.001535373765826  -0.003318816359711
2.110000000000000  0.495552127119071  0.733730231228725  0.002576933326518  0.742605718442890  0.727225893746879
2.110000000000000  0.123392349804409  0.014143831746183  -0.016306935464072  0.001553083854824  -0.003326292427468
2.120000000000000  0.497741740897562  0.734962034864292  0.002534231799106  0.742747024491304  0.727593450051884
2.120000000000000  0.123961884406667  0.014303134210663  -0.016390401833676  0.001570785755669  -0.003333550405674
2.130000000000000  0.499912423216341  0.736181810834360  0.002492475516737  0.742884943365602  0.727954243122900
2.130000000000000  0.124527176528126  0.014462896009838  -0.016473390235505  0.001588473791432  -0.003340904792630
2.140000000000000  0.502064397382931  0.737389658178544  0.002451628120238  0.743020742305778  0.728307335919394
2.140000000000000  0.125088260416476  0.014623110932713  -0.016555901813770  0.001606156855172  -0.003347996930163
2.150000000000000  0.504197951745855  0.738585826257358  0.002411641249647  0.743153812008586  0.728653706473029
2.150000000000000  0.125645170597189  0.014783773384951  -0.016637938126919  0.001623820270010  -0.003354896228934
2.160000000000000  0.506313299179326  0.739770438338978  0.002372528517986  0.743284350942203  0.728993886952076
2.160000000000000  0.126197941612295  0.014944867266247  -0.016719501290958  0.001641490578541  -0.003361692992941
2.170000000000000  0.508410688670918  0.740943749710266  0.002334215452607  0.743412567555400  0.729327505646048
2.170000000000000  0.126746601170754  0.015106392124711  -0.016800590967739  0.001659170289521  -0.003368367346720
2.180000000000000  0.510490359317489  0.742105869760526  0.002296774315368  0.743538178370296  0.729654738875263
2.180000000000000  0.127291200273920  0.015268335347814  -0.016881206899221  0.001676790538758  -0.003374912585088
2.190000000000000  0.512552500611013  0.743256950086664  0.002260059115843  0.743661886721928  0.729976257638415
2.190000000000000  0.127831758199358  0.015430697242202  -0.016961351408405  0.001694410546750  -0.003381349413440
2.200000000000000  0.514597375695109  0.744397221724682  0.002224163323470  0.743783477564324  0.730291313502310
2.200000000000000  0.128368321596229  0.015593456775810  -0.017041030787980  0.001712018551461  -0.003387687292921
2.210000000000000  0.516625186678724  0.745526794882663  0.002188996952223  0.743902115772068  0.730600482215805
2.210000000000000  0.128900914518219  0.015756619054497  -0.017120239829202  0.001729608683559  -0.003393839822291
2.220000000000000  0.518636161510785  0.746645896881327  0.002154545488566  0.744019227104764  0.730904053190533
2.220000000000000  0.129429573473413  0.015920172386012  -0.017198980067521  0.001747176163526  -0.003399914133306
2.230000000000000  0.520630512593359  0.747754582705010  0.002120849451666  0.744133551900739  0.731201160381974
2.230000000000000  0.129954331369830  0.016084107986021  -0.017277254378073  0.001764733369051  -0.003405879831125
2.240000000000000  0.522608424234109  0.748853072065647  0.002087831971764  0.744246361865172  0.731494748787209
2.240000000000000  0.130475220902093  0.016248416257430  -0.017355066098989  0.001782265648648  -0.003411713201227
2.250000000000000  0.524570159640184  0.749941506747443  0.002055531641131  0.744356696942329  0.731782220563113
2.250000000000000  0.130992289087485  0.016413092221558  -0.017432415522209  0.001799782708164  -0.003417415369188
2.260000000000000  0.526515841008495  0.751020032865670  0.002023881801521  0.744466749890297  0.732063626664711
2.260000000000000  0.131505542809246  0.016578127266155  -0.017509302412293  0.001817268226481  -0.003423025256942
2.270000000000000  0.528445732915467  0.752088798392589  0.001993774113276  0.744572864360524  0.732340895811265
2.270000000000000  0.132014851746026  0.016743515452810  -0.017585728630585  0.001834729062991  -0.003428504707442
2.280000000000000  0.530360004935313  0.753147906264649  0.001963449891135  0.744677896150641  0.732611971592286
2.280000000000000  0.132520601177654  0.016909250920606  -0.017661697209610  0.001852184558822  -0.003433886772891
2.290000000000000  0.532258858957407  0.754197540277338  0.001933686959199  0.744781103949181  0.732879704551930
2.290000000000000  0.133022650029774  0.017075333422387  -0.017737208724249  0.001869599121486  -0.003439163222820
2.300000000000000  0.534142473765678  0.755237770707905  0.001904569560459  0.744882370467329  0.733141352622611
2.300000000000000  0.133521018545796  0.017241743372236  -0.017812265085644  0.001886977888616  -0.003444278849886
2.310000000000000  0.536011019431539  0.756268789529728  0.001875976707723  0.744981257886574  0.733399796761979
2.310000000000000  0.134015762878554  0.017408466597346  -0.017886866981638  0.001904342808471  -0.003449355157616
2.320000000000000  0.537864726980188  0.757290712000776  0.001848019198254  0.745080018843126  0.733652584494842
2.320000000000000  0.134506895957570  0.017575521181694  -0.017961014851786  0.001921689382728  -0.003454316812305
2.330000000000000  0.539703744112520  0.758303661214674  0.001820583553222  0.745175602510134  0.733901782437890
2.330000000000000  0.134994452398414  0.017742881022425  -0.018034713053029  0.001938999183971  -0.003459150903522
2.340000000000000  0.541528234380481  0.759307753731374  0.001793690126454  0.745269764507380  0.734145987278743
2.340000000000000  0.135478477419046  0.017910547696963  -0.018107961705811  0.001956275289123  -0.003463893042746
2.350000000000000  0.543338412694853  0.760303089088635  0.001767344794848  0.745363232579493  0.734386347260393
2.350000000000000  0.135958982715211  0.018078505761914  -0.018180763041792  0.001973515909431  -0.003468498197446
2.360000000000000  0.545134400470883  0.761289838182080  0.001741497770019  0.745454910140924  0.734622038427979
2.360000000000000  0.136436011794592  0.018246752173871  -0.018253117924022  0.001990735010625  -0.003473050602805
2.370000000000000  0.546916399580654  0.762268091140690  0.001716168170176  0.745544044286970  0.734852733587525
2.370000000000000  0.136909593915309  0.018415281167826  -0.018325028947127  0.002007924903461  -0.003477485665469
2.380000000000000  0.548684559355595  0.763237948427050  0.001691305924216  0.745631982348348  0.735081111628679
2.380000000000000  0.137379764272774  0.018584092326032  -0.018396495966140  0.002025069712527  -0.003481810624127
2.390000000000000  0.550439060726038  0.764199552883839  0.001666949413035  0.745718666999006  0.735305770887829
2.390000000000000  0.137846536598831  0.018753168911986  -0.018467522782606  0.002042185552412  -0.003486049546476
2.400000000000000  0.552180031173478  0.765152971934418  0.001643092740444  0.745804300886291  0.735526035987826
2.400000000000000  0.138309962214783  0.018922514066461  -0.018538110749092  0.002059276814558  -0.003490189069964
2.410000000000000  0.553907685980569  0.766098353518550  0.001619649844800  0.745887633687460  0.735742509804690
2.410000000000000  0.138770059156152  0.019092106349688  -0.018608259569048  0.002076323441079  -0.003494247906228
2.420000000000000  0.555622118370126  0.767035818781375  0.001596657387934  0.745970917896502  0.735955297941452
2.420000000000000  0.139226865602397  0.019261953154842  -0.018677973925650  0.002093331132784  -0.003498169886650
2.430000000000000  0.557323525604177  0.767965412607526  0.001574114987889  0.746052450387859  0.736164271743704
2.430000000000000  0.139680400276852  0.019432010985595  -0.018747255107387  0.002110304861564  -0.003502038610771
2.440000000000000  0.559012013304352  0.768887258820433  0.001552000624973  0.746131781595194  0.736370274673866
2.440000000000000  0.140130700884424  0.019602330526974  -0.018816103527174  0.002127253040192  -0.003505832445444
2.450000000000000  0.560687759941756  0.769801468027607  0.001530273639298  0.746210571076063  0.736572433532920
2.450000000000000  0.140577797941011  0.019772871565453  -0.018884521238846  0.002144148869860  -0.003509508887697
2.460000000000000  0.562350898985198  0.770708144026178  0.001508995638734  0.746286979931607  0.736771411183768
2.460000000000000  0.141021715305301  0.019943637486208  -0.018952508869584  0.002161001550705  -0.003513109324239
2.470000000000000  0.564001623572327  0.771607365907878  0.001488072133510  0.746363637460323  0.736966978439442
2.470000000000000  0.141462492482405  0.020114623392822  -0.019020070088655  0.002177837405124  -0.003516602745804
2.480000000000000  0.565639997690155  0.772499251151466  0.001467575739231  0.746437753304424  0.737159021303911
2.480000000000000  0.141900145927097  0.020285818625247  -0.019087208375428  0.002194601540423  -0.003520011824299
2.490000000000000  0.567266187200709  0.773383864606424  0.001447424303111  0.746511457656652  0.737348904228878
2.490000000000000  0.142334709357630  0.020457214341730  -0.019153921368806  0.002211362421738  -0.003523317034546
2.500000000000000  0.568880374208223  0.774261330813220  0.001427670496294  0.746584019708879  0.737535865826012
2.500000000000000  0.142766212037215  0.020628807747897  -0.019220215405235  0.002228064122001  -0.003526583967857
2.510000000000000  0.570482619638049  0.775131705681366  0.001408291100286  0.746654978513318  0.737718590997304
2.510000000000000  0.143194690722181  0.020800591246290  -0.019286088269971  0.002244717682790  -0.003529731837993
2.520000000000000  0.572073091155054  0.775995108846653  0.001389208931837  0.746724637568733  0.737899057709376
2.520000000000000  0.143620157829825  0.020972554845365  -0.019351544015880  0.002261337656429  -0.003532832165584
2.530000000000000  0.573651937517416  0.776851619579147  0.001370521720940  0.746793542249224  0.738076318985373
2.530000000000000  0.144042647780863  0.021144709584587  -0.019416583728380  0.002277902565788  -0.003535792569834
2.540000000000000  0.575219265768304  0.777701304967936  0.001352160028087  0.746861471965811  0.738251054540224
2.540000000000000  0.144462195562803  0.021317021608083  -0.019481208976251  0.002294444910245  -0.003538713281171
2.550000000000000  0.576775211667105  0.778544235085934  0.001334128715336  0.746928068580203  0.738422762813167
2.550000000000000  0.144878812778249  0.021489506879672  -0.019545422956280  0.002310925239152  -0.003541543888183
2.560000000000000  0.578319878235156  0.779380535000361  0.001316370089579  0.746993844555417  0.738592444208034
2.560000000000000  0.145292538369340  0.021662150834757  -0.019609228489658  0.002327368492187  -0.003544296824448
2.570000000000000  0.579853435181132  0.780210241775927  0.001299002294473  0.747059098355753  0.738758478865321
2.570000000000000  0.145703401431902  0.021834948695373  -0.019672623529388  0.002343775792668  -0.003546961177350
2.580000000000000  0.581375947044862  0.781033471120439  0.001281925794662  0.747122522191273  0.738922591091151
2.580000000000000  0.146111426191054  0.022007897483967  -0.019735614114660  0.002360116382274  -0.003549586571025
2.590000000000000  0.582887561800904  0.781850294822729  0.001265128951330  0.747185791057892  0.739083683280590
2.590000000000000  0.146516633590112  0.022180977803698  -0.019798200246804  0.002376424134157  -0.003552134074812
2.600000000000000  0.584388408588418  0.782660786453022  0.001248647430592  0.747246818554736  0.739242652871542
2.600000000000000  0.146919054999814  0.022354206830786  -0.019860384572057  0.002392671444552  -0.003554614140890
2.610000000000000  0.585878581993822  0.783465024021741  0.001232438323702  0.747308180309034  0.739398679261279
2.610000000000000  0.147318715672079  0.022527568669059  -0.019922168866134  0.002408891002600  -0.003556967317666
2.620000000000000  0.587358209879434  0.784263082323616  0.001216508672646  0.747367393453412  0.739552910697188
2.620000000000000  0.147715653476979  0.022701046907986  -0.019983554391768  0.002425062512678  -0.003559279206834
2.630000000000000  0.588827400520015  0.785055007625405  0.001200881922193  0.747426207486315  0.739703610182275
2.630000000000000  0.148109863027084  0.022874650062483  -0.020044543838206  0.002441169053474  -0.003561515589117
2.640000000000000  0.590286264678760  0.785840875580532  0.001185508927589  0.747485448895041  0.739853122378915
2.640000000000000  0.148501406311703  0.023048361534851  -0.020105139165953  0.002457234242738  -0.003563672646868
2.650000000000000  0.591734958425781  0.786620837106398  0.001170380270263  0.747542060093401  0.740000325331156
2.650000000000000  0.148890287233808  0.023222183743730  -0.020165341644476  0.002473257215127  -0.003565778094324
2.660000000000000  0.593173489402893  0.787394825577006  0.001155526516285  0.747598181368942  0.740144957246303
2.660000000000000  0.149276534819805  0.023396107212576  -0.020225154070744  0.002489230579019  -0.003567824646711
2.670000000000000  0.594602017891662  0.788163029884016  0.001140912719921  0.747653426400239  0.740287151785470
2.670000000000000  0.149660178453772  0.023570133616655  -0.020284578948069  0.002505144531542  -0.003569767326947
2.680000000000000  0.596020666225541  0.788925466833591  0.001126554354930  0.747708256709293  0.740427117553607
2.680000000000000  0.150041238002878  0.023744251724730  -0.020343618500267  0.002521022555147  -0.003571684200199
2.690000000000000  0.597429499515688  0.789682189251831  0.001112452183358  0.747762169486335  0.740565716823028
2.690000000000000  0.150419739122802  0.023918446822621  -0.020402272525672  0.002536843416478  -0.003573471829106
2.700000000000000  0.598828625056311  0.790433270472175  0.001098579433629  0.747815293753123  0.740701490812116
2.700000000000000  0.150795715860216  0.024092734213662  -0.020460545629494  0.002552613085541  -0.003575256638347
2.710000000000000  0.600218191282741  0.791178786449053  0.001084928030494  0.747867621364825  0.740835279084282
2.710000000000000  0.151169173046019  0.024267091802560  -0.020518436598414  0.002568355454558  -0.003576971018701
2.720000000000000  0.601598245261899  0.791918827052749  0.001071508018509  0.747918883627286  0.740967774489252
2.720000000000000  0.151540150853128  0.024441522892514  -0.020575951920179  0.002584019715765  -0.003578632888330
2.730000000000000  0.602968917221708  0.792653407849217  0.001058312644544  0.747969358492858  0.741097600223195
2.730000000000000  0.151908669787256  0.024616012092610  -0.020633089760744  0.002599632969036  -0.003580169354736
2.740000000000000  0.604330267651613  0.793382576696403  0.001045321137234  0.748019717490820  0.741225611067089
2.740000000000000  0.152274748819930  0.024790571197935  -0.020689856074781  0.002615195702227  -0.003581727606389
2.750000000000000  0.605682406383587  0.794106454006041  0.001032557602392  0.748068755281512  0.741351710517876
2.750000000000000  0.152638409770611  0.024965168549386  -0.020746248397380  0.002630711964842  -0.003583204218129
2.760000000000000  0.607025461850491  0.794825060698680  0.001019983030496  0.748117506879357  0.741476836254201
2.760000000000000  0.152999685430622  0.025139836955922  -0.020802271114935  0.002646172580414  -0.003584635688164
2.770000000000000  0.608359464495511  0.795538465030124  0.001007623823069  0.748164803308100  0.741599245259069
2.770000000000000  0.153358586505624  0.025314541836707  -0.020857927374699  0.002661581299318  -0.003585960119936
2.780000000000000  0.609684551578623  0.796246738596458  0.000995456364494  0.748212187074965  0.741720633482347
2.780000000000000  0.153715142233699  0.025489282074438  -0.020913217129734  0.002676927495770  -0.003587263864070
2.790000000000000  0.611000778822827  0.796949866705024  0.000983506379590  0.748259154820546  0.741838871950703
2.790000000000000  0.154069383128613  0.025664068339202  -0.020968144635661  0.002692228179950  -0.003588467065489
2.800000000000000  0.612308287559738  0.797648006426978  0.000971710988540  0.748304556989074  0.741956447706803
2.800000000000000  0.154421324308414  0.025838882425103  -0.021022710103297  0.002707476235457  -0.003589640502980
2.810000000000000  0.613607139356989  0.798341142137439  0.000960119823856  0.748350028415857  0.742072719339740
2.810000000000000  0.154770986517053  0.026013716820962  -0.021076914829069  0.002722672662155  -0.003590779635604
2.820000000000000  0.614897386655803  0.799029350213834  0.000948725967578  0.748394134785537  0.742185690935515
2.820000000000000  0.155118390477557  0.026188579586695  -0.021130763437619  0.002737816273184  -0.003591848303568
2.830000000000000  0.616179147584884  0.799712681517934  0.000937501279958  0.748438340664928  0.742298703721451
2.830000000000000  0.155463556953360  0.026363462605921  -0.021184255513108  0.002752886180521  -0.003592893047665
2.840000000000000  0.617452509299769  0.800391187297043  0.000926454191616  0.748481526604214  0.742408963694929
2.840000000000000  0.155806507913324  0.026538350053238  -0.021237395752028  0.002767917190925  -0.003593836363131
2.850000000000000  0.618717539372227  0.801064953036325  0.000915577744072  0.748524045714747  0.742518582517369
2.850000000000000  0.156147271762999  0.026713245595569  -0.021290184479063  0.002782899522472  -0.003594763334061
2.860000000000000  0.619974319060167  0.801733969540350  0.000904870432577  0.748566059376721  0.742626097703305
2.860000000000000  0.156485867022878  0.026888152433240  -0.021342623945096  0.002797812621890  -0.003595647648928
2.870000000000000  0.621222941598531  0.802398330112599  0.000894337702490  0.748607609696839  0.742732868701087
2.870000000000000  0.156822312979475  0.027063046329626  -0.021394716940139  0.002812685609391  -0.003596459192676
2.880000000000000  0.622463471420295  0.803058075669600  0.000883935356903  0.748648349071632  0.742837476625475
2.880000000000000  0.157156627652684  0.027237938412489  -0.021446465087960  0.002827497660354  -0.003597225704600
2.890000000000000  0.623696019976628  0.803713245483317  0.000873715358937  0.748688779453392  0.742940578054557
2.890000000000000  0.157488838005186  0.027412820450806  -0.021497868578942  0.002842248594602  -0.003597951626130
2.900000000000000  0.624920621915594  0.804363900386977  0.000863636806592  0.748728713825545  0.743042325989531
2.900000000000000  0.157818946538992  0.027587695622672  -0.021548931919944  0.002856949374315  -0.003598615971291
2.910000000000000  0.626137377044519  0.805010087732351  0.000853734553936  0.748767832394605  0.743142453442346
2.910000000000000  0.158147002788209  0.027762542318277  -0.021599656336364  0.002871584313519  -0.003599248212502
2.920000000000000  0.627346349130377  0.805651839753466  0.000843961569191  0.748806415978041  0.743241602274998
2.920000000000000  0.158472997447116  0.027937368161803  -0.021650043641957  0.002886170466359  -0.003599816624754
2.930000000000000  0.628547635511778  0.806289185186916  0.000834320243122  0.748844704810352  0.743338893691622
2.930000000000000  0.158796972843306  0.028112172806072  -0.021700095463896  0.002900694275471  -0.003600399633418
2.940000000000000  0.629741283851461  0.806922221579783  0.000824847977984  0.748882262574342  0.743435843096184
2.940000000000000  0.159118938941912  0.028286944378854  -0.021749815362091  0.002915171658201  -0.003600905335244
2.950000000000000  0.630927388813903  0.807550926204283  0.000815530272079  0.748919481164500  0.743530492516398
2.950000000000000  0.159438913608572  0.028461671467802  -0.021799204472495  0.002929589161486  -0.003601333261855
2.960000000000000  0.632105981057692  0.808175423796145  0.000806303229787  0.748956135931430  0.743624296732010
2.960000000000000  0.159756915542010  0.028636365212984  -0.021848264916846  0.002943945599759  -0.003601707646800
2.970000000000000  0.633277184071636  0.808795699561645  0.000797237219351  0.748991743158121  0.743717197918460
2.970000000000000  0.160072973841578  0.028811015023461  -0.021896998562049  0.002958255563300  -0.003602134518476
2.980000000000000  0.634441031338825  0.809411814647024  0.000788290633610  0.749027950312706  0.743808017612635
2.980000000000000  0.160387094768283  0.028985618276399  -0.021945406845335  0.002972500956886  -0.003602488667882
2.990000000000000  0.635597624078545  0.810023815849662  0.000779477411144  0.749063222382889  0.743897512703471
2.990000000000000  0.160699300494333  0.029160171817870  -0.021993493089024  0.002986695854627  -0.003602735898349
3.000000000000000  0.636747003599066  0.810631795973941  0.000771216339578  0.749097900321021  0.743987166047394
3.000000000000000  0.161009616270554  0.029334668379286  -0.022041257174485  0.003000819445368  -0.003603013091633
