1.010000000000000  0.032417844721166  0.245511302865629  0.064018911649208  0.597425155909700  0.365539431263429
1.010000000000000  0.104395030449679  0.018549328473856  -0.049433293021841  0.007122859433956  -0.028454556739776
1.020000000000000  0.040339982222921  0.274518840245195  0.048101458655672  0.604688695569275  0.399309031210237
1.020000000000000  0.123984490386415  0.023264412616036  -0.055136090405626  0.007919810210257  -0.028812587571419
1.030000000000000  0.048055798162726  0.296727535972182  0.038100976118592  0.610343027970929  0.424531589835711
1.030000000000000  0.139282462291274  0.027193891037074  -0.059628611133250  0.008797999589850  -0.029092874182111
1.040000000000000  0.054287259601017  0.312725179086246  0.032878486357107  0.614974484014921  0.443691195694011
1.040000000000000  0.150753774461018  0.030283323923794  -0.062967530460473  0.009648737917808  -0.029340643157364
1.050000000000000  0.059873764622362  0.325281859746665  0.030068740638477  0.618993380957574  0.459514569789060
1.050000000000000  0.159874906189766  0.032836412723882  -0.065682394748406  0.010465987902025  -0.029564970672043
1.060000000000000  0.065680925203898  0.336370384273557  0.028245876053215  0.622614107484689  0.473550708150406
1.060000000000000  0.168015142214984  0.035187230066001  -0.068110994887081  0.011266497315186  -0.029766091702925
1.070000000000000  0.071847033939687  0.346535572771665  0.026897474348113  0.625921466266073  0.486271864020304
1.070000000000000  0.175524402110757  0.037419985529588  -0.070349643696348  0.012052460566807  -0.029943587346845
1.080000000000000  0.078258268090451  0.355950451028128  0.025842586597500  0.628968173156467  0.497886042494943
1.080000000000000  0.182510227333361  0.039558543842653  -0.072432132713424  0.012822694435369  -0.030103566407885
1.090000000000000  0.084821670662117  0.364730529448079  0.024979609263255  0.631793475653843  0.508544895414174
1.090000000000000  0.189048084680602  0.041616112262825  -0.074381060356393  0.013577169450209  -0.030246604654335
1.100000000000000  0.091463742996956  0.372964574803114  0.024242792774273  0.634426941382265  0.518379843530752
1.100000000000000  0.195196258717003  0.043603507489211  -0.076214545707123  0.014315967463621  -0.030375903220399
1.110000000000000  0.098138069528847  0.380722492273933  0.023595038138715  0.636891315740311  0.527485620521826
1.110000000000000  0.201003606667084  0.045529707500159  -0.077946779036025  0.015039963933288  -0.030492086722203
1.120000000000000  0.104804328507630  0.388061350284144  0.023009235364487  0.639206811057990  0.535955662147572
1.120000000000000  0.206509674751778  0.047401529207930  -0.079589437324590  0.015750056318234  -0.030596797790693
1.130000000000000  0.111435629875685  0.395029209465105  0.022471890929343  0.641388681654812  0.543855602780612
1.130000000000000  0.211747398954582  0.049225550065479  -0.081152312396717  0.016445806244042  -0.030691598822327
1.140000000000000  0.118015358413186  0.401663795370386  0.021968146925163  0.643450348033966  0.551247308399488
1.140000000000000  0.216744883792126  0.051005816147210  -0.082643552089485  0.017128010054922  -0.030777557520519
1.150000000000000  0.124530425960036  0.407999813619770  0.021493276145508  0.645401937166964  0.558185513407114
1.150000000000000  0.221525964154056  0.052746853909760  -0.084069879401552  0.017798336124211  -0.030853419814232
1.160000000000000  0.130970107975232  0.414064412993620  0.021041788955995  0.647254298837879  0.564712592720325
1.160000000000000  0.226110679406429  0.054452449442822  -0.085437163688074  0.018456619763018  -0.030921334042469
1.170000000000000  0.137329479020335  0.419881190873230  0.020607788323240  0.649015092171880  0.570868610046640
1.170000000000000  0.230516295597770  0.056124556387762  -0.086750228734807  0.019102867996956  -0.030982157772870
1.180000000000000  0.143605109853312  0.425471484431840  0.020189785149757  0.650692395267518  0.576681713899353
1.180000000000000  0.234758199147161  0.057767197855413  -0.088013586034815  0.019737804714382  -0.031035179189698
1.190000000000000  0.149794232149000  0.430853146064692  0.019784850762493  0.652291604238925  0.582185705905320
1.190000000000000  0.238848700532284  0.059381186186774  -0.089231055137452  0.020362048721527  -0.031082886004840
1.200000000000000  0.155899248114927  0.436041793537020  0.019390568941613  0.653818573679160  0.587407030505139
1.200000000000000  0.242799428020244  0.060969371054476  -0.090406026684690  0.020975804652358  -0.031124096614480
1.210000000000000  0.161915902835392  0.441052081283318  0.019008389923157  0.655279332937150  0.592363506338842
1.210000000000000  0.246620850128408  0.062533509699236  -0.091541053097485  0.021579165301691  -0.031159625826103
1.220000000000000  0.167846338409383  0.445896023750287  0.018635261666949  0.656677015868699  0.597080977817520
1.220000000000000  0.250321521326344  0.064073884948923  -0.092638822016075  0.022172206899094  -0.031190107924650
1.230000000000000  0.173690931889032  0.450584158192421  0.018271087464045  0.658015820032410  0.601573981080686
1.230000000000000  0.253909212015588  0.065593172961242  -0.093701724825778  0.022756468813285  -0.031215537465452
1.240000000000000  0.179450439542743  0.455127648484520  0.017914882179071  0.659301400173930  0.605859254112708
1.240000000000000  0.257391427012408  0.067091990916569  -0.094732056265931  0.023330795901081  -0.031236702993530
1.250000000000000  0.185127962623963  0.459533747566530  0.017566292500814  0.660534032351882  0.609949814286562
1.250000000000000  0.260774353981379  0.068571343949095  -0.095731101634446  0.023896039556558  -0.031253201380121
1.260000000000000  0.190721511434758  0.463810971040125  0.017224113378217  0.661719487914665  0.613859500160005
1.260000000000000  0.264063876643188  0.070032364385102  -0.096701090402265  0.024452499752145  -0.031265366002359
1.270000000000000  0.196236122338481  0.467966776632422  0.016888793366024  0.662858668988788  0.617602384387851
1.270000000000000  0.267264792972782  0.071475518977291  -0.097643111958928  0.025000182680035  -0.031274881975516
1.280000000000000  0.201672279038077  0.472007769565602  0.016559702454898  0.663955796370674  0.621184034866010
1.280000000000000  0.270382163398072  0.072901870563808  -0.098558829408946  0.025538602862219  -0.031279923214452
1.290000000000000  0.207030519734136  0.475939472527627  0.016235632166064  0.665011425111363  0.624617938950808
1.290000000000000  0.273420637162310  0.074312007693805  -0.099449541275904  0.026069362376020  -0.031281796866923
1.300000000000000  0.212314443894029  0.479768373393955  0.015917820158727  0.666029235120156  0.627913752881666
1.300000000000000  0.276384290288082  0.075706703539634  -0.100316121005438  0.026591520282028  -0.031280538548951
1.310000000000000  0.217522383594944  0.483498680760037  0.015605589814104  0.667010027943793  0.631077188404360
1.310000000000000  0.279276062443801  0.077086006765024  -0.101160001874424  0.027105364954672  -0.031276420262557
1.320000000000000  0.222659736892474  0.487135884487586  0.015298895908196  0.667956666106599  0.634116548626009
1.320000000000000  0.282100116712999  0.078451180004511  -0.101982044258981  0.027611670895907  -0.031269189388790
1.330000000000000  0.227724735949275  0.490684014087733  0.014997789557518  0.668870860201611  0.637039364981354
1.330000000000000  0.284859133932601  0.079801984985846  -0.102783164722013  0.028110454578933  -0.031259637415888
1.340000000000000  0.232721746492024  0.494147639916689  0.014701837709380  0.669752837234927  0.639851893982850
1.340000000000000  0.287556008296112  0.081139440545428  -0.103564320408520  0.028601406444749  -0.031247714505589
1.350000000000000  0.237650337365178  0.497529122057210  0.014409335685666  0.670605709191567  0.642559256048767
1.350000000000000  0.290193933762732  0.082463578900055  -0.104326113271505  0.029084395076990  -0.031232976994005
1.360000000000000  0.242512038061871  0.500833017747672  0.014122690612956  0.671430312500599  0.645166968068160
1.360000000000000  0.292774694359594  0.083775299000660  -0.105069565773433  0.029560512294652  -0.031216183932947
1.370000000000000  0.247308300836565  0.504062395920606  0.013840732482920  0.672227548657085  0.647680943578575
1.370000000000000  0.295301357232591  0.085074219336044  -0.105795154632169  0.030029442409058  -0.031197439855931
1.380000000000000  0.252042995777711  0.507220138897627  0.013563407078148  0.672999265393879  0.650106554541552
1.380000000000000  0.297775759644526  0.086361045304034  -0.106503743959679  0.030490966011135  -0.031176625232430
1.390000000000000  0.256714812681361  0.510309451824434  0.013290229856822  0.673746174683072  0.652445738085297
1.390000000000000  0.300199741703989  0.087636150512419  -0.107195839680114  0.030945537131068  -0.031153761382990
1.400000000000000  0.261326629704878  0.513332930343424  0.013021525106197  0.674469852782617  0.654703415346123
1.400000000000000  0.302575615831852  0.088899693121181  -0.107871969680519  0.031393458185051  -0.031129485907263
1.410000000000000  0.265877600773348  0.516293089105412  0.012757886637940  0.675170900937351  0.656885725036019
1.410000000000000  0.304905259663983  0.090151968843811  -0.108532723507982  0.031834803912645  -0.031103521775104
1.420000000000000  0.270367995330721  0.519192319654500  0.012498147463569  0.675850424635753  0.658993317935466
1.420000000000000  0.307190067145514  0.091393128778314  -0.109178794800120  0.032269233178014  -0.031075747216118
1.430000000000000  0.274804235928704  0.522032326304725  0.012242459498072  0.676509362432787  0.661031432206169
1.430000000000000  0.309431939939219  0.092623505572018  -0.109810278826405  0.032697660845477  -0.031046317533188
1.440000000000000  0.279183067355612  0.524816022169461  0.011990400589687  0.677148295755428  0.663001754524482
1.440000000000000  0.311632008258206  0.093843704493762  -0.110428181482832  0.033119390725694  -0.031016272028003
1.450000000000000  0.283509832281698  0.527544373337729  0.011743739106572  0.677768267947008  0.664910723576371
1.450000000000000  0.313791984386223  0.095053237837452  -0.111032575456369  0.033534509334829  -0.030984427515010
1.460000000000000  0.287778575285166  0.530221206998675  0.011499561233224  0.678369385321143  0.666756542067588
1.460000000000000  0.315913321166599  0.096252888236067  -0.111623853685070  0.033944174283175  -0.030951320349953
1.470000000000000  0.291997520545900  0.532846148052060  0.011260163003005  0.678953695361113  0.668544156785840
1.470000000000000  0.317997036748593  0.097442490294131  -0.112202699665415  0.034347623432100  -0.030916918139404
1.480000000000000  0.296166329985527  0.535422006832049  0.011024956504563  0.679521637060160  0.670275855002057
1.480000000000000  0.320044702853960  0.098622135290314  -0.112769299586725  0.034744412707382  -0.030882017562217
1.490000000000000  0.300280597894164  0.537949979000045  0.010793105800295  0.680072873286133  0.671954196079194
1.490000000000000  0.322057408812661  0.099792642140941  -0.113324126106130  0.035136357188021  -0.030845425442425
1.500000000000000  0.304346376795819  0.540432271673246  0.010565360170016  0.680608580026682  0.673582164452712
1.500000000000000  0.324036082046469  0.100953623092468  -0.113867338222525  0.035521803516163  -0.030808619730343
1.510000000000000  0.308364325773785  0.542870020714187  0.010341065883066  0.681129314038361  0.675159353541964
1.510000000000000  0.325981691804575  0.102105273298808  -0.114399550083356  0.035901949094789  -0.030770612909742
1.520000000000000  0.312334141054106  0.545263953048299  0.010121067217725  0.681635847795370  0.676687692048978
1.520000000000000  0.327895914576639  0.103247671917187  -0.114920791327053  0.036276471101291  -0.030731947802979
1.530000000000000  0.316256085705717  0.547616253930190  0.009903245077148  0.682127970246686  0.678172502050936
1.530000000000000  0.329778107407100  0.104381310235528  -0.115431677464059  0.036645705144214  -0.030692024287747
1.540000000000000  0.320134482653172  0.549927689897177  0.009690226792701  0.682606861429017  0.679613701867877
1.540000000000000  0.331630917659601  0.105505920362195  -0.115932309634902  0.037009177630770  -0.030651580619618
1.550000000000000  0.323965978423939  0.552199928327767  0.009480568181937  0.683073470605011  0.681012667902288
1.550000000000000  0.333454763458619  0.106622320091239  -0.116422870749326  0.037367370382871  -0.030610571877273
1.560000000000000  0.327754386378081  0.554434749657079  0.009273708546843  0.683526911244267  0.682372191942436
1.560000000000000  0.335250330389267  0.107729719655160  -0.116903862405243  0.037720486523319  -0.030569350691600
1.570000000000000  0.331499909577881  0.556631587704862  0.009071020477728  0.683968522659999  0.683692976846639
1.570000000000000  0.337018105314162  0.108828978749280  -0.117375417863858  0.038068966020155  -0.030526768102042
1.580000000000000  0.335201108917697  0.558791848517424  0.008871430201311  0.684399801405193  0.684976477090164
1.580000000000000  0.338759345638435  0.109919638385869  -0.117837834920212  0.038411789777378  -0.030484300480695
1.590000000000000  0.338861358144380  0.560917761765835  0.008676024530223  0.684817894926232  0.686222954186571
1.590000000000000  0.340474419461307  0.111002526210657  -0.118291200945317  0.038749689765560  -0.030440422283515
1.600000000000000  0.342479486187435  0.563009736205552  0.008482751745200  0.685226159493791  0.687434777030644
1.600000000000000  0.342163978197891  0.112077028537010  -0.118735990179761  0.039082889618984  -0.030397157755809
1.610000000000000  0.346057659691989  0.565068484271411  0.008294404262098  0.685623788604555  0.688615847694181
1.610000000000000  0.343829163713501  0.113143648266972  -0.119172260511557  0.039411745734420  -0.030352989257927
1.620000000000000  0.349594936040215  0.567094857505222  0.008108153584414  0.686011436516281  0.689760252173409
1.620000000000000  0.345470393835737  0.114202574078029  -0.119600343452952  0.039735343032699  -0.030308549441087
1.630000000000000  0.353096425880378  0.569090075540553  0.007924165868650  0.686390086622849  0.690878632319956
1.630000000000000  0.347088696368640  0.115253330619405  -0.120020411690897  0.040054302411775  -0.030263400268739
1.640000000000000  0.356556714926727  0.571054644880496  0.007743601458377  0.686758794722021  0.691964154859990
1.640000000000000  0.348683488196311  0.116296768443522  -0.120432550074170  0.040368511287798  -0.030219012567141
1.650000000000000  0.359980000376965  0.572988920779235  0.007567136178633  0.687118098512984  0.693023442997782
1.650000000000000  0.350256560637687  0.117332562741889  -0.120837006562105  0.040678584505793  -0.030172826013874
1.660000000000000  0.363364147100024  0.574895181501726  0.007392760552963  0.687468507694327  0.694050351627635
1.660000000000000  0.351807891667022  0.118360937450819  -0.121234147789054  0.040984362536553  -0.030127362990805
1.670000000000000  0.366716316031435  0.576772172590225  0.007222364823145  0.687811097663052  0.695052421992449
1.670000000000000  0.353337772913959  0.119381991159224  -0.121623685578829  0.041285299585671  -0.030081604971972
1.680000000000000  0.370031432355223  0.578621818626553  0.007053083226930  0.688144148420721  0.696029703258994
1.680000000000000  0.354847239038069  0.120395577780862  -0.122006300325775  0.041582278452328  -0.030034951088955
1.690000000000000  0.373310390357607  0.580445311457705  0.006888261258551  0.688470960010965  0.696981996865295
1.690000000000000  0.356337243561903  0.121402095397319  -0.122382022717915  0.041875363824984  -0.029989113118400
1.700000000000000  0.376552437698925  0.582242249606895  0.006726540931471  0.688789139276066  0.697909397940783
1.700000000000000  0.357807435722076  0.122401689678871  -0.122751018109277  0.042164173886087  -0.029942736401723
1.710000000000000  0.379762075195675  0.584013653021378  0.006565855797444  0.689098421766186  0.698812022775512
1.710000000000000  0.359258236670147  0.123393685069739  -0.123113393178389  0.042448785181348  -0.029895916997684
1.720000000000000  0.382941524383674  0.585760212547117  0.006409866477181  0.689403717450435  0.699693359719318
1.720000000000000  0.360690112257383  0.124378982344381  -0.123469120825132  0.042729582962789  -0.029849593265388
1.730000000000000  0.386080737896083  0.587482255169838  0.006254535252942  0.689698573630567  0.700553062533306
1.730000000000000  0.362104215290593  0.125357758952083  -0.123818670613656  0.043005560292637  -0.029802290898857
1.740000000000000  0.389191753671735  0.589180346903481  0.006102966726910  0.689988272943211  0.701390699735048
1.740000000000000  0.363500694721057  0.126329287578775  -0.124162087034419  0.043278079146627  -0.029756641867127
1.750000000000000  0.392273609127848  0.590855599844867  0.005955101709105  0.690270673126395  0.702209920542202
1.750000000000000  0.364878460561935  0.127294529923354  -0.124499321327972  0.043547860876874  -0.029709199168766
1.760000000000000  0.395317055083126  0.592507788722493  0.005808882778669  0.690547429608837  0.703006273860831
1.760000000000000  0.366240868037482  0.128252930580245  -0.124830818190629  0.043812577960697  -0.029662533048152
1.770000000000000  0.398333577131097  0.594137399370280  0.005664632814532  0.690817434451228  0.703783085834281
1.770000000000000  0.367585457372753  0.129204484341183  -0.125156504165703  0.044074213393727  -0.029615638032709
1.780000000000000  0.401320115940312  0.595746282680009  0.005523958114565  0.691081567938117  0.704543687601804
1.780000000000000  0.368913983351274  0.130149538317808  -0.125476472316792  0.044332565328319  -0.029568617524882
1.790000000000000  0.404275539081672  0.597333597035671  0.005384102711056  0.691339822988019  0.705283168264685
1.790000000000000  0.370226516708871  0.131088569018669  -0.125790946028640  0.044586131276071  -0.029521859227360
1.800000000000000  0.407203566389520  0.598899979579991  0.005247380545871  0.691591986466021  0.706008705581352
1.800000000000000  0.371523933008959  0.132020952177545  -0.126100063172331  0.044837233352341  -0.029475922856184
1.810000000000000  0.410099266867126  0.600446812319483  0.005113063139821  0.691838515147750  0.706715614346714
1.810000000000000  0.372805538252521  0.132947077178309  -0.126403946934627  0.045085072850096  -0.029428676559208
1.820000000000000  0.412969088163697  0.601973536446016  0.004981714862511  0.692079573647378  0.707404421251566
1.820000000000000  0.374071825604397  0.133866891045383  -0.126702575400145  0.045328411950616  -0.029382314230573
1.830000000000000  0.415810679304516  0.603481217336007  0.004852426965277  0.692316262689028  0.708078275083191
1.830000000000000  0.375324115639712  0.134780689914853  -0.126996287346765  0.045569108410448  -0.029336023871319
1.840000000000000  0.418625096939486  0.604968569363723  0.004724696887451  0.692547116927599  0.708737381076501
1.840000000000000  0.376562239881149  0.135688378178608  -0.127284990029116  0.045806036558937  -0.029288501724342
1.850000000000000  0.421410698390004  0.606438336706636  0.004599792789200  0.692772502588273  0.709380432595295
1.850000000000000  0.377786232867858  0.136589868689520  -0.127568886288481  0.046040606345058  -0.029242586939088
1.860000000000000  0.424166083559449  0.607890741285083  0.004477568249093  0.692994375550425  0.710009360035188
1.860000000000000  0.378995440588813  0.137485218661158  -0.127848031976383  0.046270939011375  -0.029196858743036
1.870000000000000  0.426898570367590  0.609324437178669  0.004357485368673  0.693211319949822  0.710624451612078
1.870000000000000  0.380192349797569  0.138375068935053  -0.128122491384494  0.046498924982216  -0.029150829054092
1.880000000000000  0.429601774065987  0.610740514533499  0.004238459514969  0.693422980027414  0.711224366078857
1.880000000000000  0.381375429098701  0.139258869799423  -0.128392407786109  0.046723254713126  -0.029105021974453
1.890000000000000  0.432281990431241  0.612139373613396  0.004122821132080  0.693631216079531  0.711813934043260
1.890000000000000  0.382544850466073  0.140136820189827  -0.128657954105131  0.046944928928437  -0.029059422857761
1.900000000000000  0.434933801485925  0.613522338753852  0.004008140545453  0.693833766655787  0.712388397680838
1.900000000000000  0.383702206793843  0.141008908626282  -0.128919220070635  0.047163257216764  -0.029013283015704
1.910000000000000  0.437561981694214  0.614888467626302  0.003897199097198  0.694033588404427  0.712949126482858
1.910000000000000  0.384848027847502  0.141875581259356  -0.129176066318152  0.047378230189051  -0.028968615293279
1.920000000000000  0.440162346695845  0.616238952572633  0.003785759767045  0.694227327836358  0.713499559161554
1.920000000000000  0.385980242904433  0.142736384582462  -0.129428698897566  0.047591769693618  -0.028922751027519
1.930000000000000  0.442744660601302  0.617573337804095  0.003677960701210  0.694418670403512  0.714034873493529
1.930000000000000  0.387100969047917  0.143591677169063  -0.129677311035659  0.047801372620749  -0.028877474128695
1.940000000000000  0.445295005057369  0.618892475929901  0.003572946647401  0.694606217933274  0.714561208384285
1.940000000000000  0.388209998244586  0.144441156487363  -0.129921938822072  0.048007974222537  -0.028833194426212
1.950000000000000  0.447827363637672  0.620196766436813  0.003467741765136  0.694789116978498  0.715076734643941
1.950000000000000  0.389307193292590  0.145285643543172  -0.130162608714017  0.048212093056500  -0.028788456495043
1.960000000000000  0.450334010910484  0.621485111056261  0.003364995232169  0.694969252068215  0.715576861382841
1.960000000000000  0.390392878120265  0.146124450835933  -0.130399489734020  0.048413432023531  -0.028743964769674
1.970000000000000  0.452818789698147  0.622759870608284  0.003264978209591  0.695144537016641  0.716073914021115
1.970000000000000  0.391467996563023  0.146957508682095  -0.130632544622308  0.048612932037800  -0.028699737489735
1.980000000000000  0.455282515251115  0.624019333920264  0.003166685366082  0.695316815105091  0.716555932972673
1.980000000000000  0.392531855628437  0.147785973076410  -0.130861903367555  0.048808191831498  -0.028655535032130
1.990000000000000  0.457722047110510  0.625265412134365  0.003069857545408  0.695487011793449  0.717028671894770
1.990000000000000  0.393585433709483  0.148608492772213  -0.131087588160685  0.049001667054405  -0.028612026957442
2.000000000000000  0.460139172808347  0.626497651795318  0.002974595004474  0.695652991872813  0.717491890442862
2.000000000000000  0.394627450868375  0.149426225565624  -0.131309778836529  0.049192677143102  -0.028568926241953
2.010000000000000  0.462590260915255  0.627716690161212  0.002881418617088  0.695814999470013  0.717945672179856
2.010000000000000  0.395659991513750  0.150238163213703  -0.131528426894641  0.049381126021230  -0.028525117365198
2.020000000000000  0.464964801127960  0.628922218942169  0.002789175283338  0.695974407916403  0.718389686530575
2.020000000000000  0.396681933608393  0.151045357312971  -0.131743691125164  0.049567039110726  -0.028482094656391
2.030000000000000  0.467318030919863  0.630114754716057  0.002699019266522  0.696130361384453  0.718824142150078
2.030000000000000  0.397693882924674  0.151847440693782  -0.131955597966522  0.049750390398449  -0.028439481619826
2.040000000000000  0.469650285523210  0.631294522889538  0.002610513256296  0.696284057745974  0.719249679379673
2.040000000000000  0.398695960000581  0.152644472355220  -0.132164227504123  0.049931359085848  -0.028396722508943
2.050000000000000  0.471961843959214  0.632461735998226  0.002523851984520  0.696433871105609  0.719667121796550
2.050000000000000  0.399688286798955  0.153436494623068  -0.132369639067688  0.050109989950980  -0.028354624086879
2.060000000000000  0.474252960021295  0.633616590167785  0.002438486104694  0.696582220431933  0.720076090716463
2.060000000000000  0.400671151185706  0.154223585291864  -0.132571874222348  0.050286276651663  -0.028312344521168
2.070000000000000  0.476523901421121  0.634759371561380  0.002354711754997  0.696726943952325  0.720476647936877
2.070000000000000  0.401644635983089  0.155005724195047  -0.132771013760729  0.050460174298014  -0.028270713452247
2.080000000000000  0.478774922174723  0.635890227550560  0.002272435095191  0.696868890515992  0.720869332935770
2.080000000000000  0.402608929364717  0.155782989868547  -0.132967125186706  0.050631861679938  -0.028229298247914
2.090000000000000  0.481006321074087  0.637009432261504  0.002191662445395  0.697008062417185  0.721253854711632
2.090000000000000  0.403564168851467  0.156555449547000  -0.133160245344615  0.050801296022313  -0.028187970725887
2.100000000000000  0.483218316459827  0.638117090278647  0.002112367637882  0.697144803142719  0.721630692792540
2.100000000000000  0.404510503995419  0.157323086147665  -0.133350408600894  0.050968549286516  -0.028147351973816
2.110000000000000  0.485411197837441  0.639213486848229  0.002034511742248  0.697279743181548  0.722001088125905
2.110000000000000  0.405448071463290  0.158086017297545  -0.133537720501639  0.051133483549070  -0.028106124538593
2.120000000000000  0.487585164650412  0.640298746100052  0.001958095465040  0.697410970313026  0.722363715252575
2.120000000000000  0.406376988075127  0.158844242281903  -0.133722183947313  0.051296394631741  -0.028065883772967
2.130000000000000  0.489740497184918  0.641373122972502  0.001883098154610  0.697540191598828  0.722719127401421
2.130000000000000  0.407297466728661  0.159597747059724  -0.133903907873512  0.051457328901332  -0.028025451944572
2.140000000000000  0.491877396109716  0.642436762119501  0.001809467522707  0.697667253936495  0.723067748020727
2.140000000000000  0.408209625979086  0.160346695034612  -0.134082886743618  0.051615929032045  -0.027985987117001
2.150000000000000  0.493996147358424  0.643489837577056  0.001737175616538  0.697792288481401  0.723409856001998
2.150000000000000  0.409113506044116  0.161091021483782  -0.134259200378347  0.051772605336198  -0.027946026490570
2.160000000000000  0.496096957399538  0.644532500731009  0.001666220561476  0.697914023631095  0.723745217091446
2.160000000000000  0.410009339708195  0.161830817526299  -0.134432897598017  0.051927317563029  -0.027907006445436
2.170000000000000  0.498180026133646  0.645565044448592  0.001596548798719  0.698034535806239  0.724074265858151
2.170000000000000  0.410897176978276  0.162566108491090  -0.134604021340361  0.052079919656612  -0.027867976171518
2.180000000000000  0.500245633678526  0.646587529520447  0.001528214689792  0.698152387991303  0.724397079996328
2.180000000000000  0.411777215278909  0.163296925192425  -0.134772616211609  0.052230712277725  -0.027829010884792
2.190000000000000  0.502293934188306  0.647600093655224  0.001461087279546  0.698268334363986  0.724714265225759
2.190000000000000  0.412649509698956  0.164023310053021  -0.134938736019443  0.052379420659736  -0.027790791433784
2.200000000000000  0.504325182249873  0.648602958058373  0.001395228095306  0.698382633696402  0.725025410785880
2.200000000000000  0.413514261974902  0.164745310435444  -0.135102411806688  0.052526393750941  -0.027752488017685
2.210000000000000  0.506339577081435  0.649596258835228  0.001330580209702  0.698494359512857  0.725330370863981
2.210000000000000  0.414371458076894  0.165462962109885  -0.135263704661407  0.052671441027568  -0.027714494423275
2.220000000000000  0.508337333067592  0.650580148601936  0.001267112239323  0.698604428884558  0.725629617431037
2.220000000000000  0.415221321782045  0.166176274550039  -0.135422639377163  0.052814524272949  -0.027676819837931
2.230000000000000  0.510318652322550  0.651554769225620  0.001204840010661  0.698712845070429  0.725923535847953
2.230000000000000  0.416063899543580  0.166885340355767  -0.135579281171905  0.052955911248298  -0.027639430625459
2.240000000000000  0.512283718494490  0.652520284336520  0.001143709260046  0.698818350898800  0.726212425790592
2.240000000000000  0.416899299425335  0.167590139773108  -0.135733648425692  0.053095500552494  -0.027602626964013
2.250000000000000  0.514232775270263  0.653476817840467  0.001083750373846  0.698922539275510  0.726495566192082
2.250000000000000  0.417727640145931  0.168290739986425  -0.135885778362921  0.053233302757580  -0.027565381748893
2.260000000000000  0.516165949763144  0.654424521870688  0.001024893905233  0.699025594844956  0.726773472513043
2.260000000000000  0.418549053066628  0.168987139390610  -0.136035744165369  0.053369305925527  -0.027529161080756
2.270000000000000  0.518083492971476  0.655363483449961  0.000967116038633  0.699126317741473  0.727046707831290
2.270000000000000  0.419363617517751  0.169679420338066  -0.136183535077973  0.053503674930603  -0.027493109644420
2.280000000000000  0.519985564981876  0.656293910281204  0.000910460663010  0.699225788598100  0.727315133669395
2.280000000000000  0.420171431260681  0.170367607779109  -0.136329234027198  0.053636461854408  -0.027457140209383
2.290000000000000  0.521872369614836  0.657215934291899  0.000854800748519  0.699323113056137  0.727578623143828
2.290000000000000  0.420972569631245  0.171051702796281  -0.136472854277067  0.053767444350355  -0.027421501325264
2.300000000000000  0.523744068000703  0.658129562913441  0.000800244169331  0.699418481629723  0.727837301553167
2.300000000000000  0.421767164171828  0.171731792307527  -0.136614434855719  0.053896793302781  -0.027385971112299
2.310000000000000  0.525600832273472  0.659035024940037  0.000746644639918  0.699512346192231  0.728091738417258
2.310000000000000  0.422555288613688  0.172407843073818  -0.136754010810130  0.054024521113331  -0.027350680320147
2.320000000000000  0.527442883993988  0.659932477605526  0.000694105552028  0.699604858523457  0.728340701202872
2.320000000000000  0.423337030715398  0.173079916932025  -0.136891626852254  0.054150791835407  -0.027315866587489
2.330000000000000  0.529270367301127  0.660821940269825  0.000642524192102  0.699696230384675  0.728586464630586
2.330000000000000  0.424112498910313  0.173748080960257  -0.137027306068451  0.054275357745337  -0.027281497560433
2.340000000000000  0.531083436140208  0.661703602186762  0.000591873056374  0.699785269469285  0.728827708410578
2.340000000000000  0.424881766029897  0.174412311646575  -0.137161065989755  0.054398335428289  -0.027247139178706
2.350000000000000  0.532882307589560  0.662577479121272  0.000542148965917  0.699873817001467  0.729064468556935
2.350000000000000  0.425644869633705  0.175072691318497  -0.137292983809989  0.054520037946662  -0.027213201496794
2.360000000000000  0.534667092010138  0.663443828786905  0.000493048159881  0.699960108205936  0.729297225496983
2.360000000000000  0.426401989322334  0.175729184553682  -0.137423054144189  0.054640022281670  -0.027179750641343
2.370000000000000  0.536437983697657  0.664302660570301  0.000446817917152  0.700044960202558  0.729525745796444
2.370000000000000  0.427153113028095  0.176381901471728  -0.137551307920794  0.054758562995479  -0.027146459944859
2.380000000000000  0.538195140511564  0.665154050483743  0.000399358620201  0.700129356419334  0.729750475579930
2.380000000000000  0.427898403764510  0.177030858222836  -0.137677797786699  0.054875597592576  -0.027113260037473
2.390000000000000  0.539938726401270  0.665998233589093  0.000353259694658  0.700211666310172  0.729971303904091
2.390000000000000  0.428637878107843  0.177676025823624  -0.137802543522493  0.054991445848065  -0.027080151595437
2.400000000000000  0.541668869110096  0.666835211421818  0.000308154371974  0.700292613490220  0.730188902528359
2.400000000000000  0.429371614703104  0.178317456636437  -0.137925580799055  0.055105553415832  -0.027047576900148
2.410000000000000  0.543385779637767  0.667665093894143  0.000263878730458  0.700372110670887  0.730402188074565
2.410000000000000  0.430099744379826  0.178955214343045  -0.138046931436291  0.055218435923645  -0.027015102433084
2.420000000000000  0.545089543834047  0.668488052526342  0.000220450071303  0.700450685177919  0.730612141814428
2.420000000000000  0.430822291277974  0.179589341162179  -0.138166601546490  0.055329868792738  -0.026983282281296
2.430000000000000  0.546780360733928  0.669304086253929  0.000177891232307  0.700528728813609  0.730818912015692
2.430000000000000  0.431539354060049  0.180219805660789  -0.138284653185238  0.055440076642553  -0.026951436778377
2.440000000000000  0.548458337395060  0.670113338070015  0.000136128296540  0.700603698172271  0.731021887502181
2.440000000000000  0.432250998941317  0.180846666278163  -0.138401116306539  0.055548980675381  -0.026920252134797
2.450000000000000  0.550123637034832  0.670915874972429  0.000095161436824  0.700679426805701  0.731221120664841
2.450000000000000  0.432957250167602  0.181469955153857  -0.138515986249935  0.055656324976099  -0.026888852972028
2.460000000000000  0.551776387077160  0.671711855369970  0.000055005528346  0.700752317720476  0.731417107752298
2.460000000000000  0.433658235174152  0.182089693422531  -0.138629305813045  0.055762541571982  -0.026857826656633
2.470000000000000  0.553416792624740  0.672501270177698  0.000015585997153  0.700825141628846  0.731610437331148
2.470000000000000  0.434354008766871  0.182705910610994  -0.138741104245602  0.055867373825174  -0.026826913278764
2.480000000000000  0.555044909237900  0.673284308987190  -0.000023026434922  0.700896261136415  0.731800392887503
2.480000000000000  0.435044613493780  0.183318644519309  -0.138851397561690  0.055971077353789  -0.026796892414160
2.490000000000000  0.556660897014648  0.674060974769334  -0.000060923782202  0.700966735491933  0.731986582151059
2.490000000000000  0.435730088851729  0.183927902810608  -0.138960217763970  0.056073350979821  -0.026766501764826
2.500000000000000  0.558264940355391  0.674831410945465  -0.000098056143179  0.701035682218829  0.732170880937598
2.500000000000000  0.436410588028654  0.184533746381891  -0.139067576834260  0.056174616612146  -0.026736302084960
2.510000000000000  0.559857084460708  0.675595692058261  -0.000134449942752  0.701104034637621  0.732351525749774
2.510000000000000  0.437086190185011  0.185136211640448  -0.139173508068838  0.056274522920393  -0.026706509384389
2.520000000000000  0.561437511876939  0.676353851486969  -0.000170225128384  0.701171076189046  0.732529954743671
2.520000000000000  0.437756793670253  0.185735195961318  -0.139278050819303  0.056373327323315  -0.026677090166120
2.530000000000000  0.563006358231866  0.677106043908293  -0.000205229812731  0.701236791597195  0.732704509519318
2.530000000000000  0.438422544897358  0.186330884199321  -0.139381205298752  0.056470860802042  -0.026647917282367
2.540000000000000  0.564563724680446  0.677852284355229  -0.000239560356032  0.701301882791471  0.732876954053069
2.540000000000000  0.439083541592966  0.186923214553780  -0.139483000178348  0.056567333264491  -0.026619354264065
2.550000000000000  0.566109763291003  0.678592651086445  -0.000273233255227  0.701365896642737  0.733046090278928
2.550000000000000  0.439739788303796  0.187512257058850  -0.139583461085384  0.056662522262633  -0.026590766667481
2.560000000000000  0.567644554931225  0.679327270301417  -0.000306283722985  0.701428946909034  0.733213274634491
2.560000000000000  0.440391412159535  0.188098025703024  -0.139682596994740  0.056756728446560  -0.026562121614254
2.570000000000000  0.569168283578805  0.680056131214804  -0.000338610414302  0.701491238899204  0.733377215155084
2.570000000000000  0.441038439655613  0.188680532812914  -0.139780439710290  0.056849779591766  -0.026533874905412
2.580000000000000  0.570680997122503  0.680779422712964  -0.000370328308336  0.701552066911140  0.733539208605391
2.580000000000000  0.441680885981005  0.189259830135094  -0.139877001350213  0.056941702763758  -0.026505899447685
2.590000000000000  0.572182850313487  0.681497115994408  -0.000401421108454  0.701612462174960  0.733698268970862
2.590000000000000  0.442318823012022  0.189835899086436  -0.139972326951034  0.057032667643245  -0.026478847384773
2.600000000000000  0.573673973434479  0.682209375990754  -0.000431900762218  0.701671399649701  0.733854978213270
2.600000000000000  0.442952282160859  0.190408800729923  -0.140066409127618  0.057122384455827  -0.026450951254692
2.610000000000000  0.575154452705546  0.682916146805054  -0.000461781657104  0.701730550842408  0.734008541037221
2.610000000000000  0.443581338521779  0.190978533939873  -0.140159265033609  0.057211107519951  -0.026423785856274
2.620000000000000  0.576624414941589  0.683617594078992  -0.000491070650543  0.701788064950104  0.734160497584279
2.620000000000000  0.444206131574661  0.191545157515047  -0.140250925916167  0.057298836474979  -0.026397210795918
2.630000000000000  0.578083972625589  0.684313747031536  -0.000519748175249  0.701844853842541  0.734309942090575
2.630000000000000  0.444826557231028  0.192108662252640  -0.140341416347343  0.057385471746844  -0.026370334111994
2.640000000000000  0.579533230588060  0.685004673861467  -0.000547872742382  0.701900746793235  0.734456319684531
2.640000000000000  0.445442723605583  0.192669092506970  -0.140430746535927  0.057471204848441  -0.026343786867349
2.650000000000000  0.580972288832637  0.685690511993384  -0.000575444335007  0.701955924290826  0.734601963557785
2.650000000000000  0.446054741100903  0.193226463084050  -0.140518929952537  0.057555982183735  -0.026317571217176
2.660000000000000  0.582401263139639  0.686371133954115  -0.000602461335541  0.702010007061795  0.734744046042634
2.660000000000000  0.446662588815814  0.193780760119821  -0.140606007345000  0.057639665191326  -0.026291704130151
2.670000000000000  0.583820263372359  0.687046830474210  -0.000628927344982  0.702063422068028  0.734884757594802
2.670000000000000  0.447266304476893  0.194332077449289  -0.140691953631848  0.057722381601945  -0.026265838056238
2.680000000000000  0.585229400706483  0.687717533828698  -0.000654861788507  0.702116515765369  0.735023443194982
2.680000000000000  0.447865993077867  0.194880403793615  -0.140776830134194  0.057804183799623  -0.026240520055912
2.690000000000000  0.586628753332575  0.688383329616215  -0.000680264249214  0.702168508166001  0.735159708768643
2.690000000000000  0.448461650447809  0.195425758907322  -0.140860625149565  0.057885036022585  -0.026214954013136
2.700000000000000  0.588018411744872  0.689044225141598  -0.000705139504223  0.702219375425501  0.735293584621749
2.700000000000000  0.449053358632551  0.195968164392101  -0.140943371668760  0.057964980725923  -0.026190070250074
2.710000000000000  0.589398536177650  0.689700353856269  -0.000729534081837  0.702269955996717  0.735426373274976
2.710000000000000  0.449641160307986  0.196507642194099  -0.141025075191449  0.058043857358069  -0.026164925191315
2.720000000000000  0.590769164541218  0.690351781028048  -0.000753419687606  0.702319848873397  0.735556422525389
2.720000000000000  0.450224996273237  0.197044218201863  -0.141105746158805  0.058121986311503  -0.026140284980751
2.730000000000000  0.592130437571953  0.690998503180723  -0.000776816501944  0.702369044730670  0.735684712511267
2.730000000000000  0.450805077904199  0.197577924157380  -0.141185419909002  0.058199284675752  -0.026116339170673
2.740000000000000  0.593482406038976  0.691640563475429  -0.000799747657869  0.702417350194536  0.735810910806269
2.740000000000000  0.451381333664976  0.198108755809698  -0.141264104403820  0.058275508335577  -0.026091898970456
2.750000000000000  0.594825174337000  0.692278102108333  -0.000822184524793  0.702465192630259  0.735935914685373
2.750000000000000  0.451953843342499  0.198636764851746  -0.141341815895749  0.058350942760323  -0.026067425350103
2.760000000000000  0.596158878431242  0.692911064006456  -0.000844173750272  0.702512000503182  0.736058491668536
2.760000000000000  0.452522655576081  0.199161938393817  -0.141418551517680  0.058425613216221  -0.026043974590358
2.770000000000000  0.597483550286969  0.693539649807797  -0.000865700053418  0.702558313881830  0.736179426982546
2.770000000000000  0.453087769537500  0.199684325069536  -0.141494342816528  0.058499423631266  -0.026020739899910
2.780000000000000  0.598799320550902  0.694163773129103  -0.000886776169747  0.702603850996530  0.736298910425647
2.780000000000000  0.453649214320528  0.200203933541110  -0.141569203276558  0.058572211612532  -0.025997279118834
2.790000000000000  0.600106246562957  0.694783478216888  -0.000907407040608  0.702649191379378  0.736416201923984
2.790000000000000  0.454207094615212  0.200720830761983  -0.141643137407688  0.058644354328794  -0.025974153519329
2.800000000000000  0.601404470682591  0.695398938862747  -0.000927629797134  0.702694039547602  0.736531791901104
2.800000000000000  0.454761433638978  0.201234956168327  -0.141716172243929  0.058715636039107  -0.025951226151164
2.810000000000000  0.602694050757918  0.696010082152311  -0.000947416237308  0.702737522175988  0.736646106993010
2.810000000000000  0.455312255954753  0.201746340430011  -0.141788322355037  0.058786101886861  -0.025928371918391
2.820000000000000  0.603975044506789  0.696617036427883  -0.000966771118101  0.702780932764807  0.736758606050752
2.820000000000000  0.455859529858999  0.202255086954413  -0.141859572835905  0.058855994407094  -0.025906066306623
2.830000000000000  0.605247561892499  0.697219833397596  -0.000985725499085  0.702823620954583  0.736869778414457
2.830000000000000  0.456403413990688  0.202761113043355  -0.141929972457072  0.058924865169254  -0.025883482295793
2.840000000000000  0.606511692562305  0.697818445342278  -0.001004274168184  0.702865970799237  0.736978720455296
2.840000000000000  0.456943863986409  0.203264514208285  -0.141999516526547  0.058992926472922  -0.025861546164587
2.850000000000000  0.607767503989163  0.698413064049217  -0.001022430268364  0.702907125581635  0.737086556820850
2.850000000000000  0.457480933991981  0.203765265899730  -0.142068218610552  0.059060325769738  -0.025839551134910
2.860000000000000  0.609015084553540  0.699003569317092  -0.001040192359394  0.702948395231228  0.737192967018208
2.860000000000000  0.458014615199772  0.204263392230831  -0.142136110265174  0.059126914828628  -0.025817869548272
2.870000000000000  0.610254516714708  0.699590128238466  -0.001057562107485  0.702988668026650  0.737297946324078
2.870000000000000  0.458545046036871  0.204758920925285  -0.142203155993898  0.059192960987036  -0.025796315982922
2.880000000000000  0.611485865083996  0.700172737214934  -0.001074605572887  0.703028540463966  0.737401318792934
2.880000000000000  0.459072237959779  0.205251905498653  -0.142269416570718  0.059258126210792  -0.025775227155543
2.890000000000000  0.612709252124931  0.700751423913802  -0.001091226726175  0.703067605286770  0.737503120494683
2.890000000000000  0.459596104188072  0.205742317429302  -0.142334879439509  0.059322511319681  -0.025753811515355
2.900000000000000  0.613924701322388  0.701326296977708  -0.001107524590695  0.703106670445323  0.737603803856455
2.900000000000000  0.460116782103832  0.206230168192590  -0.142399565000989  0.059386335326592  -0.025732987478275
2.910000000000000  0.615132318696869  0.701897339292490  -0.001123428702834  0.703144926540380  0.737702200176382
2.910000000000000  0.460634318598152  0.206715487903021  -0.142463473464811  0.059449368312228  -0.025712150900970
2.920000000000000  0.616332163574497  0.702464580070565  -0.001139291119786  0.703182541274795  0.737800191444210
2.920000000000000  0.461148666012118  0.207198315948346  -0.142526625401649  0.059511819134006  -0.025691773605870
2.930000000000000  0.617524328731177  0.703028088123064  -0.001154556551826  0.703220263601176  0.737896291534564
2.930000000000000  0.461659911716325  0.207678690778081  -0.142589028255800  0.059573460627736  -0.025671452079488
2.940000000000000  0.618708876670274  0.703587927896340  -0.001169450763986  0.703257425097692  0.737991622916601
2.940000000000000  0.462168112315004  0.208156565270806  -0.142650710298813  0.059634412977179  -0.025651210555457
2.950000000000000  0.619885884451686  0.704144036991393  -0.001183992133243  0.703293079176131  0.738085584562748
2.950000000000000  0.462673221270562  0.208631978864361  -0.142711653236620  0.059694752929938  -0.025631088420131
2.960000000000000  0.621055395986060  0.704696579854358  -0.001198265513069  0.703329413073789  0.738177515129336
2.960000000000000  0.463175279365557  0.209104981037017  -0.142771874148141  0.059754327032513  -0.025611350551817
2.970000000000000  0.622217537679564  0.705245532487416  -0.001212176866578  0.703364311265247  0.738269035675897
2.970000000000000  0.463674415619938  0.209575534666848  -0.142831403069680  0.059813605519042  -0.025591555663833
2.980000000000000  0.623372325755893  0.705790962523193  -0.001225806300242  0.703399098227199  0.738359143620525
2.980000000000000  0.464170536889139  0.210043730234411  -0.142890225528321  0.059871914036028  -0.025572197782602
2.990000000000000  0.624519872498072  0.706332905881790  -0.001239119447743  0.703433624779956  0.738447674508632
2.990000000000000  0.464663741773522  0.210509542840146  -0.142948374353395  0.059929669361785  -0.025553048527613
3.000000000000000  0.625660223859697  0.706871293853989  -0.001252112162096  0.703468001405406  0.738535689317760
3.000000000000000  0.465154036567838  0.210972964187043  -0.143005853944068  0.059986729346024  -0.025533839324612
