1.010000000000000  0.110756491262530  0.381564164915931  0.098132802861255  0.676155366465043  0.507570861956785
1.010000000000000  0.009980916757189  0.000136909332604  -0.001144411801283  0.000036859455525  -0.000293489776715
1.020000000000000  0.115427707273691  0.393373152331038  0.091526827501745  0.684264236749601  0.520222016604052
1.020000000000000  0.010526663023698  0.000151654132784  -0.001191543683060  0.000033730840154  -0.000303408532701
1.030000000000000  0.120086288377501  0.404974051122512  0.084858338146948  0.691628964606193  0.532626779473255
1.030000000000000  0.011090065181354  0.000165407716130  -0.001239742542198  0.000030412786725  -0.000312481868309
1.040000000000000  0.124730300569165  0.416341189464598  0.078184678302659  0.698324304831168  0.544738620458677
1.040000000000000  0.011671635514258  0.000184224515741  -0.001288566744928  0.000027106846005  -0.000321499303866
1.050000000000000  0.129353497333240  0.427449904404312  0.071558225176040  0.704418762304458  0.556516528029032
1.050000000000000  0.012272268841672  0.000200327594601  -0.001337415299488  0.000023805021834  -0.000330402989067
1.060000000000000  0.133953252900959  0.438277806208105  0.065024218375239  0.709974144766999  0.567925253183808
1.060000000000000  0.012887922619551  0.000218745867939  -0.001386201476581  0.000020605035988  -0.000338995273224
1.070000000000000  0.138526260993353  0.448806168924883  0.058623807589843  0.715045485491097  0.578935988078201
1.070000000000000  0.013518570068535  0.000238992875941  -0.001434384787899  0.000017406332165  -0.000347410704434
1.080000000000000  0.143068169158451  0.459019302847167  0.052391054887299  0.719680956533715  0.589526365686988
1.080000000000000  0.014161477431337  0.000259985210253  -0.001483329546182  0.000014171007471  -0.000355759325677
1.090000000000000  0.147577502278321  0.468903922407292  0.046354137752110  0.723925716628156  0.599680017450327
1.090000000000000  0.014816501992848  0.000282457655851  -0.001532393020783  0.000011871157224  -0.000363859728666
1.100000000000000  0.151330633532546  0.475443709592024  0.043928505861092  0.727094936413797  0.606098912136935
1.100000000000000  0.015420611926701  0.000302839182943  -0.001571815296050  0.000010840108895  -0.000371041339365
1.110000000000000  0.155096641158554  0.481633439204517  0.041775819380201  0.730018572884157  0.612166767832699
1.110000000000000  0.016028761883364  0.000323746623074  -0.001611832094108  0.000010018614185  -0.000378076437115
1.120000000000000  0.158901849345060  0.487570773954648  0.039797411565991  0.732743864749933  0.617977788535946
1.120000000000000  0.016640962554809  0.000342778441708  -0.001651668452026  0.000009031120927  -0.000385409906959
1.130000000000000  0.162752707289127  0.493285015141635  0.037971211601249  0.735296233184525  0.623549699488268
1.130000000000000  0.017256972409749  0.000364112705490  -0.001691377943938  0.000008381150362  -0.000392405182856
1.140000000000000  0.166652598543556  0.498799408973938  0.036279872026616  0.737695685352137  0.628898579980676
1.140000000000000  0.017873708476205  0.000385844899053  -0.001730610414886  0.000008067943266  -0.000399235246720
1.150000000000000  0.170602468106679  0.504131297490637  0.034704134408067  0.739958117025332  0.634037449389297
1.150000000000000  0.018491718965092  0.000407498870921  -0.001770028717220  0.000007386937731  -0.000406338885222
1.160000000000000  0.174601440377935  0.509298090720708  0.033235288133282  0.742098041257890  0.638978830844368
1.160000000000000  0.019108669360290  0.000430771275361  -0.001809417044584  0.000007029611234  -0.000413144235838
1.170000000000000  0.178647639949083  0.514312570579033  0.031861011854200  0.744126449083433  0.643732904022463
1.170000000000000  0.019724024526232  0.000453217664211  -0.001849098720040  0.000006766413261  -0.000419868563820
1.180000000000000  0.182738504079183  0.519185744851709  0.030572147195537  0.746053488821988  0.648308711831932
1.180000000000000  0.020336979915956  0.000476423318734  -0.001888312190786  0.000006577637032  -0.000426580374371
1.190000000000000  0.186870166180215  0.523927884324646  0.029362071593473  0.747887243496109  0.652715043726131
1.190000000000000  0.020946492673215  0.000500153852744  -0.001928524360850  0.000006757070665  -0.000433638040378
1.200000000000000  0.191039060557053  0.528546347961377  0.028221544369942  0.749635570822336  0.656959809891283
1.200000000000000  0.021552318310174  0.000524460783744  -0.001967813823952  0.000006889663981  -0.000440359730315
1.210000000000000  0.195240988687966  0.533048664233980  0.027145444265789  0.751304683223148  0.661050328675149
1.210000000000000  0.022144703830320  0.000547385262083  -0.002007107243951  0.000007156181733  -0.000447054563299
1.220000000000000  0.199472087811998  0.537439640016392  0.026127380522489  0.752900191493720  0.664993411469440
1.220000000000000  0.022674795035583  0.000568709824024  -0.002046409869339  0.000007874886480  -0.000453965833174
1.230000000000000  0.203727607279632  0.541726865843959  0.025164635524249  0.754427353213364  0.668795642180161
1.230000000000000  0.023200325466871  0.000590278319280  -0.002085714159804  0.000008677593544  -0.000460737495269
1.240000000000000  0.208003846059982  0.545915330523197  0.024252338313269  0.755890692927208  0.672463071334833
1.240000000000000  0.023722240455760  0.000612119339156  -0.002125041549806  0.000009555639135  -0.000467459667543
1.250000000000000  0.212296808529223  0.550009669695470  0.023386867791608  0.757294156736861  0.676001490057943
1.250000000000000  0.024242125175691  0.000634275653028  -0.002165670576620  0.000010509927378  -0.000474153243566
1.260000000000000  0.216602129577663  0.554014277540883  0.022565189616758  0.758641415889834  0.679416481854932
1.260000000000000  0.024759060919486  0.000655389160808  -0.002205104544326  0.000011529588957  -0.000480824557531
1.270000000000000  0.220916554834401  0.557932752045123  0.021783632420947  0.759935347368144  0.682713031501164
1.270000000000000  0.025274026253475  0.000677678866799  -0.002244564521023  0.000012618577628  -0.000486866750013
1.280000000000000  0.225235937223876  0.561768600318681  0.021040098806864  0.761180096069810  0.685896469615046
1.280000000000000  0.025787321041592  0.000700248350260  -0.002284067927030  0.000013803675877  -0.000493352526146
1.290000000000000  0.229556984968523  0.565525186614106  0.020331802854434  0.762377548803334  0.688971364323668
1.290000000000000  0.026299168303869  0.000723114217527  -0.002323611888848  0.000015001126934  -0.000499818972933
1.300000000000000  0.233876550503746  0.569205525247838  0.019656660717428  0.763530649228021  0.691942343360545
1.300000000000000  0.026809750422026  0.000746289143348  -0.002363201532901  0.000016249757021  -0.000506252879575
1.310000000000000  0.238191626212380  0.572812433263026  0.019012493653336  0.764641779640970  0.694813448597070
1.310000000000000  0.027319168246082  0.000769777379319  -0.002402850030628  0.000017554448938  -0.000512682563412
1.320000000000000  0.242499260824495  0.576348618007672  0.018397344546517  0.765713014535596  0.697589115508573
1.320000000000000  0.027827538990753  0.000793593868672  -0.002442548879982  0.000018914813108  -0.000519090036037
1.330000000000000  0.246796546146722  0.579816475432214  0.017809233868550  0.766746525001364  0.700273010929367
1.330000000000000  0.028334918664988  0.000817749335641  -0.002482294661080  0.000020312262475  -0.000525484793501
1.340000000000000  0.251081235544976  0.583219019278870  0.017251317642628  0.767744685421063  0.702869050549576
1.340000000000000  0.028841365876914  0.000842255122829  -0.002522048796658  0.000021752583132  -0.000532325241274
1.350000000000000  0.255351894307699  0.586556467094216  0.016712277442977  0.768708246075966  0.705380771324527
1.350000000000000  0.029346899214727  0.000867122079326  -0.002564076371266  0.000023247679864  -0.000538723752507
1.360000000000000  0.259604652457072  0.589833435953114  0.016196991161437  0.769639063709125  0.707811530574859
1.360000000000000  0.029851549663511  0.000892367805851  -0.002603643773317  0.000024781089124  -0.000545098075190
1.370000000000000  0.263838230028748  0.593050214544544  0.015704257501456  0.770538890477180  0.710165120358331
1.370000000000000  0.030355227350505  0.000917996591981  -0.002643195188502  0.000026596551325  -0.000551455095800
1.380000000000000  0.268051122932362  0.596209042483104  0.015231948274495  0.771409152477445  0.712443580985702
1.380000000000000  0.030858129593619  0.000944026133999  -0.002682862753681  0.000028243658575  -0.000557792367413
1.390000000000000  0.272241339780902  0.599311812405168  0.014779026341277  0.772251008055914  0.714650375240021
1.390000000000000  0.031360160644429  0.000969924070779  -0.002722602557240  0.000029945852298  -0.000564109369799
1.400000000000000  0.276407582673221  0.602360232645760  0.014344416754604  0.773065985150265  0.716788455936791
1.400000000000000  0.031861313730602  0.000996455578516  -0.002762387512577  0.000031687703209  -0.000570399643382
1.410000000000000  0.280548399316606  0.605355854091679  0.013927131769546  0.773855101341650  0.718860205410458
1.410000000000000  0.032361596219488  0.001023357880963  -0.002802204063594  0.000033466401213  -0.000576670300650
1.420000000000000  0.284662859013515  0.608300275475350  0.013526396762097  0.774618993387598  0.720868309697628
1.420000000000000  0.032860967509740  0.001050618221538  -0.002842044126287  0.000035292772275  -0.000582872945407
1.430000000000000  0.288749414781096  0.611194941069190  0.013141232328131  0.775360197787273  0.722815515692335
1.430000000000000  0.033359446756493  0.001078252214740  -0.002884040804136  0.000037136630904  -0.000589157758791
1.440000000000000  0.292807527568101  0.614041261919565  0.012770941135174  0.776078212214629  0.724703649725642
1.440000000000000  0.033856994912206  0.001106260069989  -0.002924073036582  0.000038853465334  -0.000595360473435
1.450000000000000  0.296835978690149  0.616840554064083  0.012414770085990  0.776774431819296  0.726535405588323
1.450000000000000  0.034353607731435  0.001134635285385  -0.002964112821958  0.000040973814970  -0.000601552165024
1.460000000000000  0.300834159961144  0.619594246272699  0.012071926573073  0.777449725008117  0.728312756265433
1.460000000000000  0.034849313863501  0.001163385308746  -0.003004159846703  0.000042956881199  -0.000607716329095
1.470000000000000  0.304801806566545  0.622303485069242  0.011741899905768  0.778105164785099  0.730037562657864
1.470000000000000  0.035344020357583  0.001192507827441  -0.003044207789262  0.000044956710692  -0.000613859090042
1.480000000000000  0.308737783556015  0.624969529167358  0.011423974987910  0.778741410166229  0.731712277002414
1.480000000000000  0.035837739983609  0.001222003524848  -0.003084261938982  0.000046992079914  -0.000619969143111
1.490000000000000  0.312641908543964  0.627593436941838  0.011117612907070  0.779358983921719  0.733337946495026
1.490000000000000  0.036330459135012  0.001251873989037  -0.003124319659291  0.000049063783333  -0.000626068965694
1.500000000000000  0.316513649735061  0.630176450396476  0.010822189366131  0.779958897694246  0.734917049868012
1.500000000000000  0.036822159181103  0.001281966161683  -0.003164373238926  0.000051184780698  -0.000632143121138
1.510000000000000  0.320352708282473  0.632719581581977  0.010537325202647  0.780541682060972  0.736450885234609
1.510000000000000  0.037312824833630  0.001312480781287  -0.003204429174911  0.000053320135000  -0.000638187423921
1.520000000000000  0.324159056586026  0.635223780796070  0.010262563613918  0.781107988229968  0.737941628546536
1.520000000000000  0.037802459454312  0.001343360524275  -0.003244482482191  0.000055495964414  -0.000644211632708
1.530000000000000  0.327932213987919  0.637690167057281  0.009997311990185  0.781658444214196  0.739390181456919
1.530000000000000  0.038291016105684  0.001374601840679  -0.003284527554635  0.000057692310726  -0.000650214602285
1.540000000000000  0.331671694215038  0.640119537808041  0.009741195712560  0.782193593517667  0.740798460396544
1.540000000000000  0.038778489030822  0.001406211828854  -0.003324565528845  0.000059944072540  -0.000656194437672
1.550000000000000  0.335378248234162  0.642512971992444  0.009493860421010  0.782714085439589  0.742167752230498
1.550000000000000  0.039264869989997  0.001438188662250  -0.003364600248858  0.000062205167314  -0.000662150632448
1.560000000000000  0.339051208561014  0.644871240305854  0.009254854560504  0.783220272241361  0.743499323014876
1.560000000000000  0.039750140603379  0.001470526846050  -0.003404625226251  0.000064513192520  -0.000668077450432
1.570000000000000  0.342690721966333  0.647195200847000  0.009023896186197  0.783712978037110  0.744794553556397
1.570000000000000  0.040234288813327  0.001503235672954  -0.003444641155543  0.000066851756257  -0.000674424392219
1.580000000000000  0.346296764928734  0.649485883673966  0.008800441652397  0.784192640913048  0.746054828117158
1.580000000000000  0.040717287266861  0.001536312150638  -0.003484645821373  0.000069210514063  -0.000680330493161
1.590000000000000  0.349869364685771  0.651743692631575  0.008584326114953  0.784659363113844  0.747280855600426
1.590000000000000  0.041199132075584  0.001569760689359  -0.003524639843094  0.000072379503774  -0.000686228202185
1.600000000000000  0.353408590084246  0.653969654391350  0.008375334591094  0.785113693167783  0.748474387065481
1.600000000000000  0.041679823549534  0.001603589625606  -0.003564617369592  0.000074844511639  -0.000692080886076
1.610000000000000  0.356915049141267  0.656164651084694  0.008172968676486  0.785556275295528  0.749636698712677
1.610000000000000  0.042159311160091  0.001637801419861  -0.003604583007734  0.000077365262045  -0.000697900520545
1.620000000000000  0.360388170219494  0.658329116706157  0.007977088589700  0.785987151088959  0.750768099561628
1.620000000000000  0.042637603854260  0.001672392358132  -0.003644531309413  0.000079903469851  -0.000703764392600
1.630000000000000  0.363828595236908  0.660463882832501  0.007787410780249  0.786407175407467  0.751870087852414
1.630000000000000  0.043114696588751  0.001707368633461  -0.003686406787748  0.000082465188458  -0.000709518256798
1.640000000000000  0.367236395196817  0.662569574387957  0.007603641762952  0.786816409040802  0.752943642159665
1.640000000000000  0.043590553955449  0.001742734369676  -0.003726436978528  0.000085073660286  -0.000715252743099
1.650000000000000  0.370611736547536  0.664647002114364  0.007425514603941  0.787215401587716  0.753989561669575
1.650000000000000  0.044065186601639  0.001778482292464  -0.003766446784113  0.000087725441394  -0.000720978289116
1.660000000000000  0.373954775129372  0.666696588494981  0.007252913356946  0.787604263860325  0.755008716288298
1.660000000000000  0.044538390836894  0.001814612244917  -0.003806439800369  0.000090380470995  -0.000726681017546
1.670000000000000  0.377265991447717  0.668718968366736  0.007085580651283  0.787983425875106  0.756002083265997
1.670000000000000  0.045010483458879  0.001850877671409  -0.003846411298710  0.000093084139540  -0.000732351019293
1.680000000000000  0.380545674684496  0.670714734414755  0.006923342110821  0.788353418062971  0.756970544237719
1.680000000000000  0.045481304569203  0.001887670888710  -0.003886364341004  0.000095813473454  -0.000738000102967
1.690000000000000  0.383793689478906  0.672684666261293  0.006765911175480  0.788714142175173  0.757914566242247
1.690000000000000  0.045950832530032  0.001924836310988  -0.003926291731452  0.000098579031319  -0.000743627553053
1.700000000000000  0.387010902034298  0.674629104440588  0.006613090315476  0.789066107666297  0.758835339467890
1.700000000000000  0.046419069249062  0.001962375612772  -0.003966197418820  0.000101363760548  -0.000749222679866
1.710000000000000  0.390196814746252  0.676548658976427  0.006464874983527  0.789409402422941  0.759733352548534
1.710000000000000  0.046885985573847  0.002000288984983  -0.004006075787031  0.000104170046698  -0.000754790095628
1.720000000000000  0.393352163944666  0.678443817957971  0.006320893979487  0.789744537739315  0.760609461173623
1.720000000000000  0.047351584528775  0.002038578177738  -0.004045930629198  0.000107010864919  -0.000760339041911
1.730000000000000  0.396477594803231  0.680315094041967  0.006181150098403  0.790071629349056  0.761464257190528
1.730000000000000  0.047815850654548  0.002077241773005  -0.004085756884938  0.000109889724616  -0.000765854981098
1.740000000000000  0.399572860043815  0.682163040232907  0.006045441396624  0.790391037383968  0.762298299323657
1.740000000000000  0.048278772767476  0.002116279527088  -0.004125553485771  0.000112759770652  -0.000771355244386
1.750000000000000  0.402639371970241  0.683988019110704  0.005913548588030  0.790702897219919  0.763112147383520
1.750000000000000  0.048740324590510  0.002155692628433  -0.004165320051881  0.000115690981436  -0.000776825327303
1.760000000000000  0.405675742850338  0.685790667281680  0.005785361940396  0.791007657443941  0.763906987929176
1.760000000000000  0.049200527931069  0.002195480195423  -0.004205054734774  0.000118640939206  -0.000782262868415
1.770000000000000  0.408683099984364  0.687571185187330  0.005660844061575  0.791305113333242  0.764682919236545
1.770000000000000  0.049659335260110  0.002235642239642  -0.004244755100700  0.000121616213492  -0.000787675972063
1.780000000000000  0.411662073505318  0.689330214490424  0.005539798233623  0.791595494985163  0.765440460589314
1.780000000000000  0.050116768247535  0.002276181947714  -0.004284421684799  0.000124622612241  -0.000793061175512
1.790000000000000  0.414612352103613  0.691068205955107  0.005422064089263  0.791879660928396  0.766180135329281
1.790000000000000  0.050572799604130  0.002317095072613  -0.004324054228787  0.000127629337476  -0.000798412878627
1.800000000000000  0.417534450426985  0.692785469754003  0.005307564104832  0.792157093663320  0.766902788361007
1.800000000000000  0.051027428106545  0.002358387610905  -0.004363648246995  0.000130675927282  -0.000803758754051
1.810000000000000  0.420429436031439  0.694482381247659  0.005196117916131  0.792428420555066  0.767608887394189
1.810000000000000  0.051480642136752  0.002400051135640  -0.004403202536520  0.000133759152184  -0.000809407742862
1.820000000000000  0.423296409969137  0.696159349631718  0.005087763688506  0.792693644924327  0.768298845875243
1.820000000000000  0.051932433628683  0.002442093600739  -0.004442720563032  0.000136848685523  -0.000814698883037
1.830000000000000  0.426136646618065  0.697816846165008  0.004982317367901  0.792952682215891  0.768972591744879
1.830000000000000  0.052382804840252  0.002484510144391  -0.004482194721844  0.000140000390784  -0.000819962373107
1.840000000000000  0.428949955188712  0.699455107180286  0.004879682547686  0.793206030095642  0.769631441691347
1.840000000000000  0.052831819211029  0.002527298775917  -0.004521628947338  0.000143154333683  -0.000825187989074
1.850000000000000  0.431736916937063  0.701074535504148  0.004779813604468  0.793453723463078  0.770275488107685
1.850000000000000  0.053279395219762  0.002570467249507  -0.004561881843410  0.000146328226956  -0.000830370893152
1.860000000000000  0.434497959165332  0.702675550872618  0.004682542687827  0.793696181433453  0.770905012374499
1.860000000000000  0.053725324456010  0.002614007708270  -0.004601253561803  0.000149527803045  -0.000835550678727
1.870000000000000  0.437232752948868  0.704258475109819  0.004587763990964  0.793933196649649  0.771520473267865
1.870000000000000  0.054169787844737  0.002657921975710  -0.004640577707957  0.000152736217673  -0.000840679677048
1.880000000000000  0.439942632864359  0.705823557402026  0.004495485719468  0.794165273008120  0.772122290769430
1.880000000000000  0.054612812679228  0.002702209179878  -0.004679854333115  0.000155955415070  -0.000845787036383
1.890000000000000  0.442626964898187  0.707371152866208  0.004405605094388  0.794392244325999  0.772710961468811
1.890000000000000  0.055054351138218  0.002746870616395  -0.004719080195112  0.000159269079650  -0.000850874557768
1.900000000000000  0.445286536509976  0.708901618601444  0.004317979007423  0.794614006170743  0.773286924280226
1.900000000000000  0.055494411142675  0.002791907397839  -0.004758258119945  0.000162522295402  -0.000855915741666
1.910000000000000  0.447921865112889  0.710415229934150  0.004232565295543  0.794831553025351  0.773850282614137
1.910000000000000  0.055932965198683  0.002837308841561  -0.004797381179308  0.000165862549077  -0.000860923874150
1.920000000000000  0.450532600558499  0.711912249156154  0.004149439036713  0.795044235095965  0.774401735760191
1.920000000000000  0.056370027999611  0.002883087866363  -0.004836457723324  0.000169178978654  -0.000865923549110
1.930000000000000  0.453119512161585  0.713393087765436  0.004068322069720  0.795252438886574  0.774940764138279
1.930000000000000  0.056805563821775  0.002929233305653  -0.004875472363189  0.000172560698556  -0.000870867665374
1.940000000000000  0.455682928713053  0.714857962635842  0.003989197011518  0.795456389115586  0.775468838944209
1.940000000000000  0.057239582353235  0.002975749875153  -0.004914438857401  0.000175901040197  -0.000875809080404
1.950000000000000  0.458222795305035  0.716307166164161  0.003912100878627  0.795656192707805  0.775985261543080
1.950000000000000  0.057672072271328  0.003022628941544  -0.004953342809875  0.000179275596428  -0.000880698459561
1.960000000000000  0.460739879750748  0.717740774579356  0.003836894118931  0.795851662924352  0.776490970407897
1.960000000000000  0.058103032055542  0.003069875940592  -0.004992192190999  0.000182704191392  -0.000885558574175
1.970000000000000  0.463233726622617  0.719159221986937  0.003763538553501  0.796043005196763  0.776986106480568
1.970000000000000  0.058532445825761  0.003117485466069  -0.005030982721148  0.000186127537813  -0.000890381670709
1.980000000000000  0.465705428233656  0.720562561070815  0.003691729225621  0.796230539924033  0.777470887526470
1.980000000000000  0.058960312752634  0.003165456803682  -0.005069710895171  0.000189596090296  -0.000895203772121
1.990000000000000  0.468154988035135  0.721951501726218  0.003621849962720  0.796414424226351  0.777945644278584
1.990000000000000  0.059386629771168  0.003213786500944  -0.005108378224138  0.000193054266502  -0.000899963075605
2.000000000000000  0.470582706919716  0.723325990269954  0.003553686833905  0.796593809623468  0.778410415954317
2.000000000000000  0.059811380479551  0.003262475614342  -0.005146989327126  0.000196489824675  -0.000904361117533
2.010000000000000  0.472988468066127  0.724686368276620  0.003487019255506  0.796769822625495  0.778866288070477
2.010000000000000  0.060235232770805  0.003310485411757  -0.005186004149132  0.000199444867979  -0.000909610478889
2.020000000000000  0.475373812164150  0.726032693553130  0.003422078453529  0.796942695524065  0.779312428217883
2.020000000000000  0.060657341337350  0.003359564055996  -0.005224236492180  0.000202951962352  -0.000914225383403
2.030000000000000  0.477737684960346  0.727365335236055  0.003358662460801  0.797111957778384  0.779749563275899
2.030000000000000  0.061077312814267  0.003409239033962  -0.005262724827603  0.000206495642563  -0.000918876855462
2.040000000000000  0.480079254150927  0.728684506587065  0.003296781439128  0.797278045246060  0.780177787667350
2.040000000000000  0.061495693939485  0.003459274228013  -0.005301148026770  0.000210061418590  -0.000923492095878
2.050000000000000  0.482401413520465  0.729990322793667  0.003236342912869  0.797440785289304  0.780597397723629
2.050000000000000  0.061912465686924  0.003509671881160  -0.005340055481989  0.000213648948722  -0.000928078008424
2.060000000000000  0.484703334498160  0.731283142345835  0.003177421497917  0.797600354031701  0.781008690296036
2.060000000000000  0.062327627269964  0.003560429262064  -0.005378123177393  0.000217249373797  -0.000932627672560
2.070000000000000  0.486985119732883  0.732563067081098  0.003119881017618  0.797756805136458  0.781411744753703
2.070000000000000  0.062741180371598  0.003611549381855  -0.005415077699299  0.000220872595016  -0.000937146827449
2.080000000000000  0.489247168238356  0.733830333295226  0.003063753809607  0.797910213991692  0.781806964424343
2.080000000000000  0.063153125879019  0.003663026469019  -0.005453178277056  0.000224513785714  -0.000941639335264
2.090000000000000  0.491489614661757  0.735085146145452  0.003008964798028  0.798060687086823  0.782194322780849
2.090000000000000  0.063563488664630  0.003714857288018  -0.005491206243660  0.000228177506789  -0.000946100946747
2.100000000000000  0.493712767234373  0.736327666192995  0.002955451044233  0.798208135309423  0.782574092586052
2.100000000000000  0.063972918657765  0.003767043429507  -0.005529161289794  0.000231858698000  -0.000950528746546
2.110000000000000  0.495916812393505  0.737558128834906  0.002903144899264  0.798352858501759  0.782946512751210
2.110000000000000  0.064380235903947  0.003819578723161  -0.005567039985625  0.000235559674758  -0.000954930261084
2.120000000000000  0.498102094175258  0.738776637399765  0.002852076121759  0.798494857007959  0.783311840662950
2.120000000000000  0.064785927056226  0.003872463348321  -0.005604845935373  0.000239272779692  -0.000959301604826
2.130000000000000  0.500268759888594  0.739983925784844  0.002799815917149  0.798634167625561  0.783669986308835
2.130000000000000  0.065190014215807  0.003925692166126  -0.005643525796992  0.000243010522213  -0.000963635839785
2.140000000000000  0.502417039362252  0.741179272373487  0.002750630453663  0.798770778235782  0.784021253027245
2.140000000000000  0.065592475549528  0.003979267092533  -0.005681220756742  0.000246758179476  -0.000967938540567
2.150000000000000  0.504547147108505  0.742363301055422  0.002702570183446  0.798904755662262  0.784365942541651
2.150000000000000  0.065993319935745  0.004033184578947  -0.005718840630824  0.000250526787884  -0.000972213322262
2.160000000000000  0.506659441456871  0.743536100024017  0.002655630725169  0.799036422791476  0.784704000768353
2.160000000000000  0.066392537928109  0.004087442532603  -0.005756353057877  0.000254311934086  -0.000976455952587
2.170000000000000  0.508753905435596  0.744697928969995  0.002609651077562  0.799165573853585  0.785035784371123
2.170000000000000  0.066790134415330  0.004142040201193  -0.005793785728799  0.000258114141208  -0.000980662668862
2.180000000000000  0.510830974004524  0.745848875046339  0.002564710892658  0.799292293575634  0.785361251164828
2.180000000000000  0.067186107846623  0.004196980534422  -0.005831137540100  0.000261930831496  -0.000984838463993
2.190000000000000  0.512890784065142  0.746989128065888  0.002520729340874  0.799416826283952  0.785680736177603
2.190000000000000  0.067580441516779  0.004252251451425  -0.005868401477060  0.000265766149458  -0.000988983456928
2.200000000000000  0.514933476712368  0.748118831742986  0.002477712916430  0.799538968387002  0.785994204871536
2.200000000000000  0.067973148889956  0.004307859153498  -0.005905577805328  0.000269615607935  -0.000993099077263
2.210000000000000  0.516959320224434  0.749238145430109  0.002435668891068  0.799658870754826  0.786301778401410
2.210000000000000  0.068364226576120  0.004363800917826  -0.005942671449008  0.000273479033896  -0.000997188462591
2.220000000000000  0.518968546247782  0.750347229546725  0.002394472861118  0.799776623881315  0.786603760532554
2.220000000000000  0.068753662635746  0.004420072686147  -0.005979676732141  0.000277359704936  -0.001001236413107
2.230000000000000  0.520961238380120  0.751446203867881  0.002354179302676  0.799892288328118  0.786900278360955
2.230000000000000  0.069141475755511  0.004476675615506  -0.006016595657125  0.000281254906644  -0.001005258145452
2.240000000000000  0.522937842615560  0.752535221150437  0.002314722541456  0.800005787698261  0.787191397677337
2.240000000000000  0.069527643122682  0.004533603717906  -0.006053423864774  0.000285165857203  -0.001009249244808
2.250000000000000  0.524898255333559  0.753614477083006  0.002276128223930  0.800117411821018  0.787477141496020
2.250000000000000  0.069912175323800  0.004590861042221  -0.006090166158246  0.000289092375414  -0.001013205726309
2.260000000000000  0.526842899804408  0.754683984414967  0.002238330261200  0.800226860108738  0.787757763253703
2.260000000000000  0.070295075324222  0.004648444335427  -0.006126818405757  0.000293033211186  -0.001017127706251
2.270000000000000  0.528771809059472  0.755744009048525  0.002201327440758  0.800334390868500  0.788033248985191
2.270000000000000  0.070676331900856  0.004706351307295  -0.006163383644680  0.000296988209152  -0.001021022771407
2.280000000000000  0.530685239321447  0.756794673088759  0.002165113626557  0.800440185315328  0.788304013007512
2.280000000000000  0.071055951752033  0.004763756417766  -0.006199856767997  0.000300957497859  -0.001024880502584
2.290000000000000  0.532583406223983  0.757835968440681  0.002129630882526  0.800544051677328  0.788570053539456
2.290000000000000  0.071433932920419  0.004822290603319  -0.006236238908367  0.000304866755052  -0.001028712383166
2.300000000000000  0.534466392504737  0.758868207222238  0.002094945526140  0.800646021873424  0.788831226902436
2.300000000000000  0.071810282592928  0.004881148320977  -0.006272528122619  0.000308855248782  -0.001032516919639
2.310000000000000  0.536334502586564  0.759891431879663  0.002060859979102  0.800746411530907  0.789087776412373
2.310000000000000  0.072184991608055  0.004940326720082  -0.006308727969743  0.000312861619603  -0.001036278963901
2.320000000000000  0.538187777690476  0.760905705694980  0.002027566900772  0.800844874861123  0.789339873829148
2.320000000000000  0.072558068026093  0.004999828029650  -0.006344837205348  0.000316876667313  -0.001040022176036
2.330000000000000  0.540026472037354  0.761911215848595  0.001994938459194  0.800941646683872  0.789587518453120
2.330000000000000  0.072929494046993  0.005059638592260  -0.006380850077315  0.000320907144127  -0.001043722277869
2.340000000000000  0.541850741062589  0.762908086239174  0.001962978476071  0.801036675318356  0.789830755966572
2.340000000000000  0.073299296310203  0.005119769030435  -0.006416768636284  0.000324947877626  -0.001047169808167
2.350000000000000  0.543660784547446  0.763896378098876  0.001931673808048  0.801130285975383  0.790069960328762
2.350000000000000  0.073667455175597  0.005180214209076  -0.006452593738451  0.000329005876123  -0.001050792038702
2.360000000000000  0.545456856672304  0.764876286431351  0.001900967670539  0.801222089059146  0.790304922640550
2.360000000000000  0.074033989617280  0.005240970707886  -0.006488323325375  0.000333070656995  -0.001054391334562
2.370000000000000  0.547238826650234  0.765847842813230  0.001870883530880  0.801312530859886  0.790535877186074
2.370000000000000  0.074398883604273  0.005302037915578  -0.006523960728188  0.000337147991685  -0.001057955256680
2.380000000000000  0.549007065331816  0.766811230080506  0.001841466323693  0.801401357200301  0.790762930433456
2.380000000000000  0.074762148660694  0.005363413091529  -0.006559499366565  0.000341238186009  -0.001061488816693
2.390000000000000  0.550761673443996  0.767766485205490  0.001812549650590  0.801488726166695  0.790986045111410
2.390000000000000  0.075123786639789  0.005425095854169  -0.006594940737058  0.000345338651064  -0.001064986702521
2.400000000000000  0.552502831501368  0.768713714332860  0.001784239742768  0.801574581712938  0.791205532348443
2.400000000000000  0.075483789116638  0.005487086540480  -0.006630283948463  0.000349452252940  -0.001068457962298
2.410000000000000  0.554230691746652  0.769653122228838  0.001756511872940  0.801659002225705  0.791421162122550
2.410000000000000  0.075842172590786  0.005549378024670  -0.006665532066821  0.000353574633447  -0.001071894075723
2.420000000000000  0.555945424726332  0.770584753876476  0.001729318875905  0.801742043131081  0.791633179797251
2.420000000000000  0.076198928463750  0.005611972998505  -0.006700681740078  0.000357710269195  -0.001075300921039
2.430000000000000  0.557647083022898  0.771508646846099  0.001702659920931  0.801823833516947  0.791841733209703
2.430000000000000  0.076554057421215  0.005674868005326  -0.006735730128045  0.000361853244417  -0.001078682840933
2.440000000000000  0.559335947923116  0.772424983588227  0.001676514183374  0.801904155272188  0.792046697924767
2.440000000000000  0.076907571126815  0.005738061558606  -0.006770677880468  0.000366007771534  -0.001082023465073
2.450000000000000  0.561012089583513  0.773333822216494  0.001650885941723  0.801983194508825  0.792248374686048
2.450000000000000  0.077259462166092  0.005801548422838  -0.006805847550938  0.000370177064561  -0.001085336217696
2.460000000000000  0.562675641702586  0.774235273076665  0.001625762435290  0.802060863394906  0.792446676050336
2.460000000000000  0.077609741908216  0.005865335379087  -0.006840627563953  0.000374351470269  -0.001088621817263
2.470000000000000  0.564326745238192  0.775129385626991  0.001601122681788  0.802137360851724  0.792641819313726
2.470000000000000  0.077958405743840  0.005929414422214  -0.006875307213300  0.000378535256132  -0.001091872899968
2.480000000000000  0.565965536043966  0.776016289014299  0.001576943438352  0.802212705609514  0.792833669937447
2.480000000000000  0.078305461844767  0.005993782687348  -0.006909886558571  0.000382727591239  -0.001095096519784
2.490000000000000  0.567592225648639  0.776896098621010  0.001553245567030  0.802286742943574  0.793022488569085
2.490000000000000  0.078650904548723  0.006058441554724  -0.006944365892811  0.000386930156530  -0.001098284842028
2.500000000000000  0.569206884501445  0.777768850703807  0.001529997412397  0.802359592408094  0.793208133812714
2.500000000000000  0.078994745770790  0.006123387313266  -0.006978741180359  0.000391146622602  -0.001101447259900
2.510000000000000  0.570809638704173  0.778634687953184  0.001507174056611  0.802431266252707  0.793390757044071
2.510000000000000  0.079336984988887  0.006188617782378  -0.007013014897132  0.000395365612779  -0.001104573413496
2.520000000000000  0.572400624385807  0.779493610998951  0.001484796323190  0.802501826667568  0.793570552584143
2.520000000000000  0.079677629467229  0.006254134481277  -0.007047185213998  0.000399596873268  -0.001107672890041
2.530000000000000  0.573980029007073  0.780345798888470  0.001462838640749  0.802571297618101  0.793747416125776
2.530000000000000  0.080016672535797  0.006319933430732  -0.007081252405691  0.000403833280273  -0.001110743794000
2.540000000000000  0.575547866329765  0.781191236446822  0.001441313131071  0.802639513106452  0.793921493479327
2.540000000000000  0.080354122878671  0.006386011321040  -0.007115214046907  0.000408082323773  -0.001113785907750
2.550000000000000  0.577104369025601  0.782030132622016  0.001420172992748  0.802706814218394  0.794092708123543
2.550000000000000  0.080689988221615  0.006452366912484  -0.007149075068006  0.000412334867507  -0.001116796471076
2.560000000000000  0.578649553385857  0.782862488103771  0.001399407454750  0.802773010070479  0.794261318587851
2.560000000000000  0.081024268270086  0.006518995316393  -0.007182828900415  0.000416598065175  -0.001119771930642
2.570000000000000  0.580183677402444  0.783688335054131  0.001379049164663  0.802838257640475  0.794427243147009
2.570000000000000  0.081356967454034  0.006585903104200  -0.007216479263286  0.000420867267947  -0.001122723828091
2.580000000000000  0.581706723882956  0.784507788762568  0.001359074617980  0.802902397470795  0.794590534187362
2.580000000000000  0.081688087375467  0.006653081910279  -0.007250024031228  0.000425142737530  -0.001125643489417
2.590000000000000  0.583218873513447  0.785320952764178  0.001339462915353  0.802965555454207  0.794751383217141
2.590000000000000  0.082017640439026  0.006720531266756  -0.007283462547878  0.000429426060493  -0.001128537235494
2.600000000000000  0.584720297994627  0.786127923583541  0.001320207306745  0.803027774521905  0.794909722450844
2.600000000000000  0.082345612265867  0.006788249945842  -0.007316796504695  0.000433718292326  -0.001131395101150
2.610000000000000  0.586211039962853  0.786928755915712  0.001301357693135  0.803088970201705  0.795065469461238
2.610000000000000  0.082672027927058  0.006856233647451  -0.007350023246139  0.000438016122167  -0.001134230902745
2.620000000000000  0.587691193822063  0.787723479817001  0.001282797103412  0.803149384624061  0.795218815070604
2.620000000000000  0.082996872199003  0.006924481927067  -0.007383144826793  0.000442320198051  -0.001137037597838
2.630000000000000  0.589160933474029  0.788512160334021  0.001264621267353  0.803208705191696  0.795369868267756
2.630000000000000  0.083320168120769  0.006992993621635  -0.007416156764928  0.000446630495390  -0.001139806924622
2.640000000000000  0.590620274419988  0.789294885042914  0.001246698304011  0.803267160227073  0.795518546621991
2.640000000000000  0.083641905483688  0.007061768564234  -0.007449062514611  0.000450946880736  -0.001142553139860
2.650000000000000  0.592069455689989  0.790071732166140  0.001229169556108  0.803324691330872  0.795665069165703
2.650000000000000  0.083962637618243  0.007130797521626  -0.007481861514189  0.000455266295958  -0.001145271534228
2.660000000000000  0.593508513966276  0.790842796072726  0.001211933710965  0.803381513244876  0.795809301205050
2.660000000000000  0.084281288171200  0.007200086931604  -0.007514555521370  0.000459596322677  -0.001147961965659
2.670000000000000  0.594937527530310  0.791608137924802  0.001195026198098  0.803437356779158  0.795951345830368
2.670000000000000  0.084598406374683  0.007269631077302  -0.007547135425681  0.000463930266520  -0.001150620677494
2.680000000000000  0.596356654700686  0.792367793125155  0.001178368829528  0.803492421472691  0.796091236675723
2.680000000000000  0.084913984122425  0.007339423832173  -0.007579610489930  0.000468268748198  -0.001153249532989
2.690000000000000  0.597766038440427  0.793121827370728  0.001162069696898  0.803546667461236  0.796229005963132
2.690000000000000  0.085228039489442  0.007409473744599  -0.007611978315965  0.000472612096068  -0.001155854681379
2.700000000000000  0.599165523292853  0.793870327284763  0.001146058977245  0.803600124460995  0.796364792746351
2.700000000000000  0.085540565060534  0.007479770540641  -0.007644235706611  0.000476959019343  -0.001158435768781
2.710000000000000  0.600555557351065  0.794613306077227  0.001130306698398  0.803652733958073  0.796498464222500
2.710000000000000  0.085851571438288  0.007550310191723  -0.007676385442661  0.000481311211626  -0.001160980286460
2.720000000000000  0.601936018337799  0.795350879832784  0.001114886828131  0.803704558016017  0.796630242883664
2.720000000000000  0.086161062334900  0.007621100211776  -0.007708424957832  0.000485673468487  -0.001163494475967
2.730000000000000  0.603307137451219  0.796083144886242  0.001099625566969  0.803755732430377  0.796759988805141
2.730000000000000  0.086469039027640  0.007692131356460  -0.007740355726861  0.000490034651804  -0.001165991038184
2.740000000000000  0.604668921334738  0.796810785244029  0.001082712324732  0.803806025266420  0.796887863782692
2.740000000000000  0.086775510339649  0.007763401128302  -0.007772179289026  0.000494401691895  -0.001168457103880
2.750000000000000  0.606021426786702  0.797532479924877  0.001068018879153  0.803855623253182  0.797013911480782
2.750000000000000  0.087080492319963  0.007834913348682  -0.007803889273406  0.000498770815765  -0.001170893175329
2.760000000000000  0.607364851556291  0.798248994187611  0.001053543453516  0.803904472090065  0.797138037924178
2.760000000000000  0.087383973472112  0.007906659699260  -0.007835492685062  0.000503145852410  -0.001173302898687
2.770000000000000  0.608699268053086  0.798960357140027  0.001039344054749  0.803952743455773  0.797260451145196
2.770000000000000  0.087685959231012  0.007978641526236  -0.007866983347011  0.000507522409126  -0.001175683758049
2.780000000000000  0.610024722527553  0.799666679283106  0.001025350717049  0.804000151147159  0.797381043329461
2.780000000000000  0.087986470275706  0.008050857596595  -0.007898364694886  0.000511901073069  -0.001178043182672
2.790000000000000  0.611341251219113  0.800367996872062  0.001011588810261  0.804047071069182  0.797499857489225
2.790000000000000  0.088285499888615  0.008123302912996  -0.007929636839585  0.000516291597786  -0.001180372130410
2.800000000000000  0.612649018367206  0.801064313009283  0.000998090969899  0.804093163226761  0.797616949228024
2.800000000000000  0.088583064038756  0.008195979352170  -0.007960798252594  0.000520671331863  -0.001182675439691
2.810000000000000  0.613948194822142  0.801755729300867  0.000984820015352  0.804138711247908  0.797732423878038
2.810000000000000  0.088879152331087  0.008268879847082  -0.007991846663875  0.000525065058343  -0.001184946679835
2.820000000000000  0.615238670100445  0.802442315272052  0.000971795055995  0.804183547129316  0.797846164229099
2.820000000000000  0.089173778535475  0.008342005649938  -0.008022788727776  0.000529454254447  -0.001187202723001
2.830000000000000  0.616520757367845  0.803124068096015  0.000958966388130  0.804227756600512  0.797958359475271
2.830000000000000  0.089466953354048  0.008415356868512  -0.008053617211630  0.000533848048251  -0.001189427152524
2.840000000000000  0.617794340725482  0.803801024314233  0.000946316066649  0.804271374313150  0.798068773486871
2.840000000000000  0.089758677212531  0.008488926095661  -0.008084335180910  0.000538249162434  -0.001191620722959
2.850000000000000  0.619059664435965  0.804473359835362  0.000933965544056  0.804314291594350  0.798177884638537
2.850000000000000  0.090048959793409  0.008562715691402  -0.008114941920825  0.000542646588389  -0.001193800026974
2.860000000000000  0.620316652748613  0.805141017999131  0.000921772088717  0.804356675475886  0.798285305096360
2.860000000000000  0.090337802266186  0.008636720549702  -0.008145436462811  0.000547045454543  -0.001195944445632
2.870000000000000  0.621565488002067  0.805804119151843  0.000909746869615  0.804398566970863  0.798391278375730
2.870000000000000  0.090625215306762  0.008710941826863  -0.008175822656862  0.000551450575931  -0.001198064777909
2.880000000000000  0.622806229461578  0.806462606297605  0.000897978966671  0.804439745989873  0.798495825011236
2.880000000000000  0.090911197210834  0.008785373577215  -0.008206096228639  0.000555853320250  -0.001200160532693
2.890000000000000  0.624038892246127  0.807116535646457  0.000886397903002  0.804480426057793  0.798598695846406
2.890000000000000  0.091195761364637  0.008860016948370  -0.008236259390079  0.000560258537441  -0.001202233712355
2.900000000000000  0.625263585250867  0.807766054975354  0.000874988071815  0.804520311338810  0.798700341120986
2.900000000000000  0.091478909171712  0.008934871246167  -0.008266309658777  0.000564667147573  -0.001204278909018
2.910000000000000  0.626480505028742  0.808411108611115  0.000863774293243  0.804559965316641  0.798800586297617
2.910000000000000  0.091760650483418  0.009009929465526  -0.008296249187811  0.000569074307109  -0.001206304245349
2.920000000000000  0.627689587596395  0.809051894375190  0.000852736677493  0.804598924403647  0.798899360870672
2.920000000000000  0.092040982144592  0.009085193455354  -0.008326077143827  0.000573483258451  -0.001208292313065
2.930000000000000  0.628890912104730  0.809688309895314  0.000841902947393  0.804637275489780  0.798996705866950
2.930000000000000  0.092319930508121  0.009160656644923  -0.008355795212503  0.000577891573787  -0.001210269127005
2.940000000000000  0.630084642383017  0.810320395655086  0.000831244821489  0.804675267689107  0.799092878588096
2.940000000000000  0.092597480792694  0.009236325582472  -0.008385400454890  0.000582303225280  -0.001212211046222
2.950000000000000  0.631270762391627  0.810948309697545  0.000820749391576  0.804712722874935  0.799187663540745
2.950000000000000  0.092873644332554  0.009312188938403  -0.008414895741405  0.000586712144499  -0.001214133908562
2.960000000000000  0.632449401520319  0.811571982061336  0.000810416521537  0.804749601430089  0.799281165355832
2.960000000000000  0.093148432737774  0.009388250642051  -0.008444281180830  0.000591123384474  -0.001216030177933
2.970000000000000  0.633620698972935  0.812191531500656  0.000800249268552  0.804785981591001  0.799373336689407
2.970000000000000  0.093421853745587  0.009464505505859  -0.008473551736550  0.000595536079832  -0.001217908378058
2.980000000000000  0.634784442489191  0.812806967799758  0.000790256401140  0.804821962428938  0.799464404416264
2.980000000000000  0.093693907512166  0.009540955546688  -0.008502713457643  0.000599941771387  -0.001219762015944
2.990000000000000  0.635941050378487  0.813418377961417  0.000780386360006  0.804857371130974  0.799554147634837
2.990000000000000  0.093964601677441  0.009617594272809  -0.008531764165878  0.000604355248396  -0.001221591941826
3.000000000000000  0.637090374770480  0.814025693974311  0.000770705074915  0.804892379291627  0.799642776203798
3.000000000000000  0.094233946355979  0.009694421637846  -0.008560699917368  0.000608764772545  -0.001223396529726
