1.010000000000000009e+00  9.028963943017728866e+00  2.772945075616832789e+00  -5.562965054412584154e-01  1.478957151683277571e+00  2.099489823897797258e+00
1.010000000000000009e+00  -7.111378082777820853e-02  -1.243197467649563527e-03  4.033721394568394111e-03  -2.797572339711951184e-05  6.049492794909586135e-04
1.020000000000000018e+00  8.663585091517543191e+00  2.662340347245558903e+00  -4.839744851175216134e-01  1.461431168210462150e+00  2.023263944889984511e+00
1.020000000000000018e+00  -7.128008333115508355e-02  -1.295836248822189278e-03  4.077424934187318280e-03  -2.443346910904059532e-05  6.156758516291955391e-04
1.030000000000000027e+00  8.327505670640963586e+00  2.563832810900011250e+00  -4.203810815342407525e-01  1.445869693659318500e+00  1.955788546842305964e+00
1.030000000000000027e+00  -7.147023235837966781e-02  -1.310863198848375702e-03  4.124674219567427656e-03  -2.141052017028827192e-05  6.250952004381721272e-04
1.040000000000000036e+00  8.017464763005738959e+00  2.475836810529289167e+00  -3.643577955307917837e-01  1.432007499347679902e+00  1.895922638122185200e+00
1.040000000000000036e+00  -7.169017164279799237e-02  -1.385906232750037893e-03  4.172705345743526334e-03  -1.849444779355308155e-05  6.347904803651258088e-04
1.050000000000000044e+00  7.730926589494568901e+00  2.397007287639147499e+00  -3.149228053869407851e-01  1.419618528118619993e+00  1.842685456434436819e+00
1.050000000000000044e+00  -7.195181727385253911e-02  -1.414807433886731145e-03  4.217401903839679278e-03  -1.555637838302273424e-05  6.446089037188788839e-04
1.060000000000000053e+00  7.465470742246921532e+00  2.326193839351633041e+00  -2.712273896203035717e-01  1.408510762979856556e+00  1.795237657293871081e+00
1.060000000000000053e+00  -7.222993686099170307e-02  -1.451268222640763597e-03  4.260904179049855058e-03  -1.308929642484212008e-05  6.541391205420118982e-04
1.070000000000000062e+00  7.219034515928562712e+00  2.262408902027954749e+00  -2.325508087582241756e-01  1.398521552731418538e+00  1.752856064621123311e+00
1.070000000000000062e+00  -7.253440209136752248e-02  -1.495060259807255666e-03  4.302021754669680537e-03  -1.039347379438483598e-05  6.636199098077229241e-04
1.080000000000000071e+00  6.989868549949058263e+00  2.204803363040775288e+00  -1.982681306438808522e-01  1.389514085468474214e+00  1.714915890843969448e+00
1.080000000000000071e+00  -7.285475969168220267e-02  -1.537722649004400182e-03  4.346274922600157527e-03  -7.138096042150210430e-06  6.732438667064882809e-04
1.090000000000000080e+00  6.776301340186226874e+00  2.152648013419553585e+00  -1.678411307352624116e-01  1.381367053588362870e+00  1.680878782509262148e+00
1.090000000000000080e+00  -7.320096736347740662e-02  -1.581838950359063705e-03  4.391323591118023381e-03  -6.649563231547403475e-06  6.826407537773443446e-04
1.100000000000000089e+00  6.608255438878095411e+00  2.121021546443338845e+00  -1.548359235509260134e-01  1.375346437066436778e+00  1.661330972882755663e+00
1.100000000000000089e+00  -7.358439085274071090e-02  -1.621631749002832527e-03  4.434824388066106564e-03  -6.555370768735260811e-06  6.912368604815241624e-04
1.110000000000000098e+00  6.447808095110104887e+00  2.092154780865016939e+00  -1.436023680668864211e-01  1.369838752660841541e+00  1.643459387541436723e+00
1.110000000000000098e+00  -7.398323525805174106e-02  -1.661047062083716988e-03  4.481761204543841838e-03  -6.859176879387557380e-06  6.997312716334885829e-04
1.120000000000000107e+00  6.293415691892175090e+00  2.065346941784496515e+00  -1.335914179408054236e-01  1.364744345618672527e+00  1.626830709119913010e+00
1.120000000000000107e+00  -7.439515086395033505e-02  -1.686365116263952458e-03  4.529152926716327639e-03  -5.967283299653652895e-06  7.089006050969570705e-04
1.129999999999999893e+00  6.144521367711572424e+00  2.040313120009782821e+00  -1.246159956348725228e-01  1.360007454919632153e+00  1.611302864416600533e+00
1.129999999999999893e+00  -7.482284843343481318e-02  -1.722882070890618478e-03  4.576936839007812209e-03  -6.178111362692417785e-06  7.175629863557103638e-04
1.140000000000000124e+00  6.000744528966706959e+00  2.016828098636344269e+00  -1.165297376574952609e-01  1.355584276681939926e+00  1.596756725703802227e+00
1.140000000000000124e+00  -7.525663057231483932e-02  -1.759249373107386622e-03  4.624213563281048822e-03  -7.262844564924139656e-06  7.260257248485474380e-04
1.149999999999999911e+00  5.861825810858217523e+00  1.994715963065654574e+00  -1.091982355444471448e-01  1.351439997919832825e+00  1.583095566911759899e+00
1.149999999999999911e+00  -7.570337262039539272e-02  -1.793451759654777610e-03  4.672203743149964082e-03  -6.967188066741084040e-06  7.350668272864957498e-04
1.159999999999999920e+00  5.727583594354364038e+00  1.973820316396866170e+00  -1.025347820592101833e-01  1.347543408149106003e+00  1.570234375590787046e+00
1.159999999999999920e+00  -7.615613997445105920e-02  -1.834205636040132448e-03  4.720448324068480736e-03  -7.475110286080458022e-06  7.436534849289272442e-04
1.169999999999999929e+00  5.597873242464834753e+00  1.954018078723558149e+00  -9.645226913932951340e-02  1.343870591289657135e+00  1.558103247442989892e+00
1.169999999999999929e+00  -7.661591012452831362e-02  -1.868933901971591306e-03  4.770105643285874400e-03  -8.102610938743454172e-06  7.521693173386939657e-04
1.179999999999999938e+00  5.472570785440674435e+00  1.935204967828304090e+00  -9.088140607340879085e-02  1.340399849273735011e+00  1.546641784681244580e+00
1.179999999999999938e+00  -7.708267750154977616e-02  -1.906279666180344919e-03  4.818270197944756437e-03  -8.799262412874722661e-06  7.607294674678161117e-04
1.189999999999999947e+00  5.351587656642318613e+00  1.917289525443674147e+00  -8.576763664054194714e-02  1.337113755394887749e+00  1.535796034042936853e+00
1.189999999999999947e+00  -7.755422099935986580e-02  -1.944869842707431726e-03  4.869787227264547880e-03  -9.872235842683235729e-06  7.699545464473767087e-04
1.199999999999999956e+00  5.234818728546910549e+00  1.900197664592461644e+00  -8.105443856183940088e-02  1.333995740609597913e+00  1.525518646701848891e+00
1.199999999999999956e+00  -7.803186997408934067e-02  -1.984979423119631343e-03  4.918490477753736934e-03  -1.096946003163734584e-05  7.786450055808774584e-04
1.209999999999999964e+00  5.122170908973590286e+00  1.883861201639327243e+00  -7.670176954931975932e-02  1.331032573973342403e+00  1.515767748097766265e+00
1.209999999999999964e+00  -7.852132590252576538e-02  -2.020045595850169812e-03  4.967288634264390400e-03  -1.217802257685862699e-05  7.873463952235426611e-04
1.219999999999999973e+00  5.013536381881570136e+00  1.868222591705125391e+00  -7.267119202195626571e-02  1.328212350524615060e+00  1.506505750132603572e+00
1.219999999999999973e+00  -7.903409301605611448e-02  -2.057884811957504979e-03  5.016171032631066076e-03  -1.400191762460090139e-05  7.964696701191209538e-04
1.229999999999999982e+00  4.908826689150267875e+00  1.853229511451273792e+00  -6.893438505595611554e-02  1.325524132255620380e+00  1.497698556052708962e+00
1.229999999999999982e+00  -7.954864593992788668e-02  -2.096342680675932456e-03  5.065101616790817878e-03  -1.593292294318343627e-05  8.053892509590765414e-04
1.239999999999999991e+00  4.807923366017499589e+00  1.838836896952559918e+00  -6.546118709712346606e-02  1.322958470963698785e+00  1.489315573545543669e+00
1.239999999999999991e+00  -8.006440334541446713e-02  -2.135364718438245366e-03  5.114120923630702080e-03  -1.795745839580989434e-05  8.142613518567765052e-04
1.250000000000000000e+00  4.710714651518736140e+00  1.825004206001694884e+00  -6.222732846152456004e-02  1.320507127632077671e+00  1.481328871006595271e+00
1.250000000000000000e+00  -8.058410026936549397e-02  -2.175024470794856453e-03  5.166546209066079712e-03  -2.007928741495218494e-05  8.231234790276042990e-04
1.260000000000000009e+00  4.617096431294002379e+00  1.811694389009005812e+00  -5.921156472571711266e-02  1.318162521226973860e+00  1.473712789666231426e+00
1.260000000000000009e+00  -8.110200917611887217e-02  -2.210099671542776339e-03  5.215874393614400306e-03  -2.225347214309530974e-05  8.319848778480243290e-04
1.270000000000000018e+00  4.526941171815794362e+00  1.798875234929885103e+00  -5.639323386375737213e-02  1.315918551964279093e+00  1.466444533786907867e+00
1.270000000000000018e+00  -8.161997989068557613e-02  -2.249152879812207385e-03  5.265283514215109671e-03  -2.455682702000305806e-05  8.398067915421358887e-04
1.280000000000000027e+00  4.440142562318277974e+00  1.786517247559181953e+00  -5.375670822114392289e-02  1.313767102529890929e+00  1.459501949054434977e+00
1.280000000000000027e+00  -8.213773938423186982e-02  -2.288583475679655237e-03  5.314804555135260039e-03  -2.693606422117522659e-05  8.484225541412204752e-04
1.290000000000000036e+00  4.356579226994279352e+00  1.774592939528988778e+00  -5.128593085214159381e-02  1.311704052732012071e+00  1.452865636299512264e+00
1.290000000000000036e+00  -8.265505915351323285e-02  -2.328427940877919513e-03  5.364428543616161713e-03  -2.934732986858978876e-05  8.570431940223277589e-04
1.300000000000000044e+00  4.276131158557157086e+00  1.763077725897102876e+00  -4.896769185813530656e-02  1.309723552823367054e+00  1.446517226354568031e+00
1.300000000000000044e+00  -8.317169145536851271e-02  -2.368706756489308632e-03  5.414167464685329390e-03  -3.181662299911458547e-05  8.656477889020797178e-04
1.310000000000000053e+00  4.198680462054848128e+00  1.751948902606498937e+00  -4.678950781835037459e-02  1.307820811961308838e+00  1.440440497492030625e+00
1.310000000000000053e+00  -8.368762600220956693e-02  -2.409387811854140152e-03  5.464039463935616014e-03  -3.435952145336429453e-05  8.742680018472559489e-04
1.320000000000000062e+00  4.124112947669093643e+00  1.741185435267368575e+00  -4.474013995028307961e-02  1.305991639500243995e+00  1.434619201268072741e+00
1.320000000000000062e+00  -8.420266564620164373e-02  -2.450516351660008210e-03  5.514032905694449434e-03  -3.697177186722661046e-05  8.828807949900485674e-04
1.330000000000000071e+00  4.052318672761823670e+00  1.730768337180719207e+00  -4.280909937419434541e-02  1.304231748590189754e+00  1.429039431871378385e+00
1.330000000000000071e+00  -8.471670404785971997e-02  -2.492106620093542061e-03  5.564134663999294010e-03  -3.961832836294615356e-05  8.915008901960730370e-04
1.340000000000000080e+00  3.983182010408182983e+00  1.720678259606334581e+00  -4.099901527253917849e-02  1.302536577582037447e+00  1.423687440553972561e+00
1.340000000000000080e+00  -8.522961288632606436e-02  -2.534188333145300995e-03  5.614251425273842841e-03  -4.231284903850884849e-05  9.009074541552752891e-04
1.350000000000000089e+00  3.916580792854394311e+00  1.710903662946865023e+00  -3.927774185640522248e-02  1.300904359199678062e+00  1.418550876388966708e+00
1.350000000000000089e+00  -8.574147274909633965e-02  -2.576761708143077492e-03  5.669483606147660178e-03  -4.508027066944808592e-05  9.095853253246466430e-04
1.359999999999999876e+00  3.852436796970140964e+00  1.701422547666535001e+00  -3.765294081995441272e-02  1.299331508968938120e+00  1.413618205926555182e+00
1.359999999999999876e+00  -8.625198306100095857e-02  -2.619879171144914518e-03  5.719138526004223164e-03  -4.788732348796898020e-05  9.182491862351205292e-04
1.370000000000000107e+00  3.790636396417924825e+00  1.692225502857127140e+00  -3.611825222711436550e-02  1.297814658832586288e+00  1.408877571710054344e+00
1.370000000000000107e+00  -8.676090159660883316e-02  -2.663538633709476838e-03  5.768762361600283765e-03  -5.118234163098422940e-05  9.269074900666862682e-04
1.379999999999999893e+00  3.731076260053939553e+00  1.683298050241657684e+00  -3.466525522581325597e-02  1.296351033932200858e+00  1.404320938510782213e+00
1.379999999999999893e+00  -8.726886043701134743e-02  -2.707778589320757219e-03  5.818645856473830119e-03  -5.414623811327012870e-05  9.355554883327399374e-04
1.390000000000000124e+00  3.673665653656167152e+00  1.674627549372582402e+00  -3.328838867052829470e-02  1.294938367939510782e+00  1.399937901726601375e+00
1.390000000000000124e+00  -8.777544202985904098e-02  -2.750912595408909998e-03  5.868689539666931652e-03  -5.718679468752485562e-05  9.441934397219631236e-04
1.399999999999999911e+00  3.618309682792629989e+00  1.666202340001029958e+00  -3.198241599521663842e-02  1.293573737075048191e+00  1.395719388864818944e+00
1.399999999999999911e+00  -8.828063340984186602e-02  -2.795436423310509143e-03  5.918832207237134310e-03  -6.027419866515282276e-05  9.528084816641801957e-04
1.410000000000000142e+00  3.564921066673387262e+00  1.658011783162666397e+00  -3.074255774672569885e-02  1.292255168926614184e+00  1.391657757102428672e+00
1.410000000000000142e+00  -8.878438202367476551e-02  -2.840445276212671261e-03  5.969043710094414090e-03  -6.340363184628716731e-05  9.614134058703593944e-04
1.419999999999999929e+00  3.513411135423211817e+00  1.650045500109617258e+00  -2.956474305798388602e-02  1.290981329866846217e+00  1.387745047168137180e+00
1.419999999999999929e+00  -8.928665075082524438e-02  -2.885886634463040099e-03  6.019302803702005801e-03  -6.659762550599579445e-05  9.699187112766627372e-04
1.429999999999999938e+00  3.463704030429973990e+00  1.642294030905484981e+00  -2.844469292607675059e-02  1.289747742852736634e+00  1.383973423446012596e+00
1.429999999999999938e+00  -8.978744673329505654e-02  -2.931827175984403830e-03  6.074180231199749654e-03  -6.979862581121820675e-05  9.785933824317250007e-04
1.439999999999999947e+00  3.415716341484047902e+00  1.634748246622321766e+00  -2.737890490986468611e-02  1.288555019900037291e+00  1.380337101314007997e+00
1.439999999999999947e+00  -9.028680081357465248e-02  -2.978235572081752280e-03  6.124827021543237035e-03  -7.275268755280173139e-05  9.871465433473058937e-04
1.449999999999999956e+00  3.369377589278073515e+00  1.627400092713744417e+00  -2.636399026685531249e-02  1.287400628039495176e+00  1.376828769402861585e+00
1.449999999999999956e+00  -9.078442322598882785e-02  -3.025094426415760214e-03  6.175485929655681085e-03  -7.640659160551566131e-05  9.956985862329958969e-04
1.459999999999999964e+00  3.324614551251911188e+00  1.620240861278191558e+00  -2.539661066371205408e-02  1.286282930425533877e+00  1.373442766252900737e+00
1.459999999999999964e+00  -9.128067919239152284e-02  -3.072425218636904744e-03  6.226157931265692558e-03  -7.979611123332119860e-05  1.004225998494368000e-03
1.469999999999999973e+00  3.281354723132619444e+00  1.613263393903362708e+00  -2.447414642156865022e-02  1.285199969062880143e+00  1.370173736254956420e+00
1.469999999999999973e+00  -9.177526707667238437e-02  -3.120213408932078891e-03  6.276829672146926054e-03  -8.319398005054989831e-05  1.012735407966092183e-03
1.479999999999999982e+00  3.239539224195801648e+00  1.606460361488072586e+00  -2.359368768547872447e-02  1.284150486649068057e+00  1.367015423131418661e+00
1.479999999999999982e+00  -9.226822631991322965e-02  -3.168455417829328571e-03  6.327510769748622213e-03  -8.663555613416806800e-05  1.021207900249065936e-03
1.489999999999999991e+00  3.199102660223602790e+00  1.599825242475521270e+00  -2.275284551631603924e-02  1.283133463003067520e+00  1.363964318652499008e+00
1.489999999999999991e+00  -9.275955311527560310e-02  -3.217156864522452853e-03  6.378198895983252723e-03  -9.012335324151687921e-05  1.029681948791938417e-03
1.500000000000000000e+00  3.159987108229660890e+00  1.593351287646004311e+00  -2.194914765694116685e-02  1.282147100367655446e+00  1.361014390252339279e+00
1.500000000000000000e+00  -9.324920893897199747e-02  -3.265813784711587165e-03  6.428872893779371232e-03  -9.368196749440227400e-05  1.038128725123654839e-03
1.510000000000000009e+00  3.122135761629649231e+00  1.587032574039038524e+00  -2.118073715812218705e-02  1.281190360090062264e+00  1.358161907934746448e+00
1.510000000000000009e+00  -9.373720342043440068e-02  -3.315147843523377508e-03  6.479553445211166419e-03  -9.724625123436192453e-05  1.046544067518917487e-03
1.520000000000000018e+00  3.085492439468098258e+00  1.580863514442816475e+00  -2.044567483937010516e-02  1.280262060198315011e+00  1.355401624659015258e+00
1.520000000000000018e+00  -9.422355497080922571e-02  -3.364909627571610693e-03  6.530225970981587413e-03  -1.008458713612214730e-04  1.054942758526467017e-03
1.530000000000000027e+00  3.050008614197417423e+00  1.574838343460648993e+00  -1.974183584960968393e-02  1.279361052282994349e+00  1.352730770049690889e+00
1.530000000000000027e+00  -9.470812052678069526e-02  -3.415088216520581563e-03  6.580879666065131417e-03  -1.044830983215061515e-04  1.063322684076495328e-03
1.540000000000000036e+00  3.015638482103408347e+00  1.568952216362909047e+00  -1.906759364233489781e-02  1.278486331794910225e+00  1.350144788889047875e+00
1.540000000000000036e+00  -9.519098311864657158e-02  -3.465727815043205713e-03  6.631518928585372098e-03  -1.082026735469421297e-04  1.071679422747773280e-03
1.550000000000000044e+00  2.982327755462718777e+00  1.563199816365747674e+00  -1.842145003464206940e-02  1.277636740859936060e+00  1.347640347981068354e+00
1.550000000000000044e+00  -9.567208932915061137e-02  -3.516762017867611570e-03  6.682150762486643684e-03  -1.119218161440005410e-04  1.080013380333033624e-03
1.560000000000000053e+00  2.950037789177544223e+00  1.557576717597771498e+00  -1.780176470639370512e-02  1.276811604133425648e+00  1.345214236405494646e+00
1.560000000000000053e+00  -9.615145890802068163e-02  -3.568201624193606536e-03  6.732759475630210183e-03  -1.157090873449284629e-04  1.088311743332681658e-03
1.570000000000000062e+00  2.918725017322963300e+00  1.552078429616902344e+00  -1.720729513750639608e-02  1.276009500037028843e+00  1.342863116158603320e+00
1.570000000000000062e+00  -9.662906895887375669e-02  -3.620087719141910215e-03  6.783353159237190920e-03  -1.195345601850972272e-04  1.097320351536090755e-03
1.580000000000000071e+00  2.888349745864756457e+00  1.546700208890614325e+00  -1.663632679126079289e-02  1.275229606277990202e+00  1.340583714365950918e+00
1.580000000000000071e+00  -9.710482322019922674e-02  -3.672381034811783834e-03  6.833921356057264147e-03  -1.233813670321604050e-04  1.105613610818623194e-03
1.589999999999999858e+00  2.858874049202789980e+00  1.541439187970544022e+00  -1.608790279023516664e-02  1.274471688797734981e+00  1.338374008703228313e+00
1.589999999999999858e+00  -9.757884040116746038e-02  -3.725107687286079248e-03  6.884468099863331504e-03  -1.286331726786382745e-04  1.113909438583582379e-03
1.600000000000000089e+00  2.830261715991925886e+00  1.536290361159458051e+00  -1.556117509070558194e-02  1.273734781071217181e+00  1.336230191594494743e+00
1.600000000000000089e+00  -9.805105277873137071e-02  -3.778280328918420024e-03  6.934982135945210076e-03  -1.326335012747370534e-04  1.122144193824836655e-03
1.609999999999999876e+00  2.802474273370953561e+00  1.531249954312471351e+00  -1.505460348900893204e-02  1.273017767356165120e+00  1.334149342346448552e+00
1.609999999999999876e+00  -9.852134438312071252e-02  -3.831907015118523468e-03  6.985472891171003694e-03  -1.367186910237183639e-04  1.130340180787836601e-03
1.620000000000000107e+00  2.775484455608578926e+00  1.526315081548866193e+00  -1.456744148444591783e-02  1.272320516728348228e+00  1.332130325363930945e+00
1.620000000000000107e+00  -9.898984342962190153e-02  -3.885970525099168450e-03  7.035925049427921990e-03  -1.408200975845930181e-04  1.138620219906183451e-03
1.629999999999999893e+00  2.749257150288958673e+00  1.521482078231841673e+00  -1.409872021401136974e-02  1.271641581652191544e+00  1.330169918906488169e+00
1.629999999999999893e+00  -9.945646636073636471e-02  -3.940487181688520461e-03  7.090100646023984529e-03  -1.449489570310436015e-04  1.146734509275604275e-03
1.640000000000000124e+00  2.723763391834797432e+00  1.516747797292333111e+00  -1.364742767755999960e-02  1.270980804443845313e+00  1.328265880609995175e+00
1.640000000000000124e+00  -9.992120785555552720e-02  -3.995462409099227556e-03  7.140697492099026995e-03  -1.491464293171262945e-04  1.154829838583726342e-03
1.649999999999999911e+00  2.698975000365923194e+00  1.512108786832268459e+00  -1.321270141544832188e-02  1.270337244893280815e+00  1.326416306873794637e+00
1.649999999999999911e+00  -1.003840623492017331e-01  -4.050879185916537659e-03  7.191253785390841653e-03  -1.534069561341944166e-04  1.162923369976254229e-03
1.660000000000000142e+00  2.674865218624500773e+00  1.507562528717195205e+00  -1.279397814148280563e-02  1.269710672889667880e+00  1.324619221586001538e+00
1.660000000000000142e+00  -1.008446420346764405e-01  -4.106732900125908796e-03  7.241777425236221692e-03  -1.576598714675414570e-04  1.170992509719970265e-03
1.669999999999999929e+00  2.651406594592590427e+00  1.503106186880260653e+00  -1.239039071749074676e-02  1.269100359452829618e+00  1.322872479618421693e+00
1.669999999999999929e+00  -1.013036227673982242e-01  -4.162404142632419521e-03  7.292256448396519132e-03  -1.619812590528679763e-04  1.179018564402611879e-03
1.680000000000000160e+00  2.628574172612641924e+00  1.498737013075525093e+00  -1.200131150594628375e-02  1.268505380836879581e+00  1.321174143345315244e+00
1.680000000000000160e+00  -1.017607346127342161e-01  -4.218900693950442503e-03  7.342701499531045957e-03  -1.663376247273973263e-04  1.187022321870623287e-03
1.689999999999999947e+00  2.606347183061786588e+00  1.494451933949193956e+00  -1.162592657955904656e-02  1.267925863813213816e+00  1.319523018523417024e+00
1.689999999999999947e+00  -1.022158617567506672e-01  -4.275810308947187825e-03  7.393095841263542037e-03  -1.707458168966891066e-04  1.195003363106850180e-03
1.700000000000000178e+00  2.584699096359251769e+00  1.490248939322838861e+00  -1.126350032258134279e-02  1.267360948683898147e+00  1.317916687990436042e+00
1.700000000000000178e+00  -1.026690555769836644e-01  -4.333134460157268830e-03  7.443447508331089632e-03  -1.751755003520649723e-04  1.202943676282042240e-03
1.709999999999999964e+00  2.563613843071387954e+00  1.486125454882389008e+00  -1.091394095143122071e-02  1.266810453293816918e+00  1.316353968674624397e+00
1.709999999999999964e+00  -1.031202785046946291e-01  -4.390902012236739746e-03  7.493747064621918315e-03  -1.796318023370435668e-04  1.210850629134951895e-03
1.719999999999999973e+00  2.543067888594428894e+00  1.482079255243608396e+00  -1.057622092061955184e-02  1.266273526025426310e+00  1.314833074118392675e+00
1.719999999999999973e+00  -1.035695604608521114e-01  -4.449062166762015810e-03  7.544002781308609996e-03  -1.841362200549756523e-04  1.218740731116274567e-03
1.729999999999999982e+00  2.523039504152616352e+00  1.478108160070396693e+00  -1.025007791294459819e-02  1.265749945054164050e+00  1.313352686034131134e+00
1.729999999999999982e+00  -1.040168383867319940e-01  -4.507632729420155485e-03  7.594204419558043921e-03  -1.886953708400973539e-04  1.226586422891973172e-03
1.739999999999999991e+00  2.503513578463066658e+00  1.474209817553858937e+00  -9.935025545927966134e-03  1.265239101531393962e+00  1.311911570498577762e+00
1.739999999999999991e+00  -1.044621616061028324e-01  -4.566613904812248312e-03  7.644349865108810045e-03  -1.932293258395390012e-04  1.234416471368238177e-03
1.750000000000000000e+00  2.484465360062374728e+00  1.470382484815537127e+00  -9.630397840221984612e-03  1.264740748069675735e+00  1.310508506050946265e+00
1.750000000000000000e+00  -1.049054337954535426e-01  -4.626007683724135157e-03  7.694437625191494212e-03  -1.978569116407591366e-04  1.242209260860827058e-03
1.760000000000000009e+00  2.465888524697341211e+00  1.466623810737733180e+00  -9.335817873540260686e-03  1.264254139070456917e+00  1.309141201827985546e+00
1.760000000000000009e+00  -1.053467347393400450e-01  -4.685807582137148548e-03  7.744467019174229583e-03  -2.025086189521019264e-04  1.249957195511797181e-03
1.770000000000000018e+00  2.447761640209358713e+00  1.462932436220371502e+00  -9.051040882940441026e-03  1.263779574620384150e+00  1.307809276762501360e+00
1.770000000000000018e+00  -1.057860195355555949e-01  -4.746018679886868444e-03  7.794433622381924560e-03  -2.071932494763784049e-04  1.257678158826713855e-03
1.780000000000000027e+00  2.430067292327042772e+00  1.459306112365023722e+00  -8.775536769503853446e-03  1.263316660685140924e+00  1.306511623589567517e+00
1.780000000000000027e+00  -1.062232895635259466e-01  -4.806645525531600890e-03  7.844339404380245087e-03  -2.119218640812547960e-04  1.265365162439247015e-03
1.790000000000000036e+00  2.412794323111815409e+00  1.455742996745230000e+00  -8.508859772320905707e-03  1.262864002704962685e+00  1.305247142782374414e+00
1.790000000000000036e+00  -1.066584996690768256e-01  -4.867673333940253366e-03  7.894181015385724060e-03  -2.166413674126177469e-04  1.273006746294824687e-03
1.800000000000000044e+00  2.395927296060916589e+00  1.452241664673505239e+00  -8.250695092970973532e-03  1.262422404043421320e+00  1.304014204717793390e+00
1.800000000000000044e+00  -1.070916906985387024e-01  -4.929119088719122362e-03  7.943953287166377608e-03  -2.214205031638716292e-04  1.280649502146458119e-03
1.810000000000000053e+00  2.379448306918206857e+00  1.448800517853915393e+00  -8.000601702677703764e-03  1.261990850045576762e+00  1.302811830449903896e+00
1.810000000000000053e+00  -1.075228579843447441e-01  -4.990975277519286123e-03  7.993656525833095841e-03  -2.262533707479974510e-04  1.288793903416407538e-03
1.820000000000000062e+00  2.363351237724049092e+00  1.445417945262323478e+00  -7.758458277725140823e-03  1.261569299801191368e+00  1.301639156592633739e+00
1.820000000000000062e+00  -1.079519908588191662e-01  -5.053229029238765282e-03  8.043290452831046780e-03  -2.310881309639523096e-04  1.296366349616384639e-03
1.830000000000000071e+00  2.347618092923216437e+00  1.442092264765948650e+00  -7.523628340401553385e-03  1.261157875427967312e+00  1.300496137401896846e+00
1.830000000000000071e+00  -1.083790707692072197e-01  -5.115885455737592333e-03  8.092848400450809374e-03  -2.360200690679770119e-04  1.303903895243929689e-03
1.839999999999999858e+00  2.332239919276388740e+00  1.438822250720346307e+00  -7.296292348404388901e-03  1.260755766938756128e+00  1.299380395375522523e+00
1.839999999999999858e+00  -1.088043100035976374e-01  -5.178941855706666389e-03  8.142332788996549039e-03  -2.409475465088295465e-04  1.311392344720663239e-03
1.850000000000000089e+00  2.317203681355350042e+00  1.435606421338881278e+00  -7.076006836768565164e-03  1.260362902743002556e+00  1.298291628686591315e+00
1.850000000000000089e+00  -1.092274570583271764e-01  -5.242405761384569436e-03  8.193307777103579770e-03  -2.459010338239364657e-04  1.318820525194497328e-03
1.859999999999999876e+00  2.302497806251078138e+00  1.432443211624740531e+00  -6.862349395763409250e-03  1.259978596499400583e+00  1.297229233524357817e+00
1.859999999999999876e+00  -1.096481980134706991e-01  -5.306267625177087978e-03  8.242680384514321917e-03  -2.508900786746259826e-04  1.326251556218904781e-03
1.870000000000000107e+00  2.288115138650803182e+00  1.429331394725952054e+00  -6.655082082349263357e-03  1.259603163675921067e+00  1.296192302692953824e+00
1.870000000000000107e+00  -1.100668575894457463e-01  -5.370522884330725805e-03  8.291969163638567702e-03  -2.558869450739464924e-04  1.333606879754034580e-03
1.879999999999999893e+00  2.274040176159497939e+00  1.426269875051124902e+00  -6.454111853363709780e-03  1.259235789717708220e+00  1.295180010840893514e+00
1.879999999999999893e+00  -1.104835223716990750e-01  -5.435175824389610819e-03  8.341172393465335830e-03  -2.608946958549962503e-04  1.340939546663477699e-03
1.890000000000000124e+00  2.260268124127500222e+00  1.423257346003849344e+00  -6.259167340630503347e-03  1.258876724103701550e+00  1.294191406042888737e+00
1.890000000000000124e+00  -1.108980819530091394e-01  -5.500226062002975223e-03  8.390289394714214866e-03  -2.660535329657154335e-04  1.348247423536230727e-03
1.899999999999999911e+00  2.246787161501674124e+00  1.420292531849248530e+00  -6.069899355271675921e-03  1.258526118052869736e+00  1.293225651249682695e+00
1.899999999999999911e+00  -1.113106031146163383e-01  -5.565681224972280662e-03  8.439324698692487331e-03  -2.711043910639254761e-04  1.355494720654548679e-03
1.910000000000000142e+00  2.233587280467657532e+00  1.417374346730645884e+00  -5.886166708467564096e-03  1.258182383329873755e+00  1.292282464263851960e+00
1.910000000000000142e+00  -1.117210166157288215e-01  -5.631501871375086364e-03  8.488263002776434696e-03  -2.762946431397184099e-04  1.362688242416809636e-03
1.919999999999999929e+00  2.220663152239314542e+00  1.414501751116840067e+00  -5.708045296985809341e-03  1.257846536483084865e+00  1.291360582308447968e+00
1.919999999999999929e+00  -1.121293783659592230e-01  -5.697728617822108571e-03  8.537118660313262192e-03  -2.814375984290240496e-04  1.369880143462176569e-03
1.930000000000000160e+00  2.208004138233341074e+00  1.411673432140047479e+00  -5.534924166924601839e-03  1.257517954564985052e+00  1.290460777649721003e+00
1.930000000000000160e+00  -1.125355964612299031e-01  -5.764339875525223769e-03  8.585872215202463090e-03  -2.866844116817812704e-04  1.376995302449390834e-03
1.939999999999999947e+00  2.195602157029217238e+00  1.408888464901886017e+00  -5.366724910151486963e-03  1.257196270489412848e+00  1.289580512462612738e+00
1.939999999999999947e+00  -1.129397326725683631e-01  -5.831336437030177136e-03  8.634542028721511539e-03  -2.918553708159965510e-04  1.384111014815059271e-03
1.950000000000000178e+00  2.183451248523008648e+00  1.406145822817314261e+00  -5.203465264576438883e-03  1.256881304916104281e+00  1.288720862435293490e+00
1.950000000000000178e+00  -1.133417711380088760e-01  -5.898701214263973869e-03  8.683107081460953239e-03  -2.970771093706581212e-04  1.391148394163432833e-03
1.959999999999999964e+00  2.171541772060396891e+00  1.403444915256522263e+00  -5.044820955734096238e-03  1.256573343028932088e+00  1.287880190575213746e+00
1.959999999999999964e+00  -1.137417233471882394e-01  -5.966450957211201674e-03  8.731578872549662987e-03  -3.023830080954859056e-04  1.398150295108702146e-03
1.969999999999999973e+00  2.159870159760044039e+00  1.400784442482019054e+00  -4.890676577345823978e-03  1.256272049961571380e+00  1.287058184616196810e+00
1.969999999999999973e+00  -1.141395668386130241e-01  -6.034569465136787637e-03  8.779949011584086555e-03  -3.076749359738339962e-04  1.405102151625592377e-03
1.979999999999999982e+00  2.148425804500148750e+00  1.398163970747387630e+00  -4.740416834207405311e-03  1.255976911332657320e+00  1.286254415451353550e+00
1.979999999999999982e+00  -1.145353326442961617e-01  -6.103056658611751006e-03  8.828216587781973976e-03  -3.130357002592010218e-04  1.412057448618497801e-03
1.989999999999999991e+00  2.137203454911153599e+00  1.395581574287182880e+00  -4.594708593419582869e-03  1.255687670312388260e+00  1.285468266600689358e+00
1.989999999999999991e+00  -1.149289720773278012e-01  -6.171903041389924759e-03  8.876381939063107684e-03  -3.183746915498275598e-04  1.418917860082635762e-03
2.000000000000000000e+00  2.126196742685203755e+00  1.393037031200188958e+00  -4.453319100370439244e-03  1.255405660526043299e+00  1.284699609381986907e+00
2.000000000000000000e+00  -1.153204832844250544e-01  -6.241093639896294447e-03  8.924450458496657745e-03  -3.236708508032037912e-04  1.425201788021951584e-03
2.009999999999999787e+00  2.115401162579086058e+00  1.390529393784389889e+00  -4.314995931260631398e-03  1.255129116707756287e+00  1.283946590009644284e+00
2.009999999999999787e+00  -1.157111628276816240e-01  -6.308670955454944058e-03  8.973229345475890184e-03  -3.281702064439340205e-04  1.432875265507560503e-03
2.020000000000000018e+00  2.104805392630599403e+00  1.388058089404065942e+00  -4.180905145804725449e-03  1.254857614897979312e+00  1.283210520289851608e+00
2.020000000000000018e+00  -1.160994267358614329e-01  -6.377993331339997310e-03  9.020658304539653019e-03  -3.335763259818547155e-04  1.439530839639546755e-03
2.030000000000000249e+00  2.094409672835314762e+00  1.385622002071460246e+00  -4.050635277900380138e-03  1.254591917484854324e+00  1.282490149419591052e+00
2.030000000000000249e+00  -1.164845465242873163e-01  -6.448133604608633114e-03  9.068533268101156009e-03  -3.390370799398745305e-04  1.446252023964533784e-03
2.040000000000000036e+00  2.084213237424030751e+00  1.383220437148282578e+00  -3.923976567693976056e-03  1.254331330721365045e+00  1.281785267712100440e+00
2.040000000000000036e+00  -1.168673716816443220e-01  -6.518639029765835313e-03  9.116300066547540840e-03  -3.445293372411617483e-04  1.452921077422342222e-03
2.049999999999999822e+00  2.074199319879248105e+00  1.380852873811201365e+00  -3.800723972679297125e-03  1.254076128967810178e+00  1.281095332100693929e+00
2.049999999999999822e+00  -1.172481452316161687e-01  -6.589514273914041931e-03  9.164920376236954797e-03  -3.500530033592186285e-04  1.459549247529334792e-03
2.060000000000000053e+00  2.064367625823040342e+00  1.378518306267856319e+00  -3.680967490272766662e-03  1.253826008727562114e+00  1.280419819497291112e+00
2.060000000000000053e+00  -1.176267602829695474e-01  -6.660753287142750709e-03  9.212082045478641595e-03  -3.555929366938492819e-04  1.466127019724039471e-03
2.070000000000000284e+00  2.054713907452185850e+00  1.376216227796930092e+00  -3.564429504504601325e-03  1.253580892500451904e+00  1.279758543512237612e+00
2.070000000000000284e+00  -1.180032678122466816e-01  -6.732363023094189644e-03  9.257360496884744355e-03  -3.611657390176770122e-04  1.472664757509845046e-03
2.080000000000000071e+00  2.045232810763394582e+00  1.373945902972186328e+00  -3.451132944633517226e-03  1.253340651032168740e+00  1.279110804667369816e+00
2.080000000000000071e+00  -1.183776505063194734e-01  -6.804335538722457166e-03  9.304593900585302405e-03  -3.667638195823386127e-04  1.479167506092560203e-03
2.089999999999999858e+00  2.035920244843278937e+00  1.371706663124641956e+00  -3.340915813008257795e-03  1.253105114356748429e+00  1.278476602324800426e+00
2.089999999999999858e+00  -1.187499766345402330e-01  -6.876658787692008744e-03  9.351708403629380162e-03  -3.723948357593487302e-04  1.485626528575423322e-03
2.100000000000000089e+00  2.026771141799760478e+00  1.369498023938433118e+00  -3.234056991261648195e-03  1.252874417095806603e+00  1.277855449352888417e+00
2.100000000000000089e+00  -1.191213668897967287e-01  -6.949338702503626668e-03  9.398706669638184907e-03  -3.780501314772921617e-04  1.492039653727572635e-03
2.110000000000000320e+00  2.017782186065407934e+00  1.367319097183322452e+00  -3.129689383621186202e-03  1.252648083303103510e+00  1.277246919543466808e+00
2.110000000000000320e+00  -1.194897757251083686e-01  -7.022362120729291890e-03  9.445581179434800120e-03  -3.837337851593236593e-04  1.498415675264541669e-03
2.120000000000000107e+00  2.008948506947166202e+00  1.365169513044710348e+00  -3.028169673373734203e-03  1.252426107731668292e+00  1.276650555688873201e+00
2.120000000000000107e+00  -1.198560198938325161e-01  -7.095732526139684332e-03  9.492340333174807340e-03  -3.894330859077754781e-04  1.504752706057876921e-03
2.129999999999999893e+00  2.000266755747966307e+00  1.363047595984579363e+00  -2.925211735263588773e-03  1.252208428381975214e+00  1.276066465976641418e+00
2.129999999999999893e+00  -1.202201410724410002e-01  -7.169430282548846373e-03  9.540565429181628587e-03  -3.951698293326311173e-04  1.511033029020780738e-03
2.140000000000000124e+00  1.991732572472840967e+00  1.360954528242698469e+00  -2.828244933598237938e-03  1.251995059425413226e+00  1.275494129961610268e+00
2.140000000000000124e+00  -1.205822248337869301e-01  -7.243474159000415878e-03  9.587147857788802519e-03  -4.009181916839743565e-04  1.517271724759128304e-03
2.150000000000000355e+00  1.983342538898627661e+00  1.358888879377734060e+00  -2.733846096640338806e-03  1.251785891792257965e+00  1.274933022626419943e+00
2.150000000000000355e+00  -1.209422102288162520e-01  -7.317851133748684220e-03  9.633611576287870112e-03  -4.066972549738867571e-04  1.523473298284949706e-03
2.160000000000000142e+00  1.975092561459658835e+00  1.356850264654448468e+00  -2.641964563213491587e-03  1.251580417009745538e+00  1.274383194924735063e+00
2.160000000000000142e+00  -1.213002155917151798e-01  -7.392555466311899123e-03  9.679917298856591940e-03  -4.124996392329549622e-04  1.529627693661383958e-03
2.169999999999999929e+00  1.966980042627539005e+00  1.354837963385248312e+00  -2.552336132972556678e-03  1.251378951624264158e+00  1.273844049219788221e+00
2.169999999999999929e+00  -1.216560422001280867e-01  -7.467589880269921362e-03  9.726084342043543954e-03  -4.183262243934171565e-04  1.535732748488727317e-03
2.179999999999999716e+00  1.959000793620696346e+00  1.352851609186655590e+00  -2.465062055882719962e-03  1.251181359583424690e+00  1.273315622016615523e+00
2.179999999999999716e+00  -1.220097983497883259e-01  -7.542958637637554517e-03  9.772124746455061045e-03  -4.241729887891620976e-04  1.541795796663358864e-03
2.189999999999999947e+00  1.951151859799054700e+00  1.350890640244536423e+00  -2.379981283500596893e-03  1.250987254813820115e+00  1.272797343555628791e+00
2.189999999999999947e+00  -1.223614562487378293e-01  -7.618636806209422817e-03  9.818026169699770392e-03  -4.300467759148496327e-04  1.547813190790114923e-03
2.200000000000000178e+00  1.943430353185953585e+00  1.348954592241692785e+00  -2.297085977708013867e-03  1.250796952558453023e+00  1.272289244793179508e+00
2.200000000000000178e+00  -1.227110439519779328e-01  -7.694640983454314499e-03  9.863790138653480075e-03  -4.359403294711405863e-04  1.553792376253970708e-03
2.209999999999999964e+00  1.935832988767205443e+00  1.347042979307786270e+00  -2.216371652018175528e-03  1.250610213317742359e+00  1.271791104502270064e+00
2.209999999999999964e+00  -1.230585764068296978e-01  -7.770962432726343655e-03  9.909424517918097308e-03  -4.418533052880091461e-04  1.559733083810521670e-03
2.219999999999999751e+00  1.928356710088007020e+00  1.345155312408344184e+00  -2.137604550938515709e-03  1.250426892248005739e+00  1.271302408599102485e+00
2.219999999999999751e+00  -1.234040208257481119e-01  -7.847598227365375559e-03  9.954921164848922963e-03  -4.477914461226140119e-04  1.565616635750388674e-03
2.229999999999999982e+00  1.920999088382231879e+00  1.343291194249511600e+00  -2.060863084373676900e-03  1.250246891854171594e+00  1.270822929865018880e+00
2.229999999999999982e+00  -1.237474236281339013e-01  -7.924546028915674736e-03  1.000028244722555963e-02  -4.537497404156765057e-04  1.571461113158867384e-03
2.240000000000000213e+00  1.913756436396851779e+00  1.341450161689170750e+00  -1.986018239761926443e-03  1.250070328424007560e+00  1.270352541039224681e+00
2.240000000000000213e+00  -1.240887656333875544e-01  -8.001800910739015338e-03  1.004550398173662332e-02  -4.597308650109432904e-04  1.577265525875004570e-03
2.250000000000000000e+00  1.906627162104796769e+00  1.339631687456676934e+00  -1.913096369547454250e-03  1.249896746368238221e+00  1.269891183142036528e+00
2.250000000000000000e+00  -1.244280477271240831e-01  -8.079365149387578507e-03  1.009059193178692311e-02  -4.657343570592664683e-04  1.583018651209688876e-03
2.259999999999999787e+00  1.899607813584929250e+00  1.337835577446434776e+00  -1.841971680284571920e-03  1.249726612473525122e+00  1.269438429771169830e+00
2.259999999999999787e+00  -1.247652898548371053e-01  -8.157236669077673474e-03  1.013554118314512545e-02  -4.717580707631341408e-04  1.588723949111914280e-03
2.270000000000000018e+00  1.892696430210890846e+00  1.336061189305725039e+00  -1.772628286879011483e-03  1.249559520782657085e+00  1.268994283126500200e+00
2.270000000000000018e+00  -1.251004938289091706e-01  -8.235412532691135240e-03  1.018035616170358260e-02  -4.778022088273020662e-04  1.594393032822827294e-03
2.280000000000000249e+00  1.885890305919833754e+00  1.334308143157209692e+00  -1.705039060390471910e-03  1.249395181562740875e+00  1.268558060103505580e+00
2.280000000000000249e+00  -1.254336440305859890e-01  -8.312434443928488209e-03  1.022503096004021179e-02  -4.838664704676851058e-04  1.600005382441094248e-03
2.290000000000000036e+00  1.879186949948013385e+00  1.332576293222463626e+00  -1.639094050905702407e-03  1.249233901008918846e+00  1.268129750463108829e+00
2.290000000000000036e+00  -1.257647765630301173e-01  -8.391183239873714617e-03  1.026956211715568910e-02  -4.898327669002784657e-04  1.605583452823355906e-03
2.299999999999999822e+00  1.872584400481065448e+00  1.330864936360098172e+00  -1.574891842805702970e-03  1.249075622064926616e+00  1.267709559605367797e+00
2.299999999999999822e+00  -1.260938874177074953e-01  -8.470236630089895968e-03  1.031395380539915085e-02  -4.959232232137900098e-04  1.611124933868057774e-03
2.310000000000000053e+00  1.866079973273462311e+00  1.329173842837308106e+00  -1.512087635106687793e-03  1.248919850283583877e+00  1.267297084624075865e+00
2.310000000000000053e+00  -1.264209621709911913e-01  -8.549586861113303571e-03  1.035820841104265026e-02  -5.020399924412170117e-04  1.616602075500628288e-03
2.320000000000000284e+00  1.859671963359694979e+00  1.327502762236639766e+00  -1.450992302991948712e-03  1.248767122849242517e+00  1.266892034925584110e+00
2.320000000000000284e+00  -1.267460376466273964e-01  -8.629239847772069913e-03  1.040232651368867660e-02  -5.081683970061673383e-04  1.622054437200315391e-03
2.330000000000000071e+00  1.853357974435211775e+00  1.325851215595646782e+00  -1.391379946812694533e-03  1.248617071439294568e+00  1.266494397320503396e+00
2.330000000000000071e+00  -1.270690947898422962e-01  -8.709176751157182358e-03  1.044629858896903817e-02  -5.143193745170016734e-04  1.627446047705816135e-03
2.339999999999999858e+00  1.847136006875575998e+00  1.324218854818664193e+00  -1.333245240409433943e-03  1.248469765051161362e+00  1.266104083952884096e+00
2.339999999999999858e+00  -1.273901693303795268e-01  -8.789371428898880637e-03  1.049012076770624094e-02  -5.204848571869272189e-04  1.632408918677885623e-03
2.350000000000000089e+00  1.841003960363842840e+00  1.322605434013311099e+00  -1.276555102443858482e-03  1.248324713427048982e+00  1.265720482843204264e+00
2.350000000000000089e+00  -1.277092179937024119e-01  -8.869892907279198699e-03  1.053380775148740796e-02  -5.266755217948563411e-04  1.637683625796748643e-03
2.360000000000000320e+00  1.834959535226973415e+00  1.321010465056255523e+00  -1.221193521126039648e-03  1.248182513082408684e+00  1.265343915460554358e+00
2.360000000000000320e+00  -1.280261405828596599e-01  -8.950698956277950910e-03  1.057734977345155258e-02  -5.328750728669480810e-04  1.642927257003545805e-03
2.370000000000000107e+00  1.829001973022309713e+00  1.319433803219619783e+00  -1.167210797437801461e-03  1.248042466780831194e+00  1.264973994292780013e+00
2.370000000000000107e+00  -1.283412294462415171e-01  -9.031790251542486103e-03  1.062075509568637631e-02  -5.390928293120067841e-04  1.648120008555076232e-03
2.379999999999999893e+00  1.823128670809122776e+00  1.317874990079775488e+00  -1.114661495336306341e-03  1.247904968920044322e+00  1.264610537536582147e+00
2.379999999999999893e+00  -1.286543509082285208e-01  -9.113162403121509436e-03  1.066401092347996071e-02  -5.453288708262091916e-04  1.653270116339089491e-03
2.390000000000000124e+00  1.817338041913628466e+00  1.316333841299882179e+00  -1.063259531859348005e-03  1.247769771579720244e+00  1.264253592943217042e+00
2.390000000000000124e+00  -1.289655080616587401e-01  -9.194812740619047117e-03  1.070712194009891018e-02  -5.515797865866907054e-04  1.658366187863968833e-03
2.400000000000000355e+00  1.811628264899670437e+00  1.314810061925928641e+00  -1.012919763835148272e-03  1.247636960562872765e+00  1.263902652496472490e+00
2.400000000000000355e+00  -1.292746928433227693e-01  -9.276747193367490540e-03  1.075008606450495938e-02  -5.578495981177341786e-04  1.663428172404946004e-03
2.410000000000000142e+00  1.805997689116050964e+00  1.313303169479473009e+00  -9.640863900046983074e-04  1.247506412171008439e+00  1.263558073528938008e+00
2.410000000000000142e+00  -1.295819398415013202e-01  -9.358949407107030466e-03  1.079290824812396098e-02  -5.641318005987589965e-04  1.668437721033422250e-03
2.419999999999999929e+00  1.800444600491823754e+00  1.311812981689680635e+00  -9.164311479386030943e-04  1.247378038809886069e+00  1.263219453887286070e+00
2.419999999999999929e+00  -1.298872248904710536e-01  -9.441426045199487541e-03  1.083558299860841803e-02  -5.704333066640443831e-04  1.673405851415177281e-03
2.429999999999999716e+00  1.794967726227524096e+00  1.310339326785786573e+00  -8.699432790769496757e-04  1.247251638403801044e+00  1.262886547893676603e+00
2.429999999999999716e+00  -1.301905684409080666e-01  -9.524172727307590042e-03  1.087810877793312161e-02  -5.767447100805444052e-04  1.678338904289256028e-03
2.439999999999999947e+00  1.789565081037927108e+00  1.308881785507558071e+00  -8.245810664704409255e-04  1.247127548634026972e+00  1.262559544468567552e+00
2.439999999999999947e+00  -1.304919818936505216e-01  -9.607185645356799975e-03  1.092048342885643120e-02  -5.830730954629690516e-04  1.683210666919565668e-03
2.450000000000000178e+00  1.784235400791159831e+00  1.307440155505551926e+00  -7.803443460902114836e-04  1.247005484426705335e+00  1.262237952693312959e+00
2.450000000000000178e+00  -1.307914659845239858e-01  -9.690458834787495090e-03  1.096325100678704687e-02  -5.894231737360996690e-04  1.688046459533021348e-03
2.459999999999999964e+00  1.778977245905147608e+00  1.306014150790469897e+00  -7.372020246322202614e-04  1.246885569970231256e+00  1.261921909526711572e+00
2.459999999999999964e+00  -1.310890455891578488e-01  -9.774001154529126517e-03  1.100538308591901202e-02  -5.957798724132573609e-04  1.692840013065133320e-03
2.469999999999999751e+00  1.773789188374687908e+00  1.304603587016883282e+00  -6.951153273798916978e-04  1.246767500403996198e+00  1.261611057397792557e+00
2.469999999999999751e+00  -1.313847126331127713e-01  -9.857803635714991117e-03  1.104736615431301493e-02  -6.021499371237305689e-04  1.697584558099207719e-03
2.479999999999999982e+00  1.768669844961259896e+00  1.303208148418271373e+00  -6.540380354948741991e-04  1.246651245547036879e+00  1.261305602040003748e+00
2.479999999999999982e+00  -1.316784716969981728e-01  -9.941858611846751681e-03  1.108920129703038632e-02  -6.085323457284516797e-04  1.702288360145076673e-03
2.490000000000000213e+00  1.763617628063667286e+00  1.301827548109447674e+00  -6.139945620948531694e-04  1.246537044660794402e+00  1.261005122215574037e+00
2.490000000000000213e+00  -1.319703398471605560e-01  -1.002617085455147737e-02  1.113089041714457328e-02  -6.149293416109324201e-04  1.706941820311058677e-03
2.500000000000000000e+00  1.758631419237572935e+00  1.300461631682933161e+00  -5.749301275355005788e-04  1.246424710949988413e+00  1.260709834265663076e+00
2.500000000000000000e+00  -1.322603164748074323e-01  -1.011073621452285298e-02  1.117242778772871425e-02  -6.213470988875660628e-04  1.711560248214949453e-03
2.509999999999999787e+00  1.753709954881213395e+00  1.299110073751834182e+00  -5.367938838174743203e-04  1.246314224088980405e+00  1.260419490741208737e+00
2.509999999999999787e+00  -1.325484225050825027e-01  -1.019554775166798231e-02  1.121381580419813194e-02  -6.277675389023545938e-04  1.716122922390539429e-03
2.520000000000000018e+00  1.748851965820409582e+00  1.297772785833589682e+00  -4.996144410217109085e-04  1.246205486801731377e+00  1.260133776375531811e+00
2.520000000000000018e+00  -1.328346778234706926e-01  -1.028061124048850090e-02  1.125505252069466423e-02  -6.342060291099071989e-04  1.720648664065627109e-03
2.530000000000000249e+00  1.744056052652685374e+00  1.296449381179890947e+00  -4.633449309618415529e-04  1.246098460627194537e+00  1.259852850330584140e+00
2.530000000000000249e+00  -1.331190542144037314e-01  -1.036592091154234056e-02  1.129614146104214283e-02  -6.406514693535481086e-04  1.725133971953063394e-03
2.540000000000000036e+00  1.739321372505566510e+00  1.295139802139224194e+00  -4.279988696491410748e-04  1.245993402635913183e+00  1.259576474365226462e+00
2.540000000000000036e+00  -1.334015836319094039e-01  -1.045147093882160295e-02  1.133707408747840900e-02  -6.471157240131031330e-04  1.729577971620988031e-03
2.549999999999999822e+00  1.734646440293232450e+00  1.293843622541446692e+00  -3.934937842975589403e-04  1.245889782158435377e+00  1.259304764117325837e+00
2.549999999999999822e+00  -1.336822646244480439e-01  -1.053726065108252438e-02  1.137786252011428571e-02  -6.535842115269474562e-04  1.733976223294186880e-03
2.560000000000000053e+00  1.730030448586893588e+00  1.292560760823108224e+00  -3.598085980519524513e-04  1.245787894755775005e+00  1.259037303327156021e+00
2.560000000000000053e+00  -1.339611004341102751e-01  -1.062328150290148265e-02  1.141849264243242554e-02  -6.600685764135416633e-04  1.738323051779899764e-03
2.570000000000000284e+00  1.725471885086842239e+00  1.291291086427742929e+00  -3.269878616911877419e-04  1.245687495912998655e+00  1.258774216290999393e+00
2.570000000000000284e+00  -1.342381170388680101e-01  -1.070954424070870263e-02  1.145897378433743258e-02  -6.665611356402312282e-04  1.742635229802003138e-03
2.580000000000000071e+00  1.720970087440765628e+00  1.290034335731083726e+00  -2.949919617177582543e-04  1.245588832292506609e+00  1.258515414506603758e+00
2.580000000000000071e+00  -1.345133289095446494e-01  -1.079603890634817619e-02  1.149930398435787191e-02  -6.730627115894005641e-04  1.746901567681313772e-03
2.589999999999999858e+00  1.716523819415363361e+00  1.288790261079602706e+00  -2.637791068092415828e-04  1.245491707760154387e+00  1.258260589062122792e+00
2.589999999999999858e+00  -1.347867268953137077e-01  -1.088276489261473697e-02  1.153947819054182596e-02  -6.795754599554504338e-04  1.751131791276838712e-03
2.600000000000000089e+00  1.712131895008727644e+00  1.287558629983067249e+00  -2.333345128555498835e-04  1.245396054878210146e+00  1.258009843018634388e+00
2.600000000000000089e+00  -1.350582983308011020e-01  -1.096971568091749394e-02  1.157950214633531559e-02  -6.861010856404892166e-04  1.755306407904111410e-03
2.610000000000000320e+00  1.707793533874490954e+00  1.286339288472089226e+00  -2.037343900558304197e-04  1.245302004182375688e+00  1.257763300776524540e+00
2.610000000000000320e+00  -1.353280922265484021e-01  -1.105689300043606431e-02  1.161937386239881610e-02  -6.926349974933909692e-04  1.759453495015161906e-03
2.620000000000000107e+00  1.703507811900242030e+00  1.285132114507861356e+00  -1.747849037423551341e-04  1.245209179153253132e+00  1.257520656311056140e+00
2.620000000000000107e+00  -1.355960992063826032e-01  -1.114429034320548600e-02  1.165909317302639761e-02  -6.991775199333138957e-04  1.763555511056891234e-03
2.629999999999999893e+00  1.699273600866863188e+00  1.283936939093450968e+00  -1.466354824392951048e-04  1.245118063958169818e+00  1.257281732977870714e+00
2.629999999999999893e+00  -1.358623377717697311e-01  -1.123191173236636441e-02  1.169865596233496050e-02  -7.057292552116178896e-04  1.767605137957484196e-03
2.640000000000000124e+00  1.695090245971721421e+00  1.282753548924717713e+00  -1.190690555405199587e-04  1.245028303891326793e+00  1.257046655879153985e+00
2.640000000000000124e+00  -1.361268116837606179e-01  -1.131975253695344762e-02  1.173806650354068150e-02  -7.122893618393133508e-04  1.771620257461359316e-03
2.650000000000000355e+00  1.690956384144332691e+00  1.281581837402282709e+00  -9.266020197462435971e-05  1.244939988870936265e+00  1.256815075189892106e+00
2.650000000000000355e+00  -1.363903007375937559e-01  -1.140780200048022337e-02  1.177732473681807057e-02  -7.188534409755531485e-04  1.775596326563655403e-03
2.660000000000000142e+00  1.686871495856064218e+00  1.280421423711795237e+00  -6.655523811391556369e-05  1.244852785475966117e+00  1.256587199772642327e+00
2.660000000000000142e+00  -1.366512686224191919e-01  -1.149606855026585189e-02  1.181643306933259988e-02  -7.254334587472044404e-04  1.779529378621691471e-03
2.669999999999999929e+00  1.682834714565678791e+00  1.279272229552189000e+00  -4.114216969706464833e-05  1.244767110237525731e+00  1.256362862293622706e+00
2.669999999999999929e+00  -1.369104991038385122e-01  -1.158454574928519804e-02  1.185537832316597637e-02  -7.320187044058679149e-04  1.783418573762518555e-03
2.679999999999999716e+00  1.678845043190819730e+00  1.278134138756882088e+00  -1.629147491938862970e-05  1.244682653255672067e+00  1.256142002084328357e+00
2.679999999999999716e+00  -1.371679966807357320e-01  -1.167322013689927988e-02  1.189417137740067867e-02  -7.386103036607361005e-04  1.787262556247171119e-03
2.689999999999999947e+00  1.674901545172369666e+00  1.277006987035966379e+00  7.826163158255843022e-06  1.244599476049367714e+00  1.255924572743885470e+00
2.689999999999999947e+00  -1.374237850205953515e-01  -1.176211427209635126e-02  1.193281525610236961e-02  -7.452089829984576141e-04  1.791073620134531197e-03
2.700000000000000178e+00  1.671004135349609232e+00  1.275890575876229560e+00  3.132904654234796270e-05  1.244517531893814866e+00  1.255710347584766406e+00
2.700000000000000178e+00  -1.376778505984630474e-01  -1.185120761698941344e-02  1.197130158404716843e-02  -7.518123225819239863e-04  1.794850574656337017e-03
2.709999999999999964e+00  1.667151053013375961e+00  1.274784831613412939e+00  5.426722398381802516e-05  1.244436910718629496e+00  1.255499532368506976e+00
2.709999999999999964e+00  -1.379302333475492248e-01  -1.194049460868090717e-02  1.200963775675058069e-02  -7.584234055653116258e-04  1.798572875132908866e-03
2.719999999999999751e+00  1.663342145261590410e+00  1.273689510438739569e+00  7.652666441903144962e-05  1.244357516202103886e+00  1.255291772995447142e+00
2.719999999999999751e+00  -1.381809116682551353e-01  -1.202998887173610011e-02  1.204781635805558630e-02  -7.650494926940698548e-04  1.802250889396339595e-03
2.729999999999999982e+00  1.659576291592758990e+00  1.272604402580413518e+00  9.838698525307530869e-05  1.244279137312998218e+00  1.255087286770995680e+00
2.729999999999999982e+00  -1.384298764037447949e-01  -1.211967438008840561e-02  1.208583887987944860e-02  -7.716734565567096027e-04  1.805904032227190203e-03
2.740000000000000213e+00  1.655853023515109879e+00  1.271528288418647179e+00  1.227270836240252315e-04  1.244202132861644383e+00  1.254885815628662860e+00
2.740000000000000213e+00  -1.386770509708696586e-01  -1.220955068600870948e-02  1.212371317506410508e-02  -7.783057023122985640e-04  1.809513275062790694e-03
2.750000000000000000e+00  1.652171686862290212e+00  1.270463386037588238e+00  1.433963228413067011e-04  1.244126213150545945e+00  1.254687288202277928e+00
2.750000000000000000e+00  -1.389227157823405834e-01  -1.229962131656671225e-02  1.216142584765941143e-02  -7.849407575154510042e-04  1.813077215080005633e-03
2.759999999999999787e+00  1.648531312851035047e+00  1.269408341053378075e+00  1.635806666271217517e-04  1.244051461728275187e+00  1.254491849272598269e+00
2.759999999999999787e+00  -1.391667043643024793e-01  -1.238987940375367060e-02  1.219899098284714031e-02  -7.915845287981282397e-04  1.816606379603680210e-03
2.770000000000000018e+00  1.644931272150670587e+00  1.268363059386146796e+00  1.831864301391243014e-04  1.243977612655720488e+00  1.254299168584460888e+00
2.770000000000000018e+00  -1.394090421183273310e-01  -1.248031975748646084e-02  1.223639656304706912e-02  -7.982300542109799224e-04  1.820087601001718625e-03
2.780000000000000249e+00  1.641371012959375264e+00  1.267327327463275699e+00  2.022290992924522489e-04  1.243905108356718969e+00  1.254109413198531753e+00
2.780000000000000249e+00  -1.396497673720684118e-01  -1.257094932124340307e-02  1.227365091002348765e-02  -8.048782078056149203e-04  1.823542649078913058e-03
2.790000000000000036e+00  1.637850022557874929e+00  1.266301022139424637e+00  2.209519837659866884e-04  1.243833366607388191e+00  1.253922512816614265e+00
2.790000000000000036e+00  -1.398888426108202132e-01  -1.266175545637331611e-02  1.231075009134607358e-02  -8.115445256080544567e-04  1.826952086182997981e-03
2.799999999999999822e+00  1.634367453812783033e+00  1.265284109355939268e+00  2.391336053279658012e-04  1.243762913356299737e+00  1.253738377419372885e+00
2.799999999999999822e+00  -1.401263295646096863e-01  -1.275274295354215590e-02  1.234769552834307296e-02  -8.181935435133125267e-04  1.830323017159352084e-03
2.810000000000000053e+00  1.630922457047262020e+00  1.264276370483428336e+00  2.568524529436553606e-04  1.243693309159557003e+00  1.253556839141920509e+00
2.810000000000000053e+00  -1.403621774877687467e-01  -1.284390504447327670e-02  1.238448120792318141e-02  -8.248637816254955624e-04  1.833649184796892762e-03
2.820000000000000284e+00  1.627514940186659764e+00  1.263277661869192103e+00  2.740012447744214971e-04  1.243624813705822341e+00  1.253378079613901575e+00
2.820000000000000284e+00  -1.405964321752596058e-01  -1.293523915744388200e-02  1.242112021346475532e-02  -8.315266028262602305e-04  1.836951624260008131e-03
2.830000000000000071e+00  1.624143695619876482e+00  1.262287946245256531e+00  2.907096275015176503e-04  1.243557293858553070e+00  1.253201799377073433e+00
2.830000000000000071e+00  -1.408290995608847129e-01  -1.302675018824392926e-02  1.245760050097230107e-02  -8.381960473330396511e-04  1.840209717424157176e-03
2.839999999999999858e+00  1.620808660120186984e+00  1.261307124848443095e+00  3.070240072629811575e-04  1.243490695877766505e+00  1.253028367190620829e+00
2.839999999999999858e+00  -1.410601955476344649e-01  -1.311842332695513716e-02  1.249392665316302262e-02  -8.448769221890417569e-04  1.843419578195559794e-03
2.850000000000000089e+00  1.617508786446026026e+00  1.260334913233349896e+00  3.228935570823978848e-04  1.243425187249916686e+00  1.252857029597639338e+00
2.850000000000000089e+00  -1.412897271335995519e-01  -1.321026890226527188e-02  1.253009856090316759e-02  -8.515510437100415331e-04  1.846613050430989666e-03
2.860000000000000320e+00  1.614244034340310385e+00  1.259371280858849973e+00  3.385480222171941608e-04  1.243360509530188729e+00  1.252688393447670467e+00
2.860000000000000320e+00  -1.415176773393227450e-01  -1.330227557083614974e-02  1.256611419545284811e-02  -8.582273575600263271e-04  1.849753395838482639e-03
2.870000000000000107e+00  1.611013595599515291e+00  1.258416012964589159e+00  3.533389502353722917e-04  1.243296599099350308e+00  1.252522074588017453e+00
2.870000000000000107e+00  -1.417440922686609706e-01  -1.339444352271175302e-02  1.260197944049510320e-02  -8.649129770196273270e-04  1.852857556246756410e-03
2.879999999999999893e+00  1.607816860237601286e+00  1.257469226797848894e+00  3.678095110835578278e-04  1.243233795608392533e+00  1.252358039048643068e+00
2.879999999999999893e+00  -1.419689604340466926e-01  -1.348677043563841806e-02  1.263768942493142568e-02  -8.715944092027028134e-04  1.855927242643939934e-03
2.890000000000000124e+00  1.604653511551097811e+00  1.256530763441499499e+00  3.818988310213490469e-04  1.243171768846991876e+00  1.252196675436644924e+00
2.890000000000000124e+00  -1.421923114948757116e-01  -1.357925622972578662e-02  1.267324667913121393e-02  -8.782796729880359976e-04  1.858963814392211589e-03
2.900000000000000355e+00  1.601522953124354443e+00  1.255600354480504999e+00  3.956270092670107277e-04  1.243110975821185571e+00  1.252037275894059443e+00
2.900000000000000355e+00  -1.424141264572472143e-01  -1.367190028911939755e-02  1.270864925747251274e-02  -8.849697132012890322e-04  1.861959926739653604e-03
2.910000000000000142e+00  1.598424371350345208e+00  1.254678051872241795e+00  4.089557235520244107e-04  1.243050545197417200e+00  1.251880112532906431e+00
2.910000000000000142e+00  -1.426344415364647622e-01  -1.376469060630505087e-02  1.274389771554016240e-02  -8.916570620784991519e-04  1.864925934095373883e-03
2.919999999999999929e+00  1.595357628327093602e+00  1.253763511404123676e+00  4.219159473682707745e-04  1.242991193297806385e+00  1.251725294157007617e+00
2.919999999999999929e+00  -1.428532318341100005e-01  -1.385763481257921460e-02  1.277899268131139042e-02  -8.983469796847165512e-04  1.867837048322384952e-03
2.929999999999999716e+00  1.592322224171641043e+00  1.252856861265133404e+00  4.344664360046472055e-04  1.242932785496557058e+00  1.251572754673734522e+00
2.929999999999999716e+00  -1.430705465906773610e-01  -1.395071994024168864e-02  1.281393682896480972e-02  -9.050358282477466432e-04  1.870733610156993798e-03
2.939999999999999947e+00  1.589317452030668543e+00  1.251958003584645596e+00  4.466516661241599039e-04  1.242874936631789495e+00  1.251422089295975759e+00
2.939999999999999947e+00  -1.432863925669404515e-01  -1.404396036826473758e-02  1.284872421194395258e-02  -9.117293849278951257e-04  1.873578408675524720e-03
2.950000000000000178e+00  1.586343071124580950e+00  1.251066656995621251e+00  4.584947488961870800e-04  1.242817921741687259e+00  1.251273634359209685e+00
2.950000000000000178e+00  -1.435007333541932217e-01  -1.413733691220587022e-02  1.288336405789964473e-02  -9.184184427468711220e-04  1.876395739520919648e-03
2.959999999999999964e+00  1.583398476366637553e+00  1.250182903768058296e+00  4.699985862537752433e-04  1.242761801623871731e+00  1.251127224196031174e+00
2.959999999999999964e+00  -1.437136295997757662e-01  -1.423085638101226867e-02  1.291785106648779546e-02  -9.251108829270160427e-04  1.879172845606125186e-03
2.969999999999999751e+00  1.580483049405774887e+00  1.249306525758986819e+00  4.811592066458279370e-04  1.242706455455262704e+00  1.250982931681410504e+00
2.969999999999999751e+00  -1.439250634771818971e-01  -1.432451320233197635e-02  1.295218111506478073e-02  -9.318055148321846559e-04  1.881924881462548882e-03
2.979999999999999982e+00  1.577597056450084079e+00  1.248437476954187275e+00  4.919651479597855065e-04  1.242651729740499089e+00  1.250840400055980073e+00
2.979999999999999982e+00  -1.441350545457176224e-01  -1.441830833890488800e-02  1.298635960909280858e-02  -9.384887820214071752e-04  1.884639654199826708e-03
2.990000000000000213e+00  1.574739194471868942e+00  1.247575594881264349e+00  5.025008323941365998e-04  1.242597891204576532e+00  1.250699974116722180e+00
2.990000000000000213e+00  -1.443436046501851977e-01  -1.451223582348947633e-02  1.302038869667006098e-02  -9.451841119810788783e-04  1.887320614475718195e-03
3.000000000000000000e+00  1.571909578014540010e+00  1.246720955078510995e+00  5.126626969296111270e-04  1.242544674818339301e+00  1.250561323743126785e+00
3.000000000000000000e+00  -1.445507367237048590e-01  -1.460629610819278931e-02  1.305426089751601446e-02  -9.518730277591203048e-04  1.889964986962477944e-03
