1.000000000000000021e-02  9.033482827781654123e+00  1.761206860760930804e+00  -6.082606596391607612e-01  1.395881666934532195e+00  2.103429894016067614e+00
1.000000000000000021e-02  -8.387860280198868423e+00  -1.035780684417752173e+00  7.647251192051988111e-01  -1.922102915639267717e-01  3.378862104245977660e-01
2.000000000000000042e-02  8.137333726446485116e+00  1.657963573264267687e+00  -5.085285781357583579e-01  1.391412605929498447e+00  1.982142708667712583e+00
2.000000000000000042e-02  -7.491136306335771877e+00  -9.316788695004705190e-01  6.641049413387901668e-01  -1.863686771874651926e-01  2.648479554818247705e-01
2.999999999999999889e-02  7.318253349410977826e+00  1.590484467204642316e+00  -4.441416887212537024e-01  1.387722093779552468e+00  1.898877792704902978e+00
2.999999999999999889e-02  -6.671480536951095885e+00  -8.633441212107810792e-01  5.988181621711304858e-01  -1.813204108146397875e-01  2.234928159604425146e-01
4.000000000000000083e-02  6.571148660204555902e+00  1.542175263701002441e+00  -3.986076582360694176e-01  1.384550424116952616e+00  1.837054697099211209e+00
4.000000000000000083e-02  -5.923797649720047964e+00  -8.141817533473247881e-01  5.523724508217131568e-01  -1.768040944961973837e-01  1.978217588248126491e-01
5.000000000000000278e-02  5.912575997192114130e+00  1.505170761098060472e+00  -3.641676941587870808e-01  1.381753922376101062e+00  1.788731793158000904e+00
5.000000000000000278e-02  -5.264649012210491641e+00  -7.763273247726079074e-01  5.170110804311551789e-01  -1.726772296703230625e-01  1.804480562667910015e-01
5.999999999999999778e-02  5.356774411520422774e+00  1.475354617343344277e+00  -3.367579674045519389e-01  1.379245230104672704e+00  1.749555364069036223e+00
5.999999999999999778e-02  -4.708271881396181691e+00  -7.456645130068372262e-01  4.886732214844648481e-01  -1.688507078624493785e-01  1.676891486741839132e-01
7.000000000000000666e-02  4.897569351484637679e+00  1.450424186490540279e+00  -3.141055201784208606e-01  1.376968203878999653e+00  1.716922513839339137e+00
7.000000000000000666e-02  -4.248491973069929095e+00  -7.198904330924048578e-01  4.650891370203654174e-01  -1.652681748793940475e-01  1.576611797154699457e-01
8.000000000000000167e-02  4.519002586220326911e+00  1.429033308047852335e+00  -2.948821456134414487e-01  1.374883592182527092e+00  1.689178441227305205e+00
8.000000000000000167e-02  -3.869351836314362636e+00  -6.976591679372398103e-01  4.449329614603532712e-01  -1.618919681305810432e-01  1.494090845422071934e-01
8.999999999999999667e-02  4.204886259594461606e+00  1.410326710921241178e+00  -2.782466966751355741e-01  1.372962334196326406e+00  1.665205586675829075e+00
8.999999999999999667e-02  -3.554663740482460366e+00  -6.781150924440373373e-01  4.273654093613437621e-01  -1.586912226337721110e-01  1.423871105064438980e-01
1.000000000000000056e-01  3.941637716463131991e+00  1.393728280893814730e+00  -2.636334373526976194e-01  1.371182357362160209e+00  1.644218166321018471e+00
1.000000000000000056e-01  -3.290843977218074201e+00  -6.606825783877434688e-01  4.118219976433316054e-01  -1.556447873122273062e-01  1.362830896544325321e-01
1.100000000000000006e-01  3.718613275771747162e+00  1.378828436090338672e+00  -2.506418733847519120e-01  1.369526241166154179e+00  1.625643564829513332e+00
1.100000000000000006e-01  -3.067248777167559837e+00  -6.449516800944506967e-01  3.979029794631427364e-01  -1.527351590614730026e-01  1.308827226329706828e-01
1.199999999999999956e-01  3.527637195371684076e+00  1.365327182725709632e+00  -2.389789739424317272e-01  1.367979635630393265e+00  1.609054371484303081e+00
1.199999999999999956e-01  -2.875702998444911174e+00  -6.306225315601092785e-01  3.853162117938023212e-01  -1.499470943685743407e-01  1.260371400794763619e-01
1.300000000000000044e-01  3.362454671652260529e+00  1.352997643060806165e+00  -2.284238102963166706e-01  1.366531148298839815e+00  1.594124223360172454e+00
1.300000000000000044e-01  -2.709952217834132870e+00  -6.174683825562601314e-01  3.738412496960970000e-01  -1.472706817840232496e-01  1.216497467651401626e-01
1.400000000000000133e-01  3.218257180066757872e+00  1.341663569484580876e+00  -2.188056051985440564e-01  1.365170812438162962e+00  1.580598036785549443e+00
1.400000000000000133e-01  -2.565187531966026668e+00  -6.053127528861671491e-01  3.633075098433560246e-01  -1.446941713168642396e-01  1.176401864841876282e-01
1.499999999999999944e-01  3.091320324569967415e+00  1.331186407291736984e+00  -2.099897173419779384e-01  1.363890439049647796e+00  1.568273606735023362e+00
1.499999999999999944e-01  -2.437684241576191457e+00  -5.940174117959730049e-01  3.535807976295486932e-01  -1.422104810646001027e-01  1.139514354192719681e-01
1.600000000000000033e-01  2.978727841075803795e+00  1.321454057248262925e+00  -2.018682061614868739e-01  1.362682882412429075e+00  1.556987930310866908e+00
1.600000000000000033e-01  -2.324526371076251152e+00  -5.834701647192761520e-01  3.445532511064680059e-01  -1.398121630810877924e-01  1.105386491190772508e-01
1.700000000000000122e-01  2.878168861714509585e+00  1.312374562621528407e+00  -1.943525300098772057e-01  1.361541928680733982e+00  1.546607421795752391e+00
1.700000000000000122e-01  -2.223402944737464360e+00  -5.735787198637665174e-01  3.361366832225673451e-01  -1.374928030088682362e-01  1.073589715453631965e-01
1.799999999999999933e-01  2.787800249131753283e+00  1.303873360784200575e+00  -1.873707526695182757e-01  1.360462213933468556e+00  1.537022754007845826e+00
1.799999999999999933e-01  -2.132471126356508151e+00  -5.642691413456510929e-01  3.282591360052158347e-01  -1.352473023265351459e-01  1.043916614182816005e-01
1.900000000000000022e-01  2.706129818907463402e+00  1.295886646963864797e+00  -1.808619275636867973e-01  1.359438887857486122e+00  1.528141543607356434e+00
1.900000000000000022e-01  -2.050238137535824290e+00  -5.554772162803536251e-01  3.208599384123417830e-01  -1.330694209111475956e-01  1.016065324009202270e-01
2.000000000000000111e-01  2.631940553498769653e+00  1.288360808493678178e+00  -1.747749586686077605e-01  1.358467791777748124e+00  1.519886294575360397e+00
2.000000000000000111e-01  -1.975487812179516522e+00  -5.471492822178110060e-01  3.138879417127680704e-01  -1.309566147914923429e-01  9.898418088480742671e-02
2.099999999999999922e-01  2.564232422716488546e+00  1.281250668626467526e+00  -1.690666144837328355e-01  1.357545263521735990e+00  1.512191115132704100e+00
2.099999999999999922e-01  -1.907219218809759642e+00  -5.392402690879365412e-01  3.073000537501971441e-01  -1.289045367083152538e-01  9.650601956855975327e-02
2.200000000000000011e-01  2.502175992492281065e+00  1.274517114799523787e+00  -1.636996198659011470e-01  1.356667845269663442e+00  1.504999549028786188e+00
2.200000000000000011e-01  -1.844603545955774138e+00  -5.317112899057171438e-01  3.010590532003778463e-01  -1.269102390740340924e-01  9.416203775231679618e-02
2.300000000000000100e-01  2.445075650990924387e+00  1.268126132441637965e+00  -1.586418826126366199e-01  1.355832463051163783e+00  1.498262921051125796e+00
2.300000000000000100e-01  -1.786944919380527352e+00  -5.245282135377852262e-01  2.951329044699403381e-01  -1.249692461949662992e-01  9.193826698508505979e-02
2.399999999999999911e-01  2.392347725194655883e+00  1.262047999607758708e+00  -1.538651907070475444e-01  1.355036431343389136e+00  1.491938593149104264e+00
2.399999999999999911e-01  -1.733659612183297671e+00  -5.176611695052492079e-01  2.894934988121597996e-01  -1.230801648073305277e-01  8.982102232656319352e-02
2.500000000000000000e-01  2.343494532814224485e+00  1.256256898348379059e+00  -1.493452967127876785e-01  1.354277157897555206e+00  1.485989605226810673e+00
2.500000000000000000e-01  -1.684250121165597580e+00  -5.110844757710648611e-01  2.841165102352703475e-01  -1.212388579535392807e-01  8.780207223413444284e-02
2.600000000000000089e-01  2.298093749120421858e+00  1.250730104560811462e+00  -1.450607323776203772e-01  1.353552419313352573e+00  1.480383560956141320e+00
2.600000000000000089e-01  -1.638294154029233951e+00  -5.047754742133157002e-01  2.789805471046255536e-01  -1.194448112679112883e-01  8.587586699188631822e-02
2.700000000000000178e-01  2.255780614066818845e+00  1.245447137672556659e+00  -1.409922614712092459e-01  1.352860115995779378e+00  1.475091579989399770e+00
2.700000000000000178e-01  -1.595426707157401314e+00  -4.987134568599526641e-01  2.740664342633913897e-01  -1.176949343042592577e-01  8.403026356048837187e-02
2.800000000000000266e-01  2.216241896314264714e+00  1.240390049827948094e+00  -1.371232577312436751e-01  1.352198318683007550e+00  1.470088299595270653e+00
2.800000000000000266e-01  -1.555334818433845134e+00  -4.928807220183475946e-01  2.693575070469378940e-01  -1.159872904581382702e-01  8.226414385450925293e-02
2.899999999999999800e-01  2.179204694905746642e+00  1.235542812385790556e+00  -1.334385502601513618e-01  1.351565224116154207e+00  1.465350995493003516e+00
2.899999999999999800e-01  -1.517745384040258605e+00  -4.872612231314554232e-01  2.648386428895754818e-01  -1.143193554298400638e-01  8.056927925582307859e-02
2.999999999999999889e-01  2.144431332535138068e+00  1.230890657836958502e+00  -1.299245980957212943e-01  1.350959328580159324e+00  1.460859335447505458e+00
2.999999999999999889e-01  -1.482420744202403329e+00  -4.818399520630401445e-01  2.604962418540927582e-01  -1.126908362881077208e-01  7.894013324686732780e-02
3.099999999999999978e-01  2.111713366726002405e+00  1.226420848348154014e+00  -1.265693466463959915e-01  1.350378977010078696e+00  1.456595187742334208e+00
3.099999999999999978e-01  -1.449152591843382076e+00  -4.766045049160623215e-01  2.563183958021808539e-01  -1.110987868173581861e-01  7.737291675009461134e-02
3.200000000000000067e-01  2.080867868934717091e+00  1.222121299524083549e+00  -1.233618722669280465e-01  1.349822930498366436e+00  1.452542197416182734e+00
3.200000000000000067e-01  -1.417757889756597001e+00  -4.715424570248192282e-01  2.522939931015436565e-01  -1.095431312192244322e-01  7.586359972997780421e-02
3.300000000000000155e-01  2.051733582948366941e+00  1.217981446641002163e+00  -1.202922167823469585e-01  1.349289784977147910e+00  1.448685427031925599e+00
3.300000000000000155e-01  -1.388075355093578267e+00  -4.666435438981751394e-01  2.484131995303929807e-01  -1.080215191677518227e-01  7.440858492400653779e-02
3.400000000000000244e-01  2.024166021725344322e+00  1.213991634559373978e+00  -1.173514792561112519e-01  1.348778366201349055e+00  1.445011525765381055e+00
3.400000000000000244e-01  -1.359960477201374918e+00  -4.618980628150359258e-01  2.446671434400773115e-01  -1.065326830860940932e-01  7.300377960614995443e-02
3.500000000000000333e-01  1.998038328180053114e+00  1.210142724422186733e+00  -1.145313687877771297e-01  1.348287523284819933e+00  1.441508356359308740e+00
3.500000000000000333e-01  -1.333286533578759148e+00  -4.572966788583558428e-01  2.410474392502154894e-01  -1.050753395240656696e-01  7.164748739694704049e-02
3.599999999999999867e-01  1.973235936409406976e+00  1.206426690810793456e+00  -1.118244882698787718e-01  1.347816272272726046e+00  1.438164700828980846e+00
3.599999999999999867e-01  -1.307938819468945413e+00  -4.528315218741726933e-01  2.375467192401125582e-01  -1.036493078065172657e-01  7.033511255950308794e-02
3.699999999999999956e-01  1.949657133498340356e+00  1.202836069716797240e+00  -1.092240232022854973e-01  1.347363613893129308e+00  1.434970507882740609e+00
3.699999999999999956e-01  -1.283815772482325590e+00  -4.484950831508687230e-01  2.341581628115576574e-01  -1.022524750899627133e-01  6.906555907815470352e-02
3.800000000000000044e-01  1.927210172020031864e+00  1.199364138046637551e+00  -1.067237684744534870e-01  1.346928609287336931e+00  1.431916408442821531e+00
3.800000000000000044e-01  -1.260825481745168064e+00  -4.442808489733016120e-01  2.308756039591853271e-01  -1.008840780804125536e-01  6.783660370244581905e-02
3.900000000000000133e-01  1.905812099221235290e+00  1.196004249116707108e+00  -1.043178453169738701e-01  1.346510451376245143e+00  1.428993988026216133e+00
3.900000000000000133e-01  -1.238885050019906675e+00  -4.401818455046861422e-01  2.276930189896770595e-01  -9.954386441588713996e-02  6.664585148936502668e-02
4.000000000000000222e-01  1.885388558897110212e+00  1.192750562726230923e+00  -1.020008608960851493e-01  1.346108270820298713e+00  1.426195196125089826e+00
4.000000000000000222e-01  -1.217920177111331714e+00  -4.361922099091120608e-01  2.246050809315544294e-01  -9.822987365100555035e-02  6.548825024346688339e-02
4.100000000000000311e-01  1.865871658441141223e+00  1.189598055294225576e+00  -9.976816572352699419e-02  1.345721347392140554e+00  1.423513137231418479e+00
4.100000000000000311e-01  -1.197862863500670727e+00  -4.323073669066936908e-01  2.216071999578023977e-01  -9.694201803726765210e-02  6.436798894765161094e-02
4.199999999999999845e-01  1.847200314300795787e+00  1.186541339231893977e+00  -9.761506437371607336e-02  1.345348943637819206e+00  1.420940874227337503e+00
4.199999999999999845e-01  -1.178652106884493733e+00  -4.285215262393334279e-01  2.186945382741364019e-01  -9.567889145818853081e-02  6.327863213422879607e-02
4.299999999999999933e-01  1.829318301970745519e+00  1.183575781082129463e+00  -9.553740570132766841e-02  1.344990424429493459e+00  1.418472380557219470e+00
4.299999999999999933e-01  -1.160231636246952913e+00  -4.248300449427092618e-01  2.158629466688791188e-01  -9.444039563594119890e-02  6.222111171034411248e-02
4.400000000000000022e-01  1.812174823124879985e+00  1.180697192736815948e+00  -9.353130196541202535e-02  1.344645154264737075e+00  1.416101890325019985e+00
4.400000000000000022e-01  -1.142550686255357384e+00  -4.212290119478842576e-01  2.131085808842696772e-01  -9.322577337803350517e-02  6.119266976162818228e-02
4.500000000000000111e-01  1.795723182066200962e+00  1.177901401939923431e+00  -9.159309758033314097e-02  1.344312486779398297e+00  1.413824131609363377e+00
4.500000000000000111e-01  -1.125562588873740388e+00  -4.177140049367920605e-01  2.104277314483757599e-01  -9.203351892996292083e-02  6.019209940828135208e-02
4.600000000000000200e-01  1.779920887941585317e+00  1.175184693550672232e+00  -8.971944938102260902e-02  1.343991901617284102e+00  1.411634182385536285e+00
4.600000000000000200e-01  -1.109224757291732644e+00  -4.142814682698030548e-01  2.078170303318464252e-01  -9.086374200148727986e-02  5.921916489732176325e-02
4.700000000000000289e-01  1.764728359931657664e+00  1.172543361003286710e+00  -8.790713492814600238e-02  1.343682874769704938e+00  1.409527402695033960e+00
4.700000000000000289e-01  -1.093497685923211726e+00  -4.109274487845595014e-01  2.052732160243553872e-01  -8.971566714528256270e-02  5.827037856915906477e-02
4.799999999999999822e-01  1.750109934648789389e+00  1.169974271583815284e+00  -8.615333615261512590e-02  1.343384859025464895e+00  1.407499624529116922e+00
4.799999999999999822e-01  -1.078345647330089641e+00  -4.076490129147344321e-01  2.027934405666938500e-01  -8.858824100058726447e-02  5.734726179385596367e-02
4.899999999999999911e-01  1.736032217836723568e+00  1.167474280134158438e+00  -8.445524201386175878e-02  1.343097435995206812e+00  1.405546824550374607e+00
4.899999999999999911e-01  -1.063735275892073062e+00  -4.044429857109487769e-01  2.003749059881423100e-01  -8.748177894884701100e-02  5.644800022135576523e-02
5.000000000000000000e-01  1.722464645519314219e+00  1.165040496651320145e+00  -8.281028335810167174e-02  1.342820095227158950e+00  1.403665253573330940e+00
5.000000000000000000e-01  -1.049636045344296775e+00  -4.013064947798972715e-01  1.980150297954224592e-01  -8.639478290398017180e-02  5.557063471021239653e-02
5.100000000000000089e-01  1.709378905092103551e+00  1.162670089906306936e+00  -8.121604155867226393e-02  1.342552451277700953e+00  1.401851458237520553e+00
5.100000000000000089e-01  -1.036019522724553221e+00  -3.982366078718793667e-01  1.957112961299421194e-01  -8.532737551846714119e-02  5.471531739857798948e-02
5.200000000000000178e-01  1.696748682240589723e+00  1.160360552219222852e+00  -7.967026692572298785e-02  1.342294083326816434e+00  1.400102132058567150e+00
5.200000000000000178e-01  -1.022859512396840920e+00  -3.952309126374189407e-01  1.934615042370857740e-01  -8.427888469843403119e-02  5.388032500292389004e-02
5.300000000000000266e-01  1.684549761631100484e+00  1.158109408755424008e+00  -7.817083103761982010e-02  1.342044665757853084e+00  1.398414330647381743e+00
5.300000000000000266e-01  -1.010131774497789348e+00  -3.922868690676456493e-01  1.912634120737559396e-01  -8.324845976914529988e-02  5.306684913003972826e-02
5.400000000000000355e-01  1.672759614745952028e+00  1.155914278942514972e+00  -7.671566989545583470e-02  1.341803696989295691e+00  1.396785036295914217e+00
5.400000000000000355e-01  -9.978137302218759164e-01  -3.894019322790661097e-01  1.891149620528476683e-01  -8.223632953012394164e-02  5.227080696437363949e-02
5.500000000000000444e-01  1.661357067738995497e+00  1.153773161518994117e+00  -7.530301607082741377e-02  1.341570883068264219e+00  1.395211721270851912e+00
5.500000000000000444e-01  -9.858842428775775879e-01  -3.865744611674510889e-01  1.870143882414421199e-01  -8.124115465416670290e-02  5.149551012830294594e-02
5.600000000000000533e-01  1.650322736995172290e+00  1.151683928728169937e+00  -7.393098724056980375e-02  1.341345933098619270e+00  1.393691692564735352e+00
5.600000000000000533e-01  -9.743239126894451818e-01  -3.838020371290524202e-01  1.849597487239119376e-01  -8.026337454172538521e-02  5.073700592211138893e-02
5.700000000000000622e-01  1.639638353599159437e+00  1.149644687861209214e+00  -7.259795157856541170e-02  1.341128494992838371e+00  1.392222606055534051e+00
5.700000000000000622e-01  -9.631144731822276484e-01  -3.810828758438788988e-01  1.829494094392989101e-01  -7.930183281829161768e-02  4.999575677647499772e-02
5.799999999999999600e-01  1.629287015781589965e+00  1.147653508562168634e+00  -7.130230062525053092e-02  1.340918297005891713e+00  1.390802263110410220e+00
5.799999999999999600e-01  -9.522390189624003742e-01  -3.784149804148753682e-01  1.809816952480157448e-01  -7.835690033914566310e-02  4.927182072657354528e-02
5.899999999999999689e-01  1.619252502063236454e+00  1.145708691132204526e+00  -7.004254090738561145e-02  1.340715041858620227e+00  1.389428450043546537e+00
5.899999999999999689e-01  -9.416813702627415683e-01  -3.757966374601576787e-01  1.790551027936790607e-01  -7.742768287162615781e-02  4.856290058718304437e-02
5.999999999999999778e-01  1.609520226685332123e+00  1.143808530252980793e+00  -6.881722296891090718e-02  1.340518430626351787e+00  1.388099206088153181e+00
5.999999999999999778e-01  -9.314268526858611175e-01  -3.732261073313496436e-01  1.771681354805182684e-01  -7.651341420450097353e-02  4.786961651902460479e-02
6.099999999999999867e-01  1.600076152132897889e+00  1.141951556211115770e+00  -6.762508231622868515e-02  1.340328233855854867e+00  1.386812664601104528e+00
6.099999999999999867e-01  -9.214614681876891478e-01  -3.707020141103418154e-01  1.753195046048011130e-01  -7.561451012797582028e-02  4.719229464554358655e-02
6.199999999999999956e-01  1.590907249602675488e+00  1.140136213479937100e+00  -6.646477066139418188e-02  1.340144232656458101e+00  1.385566980105870538e+00
6.199999999999999956e-01  -9.117721741776794175e-01  -3.682227855173095254e-01  1.735078362018582510e-01  -7.473063935436985439e-02  4.652879257280251313e-02
6.300000000000000044e-01  1.582001103824432597e+00  1.138361085146811336e+00  -6.533515298604448962e-02  1.339966149530895212e+00  1.384360451355880706e+00
6.300000000000000044e-01  -9.023465411900651878e-01  -3.657868994572475718e-01  1.717318988589806028e-01  -7.386141318014294299e-02  4.587998419161315455e-02
6.400000000000000133e-01  1.573346247953968824e+00  1.136624778641922795e+00  -6.423497290499952106e-02  1.339793749423462632e+00  1.383191549377770002e+00
6.400000000000000133e-01  -8.931731750851811258e-01  -3.633929765373806187e-01  1.699905022735948568e-01  -7.300562172435332009e-02  4.524456660117665008e-02
6.500000000000000222e-01  1.564931876621462603e+00  1.134926095538489665e+00  -6.316322206058329336e-02  1.339626839232480826e+00  1.382058706323895825e+00
6.500000000000000222e-01  -8.842412231952722079e-01  -3.610398955162182899e-01  1.682825912416195946e-01  -7.216373987281476943e-02  4.462250382531768311e-02
6.600000000000000311e-01  1.556747630590685327e+00  1.133263670684345303e+00  -6.211881848175677956e-02  1.339465194280550442e+00  1.380960447677450853e+00
6.600000000000000311e-01  -8.755402983985960397e-01  -3.587261284981537734e-01  1.666069671893110060e-01  -7.133523383333051360e-02  4.401267090360888590e-02
6.700000000000000400e-01  1.548784020455107102e+00  1.131636461252681247e+00  -6.110081469102579543e-02  1.339308657742458664e+00  1.379895431495337776e+00
6.700000000000000400e-01  -8.670609444487502593e-01  -3.564507966885371304e-01  1.649627158257162829e-01  -7.052034021489483884e-02  4.341556926514861248e-02
6.800000000000000488e-01  1.541031810742368169e+00  1.130043223130099639e+00  -6.010823572044530355e-02  1.339156994549399071e+00  1.378862351086700411e+00
6.800000000000000488e-01  -8.587938798977527988e-01  -3.542124280665815972e-01  1.633487830146814757e-01  -6.971789508346393216e-02  4.283068610039258983e-02
6.900000000000000577e-01  1.533482552443627300e+00  1.128482983872913348e+00  -5.914021051516001048e-02  1.339010031727799532e+00  1.377859965721374813e+00
6.900000000000000577e-01  -8.507307379750201903e-01  -3.520102490174508714e-01  1.617642979616722987e-01  -6.892789911536167935e-02  4.225749580408721950e-02
7.000000000000000666e-01  1.526128011399882078e+00  1.126954710643491619e+00  -5.819588266626134210e-02  1.338867637745627448e+00  1.376887085049141923e+00
7.000000000000000666e-01  -8.428631650611134729e-01  -3.498431802846593830e-01  1.602083699319626908e-01  -6.815077650461665026e-02  4.169567683785246892e-02
7.099999999999999645e-01  1.518960520266155356e+00  1.125457364891520262e+00  -5.727440568980761426e-02  1.338729602436520949e+00  1.375942604467411456e+00
7.099999999999999645e-01  -8.351836362486169119e-01  -3.477100674828102478e-01  1.586801201553270091e-01  -6.738544531905099610e-02  4.114462108006072816e-02
7.199999999999999734e-01  1.511972828865742136e+00  1.123990036880376131e+00  -5.637504693037363734e-02  1.338595775347813266e+00  1.375025435904712268e+00
7.199999999999999734e-01  -8.276847654534356113e-01  -3.456100594541614557e-01  1.571787476422630836e-01  -6.663170447575228472e-02  4.060430360788491733e-02
7.299999999999999822e-01  1.505158068664180115e+00  1.122551854101691893e+00  -5.549705365897027870e-02  1.338466035412129385e+00  1.374134617872898145e+00
7.299999999999999822e-01  -8.203597395051124286e-01  -3.435422811151051525e-01  1.557034544489415973e-01  -6.588990657947713103e-02  4.007452743073708357e-02
7.399999999999999911e-01  1.498509581255628609e+00  1.121141910224485727e+00  -5.463968713676115030e-02  1.338340197568149703e+00  1.373269097716561138e+00
7.399999999999999911e-01  -8.132019373764731718e-01  -3.415057977123534538e-01  1.542535422843432924e-01  -6.515919345963250287e-02  3.955479114725585221e-02
7.500000000000000000e-01  1.492021348655020008e+00  1.119759358824866657e+00  -5.380227760114942442e-02  1.338218199792043706e+00  1.372427982371812627e+00
7.500000000000000000e-01  -8.062052344332569787e-01  -3.394997079531939521e-01  1.528282177349776227e-01  -6.443949882872357371e-02  3.904475194553713724e-02
7.600000000000000089e-01  1.485687366425003875e+00  1.118403488672821799e+00  -5.298420829700675044e-02  1.338099815924862490e+00  1.371610424121400218e+00
7.600000000000000089e-01  -7.993637515623979173e-01  -3.375233884708920828e-01  1.514269031281538225e-01  -6.373114727124795653e-02  3.854513939720832782e-02
7.700000000000000178e-01  1.479502045049647885e+00  1.117073454441760427e+00  -5.218482651196548749e-02  1.337984925102620792e+00  1.370815540495978091e+00
7.700000000000000178e-01  -7.926717847461434152e-01  -3.355758668770477127e-01  1.500488409232607623e-01  -6.303295588908564007e-02  3.805445423075703992e-02
7.800000000000000266e-01  1.473460097336818153e+00  1.115768537234760105e+00  -5.140353310206621090e-02  1.337873438984312324e+00  1.370042524975949361e+00
7.800000000000000266e-01  -7.861241089729364973e-01  -3.336564414050430805e-01  1.486934502657315249e-01  -6.234551500506968491e-02  3.757244794069364291e-02
7.900000000000000355e-01  1.467556492322232398e+00  1.114488083890014636e+00  -5.063978197541177395e-02  1.337765228268698481e+00  1.369290626987051063e+00
7.900000000000000355e-01  -7.797157061290389546e-01  -3.317645099710491707e-01  1.473601053404989536e-01  -6.166807648450989277e-02  3.709936055786650089e-02
8.000000000000000444e-01  1.461786249804096105e+00  1.113231385905417481e+00  -4.989301185363179819e-02  1.337660203554170257e+00  1.368559099923208011e+00
8.000000000000000444e-01  -7.734415639202563142e-01  -3.298993097838666122e-01  1.460482565618811679e-01  -6.100090761847754006e-02  3.663494129632449692e-02
8.100000000000000533e-01  1.456144980076111040e+00  1.111997744488315343e+00  -4.916267482059947375e-02  1.337558216016760504e+00  1.367847231162838018e+00
8.100000000000000533e-01  -7.672972844813459314e-01  -3.280600452785661925e-01  1.447572746907698216e-01  -6.034325900361170447e-02  3.617853614209359803e-02
8.200000000000000622e-01  1.450628141623803824e+00  1.110786650169581780e+00  -4.844832867533905435e-02  1.337459197400366673e+00  1.367154396386267567e+00
8.200000000000000622e-01  -7.612783401442183573e-01  -3.262463975684744000e-01  1.434867132209289020e-01  -5.969546515648693763e-02  3.573129516639700354e-02
8.300000000000000711e-01  1.445231657615754894e+00  1.109597446558947098e+00  -4.774944674807404116e-02  1.337363010208982628e+00  1.366479889177190765e+00
8.300000000000000711e-01  -7.553806628974388815e-01  -3.244576037706237703e-01  1.422360174598021609e-01  -5.905688633890160411e-02  3.529086905432099464e-02
8.399999999999999689e-01  1.439951479307496562e+00  1.108429430870351950e+00  -4.706556297238435188e-02  1.337269621002726172e+00  1.365823122713671234e+00
8.399999999999999689e-01  -7.496001705593304809e-01  -3.226927220274309893e-01  1.410046083607020828e-01  -5.842821716938084720e-02  3.485874958758444775e-02
8.499999999999999778e-01  1.434783816241116394e+00  1.107282187740231238e+00  -4.639623126564867278e-02  1.337178861918729034e+00  1.365183502435107554e+00
8.499999999999999778e-01  -7.439331166375249271e-01  -3.209516216664299315e-01  1.397920844364411719e-01  -5.780784897623592045e-02  3.443460749014121136e-02
8.599999999999999867e-01  1.429725081801719311e+00  1.106155180179790198e+00  -4.574106110050889240e-02  1.337090695124784290e+00  1.364560474174549620e+00
8.599999999999999867e-01  -7.383758763275604098e-01  -3.192337039901644857e-01  1.385980138523175142e-01  -5.719704358605837147e-02  3.401809214875622933e-02
8.699999999999999956e-01  1.424771671901863490e+00  1.105047782451144656e+00  -4.509957523721803974e-02  1.337005025261609692e+00  1.363953444970851248e+00
8.699999999999999956e-01  -7.329248685827027820e-01  -3.175381664288602357e-01  1.374218474491941400e-01  -5.659483577134960530e-02  3.360769363799875897e-02
8.800000000000000044e-01  1.419920351464099006e+00  1.103959596123816000e+00  -4.447143323982601093e-02  1.336921743655409056e+00  1.363361948837741533e+00
8.800000000000000044e-01  -7.275768375704048108e-01  -3.158647774911501616e-01  1.362632410037596387e-01  -5.600083749115658538e-02  3.320499668601040177e-02
8.900000000000000133e-01  1.415167881444277631e+00  1.102890035260960078e+00  -4.385621977883844003e-02  1.336840816272950372e+00  1.362785453830896332e+00
8.900000000000000133e-01  -7.223285210629724062e-01  -3.142127497618944498e-01  1.351217019974963740e-01  -5.541571512614862360e-02  3.280896666149335505e-02
9.000000000000000222e-01  1.410511284624802908e+00  1.101838777262483138e+00  -4.325358661057871618e-02  1.336762140942084010e+00  1.362223479190231235e+00
9.000000000000000222e-01  -7.171770162090820300e-01  -3.125820699761500676e-01  1.339969329997453829e-01  -5.483871535605921999e-02  3.241939385198533419e-02
9.100000000000000311e-01  1.405947520839721632e+00  1.100805242072616652e+00  -4.266319042054516480e-02  1.336685643228153086e+00  1.361675583432994774e+00
9.100000000000000311e-01  -7.121192683416810443e-01  -3.109718060550281105e-01  1.328884697070584486e-01  -5.427000368561285537e-02  3.203687517236863957e-02
9.200000000000000400e-01  1.401473890718821558e+00  1.099789052468749473e+00  -4.208466904160363536e-02  1.336611234416382299e+00  1.361141307924973454e+00
9.200000000000000400e-01  -7.071524912622931813e-01  -3.093817637476852789e-01  1.317959501063580841e-01  -5.370881896562529345e-02  3.166113450425922515e-02
9.300000000000000488e-01  1.397087618837776102e+00  1.098789722012100345e+00  -4.151768198966408058e-02  1.336538909489939808e+00  1.360620210566215071e+00
9.300000000000000488e-01  -7.022740108266349868e-01  -3.078112759294312495e-01  1.307189785481187305e-01  -5.315602732698654354e-02  3.129089711279575692e-02
9.400000000000000577e-01  1.392786165192472669e+00  1.097806948332757937e+00  -4.096196035059459367e-02  1.336468533269058234e+00  1.360111916134569388e+00
9.400000000000000577e-01  -6.974812346518818318e-01  -3.062602599095822220e-01  1.296572951984315270e-01  -5.261056468314928569e-02  3.092748715114579383e-02
9.500000000000000666e-01  1.388567099722664011e+00  1.096840228657199878e+00  -4.041712793584650854e-02  1.336400074871446630e+00  1.359615986543301069e+00
9.500000000000000666e-01  -6.927716993223784758e-01  -3.047279611613918360e-01  1.286104525884892713e-01  -5.207268185954361250e-02  3.056901804601042105e-02
9.599999999999999645e-01  1.384427978249476610e+00  1.095889257093290992e+00  -3.988296218915594882e-02  1.336333479858783146e+00  1.359132076754173690e+00
9.599999999999999645e-01  -6.881430643932502367e-01  -3.032141327180894463e-01  1.275781870458435885e-01  -5.154240807006837954e-02  3.021695027875992423e-02
9.699999999999999734e-01  1.380366500817940212e+00  1.094953574221583459e+00  -3.935914051196105767e-02  1.336268670926654911e+00  1.358659813756433188e+00
9.699999999999999734e-01  -6.835929379504618320e-01  -3.017183102282001705e-01  1.265601424196930447e-01  -5.101912846389489165e-02  2.987090274556580827e-02
9.799999999999999822e-01  1.376380531476352864e+00  1.094032883774257892e+00  -3.884538623611222957e-02  1.336205618400104100e+00  1.358198830363383625e+00
9.799999999999999822e-01  -6.791192375081769317e-01  -3.002402099034580663e-01  1.255560353411739327e-01  -5.050322985426580757e-02  2.952984754192256034e-02
9.899999999999999911e-01  1.372467888966269811e+00  1.093126909784001510e+00  -3.834146384676822422e-02  1.336144248385802147e+00  1.357748818480225772e+00
9.899999999999999911e-01  -6.747197197171987959e-01  -2.987796986191380566e-01  1.245656192065211915e-01  -4.999454642107747926e-02  2.919534174167537355e-02
1.000000000000000000e+00  1.368626628201743856e+00  1.092235202875294409e+00  -3.784709799382072332e-02  1.336084502433890098e+00  1.357309421769411939e+00
1.000000000000000000e+00  -6.703925201847109605e-01  -2.973360762039519156e-01  1.235885128973411018e-01  -4.949251113265518143e-02  2.886533390555112710e-02
1.010000000000000009e+00  1.364854705552758452e+00  1.091357405673592851e+00  -3.736200757157425584e-02  1.336026321311753584e+00  1.356880340231660931e+00
1.010000000000000009e+00  -6.661355469148888542e-01  -2.959089528013787440e-01  1.226244588696400045e-01  -4.899711213865176607e-02  2.854057755881167502e-02
1.020000000000000018e+00  1.361150254442474949e+00  1.090493394435808172e+00  -3.688602286076859277e-02  1.335969705469847835e+00  1.356461254802403982e+00
1.020000000000000018e+00  -6.619469251011145250e-01  -2.944983992483460877e-01  1.216732377116865743e-01  -4.850857682128018045e-02  2.822122674092486516e-02
1.030000000000000027e+00  1.357511509652928439e+00  1.089642649889112525e+00  -3.641886517243181354e-02  1.335914558892266291e+00  1.356051894963737459e+00
1.030000000000000027e+00  -6.578249431461673513e-01  -2.931036504318902391e-01  1.207345170035175330e-01  -4.802663278192997875e-02  2.790692349794465787e-02
1.040000000000000036e+00  1.353936652024727127e+00  1.088804989217070363e+00  -3.596032052990769806e-02  1.335860861837450120e+00  1.355651952281830885e+00
1.040000000000000036e+00  -6.537677018511529603e-01  -2.917246550462340160e-01  1.198080715470039581e-01  -4.755116615284471493e-02  2.759686468684485749e-02
1.050000000000000044e+00  1.350424056857747024e+00  1.087980070719435366e+00  -3.551017703996147551e-02  1.335808554949716065e+00  1.355261235555121679e+00
1.050000000000000044e+00  -6.497736434795839955e-01  -2.903609756563739208e-01  1.188936369988564806e-01  -4.708160832325747336e-02  2.729222809232156877e-02
1.060000000000000053e+00  1.346972041601704806e+00  1.087167689762080114e+00  -3.506822937547161151e-02  1.335757631893025543e+00  1.354879356417979963e+00
1.060000000000000053e+00  -6.458410719921451326e-01  -2.890125249004451558e-01  1.179910250879675215e-01  -4.661912631094522474e-02  2.699215696573475931e-02
1.070000000000000062e+00  1.343579103258828678e+00  1.086367518137240973e+00  -3.463426929783960939e-02  1.335707987239695083e+00  1.354506143451664535e+00
1.070000000000000062e+00  -6.419684548385605760e-01  -2.876788686275480456e-01  1.170999579402558083e-01  -4.616173506740806065e-02  2.669737903411273372e-02
1.080000000000000071e+00  1.340243697825385549e+00  1.085579295690241031e+00  -3.420808307808793913e-02  1.335659634905398852e+00  1.354141304840020155e+00
1.080000000000000071e+00  -6.381542909829631682e-01  -2.863597094845329871e-01  1.162201898255351001e-01  -4.571113840589158261e-02  2.640579350462424202e-02
1.090000000000000080e+00  1.336964341656756039e+00  1.084802762292398803e+00  -3.378950825777202877e-02  1.335612524469697249e+00  1.353784652070430417e+00
1.090000000000000080e+00  -6.343970623825880839e-01  -2.850547844629419125e-01  1.153515270838999796e-01  -4.526627895746537789e-02  2.611947298603234380e-02
1.100000000000000089e+00  1.333739662856017638e+00  1.084037690173690338e+00  -3.337835513052305608e-02  1.335566604541328140e+00  1.353435917596785831e+00
1.100000000000000089e+00  -6.306954209618074181e-01  -2.837638842848672627e-01  1.144937598359483805e-01  -4.482697099562349408e-02  2.583679656424142657e-02
1.110000000000000098e+00  1.330568278686149686e+00  1.083283851689929245e+00  -3.297444330245884181e-02  1.335521861612776195e+00  1.353094914370418067e+00
1.110000000000000098e+00  -6.270479542443693211e-01  -2.824868154801375986e-01  1.136466866033044171e-01  -4.439386633485786771e-02  2.555885486561215725e-02
1.120000000000000107e+00  1.327448861996207485e+00  1.082540949573057132e+00  -3.257759150570635476e-02  1.335478234397242225e+00  1.352761409560234052e+00
1.120000000000000107e+00  -6.234534003864284912e-01  -2.812230946803807585e-01  1.128100563052324701e-01  -4.396588051145533527e-02  2.528540516326516219e-02
1.130000000000000115e+00  1.324380137421139025e+00  1.081808843732281034e+00  -3.218763446360087266e-02  1.335435712851828161e+00  1.352435211635715007e+00
1.130000000000000115e+00  -6.199104212842825312e-01  -2.799728098009321986e-01  1.119837313468028811e-01  -4.354352161357488704e-02  2.501567787207392701e-02
1.140000000000000124e+00  1.321360915470739084e+00  1.081087240564547969e+00  -3.180444060906918724e-02  1.335394266954616826e+00  1.352116113398878827e+00
1.140000000000000124e+00  -6.164178290435223806e-01  -2.787354606980449456e-01  1.111674810039288558e-01  -4.312696768702739547e-02  2.475025396141217193e-02
1.150000000000000133e+00  1.318389956625260373e+00  1.080375931767342701e+00  -3.142780860405377380e-02  1.335353847651013393e+00  1.351803924664412015e+00
1.150000000000000133e+00  -6.129744442302180740e-01  -2.775108320438535170e-01  1.103611156779375768e-01  -4.271534627875428480e-02  2.448832439635351133e-02
1.159999999999999920e+00  1.315466159707843641e+00  1.079674693843727384e+00  -3.105759853685450059e-02  1.335314422882114771e+00  1.351498450580454369e+00
1.159999999999999920e+00  -6.095790842284957156e-01  -2.762986707473566450e-01  1.095644374222088380e-01  -4.230894377353222602e-02  2.423070970778340438e-02
1.169999999999999929e+00  1.312588382503763862e+00  1.078983380250703616e+00  -3.069367860569814990e-02  1.335275987782295726e+00  1.351199521544499849e+00
1.169999999999999929e+00  -6.062306696355017621e-01  -2.750989709563002594e-01  1.087773147924286921e-01  -4.190814015148291993e-02  2.397655126184661256e-02
1.179999999999999938e+00  1.309755561514613698e+00  1.078301779414609474e+00  -3.033589613499357643e-02  1.335238507691224985e+00  1.350906952632516811e+00
1.179999999999999938e+00  -6.029281010791818218e-01  -2.739114431335428201e-01  1.079995712774774325e-01  -4.151233989411318159e-02  2.372621025783616666e-02
1.189999999999999947e+00  1.306966614121439996e+00  1.077629665055845454e+00  -2.998409775594516533e-02  1.335201928634746960e+00  1.350620587061909905e+00
1.189999999999999947e+00  -5.996703352269401321e-01  -2.727357726557976814e-01  1.072310142553075663e-01  -4.112125332982530246e-02  2.347865688231476344e-02
1.199999999999999956e+00  1.304220556616308535e+00  1.076966857951495493e+00  -2.963816978773389788e-02  1.335166266373614574e+00  1.350340251558800997e+00
1.199999999999999956e+00  -5.964563777635359942e-01  -2.715718058855867700e-01  1.064714764294335259e-01  -4.073559207865673493e-02  2.323530356336467317e-02
1.209999999999999964e+00  1.301516446690814011e+00  1.076313249932282945e+00  -2.929798187593650807e-02  1.335131439092042127e+00  1.350065821684585554e+00
1.209999999999999964e+00  -5.932852551090981308e-01  -2.704196004776022177e-01  1.057208678366971938e-01  -4.035387926483635646e-02  2.299611467923856623e-02
1.219999999999999973e+00  1.298853240630467365e+00  1.075668540268537088e+00  -2.896338990848176462e-02  1.335097487401648797e+00  1.349797093925667602e+00
1.219999999999999973e+00  -5.901559557869302530e-01  -2.692785313507894962e-01  1.049789235850303593e-01  -3.997775536885361802e-02  2.275983971263062511e-02
1.229999999999999982e+00  1.296230101095373399e+00  1.075032589599864474e+00  -2.863426367727866725e-02  1.335064354562476518e+00  1.349533943793691293e+00
1.229999999999999982e+00  -5.870676330364998918e-01  -2.681485494087035848e-01  1.042455220236218200e-01  -3.960627428870255873e-02  2.252640424289031884e-02
1.239999999999999991e+00  1.293646122492747352e+00  1.074405274357885576e+00  -2.831050154425904589e-02  1.335032009949180587e+00  1.349276221213773219e+00
1.239999999999999991e+00  -5.840193650633755951e-01  -2.670296748740892401e-01  1.035205750116331980e-01  -3.923900033637628404e-02  2.229674354916388879e-02
1.250000000000000000e+00  1.291100405492759284e+00  1.073786417303657093e+00  -2.799199281640869091e-02  1.335000443242305490e+00  1.349023816140368481e+00
1.250000000000000000e+00  -5.810102936066086077e-01  -2.659215577421837340e-01  1.028038992847082056e-01  -3.887672413859122322e-02  2.207077388845202215e-02
1.260000000000000009e+00  1.288592126128375037e+00  1.073175817773061702e+00  -2.767859352221816241e-02  1.334969637624813465e+00  1.348776559471891012e+00
1.260000000000000009e+00  -5.780395592733145183e-01  -2.648239493902994068e-01  1.020953064747498751e-01  -3.851857661411595135e-02  2.184745997414605512e-02
1.270000000000000018e+00  1.286120473074866544e+00  1.072573348729030540e+00  -2.737021719101250666e-02  1.334939555332030459e+00  1.348534331707476719e+00
1.270000000000000018e+00  -5.751063642510254592e-01  -2.637367975530966469e-01  1.013947300683907815e-01  -3.816499999056222059e-02  2.162738723875845537e-02
1.280000000000000027e+00  1.283684656671351121e+00  1.071978810790107151e+00  -2.706672533300499492e-02  1.334910189607029452e+00  1.348296990324737710e+00
1.280000000000000027e+00  -5.722099264519162620e-01  -2.626597504377478631e-01  1.007019628987184529e-01  -3.781583276749878042e-02  2.140937222552286023e-02
1.290000000000000036e+00  1.281283924304148503e+00  1.071392149375517633e+00  -2.676806807265836446e-02  1.334881515600057966e+00  1.348064447706526892e+00
1.290000000000000036e+00  -5.693494870596342849e-01  -2.615930144888516939e-01  1.000169602360179294e-01  -3.747075470882454962e-02  2.119551624702376014e-02
1.300000000000000044e+00  1.278917520810295194e+00  1.070813193723660683e+00  -2.647410374702257110e-02  1.334853529412533657e+00  1.347836561674658373e+00
1.300000000000000044e+00  -5.665243108082753665e-01  -2.605363179988086642e-01  9.933957368358013740e-02  -3.713016347439401788e-02  2.098463062325739426e-02
1.310000000000000053e+00  1.276584685988116696e+00  1.070241723495421127e+00  -2.618473741452371009e-02  1.334826196186536640e+00  1.347613216266488223e+00
1.310000000000000053e+00  -5.637336082752268940e-01  -2.594892201500825779e-01  9.866962422908380492e-02  -3.679362870605085156e-02  2.077621284109587574e-02
1.320000000000000062e+00  1.274284784467571097e+00  1.069677711242120965e+00  -2.589988861707319054e-02  1.334799496545802766e+00  1.347394308884886538e+00
1.320000000000000062e+00  -5.609767368285160094e-01  -2.584519862839160242e-01  9.800706274156904818e-02  -3.646090247211497548e-02  2.057081115360115398e-02
1.330000000000000071e+00  1.272017044377677264e+00  1.069120943141652402e+00  -2.561945256476687999e-02  1.334773406097894188e+00  1.347179732228238613e+00
1.330000000000000071e+00  -5.582529573615941931e-01  -2.574241659063601362e-01  9.735171177623733185e-02  -3.613221231741625683e-02  2.036868666134239447e-02
1.340000000000000080e+00  1.269780863873298138e+00  1.068571263461318921e+00  -2.534333150374013313e-02  1.334747947454458572e+00  1.346969377374839461e+00
1.340000000000000080e+00  -5.555616475672280341e-01  -2.564055476965312885e-01  9.670345180214284797e-02  -3.580792093070939153e-02  2.016922670128118433e-02
1.350000000000000089e+00  1.267575596156742090e+00  1.068028608552205050e+00  -2.507144711097853904e-02  1.334723058757275371e+00  1.346763119014637633e+00
1.350000000000000089e+00  -5.529021948133665543e-01  -2.553961904921906445e-01  9.606219576010545380e-02  -3.548709278755468599e-02  1.997166062809263565e-02
1.360000000000000098e+00  1.265400603339689845e+00  1.067492827782769993e+00  -2.480369274248090880e-02  1.334698743812886335e+00  1.346560892487737249e+00
1.360000000000000098e+00  -5.502739102224880607e-01  -2.543959077442081718e-01  9.542782126844176482e-02  -3.517014940618279351e-02  1.977711975292251179e-02
1.370000000000000107e+00  1.263255251381223188e+00  1.066963826620429767e+00  -2.454002317465345251e-02  1.334674994391527703e+00  1.346362571465302693e+00
1.370000000000000107e+00  -5.476762030024849848e-01  -2.534046408756608915e-01  9.480023657177795438e-02  -3.485716693997009674e-02  1.958525985305936690e-02
1.380000000000000115e+00  1.261138988731768773e+00  1.066441424883146194e+00  -2.428031896343680815e-02  1.334651777301965048e+00  1.346168101149754603e+00
1.380000000000000115e+00  -5.451085139350753117e-01  -2.524220374016496460e-01  9.417930836058167887e-02  -3.454770551716912497e-02  1.939632269653301933e-02
1.390000000000000124e+00  1.259051200345178811e+00  1.065925546350595443e+00  -2.402451545760737883e-02  1.334629094220062706e+00  1.345977332645066360e+00
1.390000000000000124e+00  -5.425702061248220964e-01  -2.514481329217745920e-01  9.356493910941934833e-02  -3.424201835246631909e-02  1.920876026276363557e-02
1.400000000000000133e+00  1.256991339221949167e+00  1.065416027978566271e+00  -2.377252961267381157e-02  1.334606932493074272e+00  1.345790240949124694e+00
1.400000000000000133e+00  -5.400607516278719267e-01  -2.504825767209418186e-01  9.295701495348446253e-02  -3.394037901076685237e-02  1.902438466555989027e-02
1.409999999999999920e+00  1.254958834834950077e+00  1.064912848969562953e+00  -2.352429608726758214e-02  1.334585266894007916e+00  1.345606686652625505e+00
1.409999999999999920e+00  -5.375795864563442938e-01  -2.495256286550485703e-01  9.235547474759316089e-02  -3.364157081014107487e-02  1.884217868127824325e-02
1.419999999999999929e+00  1.252953223726965826e+00  1.064415866231230856e+00  -2.327973200538499890e-02  1.334564077593448639e+00  1.345426636892800509e+00
1.419999999999999929e+00  -5.351262417721520670e-01  -2.485770280193804471e-01  9.176021450939873814e-02  -3.334647088630637857e-02  1.866317128632910549e-02
1.429999999999999938e+00  1.250973884547721848e+00  1.063924974184186967e+00  -2.303877421245181800e-02  1.334543385165286367e+00  1.345249951521317877e+00
1.429999999999999938e+00  -5.327000741747287549e-01  -2.476366731850735137e-01  9.117113946864177643e-02  -3.305496687010622825e-02  1.848556543931323404e-02
1.439999999999999947e+00  1.249020381238031607e+00  1.063440048337705557e+00  -2.280133912401094073e-02  1.334523145423770263e+00  1.345076613662940845e+00
1.439999999999999947e+00  -5.303006947941975024e-01  -2.467043353799242000e-01  9.058812917694239464e-02  -3.276702488258431689e-02  1.831119968036742929e-02
1.449999999999999956e+00  1.247092207120603646e+00  1.062960991098206742e+00  -2.256736463770693535e-02  1.334503356808368402e+00  1.344906497788535216e+00
1.449999999999999956e+00  -5.279275421881522989e-01  -2.457799291082886917e-01  9.001110365726640306e-02  -3.248206372809980813e-02  1.813857534502005819e-02
1.459999999999999964e+00  1.245188869438276003e+00  1.062487687773262079e+00  -2.233678035160676159e-02  1.334484003521341666e+00  1.344739555800105846e+00
1.459999999999999964e+00  -5.255801846978198633e-01  -2.448633275056411318e-01  8.943996353220515227e-02  -3.220063127491212818e-02  1.796779213226179506e-02
1.469999999999999973e+00  1.243309930125344298e+00  1.062020068218897384e+00  -2.210953306462892787e-02  1.334465087194791622e+00  1.344575699852496697e+00
1.469999999999999973e+00  -5.232581400914642078e-01  -2.439544556384482810e-01  8.887464075114578921e-02  -3.192241508268145456e-02  1.779998448911768172e-02
1.479999999999999982e+00  1.241454912779894837e+00  1.061557985821938832e+00  -2.188553804423064991e-02  1.334446576821468611e+00  1.344414876209203857e+00
1.479999999999999982e+00  -5.209609508531970468e-01  -2.430530405387206772e-01  8.831500576837053584e-02  -3.164732713254081453e-02  1.763384452822192028e-02
1.489999999999999991e+00  1.239623343520849463e+00  1.061101388576771720e+00  -2.166474892413003395e-02  1.334428485039380385e+00  1.344256989619230236e+00
1.489999999999999991e+00  -5.186881308326879436e-01  -2.421591395657040902e-01  8.776101086018532615e-02  -3.137549504210368490e-02  1.746976391198873380e-02
1.500000000000000000e+00  1.237814842543652372e+00  1.060650206675062490e+00  -2.144710099561332461e-02  1.334410774324158666e+00  1.344101998866935155e+00
1.500000000000000000e+00  -5.164393037241570283e-01  -2.412727295123181237e-01  8.721258605236371919e-02  -3.110674179550820817e-02  1.730745796784249890e-02
1.510000000000000009e+00  1.236028949121606546e+00  1.060204332616983214e+00  -2.123253312804708470e-02  1.334393472003255976e+00  1.343949835966907536e+00
1.510000000000000009e+00  -5.142140153368999211e-01  -2.403936341186529435e-01  8.666962509838177509e-02  -3.084111965962432755e-02  1.714797754962488208e-02
1.520000000000000018e+00  1.234265259638667844e+00  1.059763696734737470e+00  -2.102099393361359092e-02  1.334376530497787705e+00  1.343800432668684541e+00
1.520000000000000018e+00  -5.120118658278617341e-01  -2.395218275596235347e-01  8.613207807094103163e-02  -3.057845925424151901e-02  1.699024794752723722e-02
1.530000000000000027e+00  1.232523377325760894e+00  1.059328152053663485e+00  -2.081241684845398787e-02  1.334359949783007426e+00  1.343653721169512538e+00
1.530000000000000027e+00  -5.098324299349681343e-01  -2.386569676083306335e-01  8.559982049264021342e-02  -3.031872391415602053e-02  1.683464099737425057e-02
1.540000000000000036e+00  1.230802921287773133e+00  1.058897674553848534e+00  -2.060676051482872653e-02  1.334343740623881835e+00  1.343509647070380453e+00
1.540000000000000036e+00  -5.076753949848749059e-01  -2.377991986711281702e-01  8.507281823422899181e-02  -3.006208151968159381e-02  1.668070792931425350e-02
1.550000000000000044e+00  1.229103476420989605e+00  1.058472173964181362e+00  -2.040395794912499075e-02  1.334327878153875435e+00  1.343368150100212599e+00
1.550000000000000044e+00  -5.055402550450005528e-01  -2.369483913841306522e-01  8.455099474176595853e-02  -2.980837832773564067e-02  1.652886364636424466e-02
1.560000000000000053e+00  1.227424703309090592e+00  1.058051575937053679e+00  -2.020397205430998419e-02  1.334312368110733171e+00  1.343229181815116302e+00
1.560000000000000053e+00  -5.034267570512811485e-01  -2.361044677044905060e-01  8.403427482453797170e-02  -2.955735358014899283e-02  1.637937779504544666e-02
1.570000000000000062e+00  1.225766218364934934e+00  1.057635763595617062e+00  -2.000672791087871119e-02  1.334297165391171935e+00  1.343092679858685301e+00
1.570000000000000062e+00  -5.013344607237906203e-01  -2.352671929500588233e-01  8.352254987273326214e-02  -2.930910356557070440e-02  1.623110234525609874e-02
1.580000000000000071e+00  1.224127663412776901e+00  1.057224640110465019e+00  -1.981219233500305238e-02  1.334282308580868825e+00  1.342958584726807736e+00
1.580000000000000071e+00  -4.992630175433274697e-01  -2.344363796306008219e-01  8.301574459379937321e-02  -2.906385371747954860e-02  1.608451767264956755e-02
1.590000000000000080e+00  1.222508706064416195e+00  1.056818195353740109e+00  -1.962030402944852508e-02  1.334267743190303612e+00  1.342826858562840453e+00
1.590000000000000080e+00  -4.972121208442401574e-01  -2.336122244001586634e-01  8.251383497234036912e-02  -2.882115424187214892e-02  1.593955170288968715e-02
1.600000000000000089e+00  1.220908991725264681e+00  1.056416337195690724e+00  -1.943104206153284039e-02  1.334253517524470523e+00  1.342697433285008124e+00
1.600000000000000089e+00  -4.951813963879616587e-01  -2.327945597069017436e-01  8.201676100679862469e-02  -2.858109935527586298e-02  1.579678662551881052e-02
1.610000000000000098e+00  1.219328193342345434e+00  1.056018960276816854e+00  -1.924431854171495745e-02  1.334239557753859495e+00  1.342570283865212044e+00
1.610000000000000098e+00  -4.931705191858757886e-01  -2.319831653052693010e-01  8.152438851873958225e-02  -2.834392214926129139e-02  1.565564550732528870e-02
1.620000000000000107e+00  1.217765984626202336e+00  1.055626079420822983e+00  -1.906013531149841969e-02  1.334225932486563959e+00  1.342445330566160111e+00
1.620000000000000107e+00  -4.911791649155086703e-01  -2.311783214408197340e-01  8.103674345475506136e-02  -2.810935908254741378e-02  1.551683599349723552e-02
1.630000000000000115e+00  1.216222057969078119e+00  1.055237550788707290e+00  -1.887840602295367057e-02  1.334212549316228680e+00  1.342322559696659035e+00
1.630000000000000115e+00  -4.892070263864209401e-01  -2.303796239738259699e-01  8.055370504280348620e-02  -2.787717843255965722e-02  1.537910174241180483e-02
1.640000000000000124e+00  1.214696086232063932e+00  1.054853307513898386e+00  -1.869911895977650895e-02  1.334199487282028418e+00  1.342201882276105929e+00
1.640000000000000124e+00  -4.872537450727965069e-01  -2.295869880455351786e-01  8.007521778838667947e-02  -2.764772648159175006e-02  1.524295930775187990e-02
1.650000000000000133e+00  1.213187785249018713e+00  1.054473336191212862e+00  -1.852220722976824843e-02  1.334186661700687004e+00  1.342083310588488843e+00
1.650000000000000133e+00  -4.853191045118550595e-01  -2.288005966621632636e-01  7.960124287745810878e-02  -2.742077051532487708e-02  1.510883120490413845e-02
1.660000000000000142e+00  1.211696852760843823e+00  1.054097523838400718e+00  -1.834764917332657591e-02  1.334174136099981034e+00  1.341966738242497792e+00
1.660000000000000142e+00  -4.834027558624415244e-01  -2.280201378055229655e-01  7.913169366798027127e-02  -2.719643904910418186e-02  1.497628054398969510e-02
1.669999999999999929e+00  1.210222982421221172e+00  1.053725778111394229e+00  -1.817537442735015982e-02  1.334161837605347234e+00  1.341852175681396808e+00
1.669999999999999929e+00  -4.815043957333122182e-01  -2.272454168651071305e-01  7.866648495792524787e-02  -2.697429996226929916e-02  1.484498348337986995e-02
1.679999999999999938e+00  1.208765929907054559e+00  1.053358116418627644e+00  -1.800538181801200968e-02  1.334149819870735332e+00  1.341739534863206851e+00
1.679999999999999938e+00  -4.796237921585955744e-01  -2.264767115565212985e-01  7.820561646363326236e-02  -2.675477506660361993e-02  1.471544011861247725e-02
1.689999999999999947e+00  1.207325379310644653e+00  1.052994442813725673e+00  -1.783759541542465771e-02  1.334138025412165529e+00  1.341628822719625802e+00
1.689999999999999947e+00  -4.777606123988325515e-01  -2.257138005831508254e-01  7.774901099957931550e-02  -2.653748726723403895e-02  1.458724108515357942e-02
1.699999999999999956e+00  1.205901085860787481e+00  1.052634671640535702e+00  -1.767200961499237888e-02  1.334126490178701996e+00  1.341519963008073635e+00
1.699999999999999956e+00  -4.759146384032869048e-01  -2.249564984194001305e-01  7.729658758403419594e-02  -2.632262724075618010e-02  1.446118474268204279e-02
1.709999999999999964e+00  1.204492782485449665e+00  1.052278760218606113e+00  -1.750855503388266260e-02  1.334115173396995147e+00  1.341412945451021077e+00
1.709999999999999964e+00  -4.740855827850593562e-01  -2.242048090752814804e-01  7.684831612538277346e-02  -2.611000038758592989e-02  1.433631621932351941e-02
1.719999999999999973e+00  1.203100192453841810e+00  1.051926640499442733e+00  -1.734722153386092716e-02  1.334104106786575539e+00  1.341307690319617940e+00
1.719999999999999973e+00  -4.722731601678372138e-01  -2.234586060550228237e-01  7.640412353823168579e-02  -2.589974279591555906e-02  1.421241726488459145e-02
1.729999999999999982e+00  1.201723076980338867e+00  1.051578321063425525e+00  -1.718794094005971634e-02  1.334093246014075529e+00  1.341204244929627531e+00
1.729999999999999982e+00  -4.704771529577820854e-01  -2.227181349581305314e-01  7.596401287389323298e-02  -2.569170121582298183e-02  1.409046342862718681e-02
1.739999999999999991e+00  1.200361193555503414e+00  1.051233671060610053e+00  -1.703071987988855063e-02  1.334082616281682121e+00  1.341102466816562977e+00
1.739999999999999991e+00  -4.686973141532531639e-01  -2.219829624595870410e-01  7.552786393347195315e-02  -2.548599560955733256e-02  1.396983040591787129e-02
1.750000000000000000e+00  1.199014296307405747e+00  1.050892666700621980e+00  -1.687550641567002116e-02  1.334072193262965556e+00  1.341002383703861600e+00
1.750000000000000000e+00  -4.669333881886235660e-01  -2.212531962587470091e-01  7.509565361530207150e-02  -2.528220626749855260e-02  1.385053834328381361e-02
1.760000000000000009e+00  1.197682134653622832e+00  1.050555254234124769e+00  -1.672226556756425953e-02  1.334061991988105156e+00  1.340903942128982340e+00
1.760000000000000009e+00  -4.651851363282366036e-01  -2.205287468277890572e-01  7.466732775894416307e-02  -2.508102553845925620e-02  1.373256480484641440e-02
1.770000000000000018e+00  1.196364489903208206e+00  1.050221382572850803e+00  -1.657096365932250737e-02  1.334051990696273560e+00  1.340807123944397272e+00
1.770000000000000018e+00  -4.634523195061128198e-01  -2.198095695177330611e-01  7.424284156770652454e-02  -2.488153267463510954e-02  1.361641495764648324e-02
1.780000000000000027e+00  1.195061119279327677e+00  1.049890986671867532e+00  -1.642156689772494849e-02  1.334042171538067478e+00  1.340711876797379798e+00
1.780000000000000027e+00  -4.617347152040994773e-01  -2.190955366913043822e-01  7.382214275135307036e-02  -2.468427875235601476e-02  1.350115848809085861e-02
1.790000000000000036e+00  1.193771838704803745e+00  1.049563991256796447e+00  -1.627404498658830204e-02  1.334032567560517357e+00  1.340618183658798479e+00
1.790000000000000036e+00  -4.600321243428729390e-01  -2.183864648147658682e-01  7.340514718946890282e-02  -2.448926510531301837e-02  1.338720124337422490e-02
1.800000000000000044e+00  1.192496382469982796e+00  1.049240402176342846e+00  -1.612836317252790141e-02  1.334023149719972157e+00  1.340526009983018740e+00
1.800000000000000044e+00  -4.583442949587523962e-01  -2.176825619035340775e-01  7.299186630293742761e-02  -2.429629093034935128e-02  1.327464398463790163e-02
1.810000000000000053e+00  1.191234564909788185e+00  1.048920155478696215e+00  -1.598451234737891316e-02  1.334013934201674800e+00  1.340435322974843135e+00
1.810000000000000053e+00  -4.566710259613908640e-01  -2.169836897275430609e-01  7.258223820235268353e-02  -2.410513031775884940e-02  1.316352747529409006e-02
1.820000000000000062e+00  1.189986172676891663e+00  1.048603193546635559e+00  -1.584243123019391658e-02  1.334004876037877541e+00  1.340346107863897629e+00
1.820000000000000062e+00  -4.550121348332538118e-01  -2.162897485541926956e-01  7.217619765083693739e-02  -2.391629663294159158e-02  1.305367207545721220e-02
1.830000000000000071e+00  1.188750995750688544e+00  1.048289456811496212e+00  -1.570211850893894409e-02  1.333996016225045711e+00  1.340258309979432294e+00
1.830000000000000071e+00  -4.533673686637699762e-01  -2.156006197583147654e-01  7.177371564111041657e-02  -2.372920115506682581e-02  1.294475610563694534e-02
1.840000000000000080e+00  1.187528840159480570e+00  1.047978929873611742e+00  -1.556351970870539780e-02  1.333987302560970756e+00  1.340171933496667078e+00
1.840000000000000080e+00  -4.517365464131230524e-01  -2.149163889734085620e-01  7.137474740068196211e-02  -2.354410062407052973e-02  1.283713102800138062e-02
1.850000000000000089e+00  1.186319500283600670e+00  1.047671554729462162e+00  -1.542663981174099974e-02  1.333978798746537908e+00  1.340086913127462420e+00
1.850000000000000089e+00  -4.501194775537968318e-01  -2.142369472298898403e-01  7.097925246706285329e-02  -2.336093471061717608e-02  1.273112858202152253e-02
1.860000000000000098e+00  1.185122791906212614e+00  1.047367281877119360e+00  -1.529141224394526058e-02  1.333970421356814651e+00  1.340003265637693897e+00
1.860000000000000098e+00  -4.485159673531839974e-01  -2.135622061195543986e-01  7.058717503701426865e-02  -2.317959820881221322e-02  1.262618066668619310e-02
1.870000000000000107e+00  1.183938514068876735e+00  1.047066054015119541e+00  -1.515784550814126309e-02  1.333962244579342649e+00  1.339920911384703484e+00
1.870000000000000107e+00  -4.469258120573333937e-01  -2.128920626516515868e-01  7.019847170577651896e-02  -2.300012785221183798e-02  1.252204304542336999e-02
1.880000000000000115e+00  1.182766512853158591e+00  1.046767861935030908e+00  -1.502588667741657641e-02  1.333954189996960249e+00  1.339839877550190073e+00
1.880000000000000115e+00  -4.453488555417470240e-01  -2.122265963070425476e-01  6.981311735164971721e-02  -2.282264173118631057e-02  1.241917452843088743e-02
1.890000000000000124e+00  1.181606566824682236e+00  1.046472634917986033e+00  -1.489553598519537114e-02  1.333946329865562497e+00  1.339760098203243155e+00
1.890000000000000124e+00  -4.437848893620028323e-01  -2.115656503819886569e-01  6.943106277181454455e-02  -2.264698739380388570e-02  1.231764770648124951e-02
1.900000000000000133e+00  1.180458520998726613e+00  1.046180337995121334e+00  -1.476674101994080585e-02  1.333938581180154292e+00  1.339681591543761652e+00
1.900000000000000133e+00  -4.422337449575392543e-01  -2.109091731737947339e-01  6.905226609797071591e-02  -2.247293145939610604e-02  1.221700134677661254e-02
1.910000000000000142e+00  1.179322193314825462e+00  1.045890935819842271e+00  -1.463950343414463506e-02  1.333931019715980604e+00  1.339604279524849284e+00
1.910000000000000142e+00  -4.406952293954994881e-01  -2.102571810459826496e-01  6.867668812724007921e-02  -2.230099195189583217e-02  1.211770522204769218e-02
1.919999999999999929e+00  1.178197410201478057e+00  1.045604412646085501e+00  -1.451377405764924487e-02  1.333923566365915248e+00  1.339528198883143340e+00
1.919999999999999929e+00  -4.391691956074269543e-01  -2.096096875422281403e-01  6.830431182425818204e-02  -2.213054000881642391e-02  1.201972520637972774e-02
1.929999999999999938e+00  1.177084016189413829e+00  1.045320702868662410e+00  -1.438955624278569385e-02  1.333916289416311241e+00  1.339453265187082964e+00
1.929999999999999938e+00  -4.376554739174195463e-01  -2.089665475855282117e-01  6.793508423528173135e-02  -2.196186815660550185e-02  1.192249653143850896e-02
1.939999999999999947e+00  1.175981849669626600e+00  1.045039752081650120e+00  -1.426679332328770373e-02  1.333909117008518219e+00  1.339379509361864340e+00
1.939999999999999947e+00  -4.361538981949203975e-01  -2.083276332449459922e-01  6.756894339317491560e-02  -2.179482892754636136e-02  1.182622929839760584e-02
1.949999999999999956e+00  1.174890721390189352e+00  1.044761568316539657e+00  -1.414550228482658843e-02  1.333902109874482100e+00  1.339306872196178499e+00
1.949999999999999956e+00  -4.346642909739797944e-01  -2.076931077493835154e-01  6.720589599455835395e-02  -2.162956183427089396e-02  1.173119527198807077e-02
1.959999999999999964e+00  1.173810500108029009e+00  1.044486069440280440e+00  -1.402561830187867495e-02  1.333895212848444478e+00  1.339235362827549514e+00
1.959999999999999964e+00  -4.331864841932188126e-01  -2.070627263749620917e-01  6.684587385825317696e-02  -2.146607733117933403e-02  1.163701810363382272e-02
1.969999999999999973e+00  1.172741026565641498e+00  1.044213251298891088e+00  -1.390716259055134463e-02  1.333888470201564314e+00  1.339164926362042429e+00
1.969999999999999973e+00  -4.317203645761704678e-01  -2.064365721467217862e-01  6.648885527508269222e-02  -2.130420726676562904e-02  1.154428577613986207e-02
1.979999999999999982e+00  1.171682135381328704e+00  1.043943046272713948e+00  -1.379007384920393452e-02  1.333881826805936477e+00  1.339095579834088667e+00
1.979999999999999982e+00  -4.302657513092578712e-01  -2.058144729001177009e-01  6.613479269924286974e-02  -2.114377705018699594e-02  1.145223800460848373e-02
1.989999999999999991e+00  1.170633688976826958e+00  1.043675444075885084e+00  -1.367435615156471079e-02  1.333875334130343759e+00  1.339027265116909948e+00
1.989999999999999991e+00  -4.288224849143142392e-01  -2.051964947644096815e-01  6.578365812727915429e-02  -2.098517126463361748e-02  1.136110123374589609e-02
2.000000000000000000e+00  1.169595544766200756e+00  1.043410401930760401e+00  -1.355997719335797110e-02  1.333868936838436881e+00  1.338960000906278758e+00
2.000000000000000000e+00  -4.273904569582648860e-01  -2.045825424419862593e-01  6.543542784839567750e-02  -2.082792086762808026e-02  1.127097437545698799e-02
