1.010000000000000  0.283774936745920  0.284936989614535  0.000129627609031  0.386674552403293  0.642880074216078
1.010000000000000  0.000000000000847  0.000000000000047  -0.000000000000002  0.000000000000000  0.000000000000000
1.020000000000000  0.313784894110072  0.314644909284457  0.000145292189793  0.414760696118799  0.650912917295022
1.020000000000000  0.000000000000432  0.000000000000013  0.000000000000004  -0.000000000000000  0.000000000000005
1.030000000000000  0.341142851320717  0.341722943868636  0.000151669214381  0.438765820489723  0.657440455058997
1.030000000000000  0.000000000001057  0.000000000000062  0.000000000000002  -0.000000000000000  0.000000000000005
1.040000000000000  0.363912159723438  0.364324321556734  0.000150537682793  0.459150830086371  0.662907465664172
1.040000000000000  0.000000000001209  0.000000000000072  0.000000000000002  0.000000000000000  0.000000000000005
1.050000000000000  0.382025896758521  0.382361411169962  0.000154900620787  0.476233937112407  0.667395980300994
1.050000000000000  0.000000000001323  0.000000000000059  0.000000000000007  0.000000000000000  0.000000000000005
1.060000000000000  0.397314952922978  0.397572082719873  0.000165409908506  0.490752666107392  0.671248013780794
1.060000000000000  0.000000000000961  0.000000000000146  -0.000000000000002  -0.000000000000017  0.000000000000005
1.070000000000000  0.410785824745904  0.410986393675332  0.000173815739432  0.503442531468159  0.674767811333160
1.070000000000000  0.000000000004955  0.000000000000185  0.000000000000018  0.000000000001553  0.000000000000019
1.080000000000000  0.422775654399099  0.422938526938730  0.000180364085634  0.514682191598117  0.678015239793297
1.080000000000000  0.000000000009984  0.000000000000501  -0.000000000000043  -0.000000000122193  -0.000000000000636
1.090000000000000  0.432694548476670  0.432820938956486  0.000177556965005  0.524619418341048  0.681031980353338
1.090000000000000  0.000000000026505  0.000000000000601  -0.000000000000105  0.000000000319864  0.000000000001835
1.100000000000000  0.441851155000227  0.441946017671451  0.000173468526162  0.533859496037485  0.683849365799300
1.100000000000000  0.000000000027023  0.000000000003847  -0.000000000000139  -0.000000000622450  0.000000000002653
1.110000000000000  0.450450516540002  0.450519577501672  0.000169245928288  0.542503181993480  0.686491880822391
1.110000000000000  0.000000000087617  0.000000000002431  -0.000000000000326  -0.000000000571046  -0.000000000004698
1.120000000000000  0.458575378153225  0.458624261315429  0.000165187858343  0.550611584576994  0.688979077620230
1.120000000000000  -0.000000000051366  -0.000000000004058  -0.000000000000278  0.000000000142026  -0.000000000003457
1.130000000000000  0.466284234078561  0.466317433709182  0.000161286010998  0.558234785504460  0.691327063460883
1.130000000000000  -0.000000000302103  -0.000000000012395  0.000000000000056  0.000000000011288  0.000000000001394
1.140000000000000  0.473622101670470  0.473643523843121  0.000157325074970  0.565415833331388  0.693549282953854
1.140000000000000  -0.000000000321877  -0.000000000008827  0.000000000000809  0.000000000301180  0.000000000000939
1.150000000000000  0.480625476225051  0.480638201679767  0.000153744101835  0.572192255460493  0.695657180646245
1.150000000000000  0.000000001039384  0.000000000064999  0.000000000002428  0.000000000422101  -0.000000000000942
1.160000000000000  0.487325044980960  0.487331339140541  0.000150327400089  0.578597061789362  0.697660476753646
1.160000000000000  0.000000018838911  0.000000001352397  0.000000000001122  0.000000000490687  -0.000000000000443
1.170000000000000  0.493747199953813  0.493748792846873  0.000147088885468  0.584659893040932  0.699567738086350
1.170000000000000  0.000000068818059  0.000000005705419  -0.000000000010943  -0.000000001248772  -0.000000000000144
1.180000000000000  0.499914915403107  0.499913385312719  0.000143910695647  0.590407272694768  0.701386348179578
1.180000000000000  0.000000004036725  0.000000017951212  -0.000000000052553  -0.000000001184854  -0.000000000000381
1.190000000000000  0.505848265574993  0.505844616520097  0.000140950482815  0.595863142027502  0.703122872257366
1.190000000000000  0.000000001473844  0.000000047328319  -0.000000000141359  -0.000000001045678  0.000000000003501
1.200000000000000  0.511565131777719  0.511559854020660  0.000137958678421  0.601048869591007  0.704783145742747
1.200000000000000  0.000000000557990  0.000000105184815  -0.000000000846967  -0.000000000860191  -0.000000000002545
1.210000000000000  0.517081403970550  0.517075158836568  0.000135165867781  0.605983970038672  0.706372289578967
1.210000000000000  0.000000000210143  0.000000002015177  -0.000000000764038  0.000000001537763  -0.000000000003485
1.220000000000000  0.522411146991476  0.522404383699529  0.000132420793417  0.610686094283651  0.707895022987886
1.220000000000000  0.000000000081518  0.000000000566762  -0.000000003691555  0.000000000761472  -0.000000000005312
1.230000000000000  0.527566982896142  0.527559823596684  0.000129848433503  0.615171144866455  0.709355534672646
1.230000000000000  0.000000000039332  0.000000000170963  -0.000000002640902  -0.000000000070074  -0.000000000003813
1.240000000000000  0.532560505374760  0.532553194212055  0.000127242470235  0.619453579638929  0.710757687559867
1.240000000000000  0.000000000025957  0.000000000114148  -0.000000012336233  0.000000000321470  -0.000000000014655
1.250000000000000  0.537401779125773  0.537394558131372  0.000124786886579  0.623546837495552  0.712104857232588
1.250000000000000  0.000000000022888  0.000000000091804  -0.000000020632328  0.000000005157554  0.000000000059562
1.260000000000000  0.542100118735558  0.542093024585928  0.000122389836673  0.627462758293354  0.713400237720891
1.260000000000000  -0.000000000014874  0.000000000083714  -0.000000033477368  0.000000004299414  -0.000000000019331
1.270000000000000  0.546664088013812  0.546657254672126  0.000120075513295  0.631212638229349  0.714646840008127
1.270000000000000  0.000000000002238  0.000000000099073  -0.000000010926799  0.000000021434084  0.000000000029895
1.280000000000000  0.551101226148849  0.551094596362879  0.000117836215070  0.634806153250213  0.715847175420509
1.280000000000000  -0.000000000004329  0.000000000062302  -0.000000007057811  0.000000009866573  0.000000000033826
1.290000000000000  0.555418811575410  0.555412309624572  0.000115503571002  0.638253037967159  0.717003910765613
1.290000000000000  0.000000000012484  0.000000000000120  -0.000000000059738  0.000000029079807  0.000000000051626
1.300000000000000  0.559622730060421  0.559616607431473  0.000113385826691  0.641561483981649  0.718119089215389
1.300000000000000  -0.000000000018411  0.000000000005678  -0.000000000038761  -0.000000002146220  -0.000000000159131
1.310000000000000  0.563719200393623  0.563713399029902  0.000111319835044  0.644739668997076  0.719194940616475
1.310000000000000  0.000000000022049  0.000000000004970  -0.000000000025753  -0.000000007017710  -0.000000000043894
1.320000000000000  0.567713603960451  0.567708021719610  0.000109320776939  0.647794598657404  0.720233348774255
1.320000000000000  -0.000000000042178  0.000000000001250  -0.000000000016754  -0.000000001951259  0.000000000082721
1.330000000000000  0.571610777301351  0.571605521767808  0.000107364120802  0.650733066161087  0.721236273013412
1.330000000000000  0.000000000004221  -0.000000000015584  -0.000000000011608  -0.000000004151454  0.000000000031270
1.340000000000000  0.575415658471586  0.575410547012655  0.000105490744893  0.653561425958636  0.722205262283904
1.340000000000000  0.000000000003054  0.000000000000293  -0.000000000008511  0.000000010830214  -0.000000000019363
1.350000000000000  0.579132282979816  0.579127312195497  0.000103652343576  0.656285301037885  0.723141977172233
1.350000000000000  -0.000000000009686  -0.000000000006028  -0.000000000005799  -0.000000000297057  0.000000000011618
1.360000000000000  0.582764469666981  0.582759838590341  0.000101883672223  0.658910005330419  0.724047871114360
1.360000000000000  0.000000000115957  0.000000000001934  -0.000000000004336  -0.000000002215287  -0.000000000167726
1.370000000000000  0.586316259660311  0.586311714494970  0.000100151556045  0.661440770442482  0.724924423377460
1.370000000000000  -0.000000000001576  -0.000000000005993  -0.000000000003579  0.000000010403178  0.000000000102713
1.380000000000000  0.589790661948063  0.589786565752191  0.000098460156391  0.663882077930421  0.725772822136066
1.380000000000000  -0.000000000313434  -0.000000000010750  -0.000000000001538  0.000000023691977  -0.000000000171402
1.390000000000000  0.593191182848673  0.593187321607724  0.000096825724196  0.666238370904882  0.726594363697339
1.390000000000000  0.000000000017975  0.000000000017640  -0.000000000002460  -0.000000016527178  -0.000000000315237
1.400000000000000  0.596520823990441  0.596517118899407  0.000095211042705  0.668513684929694  0.727390167017924
1.400000000000000  -0.000000000077805  -0.000000000017869  0.000000000002576  -0.000000001372396  0.000000000145185
1.410000000000000  0.599782280320342  0.599778586975182  0.000093674444596  0.670711810664269  0.728161320085769
1.410000000000000  -0.000000000060260  -0.000000000032611  0.000000000000329  -0.000000021285438  0.000000000130736
1.420000000000000  0.602978183449426  0.602974768281810  0.000092140334177  0.672836365601195  0.728908893882947
1.420000000000000  0.000000000552787  -0.000000000009971  0.000000000002656  0.000000046666537  -0.000000000303611
1.430000000000000  0.606110986569487  0.606107871543378  0.000090679696540  0.674890658614108  0.729633832489082
1.430000000000000  0.000000000173912  0.000000000020483  0.000000000000544  -0.000000070206533  0.000000000062281
1.440000000000000  0.609183216493039  0.609179922436342  0.000089259598985  0.676877933542464  0.730337034571312
1.440000000000000  -0.000000000103519  0.000000000007962  -0.000000000000688  -0.000000012690258  0.000000000185220
1.450000000000000  0.612196784306768  0.612193902148659  0.000087822069659  0.678801091082019  0.731019370957958
1.450000000000000  -0.000000000306106  -0.000000000006497  0.000000000001960  0.000000019838486  0.000000000211196
1.460000000000000  0.615153996538887  0.615151102974428  0.000086473581579  0.680663012795265  0.731681702727452
1.460000000000000  -0.000000000085242  0.000000000004591  -0.000000000002227  0.000000013159577  -0.000000000779387
1.470000000000000  0.618056600557385  0.618053793345378  0.000085133856105  0.682466090845201  0.732324779303545
1.470000000000000  -0.000000000170921  -0.000000000006405  0.000000000001653  0.000000011280714  0.000000001171029
1.480000000000000  0.620906567616224  0.620903957278221  0.000083837451180  0.684213092113516  0.732949340464770
1.480000000000000  0.000000000133050  -0.000000000008699  0.000000000000202  0.000000006180847  0.000000000344704
1.490000000000000  0.623705740419459  0.623703093882133  0.000082560255257  0.685906231092094  0.733556060966915
1.490000000000000  -0.000000000288897  0.000000000013129  -0.000000000002292  0.000000012009514  0.000000000510833
1.500000000000000  0.626455645884248  0.626453169994091  0.000081382084629  0.687547827813691  0.734145741452080
1.500000000000000  -0.000000000135657  -0.000000000002901  -0.000000000000804  0.000000096183983  -0.000000001278944
1.510000000000000  0.629157758475316  0.629155746082154  0.000080120599949  0.689139587203829  0.734718807981761
1.510000000000000  0.000000000147260  -0.000000000005305  -0.000000000001311  0.000000069230318  0.000000000520461
1.520000000000000  0.631813908749970  0.631811518437942  0.000078956927172  0.690684203749927  0.735276039566587
1.520000000000000  -0.000000000477103  -0.000000000002159  0.000000000001956  0.000000027987527  -0.000000000262753
1.530000000000000  0.634425224893312  0.634423098976005  0.000077797176687  0.692182992025309  0.735817907413091
1.530000000000000  0.000000000680744  0.000000000013424  -0.000000000001125  0.000000055629188  0.000000001551442
1.540000000000000  0.636993195869228  0.636991216821405  0.000076659303261  0.693638005700529  0.736345066302268
1.540000000000000  0.000000000097738  -0.000000000006943  0.000000000001655  -0.000000006473050  0.000000000651135
1.550000000000000  0.639519171329148  0.639517277327843  0.000075562870370  0.695050794747467  0.736857897341723
1.550000000000000  -0.000000000416188  0.000000000012186  -0.000000000013177  0.000000056565068  -0.000000000772812
1.560000000000000  0.642004185900287  0.642002438922299  0.000074482178829  0.696423183998559  0.737357056718504
1.560000000000000  0.000000000168717  0.000000000038027  0.000000000005354  -0.000000026641742  -0.000000000534957
1.570000000000000  0.644449570515749  0.644447955858671  0.000073424626202  0.697756393629489  0.737842891507040
1.570000000000000  -0.000000000268319  0.000000000022917  -0.000000000003284  0.000000006577878  0.000000001036789
1.580000000000000  0.646856626272318  0.646854864785429  0.000072406898829  0.699052206262305  0.738315946758103
1.580000000000000  -0.000000000109020  0.000000000060125  0.000000000001374  0.000000005533194  0.000000000374189
1.590000000000000  0.649226051005488  0.649224518076800  0.000071419105214  0.700311731538928  0.738776621564208
1.590000000000000  0.000000000271753  0.000000000015198  -0.000000000010719  -0.000000006698211  -0.000000000350727
1.600000000000000  0.651558918359562  0.651557338504348  0.000070412431768  0.701536584815719  0.739225336903921
1.600000000000000  0.000000000635971  -0.000000000021490  0.000000000007271  0.000000005472277  -0.000000000829846
1.610000000000000  0.653856596950251  0.653855132990583  0.000069447707967  0.702727839000748  0.739662485569972
1.610000000000000  0.000000000229899  -0.000000000048031  0.000000000000087  0.000000019523743  0.000000002661521
1.620000000000000  0.656119722085473  0.656118280502128  0.000068531816454  0.703886610339650  0.740088508472405
1.620000000000000  -0.000000000422937  0.000000000000963  -0.000000000001235  -0.000000017792698  -0.000000000323604
1.630000000000000  0.658349259456235  0.658347864725230  0.000067593826339  0.705014387965049  0.740503674755867
1.630000000000000  -0.000000000689040  0.000000000034914  0.000000000001706  0.000000022563759  -0.000000001275640
1.640000000000000  0.660546060355196  0.660544601516445  0.000066699020478  0.706111879394902  0.740908449023113
1.640000000000000  -0.000000000045083  -0.000000000021155  -0.000000000002071  0.000000000360310  -0.000000001231626
1.650000000000000  0.662711013332025  0.662709640419912  0.000065805341535  0.707180398640139  0.741303040521582
1.650000000000000  0.000000000054380  -0.000000000007588  -0.000000000009119  0.000000009209091  0.000000001670910
1.660000000000000  0.664844915336391  0.664843721444671  0.000064918937535  0.708220925667969  0.741687874449380
1.660000000000000  0.000000000459685  -0.000000000048238  -0.000000000053093  -0.000000000179122  -0.000000001980565
1.670000000000000  0.666948523678593  0.666947479740840  0.000064102793458  0.709234295218495  0.742063224926416
1.670000000000000  0.000000000221008  0.000000000095524  -0.000000000011905  0.000000009776225  -0.000000001158372
1.680000000000000  0.669022578341829  0.669021404997661  0.000063262494031  0.710221566897825  0.742429400500032
1.680000000000000  0.000000000151300  -0.000000000070414  -0.000000000005854  0.000000009140831  -0.000000000225777
1.690000000000000  0.671067828298832  0.671066753747969  0.000062469325527  0.711183527961318  0.742786624243963
1.690000000000000  0.000000000418206  0.000000000020786  0.000000000000125  0.000000015936500  -0.000000001266671
1.700000000000000  0.673084942013159  0.673083801906632  0.000061653840180  0.712120952302877  0.743135286012802
1.700000000000000  -0.000000000820158  0.000000000003135  0.000000000020884  0.000000008065173  -0.000000000564817
1.710000000000000  0.675074601858849  0.675073371179203  0.000060879824267  0.713034774690643  0.743475619470022
1.710000000000000  0.000000000355103  -0.000000000001173  -0.000000000009613  -0.000000018364120  0.000000001352079
1.720000000000000  0.677037417209878  0.677036386930769  0.000060108325747  0.713925604761201  0.743807809204524
1.720000000000000  -0.000000000073089  -0.000000000032294  -0.000000000000048  -0.000000012638367  0.000000002202175
1.730000000000000  0.678973895357457  0.678972881516475  0.000059362874376  0.714794459697468  0.744132177711993
1.730000000000000  0.000000000448317  0.000000000025468  -0.000000000001968  0.000000019608500  -0.000000003814971
1.740000000000000  0.680884901414067  0.680883970354401  0.000058619802315  0.715641823986447  0.744448925681954
1.740000000000000  0.000000000163704  -0.000000000007217  0.000000000016660  0.000000017626273  -0.000000000967923
1.750000000000000  0.682770776675180  0.682769798647743  0.000057899710903  0.716468470020349  0.744758296925314
1.750000000000000  -0.000000000655589  -0.000000000007297  0.000000000011868  -0.000000010446840  -0.000000001848671
1.760000000000000  0.684632323850527  0.684631405911274  0.000057198194448  0.717274964836945  0.745060500873433
1.760000000000000  0.000000000164333  -0.000000000019232  -0.000000000015673  0.000000006467174  0.000000001162436
1.770000000000000  0.686469930621419  0.686468788018397  0.000056517262021  0.718062088596878  0.745355730920602
1.770000000000000  0.000000000598365  -0.000000000010049  -0.000000000009601  0.000000001408822  0.000000005688950
1.780000000000000  0.688283788753425  0.688283024213299  0.000055812012539  0.718830310146540  0.745644197141053
1.780000000000000  -0.000000000382526  0.000000000060123  0.000000000000337  0.000000018914216  -0.000000003447848
1.790000000000000  0.690075093529574  0.690074278155339  0.000055151742512  0.719580187419412  0.745926148659482
1.790000000000000  0.000000000567178  -0.000000000016074  -0.000000000009160  -0.000000007917179  -0.000000000361768
1.800000000000000  0.691843794529137  0.691842998982799  0.000054486931439  0.720312455881043  0.746201702688197
1.800000000000000  0.000000000190701  0.000000000032139  0.000000000013262  -0.000000030989729  0.000000002363386
1.810000000000000  0.693590563584771  0.693589769317781  0.000053849834775  0.721027535710422  0.746471081894838
1.810000000000000  0.000000000356731  0.000000000014668  0.000000000002191  0.000000007401537  0.000000002246702
1.820000000000000  0.695315813483104  0.695315221690709  0.000053203800332  0.721725780476103  0.746734394113849
1.820000000000000  0.000000000647020  -0.000000000068732  -0.000000000012361  0.000000020062454  0.000000001996477
1.830000000000000  0.697020120162814  0.697019322552837  0.000052596235724  0.722408118828854  0.746991952856329
1.830000000000000  -0.000000002709292  0.000000000044792  0.000000000019081  -0.000000024365997  0.000000000091696
1.840000000000000  0.698703870226416  0.698703068492086  0.000051974549739  0.723074779292386  0.747243776951072
1.840000000000000  -0.000000000198391  -0.000000000060740  -0.000000000008457  0.000000046086732  0.000000002927408
1.850000000000000  0.700367228101967  0.700366528225816  0.000051389630408  0.723726028327951  0.747490090636287
1.850000000000000  -0.000000000930946  -0.000000000024674  -0.000000000013446  0.000000002304578  -0.000000003422353
1.860000000000000  0.702010876414082  0.702010207508625  0.000050786810946  0.724362647861734  0.747731031114977
1.860000000000000  -0.000000000560937  0.000000000027806  -0.000000000019835  0.000000004268977  0.000000001254832
1.870000000000000  0.703634941785166  0.703634414680927  0.000050220112503  0.724984809724084  0.747966762260957
1.870000000000000  -0.000000001262138  -0.000000000053753  0.000000000000262  -0.000000001500102  -0.000000001936410
1.880000000000000  0.705240181387087  0.705239529640071  0.000049644621707  0.725593046571896  0.748197449856566
1.880000000000000  0.000000000433285  -0.000000000010633  0.000000000029267  0.000000016916834  -0.000000002261307
1.890000000000000  0.706826612274390  0.706826063514557  0.000049082404374  0.726187798937478  0.748423155805274
1.890000000000000  -0.000000000920575  -0.000000000091548  0.000000000033480  -0.000000050424659  0.000000003160921
1.900000000000000  0.708394907443608  0.708394360535727  0.000048537671753  0.726769422120855  0.748644084927798
1.900000000000000  -0.000000000392008  0.000000000047065  -0.000000000002497  0.000000018082384  -0.000000000563648
1.910000000000000  0.709945006396103  0.709944455714193  0.000047998532679  0.727338245655412  0.748860308443030
1.910000000000000  -0.000000001310656  -0.000000000002702  -0.000000000040499  0.000000041689393  0.000000003067610
1.920000000000000  0.711477826980287  0.711477210560756  0.000047476037656  0.727894638068527  0.749072017472893
1.920000000000000  0.000000001679226  -0.000000000062067  0.000000000003882  0.000000007826669  0.000000000281339
1.930000000000000  0.712993088221099  0.712992510102013  0.000046943412744  0.728438900912936  0.749279249222067
1.930000000000000  0.000000000985073  -0.000000000026587  -0.000000000005452  0.000000011794339  -0.000000001678268
1.940000000000000  0.714491473863600  0.714490875029502  0.000046443886518  0.728971502334310  0.749482187945155
1.940000000000000  0.000000000032273  0.000000000131723  0.000000000017802  0.000000029566324  -0.000000005785832
1.950000000000000  0.715973113592616  0.715972566094895  0.000045937155380  0.729492673161266  0.749680939449746
1.950000000000000  -0.000000001505386  0.000000000018697  -0.000000000025440  -0.000000003905492  -0.000000004795419
1.960000000000000  0.717438621504603  0.717438091453049  0.000045433055078  0.730002763978957  0.749875569864717
1.960000000000000  0.000000001961506  0.000000000105658  0.000000000025629  -0.000000090360594  -0.000000001033622
1.970000000000000  0.718887854770299  0.718887525566195  0.000044951852778  0.730501921915252  0.750066242378687
1.970000000000000  -0.000000000104808  0.000000000083671  0.000000000026119  0.000000024742793  -0.000000000113642
1.980000000000000  0.720321620002446  0.720321066833386  0.000044462607933  0.730990718251927  0.750253031294120
1.980000000000000  0.000000000074890  -0.000000000068273  0.000000000000677  0.000000006830981  -0.000000004864293
1.990000000000000  0.721739491149032  0.721739073893749  0.000043998852047  0.731469231527505  0.750436040384150
1.990000000000000  0.000000000548074  -0.000000000033873  0.000000000002258  0.000000002148149  -0.000000000960490
2.000000000000000  0.723142592496771  0.723141929152043  0.000043545133829  0.731937872670121  0.750615363068533
2.000000000000000  0.000000009169748  -0.000000000072529  0.000000000012749  0.000000002677148  -0.000000001216758
2.010000000000000  0.724530392153496  0.724529955716711  0.000043060678261  0.732396474779386  0.750791205319649
2.010000000000000  0.000000000001383  0.000000000000087  0.000000000000009  0.000000000000000  0.000000000000000
2.020000000000000  0.725903617406977  0.725903156736891  0.000042630915365  0.732845933653781  0.750963456011587
2.020000000000000  0.000000000001380  0.000000000000087  0.000000000000009  -0.000000000000000  0.000000000000004
2.030000000000000  0.727262379046188  0.727261963150941  0.000042179781338  0.733286218834198  0.751132259314866
2.030000000000000  0.000000000001380  0.000000000000087  0.000000000000009  -0.000000000000000  0.000000000000004
2.040000000000000  0.728606959118579  0.728606574696059  0.000041733579618  0.733717546882922  0.751297745008944
2.040000000000000  0.000000000001380  0.000000000000087  0.000000000000009  -0.000000000000000  0.000000000000004
2.050000000000000  0.729937612711765  0.729937211445590  0.000041331873702  0.734140102091618  0.751459997383216
2.050000000000000  0.000000000001380  0.000000000000087  0.000000000000009  -0.000000000000000  0.000000000000004
2.060000000000000  0.731254625412978  0.731254217361598  0.000040908917210  0.734554154799644  0.751619069585226
2.060000000000000  0.000000000001380  0.000000000000087  0.000000000000009  -0.000000000000000  0.000000000000004
2.070000000000000  0.732558072975969  0.732557688579445  0.000040461165633  0.734959898298721  0.751775041137599
2.070000000000000  0.000000000001380  0.000000000000087  0.000000000000009  -0.000000000000000  0.000000000000004
2.080000000000000  0.733848245126820  0.733847906925331  0.000040075980799  0.735357615665340  0.751928039470402
2.080000000000000  0.000000000001380  0.000000000000087  0.000000000000009  -0.000000000000000  0.000000000000004
2.090000000000000  0.735125416837440  0.735125046747908  0.000039658938175  0.735747453994050  0.752078076197865
2.090000000000000  0.000000000001380  0.000000000000087  0.000000000000009  -0.000000000000000  0.000000000000004
2.100000000000000  0.736389727790510  0.736389398843842  0.000039244448739  0.736129651390302  0.752225181823163
2.100000000000000  0.000000000001380  0.000000000000087  0.000000000000009  -0.000000000000000  0.000000000000004
2.110000000000000  0.737641436760036  0.737641088690200  0.000038868062817  0.736503975440107  0.752369558056820
2.110000000000000  0.000000000001380  0.000000000000087  0.000000000000009  -0.000000000000000  0.000000000000004
2.120000000000000  0.738880704699649  0.738880360089995  0.000038457851582  0.736871362437425  0.752511196876234
2.120000000000000  0.000000000001381  0.000000000000087  0.000000000000009  -0.000000000000000  0.000000000000004
2.130000000000000  0.740107739203033  0.740107413204770  0.000038041542611  0.737231605066837  0.752650157549442
2.130000000000000  0.000000000001381  0.000000000000087  0.000000000000009  -0.000000000000000  0.000000000000004
2.140000000000000  0.741322744471399  0.741322444646726  0.000037681646501  0.737584880482649  0.752786503866851
2.140000000000000  0.000000000001381  0.000000000000087  0.000000000000009  -0.000000000000000  0.000000000000004
2.150000000000000  0.742525915676077  0.742525572581064  0.000037303890385  0.737931398826253  0.752920302967247
2.150000000000000  0.000000000001381  0.000000000000087  0.000000000000009  -0.000000000000000  0.000000000000004
2.160000000000000  0.743717421427403  0.743717115196953  0.000036916412134  0.738271319360885  0.753051574219489
2.160000000000000  0.000000000001381  0.000000000000087  0.000000000000009  -0.000000000000000  0.000000000000004
2.170000000000000  0.744897437007339  0.744897157373777  0.000036558818391  0.738604738812887  0.753180445481707
2.170000000000000  0.000000000001381  0.000000000000087  0.000000000000009  -0.000000000000000  0.000000000000004
2.180000000000000  0.746066185120729  0.746065886480348  0.000036169413244  0.738931914817106  0.753306969939788
2.180000000000000  0.000000000001381  0.000000000000087  0.000000000000009  -0.000000000000000  0.000000000000004
2.190000000000000  0.747223776456825  0.747223487485508  0.000035809324953  0.739252913660603  0.753431168562231
2.190000000000000  0.000000000001381  0.000000000000087  0.000000000000009  -0.000000000000000  0.000000000000004
2.200000000000000  0.748370412734971  0.748370133198561  0.000035444944617  0.739567944754547  0.753553082204968
2.200000000000000  0.000000000001381  0.000000000000087  0.000000000000009  -0.000000000000000  0.000000000000004
2.210000000000000  0.749506251245905  0.749505977228156  0.000035100022911  0.739877131091333  0.753672775711835
2.210000000000000  0.000000000001381  0.000000000000087  0.000000000000009  -0.000000000000000  0.000000000000004
2.220000000000000  0.750631458458894  0.750631201691961  0.000034752522582  0.740180581747968  0.753790335566467
2.220000000000000  0.000000000001381  0.000000000000087  0.000000000000009  -0.000000000000000  0.000000000000004
2.230000000000000  0.751746258574196  0.751746011898874  0.000034418880566  0.740478456398982  0.753905787314281
2.230000000000000  0.000000000001381  0.000000000000087  0.000000000000009  -0.000000000000000  0.000000000000004
2.240000000000000  0.752850670705535  0.752850442411061  0.000034097406160  0.740770836859830  0.754019152496557
2.240000000000000  0.000000000001381  0.000000000000087  0.000000000000009  -0.000000000000000  0.000000000000004
2.250000000000000  0.753944925402484  0.753944654064617  0.000033751110814  0.741057917571172  0.754130533112355
2.250000000000000  0.000000000001381  0.000000000000087  0.000000000000009  -0.000000000000000  0.000000000000004
2.260000000000000  0.755029223263951  0.755028954530644  0.000033407694845  0.741339796273683  0.754239920925457
2.260000000000000  0.000000000001381  0.000000000000087  0.000000000000009  -0.000000000000000  0.000000000000004
2.270000000000000  0.756103548848944  0.756103304209206  0.000033094699117  0.741616519699948  0.754347334392128
2.270000000000000  0.000000000001381  0.000000000000087  0.000000000000009  -0.000000000000000  0.000000000000004
2.280000000000000  0.757168174868703  0.757167956440682  0.000032749504615  0.741888372616578  0.754452920286344
2.280000000000000  0.000000000001381  0.000000000000087  0.000000000000009  -0.000000000000000  0.000000000000004
2.290000000000000  0.758223227849768  0.758222967581309  0.000032438583912  0.742155327701218  0.754556609666291
2.290000000000000  0.000000000001381  0.000000000000087  0.000000000000009  -0.000000000000000  0.000000000000004
2.300000000000000  0.759268807790186  0.759268560610051  0.000032112837297  0.742417506183812  0.754658552670032
2.300000000000000  0.000000000001381  0.000000000000087  0.000000000000009  -0.000000000000000  0.000000000000004
2.310000000000000  0.760305058978428  0.760304831339898  0.000031822306253  0.742675026849864  0.754758694871268
2.310000000000000  0.000000000001381  0.000000000000087  0.000000000000009  -0.000000000000000  0.000000000000004
2.320000000000000  0.761332097528099  0.761331922096686  0.000031879467405  0.742928048740364  0.754856829110236
2.320000000000000  0.000000000001381  0.000000000000087  0.000000000000009  -0.000000000000000  0.000000000000004
2.330000000000000  0.762350133504275  0.762349923885233  0.000031597050792  0.743176630585594  0.754953560515543
2.330000000000000  0.000000000001381  0.000000000000087  0.000000000000009  -0.000000000000000  0.000000000000004
2.340000000000000  0.763359214518435  0.763358959956141  0.000031305337116  0.743420850563863  0.755048594888299
2.340000000000000  0.000000000001381  0.000000000000087  0.000000000000009  -0.000000000000000  0.000000000000004
2.350000000000000  0.764359465074218  0.764359253483169  0.000031045321698  0.743660832628692  0.755142065880514
2.350000000000000  0.000000000001381  0.000000000000087  0.000000000000009  -0.000000000000000  0.000000000000004
2.360000000000000  0.765351012106707  0.765350823849562  0.000030746952658  0.743896665801194  0.755233930321648
2.360000000000000  0.000000000001381  0.000000000000087  0.000000000000009  -0.000000000000000  0.000000000000004
2.370000000000000  0.766334035634640  0.766333826038571  0.000030490067845  0.744128429264124  0.755324253886702
2.370000000000000  0.000000000001381  0.000000000000087  0.000000000000009  -0.000000000000000  0.000000000000004
2.380000000000000  0.767308580728644  0.767308405368952  0.000030224333800  0.744356243933589  0.755413026842092
2.380000000000000  0.000000000001381  0.000000000000087  0.000000000000009  -0.000000000000000  0.000000000000004
2.390000000000000  0.768274772171891  0.768274574244285  0.000029964158200  0.744580150166172  0.755500359869588
2.390000000000000  0.000000000001381  0.000000000000087  0.000000000000009  -0.000000000000000  0.000000000000004
2.400000000000000  0.769232732234801  0.769232557032079  0.000029709267439  0.744800223422021  0.755586199432687
2.400000000000000  0.000000000001381  0.000000000000087  0.000000000000009  -0.000000000000000  0.000000000000004
2.410000000000000  0.770182582976636  0.770182410809910  0.000029462883788  0.745016614910573  0.755670641045685
2.410000000000000  0.000000000001381  0.000000000000087  0.000000000000009  -0.000000000000000  0.000000000000004
2.420000000000000  0.771124422062545  0.771124240654355  0.000029204735682  0.745229346570092  0.755753663873080
2.420000000000000  0.000000000001381  0.000000000000087  0.000000000000009  -0.000000000000000  0.000000000000004
2.430000000000000  0.772058353584436  0.772058174632026  0.000028949241848  0.745438485094660  0.755835285868449
2.430000000000000  0.000000000001381  0.000000000000087  0.000000000000009  -0.000000000000000  0.000000000000004
2.440000000000000  0.772984458880253  0.772984284881910  0.000028727204874  0.745644142469289  0.755915577808970
2.440000000000000  0.000000000001381  0.000000000000087  0.000000000000009  -0.000000000000000  0.000000000000004
2.450000000000000  0.773902872587097  0.773902710110799  0.000028472166879  0.745846407737930  0.755994625732775
2.450000000000000  0.000000000001381  0.000000000000087  0.000000000000009  -0.000000000000000  0.000000000000004
2.460000000000000  0.774813684226904  0.774813543396654  0.000028236910894  0.746045303734585  0.756072331402559
2.460000000000000  0.000000000001381  0.000000000000087  0.000000000000009  -0.000000000000000  0.000000000000004
2.470000000000000  0.775717014051933  0.775716841126430  0.000027994654099  0.746240933618216  0.756148778572865
2.470000000000000  0.000000000001381  0.000000000000087  0.000000000000009  -0.000000000000000  0.000000000000004
2.480000000000000  0.776612901171988  0.776612751561455  0.000027777452014  0.746433341651805  0.756224011908702
2.480000000000000  0.000000000001381  0.000000000000087  0.000000000000009  -0.000000000000000  0.000000000000004
2.490000000000000  0.777501530457886  0.777501367126140  0.000027540215485  0.746622635880747  0.756298066506279
2.490000000000000  0.000000000001381  0.000000000000087  0.000000000000009  -0.000000000000000  0.000000000000004
2.500000000000000  0.778382928586002  0.778382787335371  0.000027303594431  0.746808813500526  0.756370911351689
2.500000000000000  0.000000000001381  0.000000000000087  0.000000000000009  -0.000000000000000  0.000000000000004
2.510000000000000  0.779257193267267  0.779256991045983  0.000027088114743  0.746991996465533  0.756442603732669
2.510000000000000  0.000000000001381  0.000000000000087  0.000000000000009  -0.000000000000000  0.000000000000004
2.520000000000000  0.780124384809834  0.780124256638016  0.000026863836940  0.747172183725197  0.756513128771530
2.520000000000000  0.000000000001381  0.000000000000087  0.000000000000009  -0.000000000000000  0.000000000000004
2.530000000000000  0.780984656662052  0.780984513274726  0.000026638433711  0.747349551102222  0.756582588004767
2.530000000000000  0.000000000001381  0.000000000000087  0.000000000000009  -0.000000000000000  0.000000000000004
2.540000000000000  0.781838055606445  0.781837936743318  0.000026439344486  0.747524026435862  0.756650891706538
2.540000000000000  0.000000000001381  0.000000000000087  0.000000000000009  -0.000000000000000  0.000000000000004
2.550000000000000  0.782684675926568  0.782684558653674  0.000026214997541  0.747695746805406  0.756718170544321
2.550000000000000  0.000000000001381  0.000000000000087  0.000000000000009  -0.000000000000000  0.000000000000004
2.560000000000000  0.783524638892512  0.783524492612494  0.000025984961743  0.747864745118659  0.756784391349752
2.560000000000000  0.000000000001381  0.000000000000087  0.000000000000009  -0.000000000000000  0.000000000000004
2.570000000000000  0.784357937565161  0.784357832241266  0.000025787399755  0.748031034026392  0.756849583005640
2.570000000000000  0.000000000001381  0.000000000000087  0.000000000000009  -0.000000000000000  0.000000000000004
2.580000000000000  0.785184712726346  0.785184581448862  0.000025577550916  0.748194731154626  0.756913758865417
2.580000000000000  0.000000000001381  0.000000000000087  0.000000000000009  -0.000000000000000  0.000000000000004
2.590000000000000  0.786005078769385  0.786004947575112  0.000025402891302  0.748355870863904  0.756976932392155
2.590000000000000  0.000000000001381  0.000000000000087  0.000000000000009  -0.000000000000000  0.000000000000004
2.600000000000000  0.786819031214712  0.786818921567666  0.000025184838491  0.748514518187158  0.757039179184145
2.600000000000000  0.000000000001381  0.000000000000087  0.000000000000009  -0.000000000000000  0.000000000000004
2.610000000000000  0.787626711361049  0.787626605783809  0.000024983175958  0.748670672169271  0.757100451121630
2.610000000000000  0.000000000001381  0.000000000000087  0.000000000000009  -0.000000000000000  0.000000000000004
2.620000000000000  0.788428181009575  0.788428040574402  0.000024767296131  0.748824402895046  0.757160800430955
2.620000000000000  0.000000000001381  0.000000000000087  0.000000000000009  -0.000000000000000  0.000000000000004
2.630000000000000  0.789223452700822  0.789223370872294  0.000024614160831  0.748975793981998  0.757220225010832
2.630000000000000  0.000000000001381  0.000000000000087  0.000000000000009  -0.000000000000000  0.000000000000004
2.640000000000000  0.790012711628594  0.790012591704468  0.000024407486040  0.749124800151803  0.757278692288119
2.640000000000000  0.000000000001381  0.000000000000087  0.000000000000009  -0.000000000000000  0.000000000000004
2.650000000000000  0.790795917167127  0.790795845298305  0.000024214820142  0.749271582700139  0.757336346321473
2.650000000000000  0.000000000001381  0.000000000000087  0.000000000000009  -0.000000000000000  0.000000000000004
2.660000000000000  0.791573214263913  0.791573120317553  0.000024038059523  0.749416122678924  0.757393103536123
2.660000000000000  0.000000000001381  0.000000000000087  0.000000000000009  -0.000000000000000  0.000000000000004
2.670000000000000  0.792344657250588  0.792344534274460  0.000023840114425  0.749558434390549  0.757449036127884
2.670000000000000  0.000000000001381  0.000000000000087  0.000000000000009  -0.000000000000000  0.000000000000004
2.680000000000000  0.793110280766587  0.793110176903828  0.000023657160489  0.749698627941928  0.757504073485907
2.680000000000000  0.000000000001381  0.000000000000087  0.000000000000009  -0.000000000000000  0.000000000000004
2.690000000000000  0.793870161134978  0.793870094557789  0.000023473898856  0.749836698187996  0.757558332905143
2.690000000000000  0.000000000001381  0.000000000000087  0.000000000000009  -0.000000000000000  0.000000000000004
2.700000000000000  0.794624439089150  0.794624337617060  0.000023292272683  0.749972687319249  0.757611782985315
2.700000000000000  0.000000000001381  0.000000000000087  0.000000000000009  -0.000000000000000  0.000000000000004
2.710000000000000  0.795373107173271  0.795372995995732  0.000023117867965  0.750106664053428  0.757664442755375
2.710000000000000  0.000000000001381  0.000000000000087  0.000000000000009  -0.000000000000000  0.000000000000004
2.720000000000000  0.796116233497167  0.796116102197157  0.000022929074996  0.750238624487487  0.757716348787709
2.720000000000000  0.000000000001381  0.000000000000087  0.000000000000009  -0.000000000000000  0.000000000000004
2.730000000000000  0.796853885977998  0.796853787710998  0.000022767564177  0.750368656868017  0.757767469107450
2.730000000000000  0.000000000001381  0.000000000000087  0.000000000000009  -0.000000000000000  0.000000000000004
2.740000000000000  0.797586121326297  0.797586024585079  0.000022612638985  0.750496733145680  0.757817897440195
2.740000000000000  0.000000000001381  0.000000000000087  0.000000000000009  -0.000000000000000  0.000000000000004
2.750000000000000  0.798313017745484  0.798312931929003  0.000022451988313  0.750622952377072  0.757867547625827
2.750000000000000  0.000000000001381  0.000000000000087  0.000000000000009  -0.000000000000000  0.000000000000004
2.760000000000000  0.799034692470481  0.799034548793642  0.000022273201783  0.750747362191023  0.757916497455768
2.760000000000000  0.000000000001381  0.000000000000087  0.000000000000009  -0.000000000000000  0.000000000000004
2.770000000000000  0.799751038502749  0.799750965579795  0.000022105138053  0.750869871602599  0.757964731641720
2.770000000000000  0.000000000001381  0.000000000000087  0.000000000000009  -0.000000000000000  0.000000000000004
2.780000000000000  0.800462244910956  0.800462193450925  0.000021939101592  0.750990648268041  0.758012260235887
2.780000000000000  0.000000000001381  0.000000000000087  0.000000000000009  -0.000000000000000  0.000000000000004
2.790000000000000  0.801168376564725  0.801168278162149  0.000021778986312  0.751109670568612  0.758059141114572
2.790000000000000  0.000000000001381  0.000000000000087  0.000000000000009  -0.000000000000000  0.000000000000004
2.800000000000000  0.801869465516244  0.801869348139922  0.000021641077234  0.751226978142631  0.758105352861385
2.800000000000000  0.000000000001381  0.000000000000087  0.000000000000009  -0.000000000000000  0.000000000000004
2.810000000000000  0.802565520506629  0.802565437002412  0.000021472987848  0.751342551757973  0.758150848269855
2.810000000000000  0.000000000001381  0.000000000000087  0.000000000000009  -0.000000000000000  0.000000000000004
2.820000000000000  0.803256621965951  0.803256523720783  0.000021304769444  0.751456523240246  0.758195780173154
2.820000000000000  0.000000000001381  0.000000000000087  0.000000000000009  -0.000000000000000  0.000000000000004
2.830000000000000  0.803942842414545  0.803942783711828  0.000021172826578  0.751568853311065  0.758240069912663
2.830000000000000  0.000000000001381  0.000000000000087  0.000000000000009  -0.000000000000000  0.000000000000004
2.840000000000000  0.804624242611995  0.804624159800564  0.000021004572789  0.751679599951100  0.758283701838540
2.840000000000000  0.000000000001381  0.000000000000087  0.000000000000009  -0.000000000000000  0.000000000000004
2.850000000000000  0.805300825594095  0.805300753679407  0.000020854331492  0.751788760991447  0.758326713301354
2.850000000000000  0.000000000001381  0.000000000000087  0.000000000000009  -0.000000000000000  0.000000000000004
2.860000000000000  0.805972718687539  0.805972630711431  0.000020704240441  0.751896347888075  0.758369190649575
2.860000000000000  0.000000000001381  0.000000000000087  0.000000000000009  -0.000000000000000  0.000000000000004
2.870000000000000  0.806639908028618  0.806639836353252  0.000020549172645  0.752002462034783  0.758411013675968
2.870000000000000  0.000000000001381  0.000000000000087  0.000000000000009  -0.000000000000000  0.000000000000004
2.880000000000000  0.807302442711713  0.807302386610590  0.000020404363726  0.752107072477713  0.758452285271733
2.880000000000000  0.000000000001381  0.000000000000087  0.000000000000009  -0.000000000000000  0.000000000000004
2.890000000000000  0.807960439736908  0.807960381383681  0.000020257032163  0.752210238632962  0.758492962622892
2.890000000000000  0.000000000001381  0.000000000000087  0.000000000000009  -0.000000000000000  0.000000000000004
2.900000000000000  0.808613901872485  0.808613843524162  0.000020119290644  0.752311958990636  0.758533057390960
2.900000000000000  0.000000000001381  0.000000000000087  0.000000000000009  -0.000000000000000  0.000000000000004
2.910000000000000  0.809262843706775  0.809262765686847  0.000019999413260  0.752412271401469  0.758572619422993
2.910000000000000  0.000000000001381  0.000000000000087  0.000000000000009  -0.000000000000000  0.000000000000004
2.920000000000000  0.809907339389239  0.809907301454706  0.000019843754293  0.752511173244645  0.758611684149913
2.920000000000000  0.000000000001381  0.000000000000087  0.000000000000009  -0.000000000000000  0.000000000000004
2.930000000000000  0.810547490374849  0.810547419371094  0.000019696704922  0.752608735912799  0.758650182670518
2.930000000000000  0.000000000001381  0.000000000000087  0.000000000000009  -0.000000000000000  0.000000000000004
2.940000000000000  0.811183243469955  0.811183179314386  0.000019585711336  0.752704965453742  0.758688154788745
2.940000000000000  0.000000000001381  0.000000000000087  0.000000000000009  -0.000000000000000  0.000000000000004
2.950000000000000  0.811814739431936  0.811814653543584  0.000019428885620  0.752799854395233  0.758725597565635
2.950000000000000  0.000000000001381  0.000000000000087  0.000000000000009  -0.000000000000000  0.000000000000004
2.960000000000000  0.812441949106488  0.812441869382867  0.000019295076065  0.752893449026187  0.758762532180658
2.960000000000000  0.000000000001381  0.000000000000087  0.000000000000009  -0.000000000000000  0.000000000000004
2.970000000000000  0.813064932345055  0.813064905515304  0.000019168814124  0.752985804301040  0.758799027059322
2.970000000000000  0.000000000001381  0.000000000000087  0.000000000000009  -0.000000000000000  0.000000000000004
2.980000000000000  0.813683787754422  0.813683720107063  0.000019026598439  0.753076895802166  0.758834995167296
2.980000000000000  0.000000000001381  0.000000000000087  0.000000000000009  -0.000000000000000  0.000000000000004
2.990000000000000  0.814298477850089  0.814298427801228  0.000018905380588  0.753166709533170  0.758870485732641
2.990000000000000  0.000000000001381  0.000000000000087  0.000000000000009  -0.000000000000000  0.000000000000004
3.000000000000000  0.814909108549387  0.814909059351349  0.000018773185427  0.753255392826663  0.758905497966468
3.000000000000000  0.000000000001381  0.000000000000087  0.000000000000009  -0.000000000000000  0.000000000000004
