1.000000000000000021e-02  4.953404080967893641e-01  4.611715409859931669e-01  -4.893666791907150607e-03  3.395490990717960900e-01  2.406782966571183735e-01
1.000000000000000021e-02  -1.524531785860704092e-01  -8.517420147154786125e-02  2.241087943325430210e-02  -5.006700423833027047e-03  4.017972530109367724e-03
2.000000000000000042e-02  4.947353721970806362e-01  4.608987723266604886e-01  -4.788991467192135927e-03  3.395448441689339347e-01  2.406237872897940833e-01
2.000000000000000042e-02  -1.515523399818006212e-01  -8.457720827705231259e-02  2.213726317822854381e-02  -4.933450263030242366e-03  3.936835409951808251e-03
2.999999999999999889e-02  4.941427525563208967e-01  4.606330380851169637e-01  -4.687708097847700928e-03  3.395407637554268554e-01  2.405714260868839216e-01
2.999999999999999889e-02  -1.506653793500124794e-01  -8.399058230857406326e-02  2.186951510410431107e-02  -4.861634984361762335e-03  3.858084443263160024e-03
4.000000000000000083e-02  4.935621358042249218e-01  4.603740904413242685e-01  -4.589671726088808031e-03  3.395368333759379853e-01  2.405211148252973108e-01
4.000000000000000083e-02  -1.497918834562952106e-01  -8.341401132462415713e-02  2.160744436217674341e-02  -4.791228088158933085e-03  3.781626323450373861e-03
5.000000000000000278e-02  4.929931061230362621e-01  4.601216548336473089e-01  -4.494737105274322631e-03  3.395330553626766945e-01  2.404727505046927449e-01
5.000000000000000278e-02  -1.489314188891757984e-01  -8.284717787961021207e-02  2.135085952058354136e-02  -4.722204399630641758e-03  3.707371730250624831e-03
5.999999999999999778e-02  4.924352817433553797e-01  4.598754918188534546e-01  -4.402776767993473242e-03  3.395294224514018855e-01  2.404262333917251415e-01
5.999999999999999778e-02  -1.480835888337747597e-01  -8.228978450464846661e-02  2.109958005885088916e-02  -4.654532251481412371e-03  3.635228093544606853e-03
7.000000000000000666e-02  4.918882954800407048e-01  4.596353666099950996e-01  -4.313644232918059998e-03  3.395259197853879862e-01  2.403814826642301228e-01
7.000000000000000666e-02  -1.472480208918145461e-01  -8.174154504717197345e-02  2.085342806593399809e-02  -4.588183546312959299e-03  3.565118019200883004e-03
8.000000000000000167e-02  4.913517939832654502e-01  4.594010571644728258e-01  -4.227228234283559108e-03  3.395225506339948907e-01  2.403384096618635946e-01
8.000000000000000167e-02  -1.464243442207536494e-01  -8.120220258034614724e-02  2.061224548785917793e-02  -4.523131441054424433e-03  3.496962972736189501e-03
8.999999999999999667e-02  4.908254575810355180e-01  4.591723580146978567e-01  -4.143413889056522283e-03  3.395193022805636507e-01  2.402969347546082268e-01
8.999999999999999667e-02  -1.456122204487536320e-01  -8.067148077607051715e-02  2.037587223293828645e-02  -4.459346204158124750e-03  3.430690387537765895e-03
1.000000000000000056e-01  4.903089656721815182e-01  4.589490657437906296e-01  -4.062092487253709389e-03  3.395161763071279926e-01  2.402569827808418435e-01
1.000000000000000056e-01  -1.448113368703802806e-01  -8.014914440419514119e-02  2.014415911328719389e-02  -4.396802344866764488e-03  3.366229114770621922e-03
1.100000000000000006e-01  4.898020261393903896e-01  4.587309910532092472e-01  -3.983161892237428725e-03  3.395131650102782839e-01  2.402184830086414036e-01
1.100000000000000006e-01  -1.440213798847507776e-01  -7.963495397102303419e-02  1.991696257743043666e-02  -4.335466631094557315e-03  3.303512308570080713e-03
1.199999999999999956e-01  4.893043475702851808e-01  4.585179478656064567e-01  -3.906517045186551525e-03  3.395102573740383378e-01  2.401813664192094522e-01
1.199999999999999956e-01  -1.432420351660186053e-01  -7.912868189942784403e-02  1.969414528498887249e-02  -4.275317591055382421e-03  3.242474155705998839e-03
1.300000000000000044e-01  4.888156687178430992e-01  4.583097741233140843e-01  -3.832085577701109871e-03  3.395074600488011130e-01  2.401455754383218510e-01
1.300000000000000044e-01  -1.424730625241720228e-01  -7.863011956176604866e-02  1.947557852584020505e-02  -4.216323935600100117e-03  3.183058017152559649e-03
1.400000000000000133e-01  4.883357214106027744e-01  4.581063030879370945e-01  -3.759771599705881602e-03  3.395047577580188602e-01  2.401110537657296928e-01
1.400000000000000133e-01  -1.417141571157887470e-01  -7.813905359983684684e-02  1.926113562344810085e-02  -4.158458784147171967e-03  3.125206395162005713e-03
1.499999999999999944e-01  4.878642618017562382e-01  4.579073760899233236e-01  -3.689485124766619072e-03  3.395021512257400675e-01  2.400777337086124064e-01
1.499999999999999944e-01  -1.409650850134555877e-01  -7.765528488401365892e-02  1.905070179169833858e-02  -4.101702619904721778e-03  3.068862355295395861e-03
1.600000000000000033e-01  4.874010629452328325e-01  4.577128446448804899e-01  -3.621151124576147979e-03  3.394996392703996113e-01  2.400455671134500424e-01
1.600000000000000033e-01  -1.402255943156340834e-01  -7.717862868749157668e-02  1.884415388139015421e-02  -4.046023044502290895e-03  3.013970473031812869e-03
1.700000000000000122e-01  4.869458833292689137e-01  4.575225661981549008e-01  -3.554696927195829647e-03  3.394972123055277624e-01  2.400145044584728604e-01
1.700000000000000122e-01  -1.394954558439124581e-01  -7.670889563481925189e-02  1.864138842483471434e-02  -3.991394973466520606e-03  2.960485615834854145e-03
1.799999999999999933e-01  4.864985001607048942e-01  4.573364055751910073e-01  -3.490044668822356311e-03  3.394948782659913955e-01  2.399845009088336090e-01
1.799999999999999933e-01  -1.387744109411568338e-01  -7.624591048866585785e-02  1.844229210560412169e-02  -3.937795658746339605e-03  2.908356278274820683e-03
1.900000000000000022e-01  4.860587259272256544e-01  4.571542272581964328e-01  -3.427138616599884145e-03  3.394926151572708606e-01  2.399555048423752668e-01
1.900000000000000022e-01  -1.380622829935762574e-01  -7.578950250563785962e-02  1.824676993882778930e-02  -3.885201232904446182e-03  2.857539609214490572e-03
2.000000000000000111e-01  4.856263379713311457e-01  4.569759014275943665e-01  -3.365908301119096592e-03  3.394904331553676435e-01  2.399274767122214214e-01
2.000000000000000111e-01  -1.373588331585541000e-01  -7.533950315869197834e-02  1.805472004639458936e-02  -3.833586683563827008e-03  2.807986364677286795e-03
2.099999999999999922e-01  4.852011592930008388e-01  4.568013198641798778e-01  -3.306295423540935290e-03  3.394883199198248103e-01  2.399003726953949922e-01
2.099999999999999922e-01  -1.366638873446749114e-01  -7.489576635908980207e-02  1.786605397792142766e-02  -3.782930227607518223e-03  2.759662888542457893e-03
2.200000000000000011e-01  4.847830107324477278e-01  4.566303576292949362e-01  -3.248238007619463300e-03  3.394862765638504976e-01  2.398741574441417279e-01
2.200000000000000011e-01  -1.359772486352412713e-01  -7.445813064401510251e-02  1.768067395189953581e-02  -3.733206359376085078e-03  2.712518627129886784e-03
2.300000000000000100e-01  4.843716907025386043e-01  4.564629213176276679e-01  -3.191681162290543449e-03  3.394843100718202278e-01  2.398487977351410616e-01
2.300000000000000100e-01  -1.352987008272084068e-01  -7.402646258675496527e-02  1.749849772921697674e-02  -3.684399014904033397e-03  2.666521670697377666e-03
2.399999999999999911e-01  4.839670415407164583e-01  4.562988917302088221e-01  -3.136568266597002021e-03  3.394824051534644505e-01  2.398242570508393734e-01
2.399999999999999911e-01  -1.346280940787334957e-01  -7.360060574188334592e-02  1.731943883397455211e-02  -3.636480858085551927e-03  2.621633289387567678e-03
2.500000000000000000e-01  4.835689053370434975e-01  4.561381664798156987e-01  -3.082856612516596175e-03  3.394805613766900265e-01  2.398004986159695817e-01
2.500000000000000000e-01  -1.339652575347010655e-01  -7.318043871201676542e-02  1.714341978196806671e-02  -3.589432826823453493e-03  2.577819015977186878e-03
2.600000000000000089e-01  4.831771075231185986e-01  4.559806515476706457e-01  -3.030489715754677241e-03  3.394787837128669938e-01  2.397774941356473621e-01
2.600000000000000089e-01  -1.333100103457923180e-01  -7.276581579517710230e-02  1.697036148715539913e-02  -3.543233670418893377e-03  2.535042897788983285e-03
2.700000000000000178e-01  4.827915148237886811e-01  4.558262597218100676e-01  -2.979430339526549596e-03  3.394770612048232383e-01  2.397552113642550109e-01
2.700000000000000178e-01  -1.326622094844815414e-01  -7.235662419274646595e-02  1.680019121894120449e-02  -3.497866474874637525e-03  2.493275039533060511e-03
2.800000000000000266e-01  4.824119520496474856e-01  4.556748951963249805e-01  -2.929629112722448130e-03  3.394753953015241521e-01  2.397336227985025769e-01
2.800000000000000266e-01  -1.320216753649143815e-01  -7.195274015143314494e-02  1.663283391678914425e-02  -3.453308477326011167e-03  2.452480542375623518e-03
2.899999999999999800e-01  4.820382939680794010e-01  4.555264712454815124e-01  -2.881043475125636116e-03  3.394737810048505389e-01  2.397127009468004444e-01
2.899999999999999800e-01  -1.313882666645699027e-01  -7.155403257991532762e-02  1.646821732725617035e-02  -3.409542506193227306e-03  2.412632199112349496e-03
2.999999999999999889e-01  4.816704084253518037e-01  4.553809059371980439e-01  -2.833634822347921335e-03  3.394722225633781676e-01  2.396924209775793124e-01
2.999999999999999889e-01  -1.307618617983569986e-01  -7.116040756996076799e-02  1.630628218314810612e-02  -3.366552252891924068e-03  2.373697170269861711e-03
3.099999999999999978e-01  4.813081420859894877e-01  4.552381221859974625e-01  -2.787370857839615267e-03  3.394707101521646231e-01  2.396727524718282321e-01
3.099999999999999978e-01  -1.301422819943391096e-01  -7.077173546136833471e-02  1.614695544067026867e-02  -3.324315543803901644e-03  2.335653054600969614e-03
3.200000000000000067e-01  4.809513863078875850e-01  4.550980399435679002e-01  -2.742198967628688491e-03  3.394692512405297902e-01  2.396536821356857749e-01
3.200000000000000067e-01  -1.295294247071535898e-01  -7.038791929570809014e-02  1.599017929548966419e-02  -3.282816956153783352e-03  2.298468065698305862e-03
3.300000000000000155e-01  4.806000011868113431e-01  4.549605895279490997e-01  -2.698091903580321794e-03  3.394678310727943238e-01  2.396351824775674044e-01
3.300000000000000155e-01  -1.289231404413120341e-01  -7.000885266835414622e-02  1.583589199347337079e-02  -3.242037621794982387e-03  2.262122288287773952e-03
3.400000000000000244e-01  4.802538745157376443e-01  4.548256960649491587e-01  -2.655015225354030294e-03  3.394664589198939098e-01  2.396172322793774789e-01
3.400000000000000244e-01  -1.283233043849560107e-01  -6.963443902792136597e-02  1.568403470805235234e-02  -3.201968716610506093e-03  2.226585089624755209e-03
3.500000000000000333e-01  4.799128831864274414e-01  4.546932859087965406e-01  -2.612935992261603869e-03  3.394651288454482718e-01  2.395998107311695935e-01
3.500000000000000333e-01  -1.277298024875869187e-01  -6.926458010689852396e-02  1.553454860688940724e-02  -3.162582278070159500e-03  2.191832800598314535e-03
3.599999999999999867e-01  4.795769269389700273e-01  4.545633005122880488e-01  -2.571823527527172543e-03  3.394638395755674720e-01  2.395828986517690717e-01
3.599999999999999867e-01  -1.271425101363451715e-01  -6.889917394612056489e-02  1.538738045580211045e-02  -3.123873593381950014e-03  2.157846370778551681e-03
3.699999999999999956e-01  4.792458841573938866e-01  4.544356760640378967e-01  -2.531639783701862111e-03  3.394625864536732762e-01  2.395664747151572960e-01
3.699999999999999956e-01  -1.265613019956094432e-01  -6.853813618786780415e-02  1.524247890724218096e-02  -3.085822304066499194e-03  2.124603691693330298e-03
3.800000000000000044e-01  4.789196497284661236e-01  4.543103490734141658e-01  -2.492374196902502875e-03  3.394613771893532084e-01  2.395505262738698293e-01
3.800000000000000044e-01  -1.259860692759727785e-01  -6.818138093961671753e-02  1.509978936510443862e-02  -3.048410243858865488e-03  2.092077408394996119e-03
3.900000000000000133e-01  4.785981152504337199e-01  4.541872586250041977e-01  -2.453985506291736941e-03  3.394602051030307099e-01  2.395350337532072271e-01
3.900000000000000133e-01  -1.254167116260348491e-01  -6.782881493210551893e-02  1.495926332288257873e-02  -3.011630903723308376e-03  2.060253651221768956e-03
4.000000000000000222e-01  4.782812047325688543e-01  4.540663478580788115e-01  -2.416450403801962462e-03  3.394590650323022762e-01  2.395199810121559636e-01
4.000000000000000222e-01  -1.248531259017072459e-01  -6.748036539828281000e-02  1.482085480856267824e-02  -2.975466615653667764e-03  2.029108823344422108e-03
4.100000000000000311e-01  4.779687979088968475e-01  4.539475630068638967e-01  -2.379742803989096014e-03  3.394579602685461328e-01  2.395053521887869630e-01
4.100000000000000311e-01  -1.242952008577405676e-01  -6.713594404693221107e-02  1.468451440309155934e-02  -2.939904243772170547e-03  1.998625178121410384e-03
4.199999999999999845e-01  4.776608058580760208e-01  4.538308500677838975e-01  -2.343838162348842701e-03  3.394568866356894032e-01  2.394911323359267818e-01
4.199999999999999845e-01  -1.237428238280973702e-01  -6.679547220452861089e-02  1.455019768034373009e-02  -2.904928403525036500e-03  1.968784887597510580e-03
4.299999999999999933e-01  4.773571470587514298e-01  4.537161631177925036e-01  -2.308707255955722449e-03  3.394558524414972300e-01  2.394773112941033510e-01
4.299999999999999933e-01  -1.231959267813731163e-01  -6.645887793580187997e-02  1.441786109035352384e-02  -2.870528940764102265e-03  1.939567070106326674e-03
4.400000000000000022e-01  4.770577187975736377e-01  4.536034351045281632e-01  -2.274338209593293123e-03  3.394548429699798531e-01  2.394638671837708843e-01
4.400000000000000022e-01  -1.226543830102705124e-01  -6.612608242518323853e-02  1.428745916912598987e-02  -2.836694220228461617e-03  1.910959285455038348e-03
4.500000000000000111e-01  4.767624443408615686e-01  4.534926324410346599e-01  -2.240711963692498029e-03  3.394538526423105940e-01  2.394507934320986020e-01
4.500000000000000111e-01  -1.221181224736206938e-01  -6.579701401789525561e-02  1.415895437448074119e-02  -2.803408255537809084e-03  1.882941128216117366e-03
4.600000000000000200e-01  4.764712356160543116e-01  4.533837105124901568e-01  -2.207792852095020065e-03  3.394528968679688674e-01  2.394380700927941641e-01
4.600000000000000200e-01  -1.215870505862274298e-01  -6.547160859359174578e-02  1.403230661752491622e-02  -2.770658106891205584e-03  1.855498568386737546e-03
4.700000000000000289e-01  4.761840176703467931e-01  4.532766131925913267e-01  -2.175564842266630630e-03  3.394519741928462842e-01  2.394256927888410991e-01
4.700000000000000289e-01  -1.210610761885683173e-01  -6.514979046717708777e-02  1.390747087822828514e-02  -2.738441564953412490e-03  1.828614451433147048e-03
4.799999999999999822e-01  4.759007075802255127e-01  4.531713009156498329e-01  -2.144010942426955498e-03  3.394510738217755286e-01  2.394136472913028779e-01
4.799999999999999822e-01  -1.205401238338377479e-01  -6.483150117039866711e-02  1.378441633814446628e-02  -2.706735282886427001e-03  1.802275531974692480e-03
4.899999999999999911e-01  4.756212179745148427e-01  4.530677331301360411e-01  -2.113107657755070815e-03  3.394502040128759557e-01  2.394019246493152286e-01
4.899999999999999911e-01  -1.200240838841804825e-01  -6.451666560273518203e-02  1.366310048069559711e-02  -2.675538100788430861e-03  1.776464892597459655e-03
5.000000000000000000e-01  4.753454927849165568e-01  4.529658694211596837e-01  -2.082844805610957646e-03  3.394493586246485894e-01  2.393905098656299857e-01
5.000000000000000000e-01  -1.195129143231149493e-01  -6.420523645092945930e-02  1.354349408317338452e-02  -2.644835853521512476e-03  1.751171790405459117e-03
5.100000000000000089e-01  4.750734492083231730e-01  4.528656629376274223e-01  -2.053196677879412513e-03  3.394485335109966861e-01  2.393793963368651134e-01
5.100000000000000089e-01  -1.190065158564904690e-01  -6.389713661206539164e-02  1.342555646477251036e-02  -2.614615521045702932e-03  1.726380728994419966e-03
5.200000000000000178e-01  4.748050141022087667e-01  4.527670839289972271e-01  -2.024154100674464222e-03  3.394477351158694534e-01  2.393685711616556633e-01
5.200000000000000178e-01  -1.185048066311074899e-01  -6.359231762714176450e-02  1.330925719284829431e-02  -2.584870354064944427e-03  1.702079686115659518e-03
5.300000000000000266e-01  4.745401309704618820e-01  4.526700914595577774e-01  -1.995697636660754767e-03  3.394469561876624075e-01  2.393580266428813885e-01
5.300000000000000266e-01  -1.180077281951771029e-01  -6.329072079648287441e-02  1.319456390419161337e-02  -2.555590854120361188e-03  1.678256816242715277e-03
5.400000000000000355e-01  4.742787208779100649e-01  4.525746478015575391e-01  -1.967810353239539574e-03  3.394462033314515903e-01  2.393477536193840682e-01
5.400000000000000355e-01  -1.175151950789947441e-01  -6.299228127254154208e-02  1.308144143773346327e-02  -2.526764802706890894e-03  1.654897096354926433e-03
5.500000000000000444e-01  4.740207209796822863e-01  4.524807191025593256e-01  -1.940477782216728370e-03  3.394454669247748413e-01  2.393377432916324876e-01
5.500000000000000444e-01  -1.170271405682201393e-01  -6.269695284521659140e-02  1.296986097175611800e-02  -2.498386143064193314e-03  1.631990407270522692e-03
5.600000000000000533e-01  4.737660613596866299e-01  4.523882728022005084e-01  -1.913693586364943093e-03  3.394447546720766873e-01  2.393279826370493801e-01
5.600000000000000533e-01  -1.165434850442426673e-01  -6.240467965477294876e-02  1.285979341212984892e-02  -2.470442450097301221e-03  1.609525308987710956e-03
5.700000000000000622e-01  4.735146939341235983e-01  4.522972736047873310e-01  -1.887426482527650422e-03  3.394440577794626268e-01  2.393184730306950891e-01
5.700000000000000622e-01  -1.160641738443239090e-01  -6.211540934904023065e-02  1.275120703705781913e-02  -2.442925362033799945e-03  1.587491358040191147e-03
5.799999999999999600e-01  4.732665525505838078e-01  4.522076890444026720e-01  -1.861662619423976126e-03  3.394433836004500105e-01  2.393091992885657548e-01
5.799999999999999600e-01  -1.155891442610753883e-01  -6.182908463730684562e-02  1.264407133037148863e-02  -2.415828361827082691e-03  1.565876382677106049e-03
5.899999999999999689e-01  4.730215684841271306e-01  4.521194901921092857e-01  -1.836405421013064410e-03  3.394427245877320032e-01  2.393001594060930604e-01
5.899999999999999689e-01  -1.151183137819334623e-01  -6.154566600931088427e-02  1.253836215366505372e-02  -2.389143750701870714e-03  1.544668625176881527e-03
5.999999999999999778e-01  4.727796985740736480e-01  4.520326493826892222e-01  -1.811634257304100886e-03  3.394420863779761821e-01  2.392913436534716554e-01
5.999999999999999778e-01  -1.146516328247184358e-01  -6.126510437493160738e-02  1.243405427285252350e-02  -2.362859591604688989e-03  1.523862152425850547e-03
6.099999999999999867e-01  4.725408846396148554e-01  4.519471300806920389e-01  -1.787335957477483722e-03  3.394414629616689938e-01  2.392827448595501727e-01
6.099999999999999867e-01  -1.141890517122562121e-01  -6.098734671474090319e-02  1.233111581108741264e-02  -2.336970841869174479e-03  1.503443180873684226e-03
6.199999999999999956e-01  4.723050667605313002e-01  4.518629040600733449e-01  -1.763498732367578536e-03  3.394408581154835791e-01  2.392743564466797423e-01
6.199999999999999956e-01  -1.137304789830661800e-01  -6.071234230363071332e-02  1.222952325525930410e-02  -2.311469565978826763e-03  1.483405881602090082e-03
6.300000000000000044e-01  4.720721873909975996e-01  4.517799518588810903e-01  -1.740114165465562329e-03  3.394402708110101918e-01  2.392661721094370697e-01
6.300000000000000044e-01  -1.132758704797705573e-01  -6.044005760592965903e-02  1.212925200780509347e-02  -2.286347429528371843e-03  1.463738074154646851e-03
6.400000000000000133e-01  4.718421979733611327e-01  4.516982375959220364e-01  -1.717164702693127400e-03  3.394396970540073943e-01  2.392581855057159257e-01
6.400000000000000133e-01  -1.128251711284152803e-01  -6.017044085095915595e-02  1.203027630172456494e-02  -2.261593778705718941e-03  1.444431968787837639e-03
6.500000000000000222e-01  4.716150513640634534e-01  4.516177395979014131e-01  -1.694642698194502540e-03  3.394391385595382782e-01  2.392503909367987291e-01
6.500000000000000222e-01  -1.123783280037679855e-01  -5.990345785499901626e-02  1.193257367672388540e-02  -2.237208374245545656e-03  1.425478344551464605e-03
6.600000000000000311e-01  4.713906914850922725e-01  4.515384333737474387e-01  -1.672537549492265040e-03  3.394385966197233651e-01  2.392427826223369469e-01
6.600000000000000311e-01  -1.119352712604974043e-01  -5.963905845427856789e-02  1.183612069650349929e-02  -2.213181270733491010e-03  1.406870044815447529e-03
6.700000000000000400e-01  4.711690921322414516e-01  4.514602938784836317e-01  -1.650838826147018592e-03  3.394380666541705338e-01  2.392353547721843832e-01
6.700000000000000400e-01  -1.114959780407474010e-01  -5.937720288275089020e-02  1.174089374112411918e-02  -2.189503186550718645e-03  1.388597365073906964e-03
6.800000000000000488e-01  4.709501733033298887e-01  4.513832901924313967e-01  -1.629530808529651778e-03  3.394375554684310736e-01  2.392281061707217382e-01
6.800000000000000488e-01  -1.110603567612035436e-01  -5.911785285111739729e-02  1.164687000488569268e-02  -2.166169579777025775e-03  1.370654617647501516e-03
6.900000000000000577e-01  4.707339054339484963e-01  4.513074104375184858e-01  -1.608615921190656179e-03  3.394370511907584542e-01  2.392210239422925266e-01
6.900000000000000577e-01  -1.106283773419038663e-01  -5.886097148490668229e-02  1.155403087241256913e-02  -2.143173490713364427e-03  1.353030709416669364e-03
7.000000000000000666e-01  4.705202464993634148e-01  4.512326182548320186e-01  -1.588086508066988926e-03  3.394365550850153568e-01  2.392141090106827406e-01
7.000000000000000666e-01  -1.101999781553786584e-01  -5.860650991838835255e-02  1.146235166450664152e-02  -2.120507388732254927e-03  1.335723219694912034e-03
7.099999999999999645e-01  4.703091397831753451e-01  4.511589057231448208e-01  -1.567919275806968927e-03  3.394360725297360104e-01  2.392073497508725999e-01
7.099999999999999645e-01  -1.097751337538996896e-01  -5.835444794049669121e-02  1.137181566148174824e-02  -2.098165486328890713e-03  1.318718926861792151e-03
7.199999999999999734e-01  4.701005560612998013e-01  4.510862418315337852e-01  -1.548110636451057332e-03  3.394356086730110911e-01  2.392007489221795180e-01
7.199999999999999734e-01  -1.093537643684022176e-01  -5.810473288760321930e-02  1.128239924058817116e-02  -2.076148046402356232e-03  1.302016255097654396e-03
7.299999999999999822e-01  4.698944496435745188e-01  4.510146077433228040e-01  -1.528653245361840914e-03  3.394351579291821075e-01  2.391942995029038843e-01
7.299999999999999822e-01  -1.089358442324275811e-01  -5.785733868779947137e-02  1.119408332978377198e-02  -2.054440045589256154e-03  1.285603468440033037e-03
7.399999999999999911e-01  4.696907731308153089e-01  4.509439811997304481e-01  -1.509539217215939959e-03  3.394347153472844214e-01  2.391879970263354194e-01
7.399999999999999911e-01  -1.085213177577414589e-01  -5.761222448679428898e-02  1.110685002505701000e-02  -2.033038601780560745e-03  1.269478539144969220e-03
7.500000000000000000e-01  4.694894931466963572e-01  4.508743497927064636e-01  -1.490760449931172443e-03  3.394342857187831464e-01  2.391818375865064072e-01
7.500000000000000000e-01  -1.081101433950389379e-01  -5.736936418121474368e-02  1.102068051660115393e-02  -2.011939521427320507e-03  1.253631793836529340e-03
7.600000000000000089e-01  4.692905561471472087e-01  4.508056833760537008e-01  -1.472309277046741872e-03  3.394338657751845845e-01  2.391758169158959002e-01
7.600000000000000089e-01  -1.077022682150227950e-01  -5.712871236826019827e-02  1.093555605833911731e-02  -1.991136241266830420e-03  1.238059136473151911e-03
7.700000000000000178e-01  4.690939468215128416e-01  4.507379683393084591e-01  -1.454177793709043659e-03  3.394334565151557737e-01  2.391699312901142405e-01
7.700000000000000178e-01  -1.072976680013892903e-01  -5.689025181635014999e-02  1.085145773056261746e-02  -1.970624225467632658e-03  1.222751900667798375e-03
7.800000000000000266e-01  4.688996077110398897e-01  4.506711854609229961e-01  -1.436358966845502306e-03  3.394330573769402948e-01  2.391641769045301236e-01
7.800000000000000266e-01  -1.068962721588192222e-01  -5.665393300292848044e-02  1.076837017103735201e-02  -1.950397990488761521e-03  1.207705939845801768e-03
7.900000000000000355e-01  4.687075089370867365e-01  4.506053208495062190e-01  -1.418845543603122327e-03  3.394326701839358029e-01  2.391585500893235738e-01
7.900000000000000355e-01  -1.064980535812019846e-01  -5.641973539447529135e-02  1.068627424796080548e-02  -1.930450347715567281e-03  1.192915977467345900e-03
8.000000000000000444e-01  4.685176157665634777e-01  4.505403503988816838e-01  -1.401615946216785416e-03  3.394322934097741551e-01  2.391530415409135468e-01
8.000000000000000444e-01  -1.061029741394104442e-01  -5.618762706739772322e-02  1.060515170732620818e-02  -1.910780305916498891e-03  1.178374608036422688e-03
8.100000000000000533e-01  4.683298947925132460e-01  4.504762668838708795e-01  -1.384703713934342566e-03  3.394319238081816015e-01  2.391476603723737271e-01
8.100000000000000533e-01  -1.057109921282820275e-01  -5.595757537702262391e-02  1.052499402023259790e-02  -1.891379541595325335e-03  1.164078149432881681e-03
8.200000000000000622e-01  4.681443143808424745e-01  4.504130439429381294e-01  -1.368066526399343633e-03  3.394315631051785243e-01  2.391423958892689994e-01
8.200000000000000622e-01  -1.053220696442911664e-01  -5.572955797124783117e-02  1.044577923204941493e-02  -1.872245029685100327e-03  1.150020178564109541e-03
8.300000000000000711e-01  4.679608250634040845e-01  4.503506644445073315e-01  -1.351705408962801044e-03  3.394312150894511770e-01  2.391372470694550501e-01
8.300000000000000711e-01  -1.049361548499234964e-01  -5.550353464057348335e-02  1.036748960237981500e-02  -1.853369558330565702e-03  1.136195754461208351e-03
8.399999999999999689e-01  4.677794023023870151e-01  4.502891134176165711e-01  -1.335620169966018943e-03  3.394308702468470940e-01  2.391322079992140859e-01
8.399999999999999689e-01  -1.045532213442705582e-01  -5.527948264540864104e-02  1.029011498105071760e-02  -1.834752082237514582e-03  1.122600481763269542e-03
8.499999999999999778e-01  4.676000193599179067e-01  4.502283892038145274e-01  -1.319801763987351684e-03  3.394305355966311111e-01  2.391272771164372479e-01
8.499999999999999778e-01  -1.041732257295183428e-01  -5.505737647608290042e-02  1.021363808741153172e-02  -1.816385162878636798e-03  1.109230008534745071e-03
8.599999999999999867e-01  4.674226394474484403e-01  4.501684555555625078e-01  -1.304244465515630794e-03  3.394302081951811045e-01  2.391224516531609279e-01
8.599999999999999867e-01  -1.037961398457524775e-01  -5.483718653030231205e-02  1.013804459686592531e-02  -1.798267613370368263e-03  1.096076913381247020e-03
8.699999999999999956e-01  4.672472404180355032e-01  4.501093112710516930e-01  -1.288942917745943429e-03  3.394298884698370156e-01  2.391177287703205590e-01
8.699999999999999956e-01  -1.034219260460949863e-01  -5.461888585003985691e-02  1.006332182066626418e-02  -1.780390476298940794e-03  1.083140031305260265e-03
8.800000000000000044e-01  4.670737688463403314e-01  4.500509417904176579e-01  -1.273894316201253140e-03  3.394295791347552438e-01  2.391131055701383734e-01
8.800000000000000044e-01  -1.030505332354368919e-01  -5.440245032782004692e-02  9.989452210849729397e-03  -1.762754604753435754e-03  1.070411869660226056e-03
8.900000000000000133e-01  4.669022148391178684e-01  4.499933285363579283e-01  -1.259087343675728598e-03  3.394292773441583422e-01  2.391085798424759101e-01
8.900000000000000133e-01  -1.026819422828104122e-01  -5.418784969468910806e-02  9.916425616029123091e-03  -1.745351608331795765e-03  1.057890799518373948e-03
9.000000000000000222e-01  4.667325534836700429e-01  4.499364586262301069e-01  -1.244519436253077637e-03  3.394289783078741074e-01  2.391041487130122212e-01
9.000000000000000222e-01  -1.023161216754246428e-01  -5.397506728761497508e-02  9.844225695628363790e-03  -1.728179663829211045e-03  1.045568450527917248e-03
9.100000000000000311e-01  4.665647302195229384e-01  4.498803191134245205e-01  -1.230186173916625325e-03  3.394286908183348217e-01  2.390998098772802727e-01
9.100000000000000311e-01  -1.019530261106759150e-01  -5.376407030223689931e-02  9.772842326582301467e-03  -1.711236818687419817e-03  1.033444065027658287e-03
9.200000000000000400e-01  4.663987404131183512e-01  4.498248996980255265e-01  -1.216082270362247838e-03  3.394284094673775121e-01  2.390955609690037509e-01
9.200000000000000400e-01  -1.015926245216645374e-01  -5.355483765557975118e-02  9.702259772315077746e-03  -1.694515547042116637e-03  1.021513753273833869e-03
9.300000000000000488e-01  4.662345551251509956e-01  4.497701779818137902e-01  -1.202196936709089628e-03  3.394281380928586556e-01  2.390914034601687721e-01
9.300000000000000488e-01  -1.012348938024885403e-01  -5.334734734949932167e-02  9.632466426634154338e-03  -1.678012253894338272e-03  1.009771821504829026e-03
9.400000000000000577e-01  4.660721299945859708e-01  4.497161546932685328e-01  -1.188537575979051056e-03  3.394278677464449001e-01  2.390873275260984032e-01
9.400000000000000577e-01  -1.008797894704979714e-01  -5.314157326671553605e-02  9.563451572777853515e-03  -1.661725775650719616e-03  9.982143767702789106e-04
9.500000000000000666e-01  4.659114611390811067e-01  4.496628110049021299e-01  -1.175101673587672629e-03  3.394275952831651288e-01  2.390833368911285672e-01
9.500000000000000666e-01  -1.005272889293684913e-01  -5.293749207560716208e-02  9.495201683074399115e-03  -1.645651735988334008e-03  9.868408776079751199e-04
9.599999999999999645e-01  4.657525056723561541e-01  4.496101329713033667e-01  -1.161869782914112716e-03  3.394273328613409135e-01  2.390794224930887779e-01
9.599999999999999645e-01  -1.001773623968559013e-01  -5.273508701148730410e-02  9.427705500089474805e-03  -1.629787420256763363e-03  9.756427955349700198e-04
9.699999999999999734e-01  4.655952492263919495e-01  4.495581127809596955e-01  -1.148843256627198094e-03  3.394270830500871194e-01  2.390755898348678465e-01
9.699999999999999734e-01  -9.982997367164880842e-02  -5.253432920911504933e-02  9.360950123793614075e-03  -1.614125460744197460e-03  9.646201894830674917e-04
9.799999999999999822e-01  4.654396558346524659e-01  4.495067402390494626e-01  -1.136019115421080944e-03  3.394268382695048714e-01  2.390718343299419457e-01
9.799999999999999822e-01  -9.948509274351954867e-02  -5.233520548868682287e-02  9.294925695781837416e-03  -1.598665385715730821e-03  9.537656888108370090e-04
9.899999999999999911e-01  4.652857071570711822e-01  4.494560017119259010e-01  -1.123393363012466966e-03  3.394265989583568621e-01  2.390681539980079873e-01
9.899999999999999911e-01  -9.914270075156958462e-02  -5.213768161003089208e-02  9.229621283961372130e-03  -1.583405232736865989e-03  9.430819696055331436e-04
1.000000000000000000e+00  4.651333879425831874e-01  4.494058854926387125e-01  -1.110962008554490510e-03  3.394263637376422338e-01  2.390645470073430590e-01
1.000000000000000000e+00  -9.880276422186570762e-02  -5.194174950102503630e-02  9.165025714350816602e-03  -1.568338692086794625e-03  9.325600513213766485e-04
1.010000000000000009e+00  4.649826600234208129e-01  4.493563766083131794e-01  -1.098720868583735180e-03  3.394261331810655147e-01  2.390610114779897488e-01
1.010000000000000009e+00  -9.846525381954687739e-02  -5.174738535952064233e-02  9.101126263248169104e-03  -1.553465833421810265e-03  9.221999976793404663e-04
1.020000000000000018e+00  4.648335070391776958e-01  4.493074757047318402e-01  -1.086666519757429391e-03  3.394259114111268238e-01  2.390575458041191981e-01
1.020000000000000018e+00  -9.813013433021561260e-02  -5.155456647576980855e-02  9.037916216171669112e-03  -1.538781533097301896e-03  9.119971220622885566e-04
1.030000000000000027e+00  4.646859044628668389e-01  4.492591644818486607e-01  -1.074795058302323606e-03  3.394256910611025968e-01  2.390541481363698817e-01
1.030000000000000027e+00  -9.779738660809483841e-02  -5.136327386996406008e-02  8.975382732472123384e-03  -1.524280099985821091e-03  9.019493396992955825e-04
1.040000000000000036e+00  4.645398324030386439e-01  4.492114406456681475e-01  -1.063102855670481749e-03  3.394254788717592231e-01  2.390508168970790215e-01
1.040000000000000036e+00  -9.746698314995955181e-02  -5.117349135403259641e-02  8.913516106380000095e-03  -1.509962017247625096e-03  8.920545173403543471e-04
1.050000000000000044e+00  4.643952637289065488e-01  4.491642805645881253e-01  -1.051571630260480150e-03  3.394252745743748800e-01  2.390475447654674679e-01
1.050000000000000044e+00  -9.713889492076194232e-02  -5.098519698581328169e-02  8.852304493632435350e-03  -1.495825458943685245e-03  8.823050524562336960e-04
1.060000000000000053e+00  4.642521882233632269e-01  4.491176864012820236e-01  -1.040237810350175479e-03  3.394250661867432295e-01  2.390443423225241393e-01
1.060000000000000053e+00  -9.681309890296860288e-02  -5.079837032181486189e-02  8.791743913629182158e-03  -1.481865080010461759e-03  8.727028038317541370e-04
1.070000000000000062e+00  4.641105712764352909e-01  4.490716501428445029e-01  -1.029062770812268039e-03  3.394248668891772791e-01  2.390412009531235338e-01
1.070000000000000062e+00  -9.648957212170089504e-02  -5.061299954451586869e-02  8.731820327612464447e-03  -1.468079140905487754e-03  8.632431053590544634e-04
1.080000000000000071e+00  4.639704030604251406e-01  4.490261580539127717e-01  -1.018050942069368857e-03  3.394246770667541657e-01  2.390381214426868517e-01
1.080000000000000071e+00  -9.616828806810170938e-02  -5.042906058392579438e-02  8.672526235070478554e-03  -1.454465141305639987e-03  8.539237245046710223e-04
1.090000000000000080e+00  4.638316581762548241e-01  4.489811971056610895e-01  -1.007203947753241039e-03  3.394244831302025700e-01  2.390350991683118931e-01
1.090000000000000080e+00  -9.584921409064203757e-02  -5.024654063865411496e-02  8.613850318099568540e-03  -1.441018416416851378e-03  8.447410881144562511e-04
1.100000000000000089e+00  4.636943144332728028e-01  4.489367605655013582e-01  -9.965165816330412343e-04  3.394242980228299733e-01  2.390321344538482162e-01
1.100000000000000089e+00  -9.553232869560449037e-02  -5.006541411480178866e-02  8.555787189902516049e-03  -1.427737798861672446e-03  8.356953267321526324e-04
1.110000000000000098e+00  4.635583613099802935e-01  4.488928469463436821e-01  -9.859853987921108655e-04  3.394241176419818817e-01  2.390292258490098742e-01
1.110000000000000098e+00  -9.521762192231233990e-02  -4.988567604604219469e-02  8.498324773759859813e-03  -1.414621306054280464e-03  8.267808227396256093e-04
1.120000000000000107e+00  4.634237690528041353e-01  4.488494468063416454e-01  -9.756077667214988706e-04  3.394239375084825983e-01  2.390263720580808604e-01
1.120000000000000107e+00  -9.490505250515762770e-02  -4.970730138829648065e-02  8.441456793693798144e-03  -1.401665722109069444e-03  8.179965526177446211e-04
1.130000000000000115e+00  4.632905293431950344e-01  4.488065433033814333e-01  -9.653838748549353451e-04  3.394237668038158628e-01  2.390235718202189108e-01
1.130000000000000115e+00  -9.459461423842496774e-02  -4.953027470300430668e-02  8.385173473592274010e-03  -1.388867989998683519e-03  8.093394560394484571e-04
1.140000000000000124e+00  4.631586110599580364e-01  4.487641327645722211e-01  -9.553042465229214615e-04  3.394235948369771494e-01  2.390208238358993431e-01
1.140000000000000124e+00  -9.428625817753974458e-02  -4.935458028058730545e-02  8.329465857357861228e-03  -1.376224657670563518e-03  8.008087628447596584e-04
1.150000000000000133e+00  4.630280076548773383e-01  4.487222133218224940e-01  -9.453695728520604327e-04  3.394234257667289589e-01  2.390181270399657221e-01
1.150000000000000133e+00  -9.397998759782758005e-02  -4.918020468909020670e-02  8.274327448058713119e-03  -1.363735955982617537e-03  7.923986911897301644e-04
1.159999999999999920e+00  4.628986978799443097e-01  4.486807699681321093e-01  -9.355771282194208028e-04  3.394232649504521637e-01  2.390154801500971593e-01
1.159999999999999920e+00  -9.367576757792922537e-02  -4.900712934328715908e-02  8.219749980818322546e-03  -1.351398247954635739e-03  7.841097798666485374e-04
1.169999999999999929e+00  4.627706656606086488e-01  4.486397962091508984e-01  -9.259243224549804216e-04  3.394231039117962534e-01  2.390128820937379994e-01
1.169999999999999929e+00  -9.337358416476235212e-02  -4.883533968498219441e-02  8.165725019348828509e-03  -1.339211302071154856e-03  7.759402299634954314e-04
1.179999999999999938e+00  4.626438856686473367e-01  4.485992810428870436e-01  -9.164025559360811047e-04  3.394229537357519866e-01  2.390103355795575590e-01
1.179999999999999938e+00  -9.307340694754528965e-02  -4.866482270930120452e-02  8.112244915079846325e-03  -1.327169385657746845e-03  7.678866016666285876e-04
1.189999999999999947e+00  4.625183490801549890e-01  4.485592296612184171e-01  -9.070210442478741789e-04  3.394227992429170726e-01  2.390078318116505285e-01
1.189999999999999947e+00  -9.277522249169792290e-02  -4.849556013848023428e-02  8.059301197248021353e-03  -1.315271353891881963e-03  7.599464658398641381e-04
1.199999999999999956e+00  4.623940290967304412e-01  4.485196224165429735e-01  -8.977797160419324777e-04  3.394226409044464599e-01  2.390053758880898160e-01
1.199999999999999956e+00  -9.247899816002635998e-02  -4.832753545913187621e-02  8.006888933462026625e-03  -1.303515255257311481e-03  7.521184642250988706e-04
1.209999999999999964e+00  4.622709286650333316e-01  4.484804593234689163e-01  -8.886611372740034790e-04  3.394224905091637323e-01  2.390029595258198192e-01
1.209999999999999964e+00  -9.218472730995230791e-02  -4.816074055243443897e-02  7.954999514178599795e-03  -1.291898974400143346e-03  7.444013083057199331e-04
1.219999999999999973e+00  4.621490185353800406e-01  4.484417302379132275e-01  -8.796685998843715689e-04  3.394223454920360927e-01  2.390005894473012094e-01
1.219999999999999973e+00  -9.189239174461807935e-02  -4.799515957904029739e-02  7.903625259153036764e-03  -1.280421539799839062e-03  7.367907785809785226e-04
1.229999999999999982e+00  4.620282763026503092e-01  4.484034318384118034e-01  -8.708010691314823715e-04  3.394222079023643257e-01  2.389982619298751110e-01
1.229999999999999982e+00  -9.160195544297641823e-02  -4.783077734805267489e-02  7.852759034999311563e-03  -1.269079146701476484e-03  7.292892764972358499e-04
1.239999999999999991e+00  4.619087043605456522e-01  4.483655496262678453e-01  -8.620560956740413224e-04  3.394220677330525016e-01  2.389959760698389113e-01
1.239999999999999991e+00  -9.131341034820206204e-02  -4.766757736995958644e-02  7.802393845365620736e-03  -1.257870996616009245e-03  7.218867714136739666e-04
1.250000000000000000e+00  4.617902701116363140e-01  4.483280940308752016e-01  -8.534317691660873572e-04  3.394219333612462086e-01  2.389937309557826350e-01
1.250000000000000000e+00  -9.102672793200941581e-02  -4.750555020602548195e-02  7.752524349485644638e-03  -1.246794642534661398e-03  7.145888056595828264e-04
1.260000000000000009e+00  4.616729739628046003e-01  4.482910385135495668e-01  -8.449258817259999981e-04  3.394218027893787237e-01  2.389915256948901834e-01
1.260000000000000009e+00  -9.074190622031277909e-02  -4.734468205859396206e-02  7.703142998088764910e-03  -1.235847915262689627e-03  7.073930228922997721e-04
1.270000000000000018e+00  4.615567875355437999e-01  4.482543893555484549e-01  -8.365361546776635014e-04  3.394216723288163151e-01  2.389893593549154982e-01
1.270000000000000018e+00  -9.045891020019633522e-02  -4.718495787743804543e-02  7.654242268241403385e-03  -1.225028971978456239e-03  7.002948290790872443e-04
1.280000000000000027e+00  4.614417083672727182e-01  4.482181371681450699e-01  -8.282608480142634533e-04  3.394215494373120645e-01  2.389872312304152091e-01
1.280000000000000027e+00  -9.017773185586644424e-02  -4.702637041277209912e-02  7.605818402800244848e-03  -1.214337336650545777e-03  6.932942258551788584e-04
1.290000000000000036e+00  4.613277100176200740e-01  4.481822717429390091e-01  -8.200976251948852202e-04  3.394214219995379533e-01  2.389851403372507677e-01
1.290000000000000036e+00  -8.989834522425113605e-02  -4.686889824272588712e-02  7.557862104380273782e-03  -1.203768165915133437e-03  6.863880732404792351e-04
1.300000000000000044e+00  4.612147907746346753e-01  4.481467965903849215e-01  -8.120298804336991728e-04  3.394213039688830924e-01  2.389830802500204077e-01
1.300000000000000044e+00  -8.962072553824895760e-02  -4.671253335656053857e-02  7.510365767465989814e-03  -1.193321775506224567e-03  6.795763967249179860e-04
1.310000000000000053e+00  4.611029280909655359e-01  4.481116985765741800e-01  -8.040887973864988469e-04  3.394211923831828015e-01  2.389810675722409683e-01
1.310000000000000053e+00  -8.934487599225407473e-02  -4.655726506058557868e-02  7.463329128170854455e-03  -1.182997462432752332e-03  6.728550531220067743e-04
1.320000000000000062e+00  4.609921093494843136e-01  4.480769797423841405e-01  -7.962575505437813296e-04  3.394210682094581655e-01  2.389790785937783435e-01
1.320000000000000062e+00  -8.907076677645942020e-02  -4.640308034475232324e-02  7.416743541199621523e-03  -1.172790381260755983e-03  6.662255612381734471e-04
1.330000000000000071e+00  4.608823259387940796e-01  4.480426226479543583e-01  -7.885162240939812836e-04  3.394209625700134736e-01  2.389771345441909778e-01
1.330000000000000071e+00  -8.879838463433989415e-02  -4.624996648362286744e-02  7.370600942973228736e-03  -1.162699437140351589e-03  6.596844343679936218e-04
1.340000000000000080e+00  4.607735630331951659e-01  4.480086348692637888e-01  -7.808907680236817743e-04  3.394208459674751266e-01  2.389752146298037006e-01
1.340000000000000080e+00  -8.852770508993851317e-02  -4.609791013153383132e-02  7.324897562876695259e-03  -1.152725446044328486e-03  6.532300728307322002e-04
1.350000000000000089e+00  4.606658044491923620e-01  4.479750002357291705e-01  -7.733559751923040635e-04  3.394207403122112554e-01  2.389733353327910259e-01
1.350000000000000089e+00  -8.825871901562101773e-02  -4.594690337143248621e-02  7.279628163146637486e-03  -1.142863723924847840e-03  6.468637386113085253e-04
1.360000000000000098e+00  4.605590366451830509e-01  4.479417206715983202e-01  -7.659310407836795705e-04  3.394206274878091012e-01  2.389714802933974869e-01
1.360000000000000098e+00  -8.799140570467459121e-02  -4.579693252059424680e-02  7.234785235801269657e-03  -1.133115394143646617e-03  6.405809533108625109e-04
1.370000000000000107e+00  4.604532548944636483e-01  4.479087910482946744e-01  -7.585930049492329783e-04  3.394205294866319833e-01  2.389696644881575960e-01
1.370000000000000107e+00  -8.772574483667081036e-02  -4.564798570210993472e-02  7.190363921163204705e-03  -1.123476574762876387e-03  6.343802931520065025e-04
1.380000000000000115e+00  4.603484412481083088e-01  4.478761972465954977e-01  -7.513650703807690703e-04  3.394204259695056125e-01  2.389678716492625032e-01
1.380000000000000115e+00  -8.746173101744639244e-02  -4.550005241100466696e-02  7.146359941400229170e-03  -1.113947723070978640e-03  6.282618892838320868e-04
1.390000000000000124e+00  4.602445859798697803e-01  4.478439463144503474e-01  -7.442169717643942316e-04  3.394203315183377812e-01  2.389661167694272503e-01
1.390000000000000124e+00  -8.719934533079423677e-02  -4.535312824519555086e-02  7.102766631956260700e-03  -1.104525498999398090e-03  6.222228391299794437e-04
1.400000000000000133e+00  4.601416786001791825e-01  4.478120247201587967e-01  -7.371734703952907914e-04  3.394202259215096662e-01  2.389643835532581639e-01
1.400000000000000133e+00  -8.693856876929914601e-02  -4.520719181976073919e-02  7.059579979518361241e-03  -1.095209962237231284e-03  6.162643653183225156e-04
1.409999999999999920e+00  4.600397020098530021e-01  4.477804363770576668e-01  -7.302094183941992790e-04  3.394201334040476414e-01  2.389626870969054906e-01
1.409999999999999920e+00  -8.667938430494948054e-02  -4.506223966945225451e-02  7.016793152395563518e-03  -1.085997494251400011e-03  6.103828117515613938e-04
1.419999999999999929e+00  4.599386495940741004e-01  4.477491662630288527e-01  -7.233468393271547982e-04  3.394200349476616529e-01  2.389610111157626227e-01
1.419999999999999929e+00  -8.642178022166233098e-02  -4.491825759700215914e-02  6.974402725787141530e-03  -1.076889071090058681e-03  6.045765016939597114e-04
1.429999999999999938e+00  4.598385014093815393e-01  4.477182188005986996e-01  -7.165607589421801350e-04  3.394199462844731396e-01  2.389593706163246623e-01
1.429999999999999938e+00  -8.616574719330152843e-02  -4.477524190780909907e-02  6.932401840497065537e-03  -1.067882672761534882e-03  5.988460142589135948e-04
1.439999999999999947e+00  4.597392598477249015e-01  4.476875861086874742e-01  -7.098712904562714957e-04  3.394198425039137712e-01  2.389577558534874968e-01
1.439999999999999947e+00  -8.591126178028335447e-02  -4.463317078281536787e-02  6.890788915528717196e-03  -1.058974831780511508e-03  5.931898000950119876e-04
1.449999999999999956e+00  4.596409006610298054e-01  4.476572608655823293e-01  -7.032675846821772811e-04  3.394197556120283066e-01  2.389561651758081717e-01
1.449999999999999956e+00  -8.565830155255904632e-02  -4.449204629250653326e-02  6.849556150232229135e-03  -1.050166242363630414e-03  5.876060189709264581e-04
1.459999999999999964e+00  4.595434227965812801e-01  4.476272455790762939e-01  -6.967436626159199172e-04  3.394196604789588290e-01  2.389545996965879437e-01
1.459999999999999964e+00  -8.540686739803504679e-02  -4.435185215876114723e-02  6.808698170143932110e-03  -1.041454094809202624e-03  5.820938856401086658e-04
1.469999999999999973e+00  4.594468117838165222e-01  4.475975277004292652e-01  -6.903019752935217685e-04  3.394195853470752255e-01  2.389530617462593265e-01
1.469999999999999973e+00  -8.515694330627782138e-02  -4.421258127975317975e-02  6.768212627181146440e-03  -1.032839596423511513e-03  5.766506671170540388e-04
1.479999999999999982e+00  4.593510579886190826e-01  4.475681083062280630e-01  -6.839419754432813541e-04  3.394194915967208015e-01  2.389515468792588748e-01
1.479999999999999982e+00  -8.490850807612482232e-02  -4.407422000553359864e-02  6.728094454285781303e-03  -1.024318713473818844e-03  5.712778851569011440e-04
1.489999999999999991e+00  4.592561557626321234e-01  4.475389829630835870e-01  -6.776614919644715230e-04  3.394194171074229049e-01  2.389500585232107732e-01
1.489999999999999991e+00  -8.466155905487759981e-02  -4.393676731739398766e-02  6.688337714170451871e-03  -1.015890358704942030e-03  5.659724398322657501e-04
1.500000000000000000e+00  4.591620783116320270e-01  4.475101477407629202e-01  -6.714600127825737447e-04  3.394193289609508390e-01  2.389485922486601632e-01
1.500000000000000000e+00  -8.441606827830019921e-02  -4.380020464579284512e-02  6.648938882328789095e-03  -1.007555515638109507e-03  5.607341348396188696e-04
1.510000000000000009e+00  4.590688360261750423e-01  4.474815933231537368e-01  -6.653355349454786192e-04  3.394192589315710440e-01  2.389471515236460397e-01
1.510000000000000009e+00  -8.417202974539411686e-02  -4.366452984522886660e-02  6.609893929080535094e-03  -9.993088925039504862e-04  5.555605416760339699e-04
1.520000000000000018e+00  4.589764099084209792e-01  4.474533265176811048e-01  -6.592876344780423080e-04  3.394191704998958947e-01  2.389457319708428173e-01
1.520000000000000018e+00  -8.392943493640889208e-02  -4.352972914067416293e-02  6.571197921237529813e-03  -9.911544405133317082e-04  5.504524177473851809e-04
1.530000000000000027e+00  4.588847890679380592e-01  4.474253351138163248e-01  -6.533142810480036628e-04  3.394191037407854883e-01  2.389443370443591341e-01
1.530000000000000027e+00  -8.368826102020973656e-02  -4.339579907808017306e-02  6.532847583672362658e-03  -9.830880261121027319e-04  5.454085095952104778e-04
1.540000000000000036e+00  4.587939628898928257e-01  4.473976180109430212e-01  -6.474150243180026160e-04  3.394190213414529089e-01  2.389429623771011924e-01
1.540000000000000036e+00  -8.344850132885783811e-02  -4.326272210079776248e-02  6.494837136835784723e-03  -9.751087248723790558e-04  5.404270308304315318e-04
1.550000000000000044e+00  4.587039280682780329e-01  4.473701694630420334e-01  -6.415807220757463025e-04  3.394189575234962120e-01  2.389416040817613496e-01
1.550000000000000044e+00  -8.321013451951983497e-02  -4.313049622771164548e-02  6.457162707131639499e-03  -9.672140983386669482e-04  5.355074431227513365e-04
1.560000000000000053e+00  4.586146713745063996e-01  4.473429933968885996e-01  -6.358226280745992451e-04  3.394188872766651377e-01  2.389402784782187483e-01
1.560000000000000053e+00  -8.297316267403856416e-02  -4.299911643638917869e-02  6.419822443571044854e-03  -9.594054584652290853e-04  5.306480086654657979e-04
1.570000000000000062e+00  4.585261811306188262e-01  4.473160738948117610e-01  -6.301495139528331870e-04  3.394188068263517266e-01  2.389389642114521650e-01
1.570000000000000062e+00  -8.273756174034804789e-02  -4.286856571534380239e-02  6.382810513885580836e-03  -9.516792700435668063e-04  5.258487810392425965e-04
1.580000000000000071e+00  4.584384578232442720e-01  4.472894166715918884e-01  -6.245204466082738453e-04  3.394187517828803347e-01  2.389376799765855763e-01
1.580000000000000071e+00  -8.250331838830879394e-02  -4.273883834035011736e-02  6.346121610761852258e-03  -9.440365190724602385e-04  5.211078712019368009e-04
1.590000000000000080e+00  4.583514801595206523e-01  4.472630113679927355e-01  -6.189765712537640503e-04  3.394186713743292394e-01  2.389364134977787490e-01
1.590000000000000080e+00  -8.227043714535514640e-02  -4.260993030070740761e-02  6.309755510150941681e-03  -9.364742821763308777e-04  5.164250537845610500e-04
1.600000000000000089e+00  4.582652446209851682e-01  4.472368672766837139e-01  -6.134920921886711804e-04  3.394186128445573214e-01  2.389351619890452416e-01
1.600000000000000089e+00  -8.203888401686454390e-02  -4.248183483920806719e-02  6.273705455483506027e-03  -9.289931864068641477e-04  5.118012766129192981e-04
1.610000000000000098e+00  4.581797463110675039e-01  4.472109707131433076e-01  -6.080811022478092940e-04  3.394185403891379904e-01  2.389339346196632241e-01
1.610000000000000098e+00  -8.180865350789631729e-02  -4.235453478287976026e-02  6.237968162560419104e-03  -9.215909356693604768e-04  5.072310308302796500e-04
1.620000000000000107e+00  4.580949768809867706e-01  4.471853163133093778e-01  -6.027276876381183800e-04  3.394184847822260820e-01  2.389327215497313028e-01
1.620000000000000107e+00  -8.157974567339040806e-02  -4.222803087229697050e-02  6.202541141374825692e-03  -9.142665829263632712e-04  5.027166849807529481e-04
1.630000000000000115e+00  4.580109221991189861e-01  4.471599044105187826e-01  -5.974487633887709146e-04  3.394184132690900579e-01  2.389315318938396993e-01
1.630000000000000115e+00  -8.135214019520239925e-02  -4.210230984322727715e-02  6.167420711343352992e-03  -9.070197652644780995e-04  4.982578730550746293e-04
1.640000000000000124e+00  4.579275775550795125e-01  4.471347341206825532e-01  -5.922223389515883637e-04  3.394183652065326240e-01  2.389303557952739410e-01
1.640000000000000124e+00  -8.112581926195069904e-02  -4.197736535171456285e-02  6.132601581141344793e-03  -8.998503140676524176e-04  4.938512281946333404e-04
1.650000000000000133e+00  4.578449345779385116e-01  4.471098022444103259e-01  -5.870657703432251946e-04  3.394182905840283371e-01  2.389292024450722363e-01
1.650000000000000133e+00  -8.090078547559559352e-02  -4.185319555758626464e-02  6.098082368771091250e-03  -8.927534092971138157e-04  4.894993197431807275e-04
1.660000000000000142e+00  4.577629839205186180e-01  4.470851001993045859e-01  -5.819625023889403405e-04  3.394182438452219563e-01  2.389280619254159910e-01
1.660000000000000142e+00  -8.067701827325818309e-02  -4.172978715001777333e-02  6.063856655691855259e-03  -8.857332548942626910e-04  4.851974112522888793e-04
1.669999999999999929e+00  4.576817244497159987e-01  4.470606337855674850e-01  -5.769272675294756514e-04  3.394181734645645432e-01  2.389269434898240452e-01
1.669999999999999929e+00  -8.045450734890938205e-02  -4.160713231837265269e-02  6.029924921068883364e-03  -8.787848800883290038e-04  4.809489331473043583e-04
1.679999999999999938e+00  4.576011359204614770e-01  4.470363917415632882e-01  -5.719434879893717802e-04  3.394181296794065439e-01  2.389258372795463048e-01
1.679999999999999938e+00  -8.023324202719431253e-02  -4.148522657730835395e-02  5.996279343853752955e-03  -8.719088437110789893e-04  4.767480790954514713e-04
1.689999999999999947e+00  4.575212222616319990e-01  4.470123762075511320e-01  -5.670258503869011688e-04  3.394180609365161083e-01  2.389247524710687298e-01
1.689999999999999947e+00  -8.001322147577435984e-02  -4.136406245337776594e-02  5.962920346835679994e-03  -8.651056134933041370e-04  4.725979299753657603e-04
1.699999999999999956e+00  4.574419605665362987e-01  4.469885832294652195e-01  -5.621663286680872234e-04  3.394180080326140159e-01  2.389236815644227852e-01
1.699999999999999956e+00  -7.979440474134388839e-02  -4.124363215572798835e-02  5.929844192023676561e-03  -8.583712616671363349e-04  4.684977924552247153e-04
1.709999999999999964e+00  4.573633640732625572e-01  4.469650077716487147e-01  -5.573593328321055189e-04  3.394179457530336341e-01  2.389226258353970289e-01
1.709999999999999964e+00  -7.957682079101641159e-02  -4.112392868706229304e-02  5.897045573757405366e-03  -8.517069460651751278e-04  4.644448411042223501e-04
1.719999999999999973e+00  4.572854119988074562e-01  4.469416515169735149e-01  -5.526076471111440649e-04  3.394178991263961942e-01  2.389215878248847069e-01
1.719999999999999973e+00  -7.936043484104232659e-02  -4.100494715094837872e-02  5.864521763470104121e-03  -8.451089930937053744e-04  4.604398690991329257e-04
1.729999999999999982e+00  4.572080988415153646e-01  4.469185065606691154e-01  -5.479114176674825150e-04  3.394178445840311253e-01  2.389205633280213625e-01
1.729999999999999982e+00  -7.914524275580869794e-02  -4.088667871215565658e-02  5.832270326044101082e-03  -8.385805081519655041e-04  4.564810597953161686e-04
1.739999999999999991e+00  4.571314263151740054e-01  4.468955725500421972e-01  -5.432689873746284186e-04  3.394177992180992254e-01  2.389195559883895981e-01
1.739999999999999991e+00  -7.893123953671546400e-02  -4.076911683703773881e-02  5.800288650832403393e-03  -8.321188406029372646e-04  4.525682660224961129e-04
1.750000000000000000e+00  4.570553784102437955e-01  4.468728495307844883e-01  -5.386804967371641370e-04  3.394177384725299840e-01  2.389185616589672156e-01
1.750000000000000000e+00  -7.871840599977564246e-02  -4.065225456327964393e-02  5.768573963404380507e-03  -8.257235108916451734e-04  4.487026046113978817e-04
1.760000000000000009e+00  4.569799496106999870e-01  4.468503304119647024e-01  -5.341440951979187354e-04  3.394176980081943240e-01  2.389175838915775785e-01
1.760000000000000009e+00  -7.850674345923983055e-02  -4.053609143014810789e-02  5.737121760804385177e-03  -8.193936776445326841e-04  4.448795364169616517e-04
1.770000000000000018e+00  4.569051300659289216e-01  4.468280157925906271e-01  -5.296598674852675713e-04  3.394176397848081006e-01  2.389166185555750832e-01
1.770000000000000018e+00  -7.829623156782072879e-02  -4.042060996158865910e-02  5.705928993237791361e-03  -8.131277958320414032e-04  4.411015248693694879e-04
1.780000000000000027e+00  4.568309157782569629e-01  4.468059011546620662e-01  -5.252263577828177521e-04  3.394175997966474290e-01  2.389156692930373138e-01
1.780000000000000027e+00  -7.808685713725779798e-02  -4.030581193693258402e-02  5.674994309965517708e-03  -8.069249302900708765e-04  4.373662951358270323e-04
1.790000000000000036e+00  4.567573073523814031e-01  4.467839904288119501e-01  -5.208487951093623272e-04  3.394175559785047591e-01  2.389147360800388253e-01
1.790000000000000036e+00  -7.787862967953593230e-02  -4.019168904466811215e-02  5.644314999153993151e-03  -8.007837125402751622e-04  4.336749311802667872e-04
1.800000000000000044e+00  4.566842882677059068e-01  4.467622651342177953e-01  -5.165028812285749841e-04  3.394175133656555099e-01  2.389138028624294974e-01
1.800000000000000044e+00  -7.767151954410592141e-02  -4.007823118327489414e-02  5.613884635974214672e-03  -7.947059258379580993e-04  4.300240696181872879e-04
1.810000000000000053e+00  4.566118574574166145e-01  4.467407396573431777e-01  -5.122157581836485687e-04  3.394174698850309091e-01  2.389128984971717884e-01
1.810000000000000053e+00  -7.746552521171892747e-02  -3.996544239033546220e-02  5.583704969427645895e-03  -7.886898658894817222e-04  4.264163358863870545e-04
1.820000000000000062e+00  4.565400081080268624e-01  4.467194038776373111e-01  -5.079822081726693452e-04  3.394174231357308114e-01  2.389119973406003683e-01
1.820000000000000062e+00  -7.726064408789182214e-02  -3.985330764885053334e-02  5.553770831560927296e-03  -7.827330465406485884e-04  4.228481097347802642e-04
1.830000000000000071e+00  4.564687218904109889e-01  4.466982598214540578e-01  -5.037897309021940580e-04  3.394173813112058014e-01  2.389111191831295999e-01
1.830000000000000071e+00  -7.705685356095401395e-02  -3.974182415337973451e-02  5.524080059993484795e-03  -7.768350829484775392e-04  4.193213243912086163e-04
1.840000000000000080e+00  4.563980196925504496e-01  4.466772950228646843e-01  -4.996363327625376024e-04  3.394173405956769640e-01  2.389102524099908642e-01
1.840000000000000080e+00  -7.685416358508870283e-02  -3.963098396951951485e-02  5.494628909242875968e-03  -7.709976868752336024e-04  4.158341386608782608e-04
1.850000000000000089e+00  4.563278698139295875e-01  4.466565211233957111e-01  -4.955520533672714461e-04  3.394172958235031068e-01  2.389093904933453638e-01
1.850000000000000089e+00  -7.665253983921099801e-02  -3.952078522725022136e-02  5.465418353014620673e-03  -7.652165676473829696e-04  4.123863634420271707e-04
1.860000000000000098e+00  4.562582776154103237e-01  4.466359273522325646e-01  -4.914903534159654639e-04  3.394172589875589230e-01  2.389085484654879799e-01
1.860000000000000098e+00  -7.645199358842749704e-02  -3.941121706405945058e-02  5.436441473005671279e-03  -7.594957885566008815e-04  4.089761330164365383e-04
1.870000000000000107e+00  4.561892397038145863e-01  4.466155133910404418e-01  -4.874964659153395896e-04  3.394172160531795934e-01  2.389077108410739836e-01
1.870000000000000107e+00  -7.625251462986040729e-02  -3.930228095436599789e-02  5.407699034924638021e-03  -7.538290539346661091e-04  4.056051533388310704e-04
1.880000000000000115e+00  4.561207344186206658e-01  4.465952778386181876e-01  -4.835265756406273061e-04  3.394171765671135099e-01  2.389068926565732776e-01
1.880000000000000115e+00  -7.605407799042079864e-02  -3.919396208442331442e-02  5.379184544179463172e-03  -7.482194289388813214e-04  4.022710449262667520e-04
1.890000000000000124e+00  4.560527705585785685e-01  4.465752190784282316e-01  -4.796205088238066484e-04  3.394171410531104938e-01  2.389060784810707883e-01
1.890000000000000124e+00  -7.585669351170679087e-02  -3.908626401703921976e-02  5.350900065146148472e-03  -7.426641463104009452e-04  3.989746508214209175e-04
1.900000000000000133e+00  4.559853470823756472e-01  4.465553312866069602e-01  -4.757344883024563131e-04  3.394170989656553061e-01  2.389052833659913999e-01
1.900000000000000133e+00  -7.566034537397126059e-02  -3.897917501299980048e-02  5.322839440238317371e-03  -7.371642472664206684e-04  3.957143828875603342e-04
1.910000000000000142e+00  4.559184432641513185e-01  4.465356210672078996e-01  -4.719137540014131920e-04  3.394170636993296131e-01  2.389044918241499116e-01
1.910000000000000142e+00  -7.546502334227561670e-02  -3.887269541152930247e-02  5.295003242897776061e-03  -7.317188676282540896e-04  3.924904901009274028e-04
1.919999999999999929e+00  4.558520653190338834e-01  4.465160712075424976e-01  -4.681119041678605416e-04  3.394170257043482852e-01  2.389037189651826709e-01
1.919999999999999929e+00  -7.527072862907924211e-02  -3.876681234660414588e-02  5.267385665280448215e-03  -7.263260053881861111e-04  3.893010366856214377e-04
1.929999999999999938e+00  4.557861988707829215e-01  4.464966921552880885e-01  -4.643742281534301588e-04  3.394169914064470439e-01  2.389029493197611376e-01
1.929999999999999938e+00  -7.507744092655108115e-02  -3.866152875994346982e-02  5.239988368726774051e-03  -7.209851517300001423e-04  3.861487354678699857e-04
1.939999999999999947e+00  4.557208472184944847e-01  4.464774833086084804e-01  -4.606726558114999644e-04  3.394169475745650311e-01  2.389022006789855435e-01
1.939999999999999947e+00  -7.488515829423558756e-02  -3.855683049392139711e-02  5.212807044598736020e-03  -7.156967605672997189e-04  3.830287497848389178e-04
1.949999999999999956e+00  4.556559956079075935e-01  4.464584343134843092e-01  -4.570053951395186727e-04  3.394169120081922952e-01  2.389014517044600328e-01
1.949999999999999956e+00  -7.469386576606285022e-02  -3.845271847084786448e-02  5.185837583542081408e-03  -7.104602472393602760e-04  3.799438143480965424e-04
1.959999999999999964e+00  4.555916460776472388e-01  4.464395473704823591e-01  -4.533818332207635864e-04  3.394168779452969575e-01  2.389007204723272437e-01
1.959999999999999964e+00  -7.450356776917674284e-02  -3.834918970740577859e-02  5.159080668125911283e-03  -7.052738928989851861e-04  3.768924443365989640e-04
1.969999999999999973e+00  4.555277920129381375e-01  4.464208203318454360e-01  -4.497866698923966874e-04  3.394168432251103984e-01  2.388999930790680626e-01
1.969999999999999973e+00  -7.431424565124294945e-02  -3.824623329325868570e-02  5.132531879540946224e-03  -7.001380505403080471e-04  3.738737572001049614e-04
1.979999999999999982e+00  4.554644208451161802e-01  4.464022538748293467e-01  -4.462405944012679351e-04  3.394168094563013716e-01  2.388992819338764395e-01
1.979999999999999982e+00  -7.412590093919330103e-02  -3.814384869698157071e-02  5.106191069999536057e-03  -6.950511622187894234e-04  3.708885183377891304e-04
1.989999999999999991e+00  4.554015445028419817e-01  4.463838379247192512e-01  -4.427217960405295332e-04  3.394167756458921215e-01  2.388985742861664818e-01
1.989999999999999991e+00  -7.393851763861838955e-02  -3.804202808797250285e-02  5.080053294137603336e-03  -6.900142514333327832e-04  3.679350587245389104e-04
2.000000000000000000e+00  4.553391456426043593e-01  4.463655781016710455e-01  -4.392511145494975319e-04  3.394167438342506893e-01  2.388978825498549452e-01
2.000000000000000000e+00  -7.375209519917161338e-02  -3.794076668017565268e-02  5.054119829282874288e-03  -6.850243564544290223e-04  3.650136824733252183e-04
