1.010000000000000  0.175651542379531  0.175651508747694  -0.000007042914319  0.276360412314006  0.593927469816150
1.010000000000000  0.000000000000007  -0.000000000000035  -0.000000000000016  -0.000000000000000  0.000000000000025
1.020000000000000  0.234337929325795  0.234337913321486  0.000012225770641  0.327545664623340  0.606091063967398
1.020000000000000  0.000000000000143  -0.000000000000060  -0.000000000000022  0.000000000000003  0.000000000000025
1.030000000000000  0.285732914157804  0.285732854703726  -0.000017837700832  0.364380879900460  0.614033874235049
1.030000000000000  0.000000000000281  -0.000000000000086  -0.000000000000026  0.000000000000002  0.000000000000025
1.040000000000000  0.323755330280461  0.323755359479739  -0.000046341480701  0.391826752800060  0.619988964031025
1.040000000000000  0.000000000000367  -0.000000000000104  -0.000000000000028  0.000000000000000  0.000000000000025
1.050000000000000  0.350126224016259  0.350126185764754  -0.000042409979250  0.413189815238025  0.624853277455429
1.050000000000000  0.000000000000399  -0.000000000000113  -0.000000000000028  -0.000000000000000  0.000000000000025
1.060000000000000  0.368490948143488  0.368491001787901  -0.000039839171971  0.430822655821807  0.629063931863637
1.060000000000000  0.000000000000397  -0.000000000000116  -0.000000000000026  0.000000000000012  0.000000000000024
1.070000000000000  0.383654358380762  0.383654278544058  -0.000043940084775  0.446306595789859  0.632851393054198
1.070000000000000  0.000000000000391  -0.000000000000116  -0.000000000000026  0.000000000000001  0.000000000000023
1.080000000000000  0.396955250945566  0.396955277678020  -0.000045982495238  0.460125842318941  0.636306306363891
1.080000000000000  0.000000000000395  -0.000000000000118  -0.000000000000025  -0.000000000000003  0.000000000000023
1.090000000000000  0.408831169654387  0.408830958417195  -0.000047313745171  0.472540838208094  0.639488064795340
1.090000000000000  0.000000000000556  0.000000000000284  -0.000000000000030  0.000000000001778  -0.000000000000015
1.100000000000000  0.419592301940633  0.419592549353594  -0.000048152487206  0.483777325554229  0.642439061451177
1.100000000000000  -0.000000001346488  -0.000000000330201  -0.000000000005226  -0.000000000259367  -0.000000000002128
1.110000000000000  0.429459395562462  0.429459300565760  -0.000048711121405  0.494020761995093  0.645191335140275
1.110000000000000  -0.000000000053392  0.000000002024493  -0.000000000085501  0.000000000198898  -0.000000000000271
1.120000000000000  0.438593322104047  0.438593402806500  -0.000048997276871  0.503419508260669  0.647769844050246
1.120000000000000  0.000000000001363  0.000000000002106  0.000000002054405  0.000000000004718  0.000000000003013
1.130000000000000  0.447113419153135  0.447113758282254  -0.000049169232832  0.512092271450325  0.650194565044648
1.130000000000000  0.000000000003209  -0.000000000000296  0.000000000002846  0.000000000000558  0.000000000000495
1.140000000000000  0.455113191656648  0.455112827468783  -0.000049168394624  0.520134862174971  0.652481784067688
1.140000000000000  -0.000000000008693  0.000000000000213  0.000000000001871  -0.000000000002836  -0.000000000000179
1.150000000000000  0.462661854908635  0.462660313900524  -0.000049018213680  0.527624496527530  0.654645089782317
1.150000000000000  0.000000000002501  -0.000000000000325  -0.000000000000448  -0.000000000000182  0.000000000000046
1.160000000000000  0.469814373602132  0.469813669229928  -0.000048835269004  0.534624781027227  0.656695934870981
1.160000000000000  0.000000000032064  -0.000000000002474  0.000000000000008  -0.000000000017662  0.000000000000043
1.170000000000000  0.476618616952381  0.476619306972933  -0.000048521254258  0.541189032374866  0.658644192164128
1.170000000000000  0.000000000009185  -0.000000000001996  0.000000000000791  0.000000000017203  0.000000000000458
1.180000000000000  0.483112244997552  0.483111140805703  -0.000048140369716  0.547361833158769  0.660498279124639
1.180000000000000  0.000000000018663  -0.000000000146457  0.000000000000602  0.000000000082687  0.000000000000243
1.190000000000000  0.489325063945042  0.489324581402598  -0.000047742568431  0.553181275656890  0.662265582557865
1.190000000000000  0.000000000010403  0.000000000039438  -0.000000000000743  0.000000000016452  0.000000000000685
1.200000000000000  0.495285095290924  0.495285955800402  -0.000047323526917  0.558680051941983  0.663952659148175
1.200000000000000  -0.000000000009161  -0.000000000146619  0.000000000002174  0.000000000018123  0.000000000001715
1.210000000000000  0.501013195827929  0.501011928283531  -0.000046765464775  0.563886301743282  0.665565308211121
1.210000000000000  0.000000000010606  0.000000000123652  -0.000000000007106  0.000000000296326  -0.000000000000148
1.220000000000000  0.506528328464189  0.506529045286946  -0.000046299838400  0.568824581155949  0.667108488565041
1.220000000000000  -0.000000000053289  0.000000000253390  0.000000000001076  -0.000000000125267  0.000000000000072
1.230000000000000  0.511848676750308  0.511848727614897  -0.000045703987903  0.573516178379138  0.668587005339584
1.230000000000000  -0.000000000027575  -0.000000000208805  -0.000000000007771  0.000000000196877  -0.000000000000712
1.240000000000000  0.516988136664114  0.516988446985061  -0.000045193254026  0.577980837365356  0.670004889273385
1.240000000000000  -0.000000000508915  0.000000000046109  0.000000000004207  -0.000000000108137  -0.000000000000062
1.250000000000000  0.521959788342057  0.521960516750761  -0.000044724715403  0.582235054457094  0.671365886056150
1.250000000000000  -0.000000000099298  -0.000000000105121  0.000000000020368  -0.000000000231250  -0.000000000000102
1.260000000000000  0.526775902535812  0.526776650285120  -0.000044169822416  0.586293489478980  0.672673453387803
1.260000000000000  -0.000000000014256  0.000000000449900  -0.000000000018669  0.000000000585759  0.000000000000311
1.270000000000000  0.531445965404732  0.531446842088223  -0.000043543213783  0.590170411580155  0.673930693118878
1.270000000000000  -0.000000000057634  -0.000000000009643  -0.000000000318449  -0.000000000434589  0.000000000000874
1.280000000000000  0.535979879933980  0.535980315773018  -0.000043071824929  0.593877947261464  0.675140452279828
1.280000000000000  -0.000000000294818  -0.000000000159431  -0.000000000035955  0.000000000228406  0.000000000000023
1.290000000000000  0.540384010837055  0.540384052601242  -0.000042502400522  0.597426962224233  0.676305315117279
1.290000000000000  -0.000000000490102  0.000000000527039  -0.000000000811367  0.000000000203376  -0.000000000000210
1.300000000000000  0.544668614520156  0.544667658825310  -0.000041923435804  0.600827625927949  0.677427712392818
1.300000000000000  -0.000000000100760  0.000000000349280  -0.000000000457940  0.000000000068920  0.000000000000572
1.310000000000000  0.548837160320273  0.548837474228648  -0.000041370289624  0.604088522673374  0.678509866420881
1.310000000000000  0.000000000108738  0.000000000079777  0.000000000746171  0.000000000115419  0.000000000000143
1.320000000000000  0.552898917429807  0.552900073831538  -0.000040811460181  0.607218505340154  0.679553859725993
1.320000000000000  0.000000000141462  -0.000000000034987  0.000000000002455  0.000000000102752  0.000000000000624
1.330000000000000  0.556857891813734  0.556858363267878  -0.000040310009012  0.610225164253669  0.680561530535412
1.330000000000000  -0.000000000216330  0.000000000035341  0.000000000006170  0.000000000138838  0.000000000000916
1.340000000000000  0.560720000421302  0.560719531364222  -0.000039730214757  0.613115733773524  0.681534730485629
1.340000000000000  0.000000000517001  0.000000000113865  0.000000000049651  0.000000000198795  -0.000000000000164
1.350000000000000  0.564489165202751  0.564489427140968  -0.000039215132432  0.615896218282815  0.682475071009561
1.350000000000000  0.000000000388408  -0.000000000014490  -0.000000000016215  -0.000000000219944  0.000000000000793
1.360000000000000  0.568169928023422  0.568169900534292  -0.000038715476130  0.618572761613854  0.683384076802774
1.360000000000000  -0.000000000158132  -0.000000000007338  0.000000000015510  -0.000000000228548  -0.000000000000615
1.370000000000000  0.571766583782324  0.571767097163173  -0.000038212925969  0.621150741335734  0.684263327601986
1.370000000000000  0.000000000154982  0.000000000010271  0.000000000243470  -0.000000000411771  0.000000000001149
1.380000000000000  0.575283724288569  0.575283642117262  -0.000037736129960  0.623635390108288  0.685113987278018
1.380000000000000  -0.000000000063113  0.000000000154194  -0.000000000206374  -0.000000000178945  0.000000000000996
1.390000000000000  0.578723565515965  0.578723665535536  -0.000037180216511  0.626031410344085  0.685937435760237
1.390000000000000  0.000000000193481  -0.000000000003284  -0.000000000350789  -0.000000000291983  0.000000000000084
1.400000000000000  0.582089733760452  0.582089597751933  -0.000036704114844  0.628343609030786  0.686734819417370
1.400000000000000  0.000000000107570  -0.000000000016080  0.000000000094899  0.000000000020713  0.000000000000031
1.410000000000000  0.585384913946602  0.585386285361268  -0.000036230215087  0.630575533574210  0.687507368964344
1.410000000000000  0.000000000078781  -0.000000000016802  0.000000000072368  0.000000000103217  -0.000000000000913
1.420000000000000  0.588614026747021  0.588613139204857  -0.000035759455660  0.632731244993784  0.688255960271905
1.420000000000000  0.000000000180111  0.000000000008437  0.000000000015653  -0.000000000108528  0.000000000000402
1.430000000000000  0.591776589188211  0.591776220816229  -0.000035278010777  0.634814536953735  0.688981756955562
1.430000000000000  -0.000000000060492  0.000000000003470  -0.000000000026608  0.000000000083178  -0.000000000000241
1.440000000000000  0.594876172609425  0.594876779678037  -0.000034788903698  0.636828471443110  0.689685523170779
1.440000000000000  -0.000000000021910  -0.000000000021558  -0.000000000020902  -0.000000000362287  0.000000000000156
1.450000000000000  0.597916609046770  0.597916322793324  -0.000034324886248  0.638776576368467  0.690368326899463
1.450000000000000  0.000000000051337  0.000000000009318  -0.000000000067071  -0.000000000315572  -0.000000000000753
1.460000000000000  0.600898363298435  0.600898685419289  -0.000033921567951  0.640661278099019  0.691030928554872
1.460000000000000  0.000000000128563  0.000000000007302  -0.000000000252150  0.000000000317136  0.000000000000059
1.470000000000000  0.603824779278483  0.603824707515711  -0.000033449743501  0.642485845772509  0.691674105202752
1.470000000000000  0.000000000037490  0.000000000006848  -0.000000000065870  -0.000000000397426  -0.000000000000450
1.480000000000000  0.606696520679008  0.606696750575145  -0.000032995516870  0.644252672071042  0.692298657730814
1.480000000000000  -0.000000000073421  0.000000000229447  -0.000000000119932  0.000000000179317  0.000000000000164
1.490000000000000  0.609516795338363  0.609516561045326  -0.000032627382504  0.645964446399209  0.692905274651796
1.490000000000000  -0.000000000176862  0.000000000095894  -0.000000000171415  -0.000000000222772  0.000000000000068
1.500000000000000  0.612286083146461  0.612286393563682  -0.000032202365265  0.647623277624063  0.693494672515724
1.500000000000000  -0.000000000219354  -0.000000000105082  -0.000000000016018  0.000000000390456  -0.000000000000767
1.510000000000000  0.615007036589037  0.615006750372518  -0.000031766510102  0.649231416921304  0.694067467583954
1.510000000000000  0.000000000097031  -0.000000000011897  -0.000000000043685  0.000000000641994  0.000000000000359
1.520000000000000  0.617681188798791  0.617681988298656  -0.000031433435953  0.650790827966225  0.694624250007918
1.520000000000000  0.000000000084024  -0.000000000022022  0.000000000165487  -0.000000000100035  -0.000000000000147
1.530000000000000  0.620308071502768  0.620308233226543  -0.000031005905681  0.652304016323106  0.695165650436504
1.530000000000000  0.000000000204286  -0.000000000030428  -0.000000000171693  0.000000000273725  -0.000000000000667
1.540000000000000  0.622892201929608  0.622892273500274  -0.000030623863046  0.653772138102117  0.695692193792485
1.540000000000000  -0.000000000018971  0.000000000027199  0.000000000000737  -0.000000000208819  0.000000000000311
1.550000000000000  0.625432959380929  0.625433012478336  -0.000030223244988  0.655197194426723  0.696204438305828
1.550000000000000  -0.000000000053506  -0.000000000011668  -0.000000000015884  0.000000000145996  0.000000000000069
1.560000000000000  0.627932334678409  0.627932634635726  -0.000029811654942  0.656581118601799  0.696702859046515
1.560000000000000  0.000000000165874  0.000000000012912  0.000000000157975  -0.000000000120519  -0.000000000000177
1.570000000000000  0.630390964081358  0.630391300991659  -0.000029434720326  0.657925265197578  0.697188054014970
1.570000000000000  0.000000000056952  0.000000000023696  -0.000000000012580  -0.000000000944064  0.000000000001684
1.580000000000000  0.632810271285242  0.632810741883170  -0.000029065443033  0.659231336677142  0.697660345454704
1.580000000000000  0.000000000065951  0.000000000020795  -0.000000000001677  -0.000000000258875  0.000000000000081
1.590000000000000  0.635191533050184  0.635191810258149  -0.000028743044121  0.660500607484243  0.698120194759772
1.590000000000000  0.000000000103059  0.000000000002200  0.000000000264401  -0.000000000285377  0.000000000000234
1.600000000000000  0.637536398356847  0.637536432567543  -0.000028387614096  0.661734507697454  0.698568126449227
1.600000000000000  0.000000000005220  -0.000000000045863  0.000000000013510  0.000000000774963  -0.000000000000152
1.610000000000000  0.639845156060934  0.639845120520245  -0.000028062747365  0.662934445125426  0.699004396092751
1.610000000000000  -0.000000000026470  0.000000000001936  -0.000000000281332  0.000000000230439  0.000000000000705
1.620000000000000  0.642118387348912  0.642118349953395  -0.000027710086753  0.664101517248209  0.699429547254222
1.620000000000000  -0.000000000009565  0.000000000000758  -0.000000000052687  0.000000000615249  -0.000000000001205
1.630000000000000  0.644359033425079  0.644358049498239  -0.000027352905879  0.665236636513010  0.699843845957389
1.630000000000000  -0.000000000091716  0.000000000016701  0.000000000021562  -0.000000000404863  -0.000000000000162
1.640000000000000  0.646563988006708  0.646564169385273  -0.000027036113793  0.666341397930079  0.700247605872718
1.640000000000000  -0.000000000061317  0.000000000014326  -0.000000000110459  0.000000000299073  -0.000000000000397
1.650000000000000  0.648738338102198  0.648737760084337  -0.000026717149107  0.667416834049948  0.700641350856649
1.650000000000000  -0.000000000014555  -0.000000000006609  -0.000000000025151  -0.000000000270092  -0.000000000000491
1.660000000000000  0.650879900196857  0.650881089697078  -0.000026430655197  0.668463835668594  0.701025266833848
1.660000000000000  -0.000000000039025  0.000000000007938  -0.000000000010956  0.000000000826597  0.000000000000073
1.670000000000000  0.652991888750582  0.652993383327850  -0.000026132785978  0.669483092619379  0.701399688382866
1.670000000000000  0.000000000010152  -0.000000000016166  0.000000000053669  -0.000000000025762  0.000000000000008
1.680000000000000  0.655073947423482  0.655073459492573  -0.000025851493640  0.670475824599261  0.701764915530028
1.680000000000000  0.000000000037911  -0.000000000001285  0.000000000008928  -0.000000000592534  0.000000000001188
1.690000000000000  0.657126552547969  0.657125961070238  -0.000025528933983  0.671443387565997  0.702121257844382
1.690000000000000  0.000000000027425  0.000000000001312  0.000000000167055  0.000000000470796  0.000000000000382
1.700000000000000  0.659150871463465  0.659150988815857  -0.000025170579021  0.672385885485560  0.702468946103145
1.700000000000000  -0.000000000036213  0.000000000005251  -0.000000000019491  0.000000000803099  0.000000000000276
1.710000000000000  0.661146763448491  0.661146834569556  -0.000024929582576  0.673304498283986  0.702808276330170
1.710000000000000  0.000000000063306  -0.000000000008808  -0.000000000003809  0.000000000070828  0.000000000001491
1.720000000000000  0.663116007108703  0.663116674591396  -0.000024637944672  0.674200419423850  0.703139567557814
1.720000000000000  0.000000000048803  -0.000000000011669  0.000000000000545  -0.000000000156083  0.000000000000610
1.730000000000000  0.665059185525603  0.665059010001016  -0.000024399732074  0.675073505890421  0.703462968694003
1.730000000000000  -0.000000000047879  -0.000000000003822  0.000000000005576  -0.000000001480942  0.000000000001986
1.740000000000000  0.666975540450740  0.666975950078299  -0.000024083010287  0.675925009022889  0.703778769720644
1.740000000000000  -0.000000000033766  0.000000000004431  -0.000000000115795  -0.000000001057560  -0.000000000000345
1.750000000000000  0.668867245300095  0.668867270931162  -0.000023837796287  0.676755375932673  0.704087228265607
1.750000000000000  0.000000000069590  -0.000000000014306  0.000000000002266  0.000000001018690  -0.000000000000091
1.760000000000000  0.670734446404556  0.670734531756881  -0.000023587508296  0.677565782867127  0.704388448959433
1.760000000000000  -0.000000000075474  -0.000000000003332  0.000000000021101  -0.000000000100662  0.000000000000737
1.770000000000000  0.672576559260949  0.672576849900149  -0.000023292368889  0.678356373332173  0.704682799548336
1.770000000000000  -0.000000000074009  0.000000000008627  -0.000000000178031  0.000000000325284  -0.000000000001659
1.780000000000000  0.674395869407099  0.674395674996573  -0.000023043446829  0.679128043166934  0.704970258755727
1.780000000000000  -0.000000000074222  0.000000000019397  0.000000000004735  -0.000000000597956  0.000000000000267
1.790000000000000  0.676191259529743  0.676191997077470  -0.000022788854011  0.679881078539478  0.705251297729422
1.790000000000000  0.000000000131185  0.000000000005470  -0.000000000290505  0.000000000676842  0.000000000000827
1.800000000000000  0.677964530567354  0.677964353428644  -0.000022547870406  0.680616490084823  0.705525913771570
1.800000000000000  0.000000000051791  0.000000000015841  0.000000000039518  -0.000000000493800  -0.000000000003269
1.810000000000000  0.679715477070742  0.679715170113376  -0.000022309306515  0.681334749931194  0.705794392150419
1.810000000000000  -0.000000000033091  -0.000000000030387  0.000000000086988  0.000000000195752  -0.000000000002673
1.820000000000000  0.681444840691361  0.681444511263171  -0.000022046556736  0.682035739763255  0.706056877102631
1.820000000000000  -0.000000000092476  -0.000000000003658  0.000000000019941  -0.000000001061169  0.000000000001033
1.830000000000000  0.683152882725550  0.683152974638990  -0.000021805612468  0.682720797223969  0.706313429448853
1.830000000000000  0.000000000063495  0.000000000001657  -0.000000000014949  0.000000000131175  0.000000000000172
1.840000000000000  0.684839938311776  0.684840354512539  -0.000021568635018  0.683389766964730  0.706564435144175
1.840000000000000  -0.000000000110093  0.000000000002887  0.000000000184146  -0.000000000036642  0.000000000000531
1.850000000000000  0.686506912915788  0.686507171323804  -0.000021345017356  0.684043435003709  0.706809841731925
1.850000000000000  -0.000000000112287  -0.000000000045758  0.000000000129905  -0.000000000531744  -0.000000000000676
1.860000000000000  0.688154264045148  0.688154037646662  -0.000021135873605  0.684682459114097  0.707049962486147
1.860000000000000  0.000000000006013  -0.000000000010630  -0.000000000043035  0.000000000345211  0.000000000000773
1.870000000000000  0.689781583208187  0.689781821252523  -0.000020884374540  0.685306797464775  0.707284890734427
1.870000000000000  -0.000000000014475  -0.000000000003745  0.000000000060701  0.000000000427175  -0.000000000002332
1.880000000000000  0.691389730644453  0.691389870469894  -0.000020668235670  0.685917221506949  0.707514645107099
1.880000000000000  0.000000000020843  -0.000000000002406  0.000000000003880  -0.000000000281116  -0.000000000000291
1.890000000000000  0.692979487415737  0.692979644310014  -0.000020450882742  0.686513909484126  0.707739528646775
1.890000000000000  0.000000000148026  -0.000000000008169  -0.000000000071419  -0.000000001033534  0.000000000001355
1.900000000000000  0.694549943090184  0.694551518550351  -0.000020258440231  0.687097649359026  0.707959651965190
1.900000000000000  0.000000000030575  -0.000000000002840  -0.000000000263697  -0.000000000477737  -0.000000000000956
1.910000000000000  0.696103473993869  0.696103576925218  -0.000020051749124  0.687668170318052  0.708175110603646
1.910000000000000  -0.000000000024613  -0.000000000000004  -0.000000000061042  -0.000000000236765  -0.000000000000649
1.920000000000000  0.697638088139378  0.697638289356076  -0.000019826025988  0.688226300008302  0.708385951769171
1.920000000000000  -0.000000000163858  -0.000000000012226  0.000000000043559  0.000000000065906  -0.000000000002671
1.930000000000000  0.699156112092453  0.699156409711186  -0.000019630087257  0.688772504909658  0.708592463557257
1.930000000000000  -0.000000000039998  0.000000000015154  -0.000000000355974  0.000000000383165  -0.000000000000730
1.940000000000000  0.700656872025523  0.700657602971287  -0.000019510094548  0.689306750628356  0.708794591563680
1.940000000000000  0.000000000105815  -0.000000000012295  0.000000000223398  -0.000000000799537  0.000000000000011
1.950000000000000  0.702141017541326  0.702141181778589  -0.000019216905438  0.689829416960488  0.708992559640204
1.950000000000000  -0.000000000039552  0.000000000001200  0.000000000030088  0.000000000826491  0.000000000001435
1.960000000000000  0.703608227899941  0.703609009008937  -0.000019051551316  0.690341103988181  0.709186454006185
1.960000000000000  0.000000000023929  0.000000000013662  -0.000000000017267  -0.000000001216381  0.000000000000432
1.970000000000000  0.705060450664639  0.705059775411456  -0.000018880806998  0.690841506094862  0.709376390831328
1.970000000000000  -0.000000000027015  -0.000000000007277  0.000000000110740  -0.000000000438029  0.000000000000049
1.980000000000000  0.706495328238026  0.706495312146722  -0.000018693440262  0.691331852188501  0.709562467113880
1.980000000000000  0.000000000095839  -0.000000000003283  -0.000000000084247  0.000000000155646  0.000000000000782
1.990000000000000  0.707915741467861  0.707916646026709  -0.000018517247308  0.691811614830976  0.709744700749467
1.990000000000000  0.000000000088787  0.000000000018954  0.000000000398667  -0.000000000345302  0.000000000000142
2.000000000000000  0.709320361500341  0.709320184131402  -0.000018364546345  0.692281069975408  0.709923310764803
2.000000000000000  0.000000000139156  -0.000000000010901  -0.000000000030732  0.000000000046951  0.000000000000087
2.010000000000000  0.710709930032288  0.710709919636314  -0.000018145499845  0.692741478092204  0.710098358089650
2.010000000000000  0.000000000000298  -0.000000000000124  -0.000000000000018  -0.000000000000000  0.000000000000023
2.020000000000000  0.712084830948374  0.712084825151849  -0.000017964969067  0.693192061604945  0.710269890901048
2.020000000000000  0.000000000000297  -0.000000000000124  -0.000000000000018  -0.000000000000000  0.000000000000023
2.030000000000000  0.713445207531395  0.713445237141958  -0.000017796461637  0.693633390405327  0.710437989969909
2.030000000000000  0.000000000000297  -0.000000000000124  -0.000000000000018  -0.000000000000000  0.000000000000023
2.040000000000000  0.714791341703184  0.714791337102875  -0.000017588681241  0.694065740473135  0.710602794414396
2.040000000000000  0.000000000000297  -0.000000000000124  -0.000000000000018  -0.000000000000000  0.000000000000023
2.050000000000000  0.716123473959911  0.716123453839129  -0.000017447743816  0.694489328647339  0.710764365035220
2.050000000000000  0.000000000000297  -0.000000000000124  -0.000000000000018  -0.000000000000000  0.000000000000023
2.060000000000000  0.717441830309573  0.717441805951531  -0.000017278346884  0.694904380918929  0.710922730107237
2.060000000000000  0.000000000000297  -0.000000000000124  -0.000000000000018  -0.000000000000000  0.000000000000023
2.070000000000000  0.718746601400268  0.718746607732093  -0.000017110630880  0.695311113744800  0.711078094068650
2.070000000000000  0.000000000000297  -0.000000000000124  -0.000000000000018  -0.000000000000000  0.000000000000023
2.080000000000000  0.720038082746765  0.720038089537760  -0.000016961655608  0.695709676846779  0.711230400086302
2.080000000000000  0.000000000000297  -0.000000000000124  -0.000000000000018  -0.000000000000000  0.000000000000023
2.090000000000000  0.721316433034422  0.721316442537189  -0.000016793866767  0.696100383458972  0.711379840163061
2.090000000000000  0.000000000000297  -0.000000000000124  -0.000000000000018  -0.000000000000000  0.000000000000023
2.100000000000000  0.722581910639237  0.722581942556721  -0.000016645569041  0.696483400410247  0.711526303212271
2.100000000000000  0.000000000000297  -0.000000000000124  -0.000000000000018  -0.000000000000000  0.000000000000023
2.110000000000000  0.723834714388821  0.723834704121231  -0.000016483307760  0.696858861417199  0.711670090778010
2.110000000000000  0.000000000000297  -0.000000000000124  -0.000000000000018  -0.000000000000000  0.000000000000023
2.120000000000000  0.725075053960438  0.725075037190896  -0.000016330822879  0.697227019707277  0.711811093124503
2.120000000000000  0.000000000000297  -0.000000000000124  -0.000000000000018  -0.000000000000000  0.000000000000023
2.130000000000000  0.726303074485707  0.726303102634801  -0.000016178580580  0.697588024971551  0.711949414581850
2.130000000000000  0.000000000000297  -0.000000000000124  -0.000000000000018  -0.000000000000000  0.000000000000023
2.140000000000000  0.727519085997565  0.727519079555527  -0.000016027055733  0.697942092198592  0.712085188849779
2.140000000000000  0.000000000000296  -0.000000000000124  -0.000000000000018  -0.000000000000000  0.000000000000023
2.150000000000000  0.728723156843469  0.728723147469561  -0.000015886831266  0.698289314396142  0.712218434549363
2.150000000000000  0.000000000000296  -0.000000000000124  -0.000000000000018  -0.000000000000000  0.000000000000023
2.160000000000000  0.729915539106074  0.729915540759219  -0.000015740468840  0.698629920140136  0.712349104442354
2.160000000000000  0.000000000000296  -0.000000000000124  -0.000000000000018  -0.000000000000000  0.000000000000023
2.170000000000000  0.731096416077696  0.731096420370383  -0.000015602738955  0.698964073587745  0.712477477187058
2.170000000000000  0.000000000000296  -0.000000000000124  -0.000000000000018  -0.000000000000000  0.000000000000023
2.180000000000000  0.732265935482035  0.732265958297524  -0.000015435318299  0.699291872590666  0.712603429779084
2.180000000000000  0.000000000000296  -0.000000000000124  -0.000000000000018  -0.000000000000000  0.000000000000023
2.190000000000000  0.733424311519477  0.733424299029071  -0.000015309550137  0.699613502298367  0.712727085561010
2.190000000000000  0.000000000000296  -0.000000000000124  -0.000000000000018  -0.000000000000000  0.000000000000023
2.200000000000000  0.734571670740724  0.734571669239837  -0.000015184091413  0.699929127914723  0.712848493789591
2.200000000000000  0.000000000000296  -0.000000000000124  -0.000000000000018  -0.000000000000000  0.000000000000023
2.210000000000000  0.735708218306878  0.735708201858910  -0.000015068756666  0.700238888838992  0.712967681742762
2.210000000000000  0.000000000000296  -0.000000000000124  -0.000000000000018  -0.000000000000000  0.000000000000023
2.220000000000000  0.736834084025333  0.736834068199016  -0.000014922659795  0.700542902306185  0.713084697350188
2.220000000000000  0.000000000000296  -0.000000000000124  -0.000000000000018  -0.000000000000000  0.000000000000023
2.230000000000000  0.737949438284441  0.737949426644274  -0.000014773648157  0.700841312008263  0.713199625452942
2.230000000000000  0.000000000000296  -0.000000000000124  -0.000000000000018  -0.000000000000000  0.000000000000023
2.240000000000000  0.739054469209937  0.739054462090787  -0.000014658956582  0.701134223767197  0.713312493103369
2.240000000000000  0.000000000000296  -0.000000000000124  -0.000000000000018  -0.000000000000000  0.000000000000023
2.250000000000000  0.740149266378139  0.740149269559258  -0.000014525039552  0.701421825942445  0.713423366694386
2.250000000000000  0.000000000000296  -0.000000000000124  -0.000000000000018  -0.000000000000000  0.000000000000023
2.260000000000000  0.741234020245863  0.741234024561683  -0.000014396422726  0.701704202750675  0.713532230133709
2.260000000000000  0.000000000000296  -0.000000000000124  -0.000000000000018  -0.000000000000000  0.000000000000023
2.270000000000000  0.742308909448377  0.742308921942544  -0.000014278314800  0.701981432541690  0.713639226137745
2.270000000000000  0.000000000000296  -0.000000000000124  -0.000000000000018  -0.000000000000000  0.000000000000023
2.280000000000000  0.743373982414112  0.743373981329838  -0.000014171652824  0.702253697498957  0.713744298443407
2.280000000000000  0.000000000000296  -0.000000000000124  -0.000000000000018  -0.000000000000000  0.000000000000023
2.290000000000000  0.744429451338920  0.744429504993230  -0.000014011138222  0.702521077669613  0.713847560060878
2.290000000000000  0.000000000000295  -0.000000000000124  -0.000000000000018  -0.000000000000000  0.000000000000023
2.300000000000000  0.745475480303421  0.745475461265628  -0.000013903200739  0.702783744684604  0.713949020286108
2.300000000000000  0.000000000000295  -0.000000000000124  -0.000000000000018  -0.000000000000000  0.000000000000023
2.310000000000000  0.746512141475135  0.746512146359816  -0.000013796470819  0.703041671496753  0.714048695909734
2.310000000000000  0.000000000000295  -0.000000000000124  -0.000000000000018  -0.000000000000000  0.000000000000023
2.320000000000000  0.747539585541269  0.747539587262694  -0.000013667786603  0.703295097933298  0.714146699669119
2.320000000000000  0.000000000000295  -0.000000000000124  -0.000000000000018  -0.000000000000000  0.000000000000023
2.330000000000000  0.748557921178481  0.748557943160540  -0.000013555246437  0.703544040668944  0.714242943173192
2.330000000000000  0.000000000000295  -0.000000000000124  -0.000000000000018  -0.000000000000000  0.000000000000023
2.340000000000000  0.749567327547404  0.749567347610767  -0.000013439998750  0.703788646663759  0.714337580973481
2.340000000000000  0.000000000000295  -0.000000000000124  -0.000000000000018  -0.000000000000000  0.000000000000023
2.350000000000000  0.750567927876390  0.750567926455247  -0.000013319840398  0.704029001615902  0.714430616256632
2.350000000000000  0.000000000000295  -0.000000000000124  -0.000000000000018  -0.000000000000000  0.000000000000023
2.360000000000000  0.751559776238510  0.751559751374964  -0.000013198050280  0.704265190241314  0.714522073002658
2.360000000000000  0.000000000000295  -0.000000000000124  -0.000000000000018  -0.000000000000000  0.000000000000023
2.370000000000000  0.752543048114690  0.752543051997041  -0.000013101316115  0.704497306762894  0.714611976785380
2.370000000000000  0.000000000000295  -0.000000000000124  -0.000000000000018  -0.000000000000000  0.000000000000023
2.380000000000000  0.753517834884534  0.753517832281483  -0.000013003352304  0.704725478413016  0.714700360566142
2.380000000000000  0.000000000000295  -0.000000000000124  -0.000000000000018  -0.000000000000000  0.000000000000023
2.390000000000000  0.754484288155197  0.754484254213035  -0.000012893751736  0.704949672982846  0.714787261582919
2.390000000000000  0.000000000000295  -0.000000000000124  -0.000000000000018  -0.000000000000000  0.000000000000023
2.400000000000000  0.755442426678740  0.755442433850625  -0.000012787738544  0.705170075583580  0.714872711746654
2.400000000000000  0.000000000000295  -0.000000000000124  -0.000000000000018  -0.000000000000000  0.000000000000023
2.410000000000000  0.756392521293616  0.756392479417158  -0.000012690808376  0.705386780206082  0.714956773769032
2.410000000000000  0.000000000000295  -0.000000000000124  -0.000000000000018  -0.000000000000000  0.000000000000023
2.420000000000000  0.757334518395887  0.757334516702159  -0.000012606851381  0.705599798508966  0.715039394920086
2.420000000000000  0.000000000000295  -0.000000000000124  -0.000000000000018  -0.000000000000000  0.000000000000023
2.430000000000000  0.758268629974134  0.758268590044717  -0.000012489001516  0.705809273017661  0.715120698862152
2.430000000000000  0.000000000000295  -0.000000000000124  -0.000000000000018  -0.000000000000000  0.000000000000023
2.440000000000000  0.759194910028084  0.759194887776308  -0.000012391613305  0.706015177648399  0.715200685069029
2.440000000000000  0.000000000000295  -0.000000000000124  -0.000000000000018  -0.000000000000000  0.000000000000023
2.450000000000000  0.760113461710176  0.760113465729784  -0.000012271505256  0.706217714947960  0.715279315599700
2.450000000000000  0.000000000000295  -0.000000000000124  -0.000000000000018  -0.000000000000000  0.000000000000023
2.460000000000000  0.761024415445436  0.761024429732914  -0.000012200232076  0.706416894150439  0.715356665478423
2.460000000000000  0.000000000000295  -0.000000000000124  -0.000000000000018  -0.000000000000000  0.000000000000023
2.470000000000000  0.761927874864941  0.761927867275619  -0.000012067675176  0.706612784220443  0.715432806037418
2.470000000000000  0.000000000000295  -0.000000000000124  -0.000000000000018  -0.000000000000000  0.000000000000023
2.480000000000000  0.762823859256053  0.762823872836322  -0.000011989129886  0.706805439882441  0.715507681444417
2.480000000000000  0.000000000000295  -0.000000000000124  -0.000000000000018  -0.000000000000000  0.000000000000023
2.490000000000000  0.763712569796694  0.763712561113274  -0.000011900731866  0.706994945995399  0.715581347017563
2.490000000000000  0.000000000000295  -0.000000000000124  -0.000000000000018  -0.000000000000000  0.000000000000023
2.500000000000000  0.764594030054311  0.764594036646875  -0.000011816456022  0.707181370701801  0.715653908847544
2.500000000000000  0.000000000000295  -0.000000000000124  -0.000000000000018  -0.000000000000000  0.000000000000023
2.510000000000000  0.765468355003302  0.765468334854577  -0.000011709524369  0.707364816296058  0.715725242771071
2.510000000000000  0.000000000000295  -0.000000000000124  -0.000000000000018  -0.000000000000000  0.000000000000023
2.520000000000000  0.766335616048872  0.766335672847307  -0.000011602450700  0.707545264443236  0.715795445399391
2.520000000000000  0.000000000000294  -0.000000000000124  -0.000000000000018  -0.000000000000000  0.000000000000023
2.530000000000000  0.767195971468500  0.767195945618506  -0.000011522353708  0.707722809942969  0.715864556485183
2.530000000000000  0.000000000000294  -0.000000000000124  -0.000000000000018  -0.000000000000000  0.000000000000023
2.540000000000000  0.768049411491343  0.768049387291446  -0.000011428638238  0.707897485214208  0.715932586811299
2.540000000000000  0.000000000000294  -0.000000000000124  -0.000000000000018  -0.000000000000000  0.000000000000023
2.550000000000000  0.768896057736382  0.768896065033971  -0.000011323127652  0.708069394220408  0.715999518071917
2.550000000000000  0.000000000000294  -0.000000000000124  -0.000000000000018  -0.000000000000000  0.000000000000023
2.560000000000000  0.769736016856821  0.769736020720467  -0.000011240306456  0.708238583747718  0.716065431478237
2.560000000000000  0.000000000000294  -0.000000000000124  -0.000000000000018  -0.000000000000000  0.000000000000023
2.570000000000000  0.770569337013588  0.770569358312084  -0.000011152761112  0.708405105251097  0.716130345924173
2.570000000000000  0.000000000000294  -0.000000000000124  -0.000000000000018  -0.000000000000000  0.000000000000023
2.580000000000000  0.771396128492619  0.771396158351800  -0.000011069467617  0.708569002093139  0.716194232992613
2.580000000000000  0.000000000000294  -0.000000000000124  -0.000000000000018  -0.000000000000000  0.000000000000023
2.590000000000000  0.772216478999315  0.772216448616929  -0.000010998859657  0.708730310292655  0.716257092581573
2.590000000000000  0.000000000000294  -0.000000000000124  -0.000000000000018  -0.000000000000000  0.000000000000023
2.600000000000000  0.773030431214063  0.773030425439561  -0.000010927246221  0.708889147270164  0.716319056216582
2.600000000000000  0.000000000000294  -0.000000000000124  -0.000000000000018  -0.000000000000000  0.000000000000023
2.610000000000000  0.773838096467248  0.773838098758269  -0.000010843410442  0.709045451538430  0.716380039014257
2.610000000000000  0.000000000000294  -0.000000000000124  -0.000000000000018  -0.000000000000000  0.000000000000023
2.620000000000000  0.774639506320498  0.774639484210727  -0.000010741742331  0.709199342000677  0.716440086887794
2.620000000000000  0.000000000000294  -0.000000000000124  -0.000000000000018  -0.000000000000000  0.000000000000023
2.630000000000000  0.775434793892299  0.775434771525089  -0.000010684567608  0.709350864954859  0.716499180691389
2.630000000000000  0.000000000000294  -0.000000000000124  -0.000000000000018  -0.000000000000000  0.000000000000023
2.640000000000000  0.776223969704209  0.776223973084474  -0.000010596841565  0.709500093212347  0.716557417410613
2.640000000000000  0.000000000000294  -0.000000000000124  -0.000000000000018  -0.000000000000000  0.000000000000023
2.650000000000000  0.777007158916165  0.777007157605255  -0.000010532469117  0.709647047996833  0.716614810149313
2.650000000000000  0.000000000000294  -0.000000000000124  -0.000000000000018  -0.000000000000000  0.000000000000023
2.660000000000000  0.777784377191509  0.777784404769707  -0.000010451258607  0.709791701216152  0.716671297726657
2.660000000000000  0.000000000000294  -0.000000000000124  -0.000000000000018  -0.000000000000000  0.000000000000023
2.670000000000000  0.778555763230605  0.778555751757400  -0.000010367656385  0.709934212478029  0.716726959607213
2.670000000000000  0.000000000000294  -0.000000000000124  -0.000000000000018  -0.000000000000000  0.000000000000023
2.680000000000000  0.779321356378523  0.779321338779161  -0.000010292076017  0.710074513140995  0.716781777265372
2.680000000000000  0.000000000000294  -0.000000000000124  -0.000000000000018  -0.000000000000000  0.000000000000023
2.690000000000000  0.780081142438681  0.780081197668719  -0.000010225559775  0.710212763654593  0.716835788998418
2.690000000000000  0.000000000000294  -0.000000000000124  -0.000000000000018  -0.000000000000000  0.000000000000023
2.700000000000000  0.780835363700568  0.780835341579180  -0.000010146955303  0.710348931001728  0.716889011151262
2.700000000000000  0.000000000000294  -0.000000000000124  -0.000000000000018  -0.000000000000000  0.000000000000023
2.710000000000000  0.781583946250357  0.781583950060024  -0.000010060915398  0.710482998620697  0.716941429246703
2.710000000000000  0.000000000000294  -0.000000000000124  -0.000000000000018  -0.000000000000000  0.000000000000023
2.720000000000000  0.782326985430373  0.782326978070265  -0.000010004330384  0.710615113003401  0.716993101683163
2.720000000000000  0.000000000000294  -0.000000000000124  -0.000000000000018  -0.000000000000000  0.000000000000023
2.730000000000000  0.783064558972793  0.783064524248927  -0.000009930467514  0.710745254349453  0.717043970675599
2.730000000000000  0.000000000000294  -0.000000000000124  -0.000000000000018  -0.000000000000000  0.000000000000023
2.740000000000000  0.783796671741289  0.783796725894149  -0.000009873817137  0.710873493061963  0.717094129256880
2.740000000000000  0.000000000000294  -0.000000000000124  -0.000000000000018  -0.000000000000000  0.000000000000023
2.750000000000000  0.784523496773161  0.784523498827898  -0.000009782759107  0.710999819135837  0.717143580746048
2.750000000000000  0.000000000000294  -0.000000000000124  -0.000000000000018  -0.000000000000000  0.000000000000023
2.760000000000000  0.785245028609685  0.785245017824230  -0.000009711827305  0.711124317005100  0.717192291929342
2.760000000000000  0.000000000000294  -0.000000000000124  -0.000000000000018  -0.000000000000000  0.000000000000023
2.770000000000000  0.785961294834514  0.785961284130764  -0.000009627611289  0.711246988138492  0.717240275705724
2.770000000000000  0.000000000000294  -0.000000000000124  -0.000000000000018  -0.000000000000000  0.000000000000023
2.780000000000000  0.786672391987024  0.786672429576420  -0.000009594407207  0.711367884441634  0.717287594898318
2.780000000000000  0.000000000000294  -0.000000000000124  -0.000000000000018  -0.000000000000000  0.000000000000023
2.790000000000000  0.787378415889887  0.787378413258468  -0.000009509337723  0.711487015586967  0.717334279654744
2.790000000000000  0.000000000000294  -0.000000000000124  -0.000000000000018  -0.000000000000000  0.000000000000023
2.800000000000000  0.788079376812682  0.788079366481303  -0.000009440179387  0.711604397678261  0.717380212712759
2.800000000000000  0.000000000000294  -0.000000000000124  -0.000000000000018  -0.000000000000000  0.000000000000023
2.810000000000000  0.788775299187214  0.788775303771233  -0.000009365727035  0.711720107411468  0.717425571197145
2.810000000000000  0.000000000000294  -0.000000000000124  -0.000000000000018  -0.000000000000000  0.000000000000023
2.820000000000000  0.789466317500994  0.789466343819072  -0.000009320117573  0.711834184173154  0.717470234946179
2.820000000000000  0.000000000000294  -0.000000000000124  -0.000000000000018  -0.000000000000000  0.000000000000023
2.830000000000000  0.790152419090394  0.790152384810623  -0.000009239289313  0.711946590645517  0.717514303174644
2.830000000000000  0.000000000000294  -0.000000000000124  -0.000000000000018  -0.000000000000000  0.000000000000023
2.840000000000000  0.790833634974069  0.790833653308712  -0.000009180133653  0.712057456167623  0.717557682267377
2.840000000000000  0.000000000000294  -0.000000000000124  -0.000000000000018  -0.000000000000000  0.000000000000023
2.850000000000000  0.791510161677502  0.791510150276471  -0.000009102639632  0.712166653459223  0.717600550164332
2.850000000000000  0.000000000000294  -0.000000000000124  -0.000000000000018  -0.000000000000000  0.000000000000023
2.860000000000000  0.792181856538230  0.792181852373203  -0.000009043777634  0.712274392012602  0.717642774603200
2.860000000000000  0.000000000000293  -0.000000000000124  -0.000000000000018  -0.000000000000000  0.000000000000023
2.870000000000000  0.792848941364945  0.792848927987589  -0.000008993850412  0.712380630341305  0.717684407395552
2.870000000000000  0.000000000000293  -0.000000000000124  -0.000000000000018  -0.000000000000000  0.000000000000023
2.880000000000000  0.793511324830227  0.793511326135092  -0.000008946532872  0.712485319294637  0.717725480194398
2.880000000000000  0.000000000000293  -0.000000000000124  -0.000000000000018  -0.000000000000000  0.000000000000023
2.890000000000000  0.794169169029655  0.794169165416462  -0.000008887802202  0.712588557773291  0.717765976446393
2.890000000000000  0.000000000000293  -0.000000000000124  -0.000000000000018  -0.000000000000000  0.000000000000023
2.900000000000000  0.794822470692076  0.794822492354451  -0.000008813260218  0.712690362633657  0.717805925445273
2.900000000000000  0.000000000000293  -0.000000000000124  -0.000000000000018  -0.000000000000000  0.000000000000023
2.910000000000000  0.795471319742060  0.795471288644393  -0.000008734112844  0.712790772672999  0.717845276286718
2.910000000000000  0.000000000000293  -0.000000000000124  -0.000000000000018  -0.000000000000000  0.000000000000023
2.920000000000000  0.796115652529045  0.796115658471142  -0.000008699357041  0.712889808381176  0.717884148484998
2.920000000000000  0.000000000000293  -0.000000000000124  -0.000000000000018  -0.000000000000000  0.000000000000023
2.930000000000000  0.796755612402696  0.796755633664765  -0.000008649845391  0.712987411915361  0.717922485724681
2.930000000000000  0.000000000000293  -0.000000000000124  -0.000000000000018  -0.000000000000000  0.000000000000023
2.940000000000000  0.797391258850431  0.797391230046601  -0.000008593796823  0.713083720862804  0.717960269363889
2.940000000000000  0.000000000000293  -0.000000000000124  -0.000000000000018  -0.000000000000000  0.000000000000023
2.950000000000000  0.798022576618007  0.798022579094243  -0.000008531670165  0.713178704512606  0.717997549847658
2.950000000000000  0.000000000000293  -0.000000000000124  -0.000000000000018  -0.000000000000000  0.000000000000023
2.960000000000000  0.798649657057362  0.798649635811336  -0.000008473157511  0.713272376791498  0.718034358557450
2.960000000000000  0.000000000000293  -0.000000000000124  -0.000000000000018  -0.000000000000000  0.000000000000023
2.970000000000000  0.799272527287726  0.799272510062315  -0.000008412194127  0.713364799609161  0.718070597771888
2.970000000000000  0.000000000000293  -0.000000000000124  -0.000000000000018  -0.000000000000000  0.000000000000023
2.980000000000000  0.799891151582989  0.799891160084474  -0.000008358447471  0.713455969794093  0.718106435450184
2.980000000000000  0.000000000000293  -0.000000000000124  -0.000000000000018  -0.000000000000000  0.000000000000023
2.990000000000000  0.800505715735784  0.800505736681910  -0.000008324198576  0.713545913983692  0.718141768022399
2.990000000000000  0.000000000000293  -0.000000000000124  -0.000000000000018  -0.000000000000000  0.000000000000023
3.000000000000000  0.801116177128004  0.801116189596294  -0.000008255059624  0.713634627198586  0.718176642376155
3.000000000000000  0.000000000000293  -0.000000000000124  -0.000000000000018  -0.000000000000000  0.000000000000023
