1.010000000000000009e+00  9.110093226981803127e+00  3.052044818213454302e+00  -5.106113424001333945e-01  1.487550352247840824e+00  2.100399038066884216e+00
1.010000000000000009e+00  -6.497114933128405045e-01  -5.217359362529960104e-02  9.125686614032488264e-02  -8.460892797019559097e-03  2.475769206752231888e-02
1.020000000000000018e+00  8.744594606689522820e+00  2.941513836687056127e+00  -4.381949695535788392e-01  1.470194930003966061e+00  2.024193927858630726e+00
1.020000000000000018e+00  -6.478641343841387013e-01  -5.440813200715489961e-02  9.169725366569196623e-02  -8.544868874383881874e-03  2.492933731424284982e-02
1.030000000000000027e+00  8.408252965680294011e+00  2.843105584362940697e+00  -3.745489085976975163e-01  1.454800853986536247e+00  1.956740784541592726e+00
1.030000000000000027e+00  -6.462446706152087383e-01  -5.649627649243971900e-02  9.213597531929235140e-02  -8.627457632752966177e-03  2.509102218179531940e-02
1.040000000000000036e+00  8.098065649599845983e+00  2.755224220009605318e+00  -3.184937447602685379e-01  1.441101147998453902e+00  1.896894534805621424e+00
1.040000000000000036e+00  -6.448205461154498108e-01  -5.847371358116851270e-02  9.256408262847627688e-02  -8.710394363539597506e-03  2.524646592825485758e-02
1.050000000000000044e+00  7.811283157925593024e+00  2.676526340762238831e+00  -2.690557636909504113e-01  1.428873313811277246e+00  1.843682756593078231e+00
1.050000000000000044e+00  -6.435674871181764622e-01  -6.032433907546263380e-02  9.297280623555578827e-02  -8.789729534648960119e-03  2.538763374293195874e-02
1.060000000000000053e+00  7.545565840043304995e+00  2.605863862337991499e+00  -2.253811944430542669e-01  1.417921987388362393e+00  1.796259391089134905e+00
1.060000000000000053e+00  -6.424700792656579118e-01  -6.208787850094745625e-02  9.339196471898528196e-02  -8.872881406004062832e-03  2.552552722270573504e-02
1.070000000000000062e+00  7.298811659466191593e+00  2.542246019836180704e+00  -1.867496264417112806e-01  1.408084494081127236e+00  1.753902164313491552e+00
1.070000000000000062e+00  -6.415076649733444381e-01  -6.375671429832151238e-02  9.380101331120907493e-02  -8.954897893257318664e-03  2.565486261206018082e-02
1.080000000000000071e+00  7.069281489947389474e+00  2.484829739929805381e+00  -1.525271637853977125e-01  1.399224224233721170e+00  1.715986325808547930e+00
1.080000000000000071e+00  -6.406744519395967119e-01  -6.534938654661291701e-02  9.420573569965534633e-02  -9.042219850955601768e-03  2.578051414302584554e-02
1.090000000000000080e+00  6.855377969659049775e+00  2.432877255404152450e+00  -1.221830720755913424e-01  1.391223673054123866e+00  1.681975392339891684e+00
1.090000000000000080e+00  -6.399499796793620687e-01  -6.686355995403311936e-02  9.460569209401041568e-02  -9.125333961583825815e-03  2.589818089440265592e-02
1.100000000000000089e+00  6.687062147394938982e+00  2.401761165251746988e+00  -1.096470040823174646e-01  1.385327905112449853e+00  1.662435701795129672e+00
1.100000000000000089e+00  -6.396486332381691176e-01  -6.807704646410817073e-02  9.499372732539168585e-02  -9.278042880138726023e-03  2.598247291025146399e-02
1.110000000000000098e+00  6.526325747999917937e+00  2.373432551684025782e+00  -9.889851637440071064e-02  1.379942360326702033e+00  1.644569254632463506e+00
1.110000000000000098e+00  -6.394453645067657011e-01  -6.924190741786416525e-02  9.538316789475921598e-02  -9.437018315845813188e-03  2.606363595148553092e-02
1.120000000000000107e+00  6.371621948752276943e+00  2.347173424003246467e+00  -8.939148053009024486e-02  1.374967359802643063e+00  1.627946351804505865e+00
1.120000000000000107e+00  -6.393222530050832741e-01  -7.036958372388320282e-02  9.577291186830003134e-02  -9.599938548200459554e-03  2.614242409585088023e-02
1.129999999999999893e+00  6.222403092414821479e+00  2.322690423831514472e+00  -8.093655164720375828e-02  1.370348262365783443e+00  1.612425448358839386e+00
1.129999999999999893e+00  -6.392522263246974701e-01  -7.146090715496954127e-02  9.616346621384906646e-02  -9.767426574143256435e-03  2.621664415376900870e-02
1.140000000000000124e+00  6.078298145130233365e+00  2.299754603525111296e+00  -7.337713438753842854e-02  1.366041805246159146e+00  1.597885224903075718e+00
1.140000000000000124e+00  -6.392270172397876982e-01  -7.252853986682998577e-02  9.655046614300114016e-02  -9.943073708683691780e-03  2.629020287683137003e-02
1.149999999999999911e+00  5.939046651998859616e+00  2.278181855864360283e+00  -6.659059717447013416e-02  1.362012160913088632e+00  1.584223966889549695e+00
1.149999999999999911e+00  -6.392402829466050651e-01  -7.357058939920288476e-02  9.693503943510853316e-02  -1.011356624864917508e-02  2.636149599671588906e-02
1.159999999999999920e+00  5.804461910045345618e+00  2.257815938925421317e+00  -6.047608500924386843e-02  1.358229715948805705e+00  1.571365981357681463e+00
1.159999999999999920e+00  -6.392803105192494950e-01  -7.458743028094802496e-02  9.731673709472352107e-02  -1.028900561856549434e-02  2.643091138080655433e-02
1.169999999999999929e+00  5.674399030521199094e+00  2.238530460836042124e+00  -5.495017533062048626e-02  1.354670203236809201e+00  1.559237738382953875e+00
1.169999999999999929e+00  -6.393430802767641197e-01  -7.557936409442435333e-02  9.769608869131199413e-02  -1.046740191684358834e-02  2.649843201707802187e-02
1.179999999999999938e+00  5.548754265281225173e+00  2.220223318584566563e+00  -4.993328131233955997e-02  1.351309585067835384e+00  1.547779529885808358e+00
1.179999999999999938e+00  -6.394242625760636622e-01  -7.655607411334525159e-02  9.807069180878151549e-02  -1.065087132067998876e-02  2.656185384332176991e-02
1.189999999999999947e+00  5.427412065415419207e+00  2.202797845399379728e+00  -4.537967948828349612e-02  1.348133497937510361e+00  1.536935572113252046e+00
1.189999999999999947e+00  -6.395201610577407880e-01  -7.751548147524600640e-02  9.844144902426464616e-02  -1.083292719619771693e-02  2.662478621470421025e-02
1.199999999999999956e+00  5.310287034458014865e+00  2.186179888830738882e+00  -4.123278942719292572e-02  1.345124078949101909e+00  1.526660123799790991e+00
1.199999999999999956e+00  -6.396281592560948415e-01  -7.845894059383827501e-02  9.880802230476590231e-02  -1.101571198786333028e-02  2.668553156692043959e-02
1.209999999999999964e+00  5.197272631536911547e+00  2.170297313148574769e+00  -3.745087500900506211e-02  1.342268358195753519e+00  1.516911155733482452e+00
1.209999999999999964e+00  -6.397494657710227628e-01  -7.937365646821199772e-02  9.917061473787004700e-02  -1.120290083639519096e-02  2.674350555453952616e-02
1.219999999999999973e+00  5.088240696576337818e+00  2.155064470485188011e+00  -3.400391158737649938e-02  1.339556697783117034e+00  1.507649942787222530e+00
1.219999999999999973e+00  -6.398998433217324422e-01  -8.019584397806184262e-02  9.952909465375478493e-02  -1.140442023513937864e-02  2.680184125726337019e-02
1.229999999999999982e+00  4.983097473596614257e+00  2.140457600868242327e+00  -3.084670325514651118e-02  1.336971258455600164e+00  1.498843953970867560e+00
1.229999999999999982e+00  -6.400491693080345712e-01  -8.100308113989199144e-02  9.988319584340575596e-02  -1.160769279693955880e-02  2.685501700595072094e-02
1.239999999999999991e+00  4.881775522448581484e+00  2.126432626372115386e+00  -2.795524658384544031e-02  1.334509768172746025e+00  1.490461894654686148e+00
1.239999999999999991e+00  -6.401935501873832202e-01  -8.180410486566000450e-02  1.002327552189582333e-01  -1.181229462070020053e-02  2.690820535919546952e-02
1.250000000000000000e+00  4.784146003508136680e+00  2.112946079379156572e+00  -2.530433557689256568e-02  1.332161393227294210e+00  1.482474261481513622e+00
1.250000000000000000e+00  -6.403278266122718332e-01  -8.259735490501957100e-02  1.005778927054765126e-01  -1.201745478485566690e-02  2.695975685414153666e-02
1.260000000000000009e+00  4.690096480450406169e+00  2.099963693216977845e+00  -2.287159888114504228e-02  1.329918700454273406e+00  1.474858259442826336e+00
1.260000000000000009e+00  -6.404494802893936356e-01  -8.338384125591086216e-02  1.009186780095787522e-01  -1.222445559388592173e-02  2.700944612354172492e-02
1.270000000000000018e+00  4.599509273410773424e+00  2.087451508702666825e+00  -2.063657161937294121e-02  1.327774871826704173e+00  1.467589587471068491e+00
1.270000000000000018e+00  -6.405562924630870958e-01  -8.416460290457536408e-02  1.012550986689449983e-01  -1.243210736983096226e-02  2.705754129871595914e-02
1.280000000000000027e+00  4.512272199615473767e+00  2.075381479905197057e+00  -1.858220167362416991e-02  1.325723071562400879e+00  1.460646738130363831e+00
1.280000000000000027e+00  -6.406470813902599426e-01  -8.494034105732065076e-02  1.015871698423403413e-01  -1.264035912802022321e-02  2.710396855181251841e-02
1.290000000000000036e+00  4.428259060063060026e+00  2.063725781283963556e+00  -1.669400801534871512e-02  1.323758263220771392e+00  1.454010058089696189e+00
1.290000000000000036e+00  -6.407204902147832781e-01  -8.570446233979674144e-02  1.019148650740728107e-01  -1.284890729080349903e-02  2.714911607694814322e-02
1.300000000000000044e+00  4.347366265580479450e+00  2.052461018704060614e+00  -1.495852148240233402e-02  1.321875040125342737e+00  1.447661381904825184e+00
1.300000000000000044e+00  -6.407769291797708044e-01  -8.647013508395039183e-02  1.022381933689690547e-01  -1.305782316697365331e-02  2.719247982957584409e-02
1.310000000000000053e+00  4.269464710822052922e+00  2.041565062417336929e+00  -1.335880998121335289e-02  1.320067892387907893e+00  1.441584040292762214e+00
1.310000000000000053e+00  -6.408157651397767829e-01  -8.723162659420671816e-02  1.025572691798506547e-01  -1.326663986334405965e-02  2.723316627110985294e-02
1.320000000000000062e+00  4.194444148253809068e+00  2.031016597882631558e+00  -1.188631230727713907e-02  1.318334025285347932e+00  1.435762007681045782e+00
1.320000000000000062e+00  -6.408365825062383170e-01  -8.798951494246022575e-02  1.028718753588323959e-01  -1.347514351421752465e-02  2.727336787249913172e-02
1.330000000000000071e+00  4.122192348243226334e+00  2.020796543067640005e+00  -1.052821585922629651e-02  1.316668384921142465e+00  1.430181375688928558e+00
1.330000000000000071e+00  -6.408394751346465634e-01  -8.874386167859933672e-02  1.031822606713104218e-01  -1.368373204669415255e-02  2.731209826493485870e-02
1.340000000000000080e+00  4.052597204099099848e+00  2.010889655052849445e+00  -9.279247041141367239e-03  1.315067358678303933e+00  1.424829033491025410e+00
1.340000000000000080e+00  -6.408256149672906243e-01  -8.949461524003746171e-02  1.034883482251637010e-01  -1.389189225403622552e-02  2.734942177012222864e-02
1.350000000000000089e+00  3.985552121364518197e+00  2.001278551488922641e+00  -8.129267298058930752e-03  1.313527502979005668e+00  1.419691807548459472e+00
1.350000000000000089e+00  -6.407948263087740459e-01  -9.024212499807408860e-02  1.037902527546113313e-01  -1.409979910619810206e-02  2.738525811870254345e-02
1.359999999999999876e+00  3.920944649290934780e+00  1.991949322275617495e+00  -7.070410270596537428e-03  1.312045880571548473e+00  1.414758500642102845e+00
1.359999999999999876e+00  -6.407477046728989878e-01  -9.098640909859385950e-02  1.040879802920713776e-01  -1.430723414650125758e-02  2.741991493192767748e-02
1.370000000000000107e+00  3.858681608012012099e+00  1.982887575822233739e+00  -6.095871256154712994e-03  1.310619233268633499e+00  1.410018478543273446e+00
1.370000000000000107e+00  -6.406850726624274683e-01  -9.172726734508421242e-02  1.043815873448719067e-01  -1.451435389438393564e-02  2.745309071313260102e-02
1.379999999999999893e+00  3.798655253484406913e+00  1.974080861740577841e+00  -5.198761763714686637e-03  1.309245022339728726e+00  1.405461282866723005e+00
1.379999999999999893e+00  -6.406071546964879904e-01  -9.246456498593748352e-02  1.046710872882181398e-01  -1.472079790265917731e-02  2.748499259175823245e-02
1.390000000000000124e+00  3.740777324179623164e+00  1.965517138844663947e+00  -4.373528337116778728e-03  1.307920382156541939e+00  1.401077792329891603e+00
1.390000000000000124e+00  -6.405146597659241436e-01  -9.319963707332216962e-02  1.049565724806652833e-01  -1.492668813813330386e-02  2.751587787015698228e-02
1.399999999999999911e+00  3.684950615092478898e+00  1.957185181751922132e+00  -3.614934031432192555e-03  1.306643140178411100e+00  1.396858806573352707e+00
1.399999999999999911e+00  -6.404080339499247376e-01  -9.392605785531384088e-02  1.052378596170795433e-01  -1.513194500816017474e-02  2.754538149843276107e-02
1.410000000000000142e+00  3.631091549441183286e+00  1.949075469493541490e+00  -2.918675840779997623e-03  1.305411290702225280e+00  1.392796526145406943e+00
1.410000000000000142e+00  -6.402890169132218201e-01  -9.464943775588707808e-02  1.055152283495396776e-01  -1.533648295688327945e-02  2.757350313804345088e-02
1.419999999999999929e+00  3.579110658945847234e+00  1.941177143989286202e+00  -2.279006292757204850e-03  1.304221662576913188e+00  1.388883293796749907e+00
1.419999999999999929e+00  -6.401562411441076295e-01  -9.536991771389033423e-02  1.057886329819604371e-01  -1.554022510921237998e-02  2.760049539843016653e-02
1.429999999999999938e+00  3.528927455727218998e+00  1.933481523363921095e+00  -1.691868885877890159e-03  1.303073439352789631e+00  1.385111476708450473e+00
1.429999999999999938e+00  -6.400113448799091831e-01  -9.609343099733867744e-02  1.060581773017052060e-01  -1.574324005122629266e-02  2.762594422609213063e-02
1.439999999999999947e+00  3.480467476655949799e+00  1.925980155887460077e+00  -1.154024774829363886e-03  1.301964534293571507e+00  1.381474678124137379e+00
1.439999999999999947e+00  -6.398546644647500337e-01  -9.681153251938759419e-02  1.063239156971954730e-01  -1.594536961268033792e-02  2.765052390757161138e-02
1.449999999999999956e+00  3.433652360275328164e+00  1.918664917086635224e+00  -6.615242290713841799e-04  1.300892120637919813e+00  1.377966547916586348e+00
1.449999999999999956e+00  -6.396865838050616038e-01  -9.753007758805831706e-02  1.065857804171466416e-01  -1.614674196235255099e-02  2.767407589069814655e-02
1.459999999999999964e+00  3.388412124324681862e+00  1.911528065413083510e+00  -2.112578839715789462e-04  1.299855753350751986e+00  1.374580175605538468e+00
1.459999999999999964e+00  -6.395084393885850371e-01  -9.824216619824273355e-02  1.068438744629034848e-01  -1.634709009515600275e-02  2.769646691341820510e-02
1.469999999999999973e+00  3.344679919161194448e+00  1.904562644137315797e+00  1.995762019808129629e-04  1.298853807327129406e+00  1.371311186108592928e+00
1.469999999999999973e+00  -6.393201268428495565e-01  -9.895120679348570758e-02  1.070982739115463461e-01  -1.654657092933564666e-02  2.771779030728493964e-02
1.479999999999999982e+00  3.302389056754835295e+00  1.897761893227317476e+00  5.737086157772765304e-04  1.297883766136511241e+00  1.368153150293327514e+00
1.479999999999999982e+00  -6.391220925821925469e-01  -9.965709712107902185e-02  1.073489430765534047e-01  -1.674506450657009538e-02  2.773795987656946238e-02
1.489999999999999991e+00  3.261477515993239873e+00  1.891119602528069432e+00  9.140731462493061239e-04  1.296942978854292106e+00  1.365101834991686802e+00
1.489999999999999991e+00  -6.389153184457716517e-01  -1.003599137141452796e-01  1.075959726199158945e-01  -1.694258668214665420e-02  2.775682198427653624e-02
1.500000000000000000e+00  3.221883796467259309e+00  1.884629548646899577e+00  1.222879974756103591e-03  1.296034246965518166e+00  1.362151858310293395e+00
1.500000000000000000e+00  -6.387000315914386217e-01  -1.010597417962023764e-01  1.078394114389322478e-01  -1.713919638388394784e-02  2.777506360689785403e-02
1.510000000000000009e+00  3.183557241233796464e+00  1.878285923553177694e+00  1.502259638287634265e-03  1.295154389654026295e+00  1.359299437730584703e+00
1.510000000000000009e+00  -6.384767527693566702e-01  -1.017565646653978834e-01  1.080792976326811206e-01  -1.733475658721284063e-02  2.779229436720342949e-02
1.520000000000000018e+00  3.146439189670568126e+00  1.872083421153302618e+00  1.754181756197349586e-03  1.294301385710574737e+00  1.356539339206681127e+00
1.520000000000000018e+00  -6.382458433549590415e-01  -1.024499914288598684e-01  1.083156387858676128e-01  -1.752933142804080635e-02  2.780872188262051292e-02
1.530000000000000027e+00  3.110479066759945788e+00  1.866018097260960351e+00  1.982213606689089622e-03  1.293475337908067235e+00  1.353868676351028366e+00
1.530000000000000027e+00  -6.380083941243729351e-01  -1.031404445991138952e-01  1.085484685483520673e-01  -1.772277240037978263e-02  2.782406110617596795e-02
1.540000000000000036e+00  3.075631350311098799e+00  1.860082996412112610e+00  2.185343324319324616e-03  1.292674504184635031e+00  1.351283237780121604e+00
1.540000000000000036e+00  -6.377635717462623033e-01  -1.038277906658690714e-01  1.087778874305465326e-01  -1.791504573475743989e-02  2.783850818989552778e-02
1.550000000000000044e+00  3.041847089206474841e+00  1.854274194246385177e+00  2.366682366246515047e-03  1.291898379628801052e+00  1.348779216855184648e+00
1.550000000000000044e+00  -6.375123822321248079e-01  -1.045120764362282573e-01  1.090038825692767055e-01  -1.810633754073476265e-02  2.785219636679736599e-02
1.560000000000000053e+00  3.009084181536951341e+00  1.848588388107888392e+00  2.527609597682978302e-03  1.291145208583151849e+00  1.346353991713714837e+00
1.560000000000000053e+00  -6.372566864004962639e-01  -1.051932372165006180e-01  1.092265028988448905e-01  -1.829638687869572511e-02  2.786482135288026463e-02
1.570000000000000062e+00  2.977298699179835140e+00  1.843020069081489298e+00  2.669431763644414951e-03  1.290414660131392166e+00  1.344003395309141924e+00
1.570000000000000062e+00  -6.369941706660053882e-01  -1.058713416326681755e-01  1.094458516173037049e-01  -1.848533562261656105e-02  2.787654835530839481e-02
1.580000000000000071e+00  2.946450742915221355e+00  1.837565597814834195e+00  2.793618260156827387e-03  1.289705842928079882e+00  1.341724500116469043e+00
1.580000000000000071e+00  -6.367266452018531808e-01  -1.065464010208690415e-01  1.096618893818801233e-01  -1.867309280067497301e-02  2.788755279071508664e-02
1.589999999999999858e+00  2.916505524937518246e+00  1.832221668629421707e+00  2.901443765997488173e-03  1.289017619982439244e+00  1.339515213364788071e+00
1.589999999999999858e+00  -6.364543389130166151e-01  -1.072183040654170055e-01  1.098746369555118341e-01  -1.885979439834972737e-02  2.789775976686037495e-02
1.600000000000000089e+00  2.887421131546656028e+00  1.826984789914800400e+00  2.994079954483439953e-03  1.288349685322850879e+00  1.337371981620268269e+00
1.600000000000000089e+00  -6.361777382979346696e-01  -1.078871309062622436e-01  1.100842422023171757e-01  -1.904526943425821628e-02  2.790719068851610363e-02
1.609999999999999876e+00  2.859167986283000840e+00  1.821850855456086382e+00  3.072847784207546635e-03  1.287700878806615101e+00  1.335292442271141633e+00
1.609999999999999876e+00  -6.358966810699026029e-01  -1.085529260780983135e-01  1.102906826181308669e-01  -1.922955859239283694e-02  2.791590662960952152e-02
1.620000000000000107e+00  2.831710693717552019e+00  1.816817186434841469e+00  3.137725415288474679e-03  1.287068448660831033e+00  1.333274191839472156e+00
1.620000000000000107e+00  -6.356119894988527808e-01  -1.092155651750163076e-01  1.104939626546449644e-01  -1.941277130976981624e-02  2.792380163996488474e-02
1.629999999999999893e+00  2.805018450258235596e+00  1.811880047126676274e+00  3.190482477905730307e-03  1.286455047708189525e+00  1.331314832024748318e+00
1.629999999999999893e+00  -6.353236839803628744e-01  -1.098752037545470683e-01  1.106942103186632220e-01  -1.959465690265815851e-02  2.793092826729692835e-02
1.640000000000000124e+00  2.779062635522699498e+00  1.807037378297024155e+00  3.231831332292940673e-03  1.285860180494924343e+00  1.329412101243897304e+00
1.640000000000000124e+00  -6.350323859996254150e-01  -1.105317838242342587e-01  1.108913592121050368e-01  -1.977544235809647333e-02  2.793733828988609336e-02
1.649999999999999911e+00  2.753812813328694986e+00  1.802285148960692363e+00  3.262772076115741902e-03  1.285280693453973333e+00  1.327563857109471002e+00
1.649999999999999911e+00  -6.347378581714880896e-01  -1.111852439745593113e-01  1.110855148249522556e-01  -1.995505085465798523e-02  2.794301219130779224e-02
1.660000000000000142e+00  2.729241091480945514e+00  1.797621834047624878e+00  3.283881607151682876e-03  1.284717825347726494e+00  1.325768213470492896e+00
1.660000000000000142e+00  -6.344408714473206423e-01  -1.118357072481325765e-01  1.112767278307428415e-01  -2.013328432701322335e-02  2.794800410359643550e-02
1.669999999999999929e+00  2.705330479975309732e+00  1.793043825030038896e+00  3.296034091090855114e-03  1.284170341280781669e+00  1.324022834582151642e+00
1.669999999999999929e+00  -6.341409812942269131e-01  -1.124831411782477864e-01  1.114643863328797085e-01  -2.031039053317351684e-02  2.795248664484772938e-02
1.680000000000000160e+00  2.682043390943944061e+00  1.788549590357701558e+00  3.299360280786731853e-03  1.283637294071291679e+00  1.322326047844037955e+00
1.680000000000000160e+00  -6.338393508955948441e-01  -1.131274476261293072e-01  1.116497229599366647e-01  -2.048626478241422078e-02  2.795621924569569039e-02
1.689999999999999947e+00  2.659364169090169483e+00  1.784135722495538090e+00  3.294981316891252600e-03  1.283119148875027538e+00  1.320676351220994471e+00
1.689999999999999947e+00  -6.335355773025910242e-01  -1.137687268781517047e-01  1.118321889624249721e-01  -2.066095959618841071e-02  2.795918801882346649e-02
1.700000000000000178e+00  2.637267001095160879e+00  1.779800764256687318e+00  3.283673736088293590e-03  1.282614811209169314e+00  1.319071755481624475e+00
1.700000000000000178e+00  -6.332301712091685797e-01  -1.144069818549885570e-01  1.120118599650279101e-01  -2.083447972384055991e-02  2.796178145844652185e-02
1.709999999999999964e+00  2.615732047601284194e+00  1.775541937662751479e+00  3.265567954461099168e-03  1.282123752825755636e+00  1.317510857918919198e+00
1.709999999999999964e+00  -6.329230933696076145e-01  -1.150422161070233096e-01  1.121887519775907893e-01  -2.100674604044283633e-02  2.796368550929806407e-02
1.719999999999999973e+00  2.594739268763966322e+00  1.771357599230246160e+00  3.241436827698809114e-03  1.281645873331421992e+00  1.315991897909122521e+00
1.719999999999999973e+00  -6.326148327007965477e-01  -1.156744810226177783e-01  1.123629051176927296e-01  -2.117765802970095201e-02  2.796502904892894659e-02
1.729999999999999982e+00  2.574268075726425131e+00  1.767245388432697961e+00  3.211418009766710616e-03  1.281180627662862115e+00  1.314513826165413901e+00
1.729999999999999982e+00  -6.323054909663147205e-01  -1.163037289022564591e-01  1.125343649732456347e-01  -2.134746623594296899e-02  2.796588081256556890e-02
1.739999999999999991e+00  2.554300639985260801e+00  1.763203638016955788e+00  3.176342528280428484e-03  1.280727342138622271e+00  1.313074730305773263e+00
1.739999999999999991e+00  -6.319953764023731324e-01  -1.169299978152445046e-01  1.127031534890715475e-01  -2.151602421690046452e-02  2.796611810604721082e-02
1.750000000000000000e+00  2.534819517060508343e+00  1.759230417254586065e+00  3.135896597080354772e-03  1.280285403745789363e+00  1.311673083849720589e+00
1.750000000000000000e+00  -6.316851671046197492e-01  -1.175531606468281781e-01  1.128692926133445240e-01  -2.168328328945856587e-02  2.796569484549249474e-02
1.760000000000000009e+00  2.515806590645659924e+00  1.755323740746240535e+00  3.091603938615737276e-03  1.279855353151966746e+00  1.310308147181562743e+00
1.760000000000000009e+00  -6.313739532987194814e-01  -1.181734098486032919e-01  1.130328297565578038e-01  -2.184938748223685945e-02  2.796495256834252707e-02
1.770000000000000018e+00  2.497248729716882831e+00  1.751482160254834497e+00  3.043272957420932109e-03  1.279435731400812681e+00  1.308978779001081616e+00
1.770000000000000018e+00  -6.310624901208865545e-01  -1.187906573687865092e-01  1.131938331786930402e-01  -2.201415225622882499e-02  2.796363283013147960e-02
1.780000000000000027e+00  2.479124701321756774e+00  1.747703464301930687e+00  2.991255242579189330e-03  1.279027022940886660e+00  1.307683464515613680e+00
1.780000000000000027e+00  -6.307506900587170895e-01  -1.194049621827342200e-01  1.133523104686242622e-01  -2.217775052771353561e-02  2.796186100368580618e-02
1.790000000000000036e+00  2.461424683551617143e+00  1.743986723290601448e+00  2.935768453859819577e-03  1.278628813741814030e+00  1.306421116256700099e+00
1.790000000000000036e+00  -6.304389891109634103e-01  -1.200162411996528594e-01  1.135082541584783999e-01  -2.234020343140696863e-02  2.795953134666584461e-02
1.800000000000000044e+00  2.444132299481576176e+00  1.740329701452623778e+00  2.877560893827318944e-03  1.278239839644653042e+00  1.305190363205022352e+00
1.800000000000000044e+00  -6.301272836501607966e-01  -1.206245598312833678e-01  1.136617441690011138e-01  -2.250136830157722923e-02  2.795674711933671119e-02
1.810000000000000053e+00  2.427235411581150970e+00  1.736731796817531315e+00  2.816286412983740398e-03  1.277861199264215042e+00  1.303990842478831791e+00
1.810000000000000053e+00  -6.298161997311926275e-01  -1.212275184187939919e-01  1.138127986784827766e-01  -2.266131357914258349e-02  2.795390687135346219e-02
1.820000000000000062e+00  2.410718163079949683e+00  1.733190887647100498e+00  2.752631515613748053e-03  1.277491088694760579e+00  1.302821001339333540e+00
1.820000000000000062e+00  -6.295052252463503306e-01  -1.218298315162267692e-01  1.139614412952384692e-01  -2.282007171731936790e-02  2.795018801467363811e-02
1.830000000000000071e+00  2.394570895532570187e+00  1.729704139025501242e+00  2.687042215531804806e-03  1.277130753564184040e+00  1.301679989679851435e+00
1.830000000000000071e+00  -6.291943874459906549e-01  -1.224292940828184822e-01  1.141077472220823619e-01  -2.297759670180765657e-02  2.794617478456951076e-02
1.839999999999999858e+00  2.378779320128723729e+00  1.726273798804759396e+00  2.619135407135176133e-03  1.276779457729815936e+00  1.300566953519856961e+00
1.839999999999999858e+00  -6.288850247697121976e-01  -1.230258801287734821e-01  1.142517207065669588e-01  -2.313385830767888951e-02  2.794187634760125771e-02
1.850000000000000089e+00  2.363335340511683036e+00  1.722896321769768813e+00  2.549383061963924127e-03  1.276435826989929190e+00  1.299481145834226803e+00
1.850000000000000089e+00  -6.285762699908062912e-01  -1.236195027541843461e-01  1.143934006307142232e-01  -2.328893951628951964e-02  2.793700924884656711e-02
1.859999999999999876e+00  2.348224842596482453e+00  1.719570764224140014e+00  2.478001937582387237e-03  1.276100684956555265e+00  1.298421560114250806e+00
1.859999999999999876e+00  -6.282684660393575982e-01  -1.242102216934613396e-01  1.145328166315578711e-01  -2.344285744115970349e-02  2.793174284020150111e-02
1.870000000000000107e+00  2.333437518474928751e+00  1.716295956522998489e+00  2.405491625727170651e-03  1.275773705289748872e+00  1.297387155306376494e+00
1.870000000000000107e+00  -6.279617063617164430e-01  -1.247981059444446122e-01  1.146700013702084131e-01  -2.359546702700199283e-02  2.792611718623250194e-02
1.879999999999999893e+00  2.318966560651578135e+00  1.713070625926102153e+00  2.331719387545939243e-03  1.275454244951857108e+00  1.296377914750399540e+00
1.879999999999999893e+00  -6.276561344921114394e-01  -1.253830600836854936e-01  1.148049466888360903e-01  -2.374714605678318602e-02  2.792017508459299080e-02
1.890000000000000124e+00  2.304797321531226295e+00  1.709894361257999762e+00  2.256603942507828114e-03  1.275142288645984667e+00  1.295392010867693733e+00
1.890000000000000124e+00  -6.273520794226736808e-01  -1.259651645139590048e-01  1.149377535714178472e-01  -2.389749419467934732e-02  2.791388556486940065e-02
1.899999999999999911e+00  2.290925225269933030e+00  1.706764930333860342e+00  2.180781157670605430e-03  1.274838282775029974e+00  1.294429537493868798e+00
1.899999999999999911e+00  -6.270490959192704938e-01  -1.265444949577931022e-01  1.150684594104122160e-01  -2.404659872324843572e-02  2.790732697120723582e-02
1.910000000000000142e+00  2.277337052055654620e+00  1.703681922435098528e+00  2.104122023551181775e-03  1.274540346241661126e+00  1.293488639470682822e+00
1.910000000000000142e+00  -6.267476218613539096e-01  -1.271208345266494621e-01  1.151961272199928804e-01  -2.419420477023848104e-02  2.790028190239823846e-02
1.919999999999999929e+00  2.264026013505837653e+00  1.700644347491661490e+00  2.027094784563098634e-03  1.274249747909875330e+00  1.292569983732985595e+00
1.919999999999999929e+00  -6.264475732595958801e-01  -1.276944113572001938e-01  1.153225444432120633e-01  -2.434079159089996836e-02  2.789315848839923895e-02
1.930000000000000160e+00  2.250985175824802287e+00  1.697650691821244617e+00  1.949580747302656625e-03  1.273965921141407387e+00  1.291672914500294311e+00
1.930000000000000160e+00  -6.261487025287264530e-01  -1.282651372361260089e-01  1.154469593374061742e-01  -2.448663705997178308e-02  2.788550645253873306e-02
1.939999999999999947e+00  2.238205599720375805e+00  1.694700661401359998e+00  1.871900160210469150e-03  1.273688372522834067e+00  1.290795855202690134e+00
1.939999999999999947e+00  -6.258516110981936498e-01  -1.288330883146162342e-01  1.155693326235530810e-01  -2.463086613825660187e-02  2.787762956203920783e-02
1.950000000000000178e+00  2.225679282220797806e+00  1.691792958193607088e+00  1.793903064828485799e-03  1.273417147187696052e+00  1.289938835949470564e+00
1.950000000000000178e+00  -6.255564144472269827e-01  -1.293982356179633753e-01  1.156897484973855444e-01  -2.477403439386172135e-02  2.786952155644617513e-02
1.959999999999999964e+00  2.213399053000689953e+00  1.688926800078122126e+00  1.715767149749459347e-03  1.273152124442414435e+00  1.289101510965671382e+00
1.959999999999999964e+00  -6.252630951634211565e-01  -1.299605674858052284e-01  1.158081870780489631e-01  -2.491598260989213998e-02  2.786115064883842862e-02
1.969999999999999973e+00  2.201356965615953509e+00  1.686101710497328821e+00  1.637529427665720960e-03  1.272893364972335961e+00  1.288283014057972409e+00
1.969999999999999973e+00  -6.249719607625322526e-01  -1.305201294035813753e-01  1.159246609175439979e-01  -2.505682927815300332e-02  2.785251890441253764e-02
1.979999999999999982e+00  2.189544967315217860e+00  1.683316263397443668e+00  1.559279137036493484e-03  1.272639735256233751e+00  1.287482282448342730e+00
1.979999999999999982e+00  -6.246824968605795281e-01  -1.310768951787923131e-01  1.160392626734969151e-01  -2.519640652188392949e-02  2.784347193223468686e-02
1.989999999999999991e+00  2.177963672233746095e+00  1.680569879118171350e+00  1.481345237125446246e-03  1.272392382410717726e+00  1.286699411195403542e+00
1.989999999999999991e+00  -6.243953395101576875e-01  -1.316309705257245333e-01  1.161520072302218154e-01  -2.533491629602802053e-02  2.783441019646215597e-02
2.000000000000000000e+00  2.166599959135810050e+00  1.677861842734214681e+00  1.403355293378316659e-03  1.272149756821090216e+00  1.285933826498807830e+00
2.000000000000000000e+00  -6.241102982730648563e-01  -1.321821697739809509e-01  1.162628598203857694e-01  -2.547226146477421516e-02  2.782490405132120870e-02
2.009999999999999787e+00  2.155448410123094405e+00  1.675189975395351194e+00  1.324318321084306388e-03  1.271911005481496826e+00  1.285184762570195982e+00
2.009999999999999787e+00  -6.238280364855557369e-01  -1.327288714862420727e-01  1.163717644034003851e-01  -2.560838949160537670e-02  2.781638833773036890e-02
2.020000000000000018e+00  2.144506197743012876e+00  1.672555938426216304e+00  1.247856840531910011e-03  1.271679223552941940e+00  1.284451850657336358e+00
2.020000000000000018e+00  -6.235468196297603294e-01  -1.332743495388474253e-01  1.164790265242496015e-01  -2.574328152217042476e-02  2.780542477223657549e-02
2.030000000000000249e+00  2.133765063154176023e+00  1.669957963571171433e+00  1.171054821069068136e-03  1.271452460121473393e+00  1.283734947511244728e+00
2.030000000000000249e+00  -6.232683922650195107e-01  -1.338173675165890975e-01  1.165845369026476119e-01  -2.587723699570998459e-02  2.779532228163617003e-02
2.040000000000000036e+00  2.123219156261203278e+00  1.667395150295894801e+00  1.094679781902398175e-03  1.271230433149556305e+00  1.283033561666846456e+00
2.040000000000000036e+00  -6.229921031468779180e-01  -1.343577067479179155e-01  1.166882807346641404e-01  -2.601005027733471753e-02  2.778501943793554307e-02
2.049999999999999822e+00  2.112865584515264850e+00  1.664867156933979686e+00  1.018938074376626868e-03  1.271013140709934097e+00  1.282347118611668391e+00
2.049999999999999822e+00  -6.227183593827474439e-01  -1.348953546731508080e-01  1.167902994760639246e-01  -2.614178885175943989e-02  2.777456039964432133e-02
2.060000000000000053e+00  2.102697855605291100e+00  1.662372918913970654e+00  9.436549135337091165e-04  1.270800526576842948e+00  1.281675060862384585e+00
2.060000000000000053e+00  -6.224469254958847619e-01  -1.354302896891412256e-01  1.168906564631593259e-01  -2.627236559756651602e-02  2.776387974427418914e-02
2.070000000000000284e+00  2.092711681195220219e+00  1.659911974633681009e+00  8.690908762821539235e-04  1.270592403674247306e+00  1.281017292338088920e+00
2.070000000000000284e+00  -6.221778741374491828e-01  -1.359626041660636775e-01  1.169893393931016462e-01  -2.640188572572577108e-02  2.775309562576411260e-02
2.080000000000000071e+00  2.082901761846414068e+00  1.657483728048521510e+00  7.951189253974297322e-04  1.270388536956323922e+00  1.280373256974347118e+00
2.080000000000000071e+00  -6.219113195754040202e-01  -1.364922689122795851e-01  1.170863937106428054e-01  -2.653028389328426773e-02  2.774201338110549031e-02
2.089999999999999858e+00  2.073263952121778608e+00  1.655087497217671899e+00  7.218500610321407218e-04  1.270189049566684769e+00  1.279742487069860157e+00
2.089999999999999858e+00  -6.216472982343017595e-01  -1.370192686994869680e-01  1.171818057401568802e-01  -2.665759925626376425e-02  2.773091609470201835e-02
2.100000000000000089e+00  2.063793655495946844e+00  1.652722661901372181e+00  6.493294595426093996e-04  1.269993735994285666e+00  1.279125064194979622e+00
2.100000000000000089e+00  -6.213856075657295808e-01  -1.375436616324256234e-01  1.172756462448533155e-01  -2.678385656732973352e-02  2.771949987601662890e-02
2.110000000000000320e+00  2.054486670449051200e+00  1.650388693894612846e+00  5.776274375677258044e-04  1.269802452193290243e+00  1.278520149184184440e+00
2.110000000000000320e+00  -6.211265961961012216e-01  -1.380654231278999056e-01  1.173679237721995811e-01  -2.690905752798355977e-02  2.770804899871748272e-02
2.120000000000000107e+00  2.045338680567070355e+00  1.648085064198499206e+00  5.066023914935477435e-04  1.269614957081805606e+00  1.277927531672393924e+00
2.120000000000000107e+00  -6.208700982543061686e-01  -1.385846134886468406e-01  1.174586681991319770e-01  -2.703317804972638072e-02  2.769644464924525540e-02
2.129999999999999893e+00  2.036345979661692951e+00  1.645811125880011661e+00  4.364677277716444426e-04  1.269431345813283984e+00  1.277347024447754054e+00
2.129999999999999893e+00  -6.206162039266810426e-01  -1.391011776651114584e-01  1.175478513626381227e-01  -2.715622772515280392e-02  2.768465607099090953e-02
2.140000000000000124e+00  2.027504638757842592e+00  1.643566406951438186e+00  3.672562943609243569e-04  1.269251572001270700e+00  1.276778411302728955e+00
2.140000000000000124e+00  -6.203649385361151847e-01  -1.396151648704120063e-01  1.176355778664044532e-01  -2.727826030853675032e-02  2.767272567951850615e-02
2.150000000000000355e+00  2.018811087302846197e+00  1.641350223887960702e+00  2.988513679116032440e-04  1.269075425087810904e+00  1.276220967118891769e+00
2.150000000000000355e+00  -6.201161467641628233e-01  -1.401266361121513149e-01  1.177218169784804980e-01  -2.739922427214036560e-02  2.766077488028362286e-02
2.160000000000000142e+00  2.010261136775899793e+00  1.639162338550576248e+00  2.312001560226401020e-04  1.268902459404532168e+00  1.275675038874370504e+00
2.160000000000000142e+00  -6.198701567637464604e-01  -1.406352548670789515e-01  1.178065655846364107e-01  -2.751902064315625562e-02  2.765052512693277897e-02
2.169999999999999929e+00  2.001852181059935010e+00  1.637001924203010272e+00  1.646211010907193406e-04  1.268733222023972873e+00  1.275139617864167629e+00
2.169999999999999929e+00  -6.196266855353740333e-01  -1.411415769153204214e-01  1.178899002080753960e-01  -2.763786163719446354e-02  2.763833559905881643e-02
2.179999999999999716e+00  1.993580055963202424e+00  1.634868759625975887e+00  9.888000987427411625e-05  1.268567399119534533e+00  1.274614963577366922e+00
2.179999999999999716e+00  -6.193859341325325119e-01  -1.416453689542491734e-01  1.179718403938578158e-01  -2.775570692881313556e-02  2.762607841862552149e-02
2.189999999999999947e+00  1.985441807271736359e+00  1.632762196463335647e+00  3.412106669918590907e-05  1.268404639208302376e+00  1.274100399311471232e+00
2.189999999999999947e+00  -6.191478175085896041e-01  -1.421466469626746221e-01  1.180523849407750375e-01  -2.787251901420796305e-02  2.761372673595108296e-02
2.200000000000000178e+00  1.977434525134832422e+00  1.630681875464112363e+00  -2.970878832485313037e-05  1.268245332110104151e+00  1.273596024525574411e+00
2.200000000000000178e+00  -6.189123699155308911e-01  -1.426454192593031023e-01  1.181315689003896580e-01  -2.798835897899722147e-02  2.760131671529963970e-02
2.209999999999999964e+00  1.969554910635685774e+00  1.628627369025948735e+00  -9.266431226147980871e-05  1.268089033737631599e+00  1.273101508642251689e+00
2.209999999999999964e+00  -6.186797216240705888e-01  -1.431416692151878112e-01  1.182094004299845680e-01  -2.810313154700139204e-02  2.758875633706281416e-02
2.219999999999999751e+00  1.961799138765893735e+00  1.626598166822867952e+00  -1.545711271898168870e-04  1.267935775117097652e+00  1.272616633110549733e+00
2.219999999999999751e+00  -6.184496977074352975e-01  -1.436354622987849050e-01  1.182859152745656811e-01  -2.821691598575868168e-02  2.757616908602056327e-02
2.229999999999999982e+00  1.954166650937738892e+00  1.624594004330650154e+00  -2.172309630265704949e-04  1.267785474774799637e+00  1.272141022789017972e+00
2.229999999999999982e+00  -6.182227011548200313e-01  -1.441267961034325973e-01  1.183611043691213810e-01  -2.832976798798981372e-02  2.756339968351673164e-02
2.240000000000000213e+00  1.946652206438564292e+00  1.622614189299477649e+00  -2.772544590023649780e-04  1.267638083480962408e+00  1.271674326295447077e+00
2.240000000000000213e+00  -6.179981869017363572e-01  -1.446157018433273933e-01  1.184350448855914367e-01  -2.844156351645469108e-02  2.755065527184685781e-02
2.250000000000000000e+00  1.939254605979091606e+00  1.620658331511448225e+00  -3.363305338227561003e-04  1.267493437825919944e+00  1.271216682783571361e+00
2.250000000000000000e+00  -6.177763450744291340e-01  -1.451020976426810327e-01  1.185076866817659919e-01  -2.855243379439577692e-02  2.753779864694261281e-02
2.259999999999999787e+00  1.931970401339125898e+00  1.618726304990685039e+00  -3.943986976868811556e-04  1.267351693820657710e+00  1.270767760705440619e+00
2.259999999999999787e+00  -6.175572622550627999e-01  -1.455860958330319477e-01  1.185790911940620695e-01  -2.866230575754993848e-02  2.752490822814546156e-02
2.270000000000000018e+00  1.924797603866329698e+00  1.616817445194349112e+00  -4.514816889718449577e-04  1.267212721935124575e+00  1.270327274558524122e+00
2.270000000000000018e+00  -6.173409600376100759e-01  -1.460676968608462523e-01  1.186492633439778233e-01  -2.877124258848295923e-02  2.751198472283611363e-02
2.280000000000000249e+00  1.917733541954114607e+00  1.614931362252106872e+00  -5.075588508993457426e-04  1.267076081538792920e+00  1.269894858377086377e+00
2.280000000000000249e+00  -6.171273112236455027e-01  -1.465469030358672875e-01  1.187182542473392971e-01  -2.887921011863898643e-02  2.749892436461975898e-02
2.290000000000000036e+00  1.910775653799015483e+00  1.613068006247240005e+00  -5.626355676856924226e-04  1.266942194936221844e+00  1.269470822951127342e+00
2.290000000000000036e+00  -6.169164466423440185e-01  -1.470237139790400160e-01  1.187860393409912452e-01  -2.898623165275480626e-02  2.748587927572876399e-02
2.299999999999999822e+00  1.903921963630581082e+00  1.611226550125839818e+00  -6.168190815511349900e-04  1.266810812445392065e+00  1.269054394769412397e+00
2.299999999999999822e+00  -6.167081791405590874e-01  -1.474980958874044790e-01  1.188526336314390391e-01  -2.909231381271758232e-02  2.747278982147083326e-02
2.310000000000000053e+00  1.897169795762146061e+00  1.609406798207572376e+00  -6.697759461953452231e-04  1.266681660285012168e+00  1.268645754315508301e+00
2.310000000000000053e+00  -6.165026227347660814e-01  -1.479701610308775395e-01  1.189180876432892608e-01  -2.919745899993582416e-02  2.745960866082786112e-02
2.320000000000000284e+00  1.890517417917930487e+00  1.607608640453178861e+00  -7.219489502690544513e-04  1.266555151838065996e+00  1.268244560392466358e+00
2.320000000000000284e+00  -6.162997876938554054e-01  -1.484398304949465230e-01  1.189823906517330637e-01  -2.930172111886947608e-02  2.744638586238401512e-02
2.330000000000000071e+00  1.883962424087282983e+00  1.605831528343278469e+00  -7.730870260318142839e-04  1.266431021092329745e+00  1.267850719052041386e+00
2.330000000000000071e+00  -6.160997336537756830e-01  -1.489072162109703334e-01  1.190455942410195006e-01  -2.940498607125701519e-02  2.743318220371115945e-02
2.339999999999999858e+00  1.877502780711195918e+00  1.604075122343186388e+00  -8.232411061541329567e-04  1.266308830816084141e+00  1.267464185183798886e+00
2.339999999999999858e+00  -6.159023569021100375e-01  -1.493722323936941820e-01  1.191076900263494665e-01  -2.950739230794530849e-02  2.741991480388106250e-02
2.350000000000000089e+00  1.871136593173053031e+00  1.602339237388243465e+00  -8.676407084935132408e-04  1.266189029596928473e+00  1.267084484820197199e+00
2.350000000000000089e+00  -6.157076428757258801e-01  -1.498349440989435177e-01  1.191687010778075956e-01  -2.960890459382489043e-02  2.740667490052894895e-02
2.360000000000000320e+00  1.864861574303309233e+00  1.600623200935903601e+00  -9.156207773601265920e-04  1.266071649564754820e+00  1.266711716608786675e+00
2.360000000000000320e+00  -6.155155918823197458e-01  -1.502953591524008869e-01  1.192286233084480090e-01  -2.970948253612181247e-02  2.739336230866429300e-02
2.370000000000000107e+00  1.858676240199319984e+00  1.598927059622377023e+00  -9.626530814377427803e-04  1.265956007817446327e+00  1.266345567184547605e+00
2.370000000000000107e+00  -6.153261806549548130e-01  -1.507534840762079775e-01  1.192874980427063858e-01  -2.980920767623045781e-02  2.738001915110765960e-02
2.379999999999999893e+00  1.852578427671162986e+00  1.597250268901277082e+00  -1.008872533142583100e-03  1.265842582326496935e+00  1.265985978202790241e+00
2.379999999999999893e+00  -6.151394560752385665e-01  -1.512093110424994613e-01  1.193453576584104087e-01  -2.990804507262243353e-02  2.736663623742274787e-02
2.390000000000000124e+00  1.846566514689497840e+00  1.595592715971659192e+00  -1.053959862392348651e-03  1.265731358671752238e+00  1.265632834557207653e+00
2.390000000000000124e+00  -6.149553772300532239e-01  -1.516628591714906660e-01  1.194021797281905189e-01  -3.000600395973174878e-02  2.735326168464746743e-02
2.400000000000000355e+00  1.840638678198370570e+00  1.593954093327251798e+00  -1.098144927009034322e-03  1.265621891839427304e+00  1.265285710894038740e+00
2.400000000000000355e+00  -6.147739824648325024e-01  -1.521141979122130616e-01  1.194580140103731480e-01  -3.010307778298155004e-02  2.733992092177017774e-02
2.410000000000000142e+00  1.834793236080134227e+00  1.592333892442390653e+00  -1.141454291452296405e-03  1.265514479337227494e+00  1.264944842026316962e+00
2.410000000000000142e+00  -6.145952120994873091e-01  -1.525633042366442982e-01  1.195128686632957460e-01  -3.019930516729846248e-02  2.732658167950730022e-02
2.419999999999999929e+00  1.829028426913970051e+00  1.590731901927999292e+00  -1.183821495855157113e-03  1.265408973513289181e+00  1.264609973554009947e+00
2.419999999999999929e+00  -6.144189569399745032e-01  -1.530101284852025678e-01  1.195667057512427994e-01  -3.029467198329944405e-02  2.731318705650020995e-02
2.429999999999999716e+00  1.823343009648664470e+00  1.589148023703124135e+00  -1.225280853478144527e-03  1.265305120097052427e+00  1.264280932723863327e+00
2.429999999999999716e+00  -6.142454136183950197e-01  -1.534547534714669759e-01  1.196196074740470683e-01  -3.038920327001477448e-02  2.729979048709652023e-02
2.439999999999999947e+00  1.817734949311690107e+00  1.587581809085732321e+00  -1.265771496858827255e-03  1.265203186607546604e+00  1.263957661355323170e+00
2.439999999999999947e+00  -6.140743791934972773e-01  -1.538971731983987679e-01  1.196715529249214177e-01  -3.048290534901078319e-02  2.728638630768720486e-02
2.450000000000000178e+00  1.812202929098897908e+00  1.586033052676238064e+00  -1.305406347773305220e-03  1.265103106411902489e+00  1.263639948951516656e+00
2.450000000000000178e+00  -6.139059240662350092e-01  -1.543373858348812688e-01  1.197225841548873182e-01  -3.057576826355960786e-02  2.727299359932444656e-02
2.459999999999999964e+00  1.806745549531113104e+00  1.584501473138323790e+00  -1.344181825822122339e-03  1.265004672565702926e+00  1.263327541471496840e+00
2.459999999999999964e+00  -6.137400284807176254e-01  -1.547754378441906775e-01  1.197727024296975501e-01  -3.066779556572069021e-02  2.725965518677198052e-02
2.469999999999999751e+00  1.801361305404529212e+00  1.582986902555968634e+00  -1.382055447397317199e-03  1.264907960454605185e+00  1.263020510669948582e+00
2.469999999999999751e+00  -6.135767286304497636e-01  -1.552113235557543713e-01  1.198219035278417915e-01  -3.075899508769819324e-02  2.724628355828151438e-02
2.479999999999999982e+00  1.796048835942104072e+00  1.581488968817472918e+00  -1.419031559482957644e-03  1.264812864290784544e+00  1.262718841083593668e+00
2.479999999999999982e+00  -6.134158496729716914e-01  -1.556450537815402824e-01  1.198702222885879021e-01  -3.084941668607966286e-02  2.723287416699304853e-02
2.490000000000000213e+00  1.790806485489834676e+00  1.580007409952872477e+00  -1.455174642963848880e-03  1.264719290764453330e+00  1.262422099202890502e+00
2.490000000000000213e+00  -6.132575383781242451e-01  -1.560766065412369230e-01  1.199176748650798152e-01  -3.093900209023358119e-02  2.721951100929298484e-02
2.500000000000000000e+00  1.785633136791567210e+00  1.578542079868004322e+00  -1.490473826714175387e-03  1.264627464798390388e+00  1.262130618136955595e+00
2.500000000000000000e+00  -6.131016719670829840e-01  -1.565060641431116895e-01  1.199642583294583953e-01  -3.102781885065689430e-02  2.720619138115831781e-02
2.509999999999999787e+00  1.780527514089477403e+00  1.577092677165638168e+00  -1.524880876599656737e-03  1.264537003571523099e+00  1.261843908677984016e+00
2.509999999999999787e+00  -6.129483716275457850e-01  -1.569333865637429493e-01  1.200100104910891141e-01  -3.111582048334757267e-02  2.719288318717894004e-02
2.520000000000000018e+00  1.775488326495152647e+00  1.575659059099065562e+00  -1.558500261520625457e-03  1.264448216139594683e+00  1.261561846315795599e+00
2.520000000000000018e+00  -6.127974850543147500e-01  -1.573585663296511450e-01  1.200548997006666979e-01  -3.120304842452605379e-02  2.717955737739330413e-02
2.530000000000000249e+00  1.770514113219958219e+00  1.574240897393939465e+00  -1.591278452182414566e-03  1.264360811776892968e+00  1.261284577364298221e+00
2.530000000000000249e+00  -6.126491330517714884e-01  -1.577816706947093306e-01  1.200989977928564323e-01  -3.128951999220817848e-02  2.716628366351658830e-02
2.540000000000000036e+00  1.765604045305630976e+00  1.572838059542918776e+00  -1.623273935181600292e-03  1.264274998647204828e+00  1.261011952076586784e+00
2.540000000000000036e+00  -6.125031934447933146e-01  -1.582026890348347259e-01  1.201422862870117764e-01  -3.137522102212804420e-02  2.715307635431229993e-02
2.549999999999999822e+00  1.760756585799138518e+00  1.571450091468393762e+00  -1.654459947427796424e-03  1.264190527871927427e+00  1.260743733684579926e+00
2.549999999999999822e+00  -6.123595496448970277e-01  -1.586216668511067629e-01  1.201847614572398304e-01  -3.146013926197579330e-02  2.713984359208510000e-02
2.560000000000000053e+00  1.755970945452732135e+00  1.570076963120167202e+00  -1.684808539820056156e-03  1.264107398835432994e+00  1.260480028130554819e+00
2.560000000000000053e+00  -6.122183370438110117e-01  -1.590385401583722658e-01  1.202264504828005343e-01  -3.154429348497934243e-02  2.712661661209470054e-02
2.570000000000000284e+00  1.751245533040106217e+00  1.568718523897211004e+00  -1.714404550184407683e-03  1.264025634981480462e+00  1.260220539068954704e+00
2.570000000000000284e+00  -6.120794218941350007e-01  -1.594533657070176247e-01  1.202673710227596948e-01  -3.162772077429972656e-02  2.711343647228414699e-02
2.580000000000000071e+00  1.746579693435897473e+00  1.567374584632532208e+00  -1.743256056094186907e-03  1.263945397914093327e+00  1.259965473465286756e+00
2.580000000000000071e+00  -6.119430392149360909e-01  -1.598661664018876660e-01  1.203075673795612061e-01  -3.171040520847417249e-02  2.710037796227016127e-02
2.589999999999999858e+00  1.741972197204651129e+00  1.566044746932374387e+00  -1.771314002782933134e-03  1.263866218528243435e+00  1.259714254141639955e+00
2.589999999999999858e+00  -6.118088898386351282e-01  -1.602769532221534621e-01  1.203469780791470295e-01  -3.179234006679702851e-02  2.708724663866668436e-02
2.600000000000000089e+00  1.737421766473442819e+00  1.564728879752377066e+00  -1.798656609648435073e-03  1.263788403243550018e+00  1.259467159314881179e+00
2.600000000000000089e+00  -6.116770470912304969e-01  -1.606856548790707162e-01  1.203856446241347300e-01  -3.187352685675665098e-02  2.707416674749485441e-02
2.610000000000000320e+00  1.732927645844170694e+00  1.563426728902783003e+00  -1.825327829644975836e-03  1.263711769471803859e+00  1.259224234223070171e+00
2.610000000000000320e+00  -6.115475104376593141e-01  -1.610923979196590416e-01  1.204236020708040755e-01  -3.195402851667646787e-02  2.706113132014809075e-02
2.620000000000000107e+00  1.728488871384778136e+00  1.562138234772320278e+00  -1.851198157893012980e-03  1.263636315561101897e+00  1.258985203498740990e+00
2.620000000000000107e+00  -6.114202755052955407e-01  -1.614971293456660961e-01  1.204608484112112549e-01  -3.203378525059149412e-02  2.704813772447101083e-02
2.629999999999999893e+00  1.724104310669599238e+00  1.560863237834465789e+00  -1.876425729993639463e-03  1.263562233814275348e+00  1.258749683426389154e+00
2.629999999999999893e+00  -6.112952701825047352e-01  -1.618999334450617611e-01  1.204973962593870324e-01  -3.211282458058500877e-02  2.703518147187267129e-02
2.640000000000000124e+00  1.719773236541689565e+00  1.559601482193452071e+00  -1.900810973972471424e-03  1.263489394894186768e+00  1.258518152030784210e+00
2.640000000000000124e+00  -6.111725707235458049e-01  -1.623007187831812248e-01  1.205332455802768515e-01  -3.219119355341838740e-02  2.702229180993465096e-02
2.650000000000000355e+00  1.715494417239833647e+00  1.558352780714392427e+00  -1.924630243033777222e-03  1.263417583086827056e+00  1.258290116332313913e+00
2.650000000000000355e+00  -6.110521142438539721e-01  -1.626995502742035471e-01  1.205684040017241387e-01  -3.226885721155885178e-02  2.700941373672083312e-02
2.660000000000000142e+00  1.711267062172111109e+00  1.557116885729789457e+00  -1.947714497370845593e-03  1.263346761100905935e+00  1.258065850067262126e+00
2.660000000000000142e+00  -6.109338339631169568e-01  -1.630978698719125486e-01  1.206029326410489738e-01  -3.234580805220704791e-02  2.699680841156337774e-02
2.669999999999999929e+00  1.707090442574977551e+00  1.555893664644469432e+00  -1.970172465543706952e-03  1.263277212166075136e+00  1.257844912495651224e+00
2.669999999999999929e+00  -6.108176883562561610e-01  -1.634928454774463580e-01  1.206367723650974971e-01  -3.242208394390451442e-02  2.698403324391385194e-02
2.679999999999999716e+00  1.702963479518463608e+00  1.554682954490894886e+00  -1.991862213356565547e-03  1.263208794415060066e+00  1.257627615673346577e+00
2.679999999999999716e+00  -6.107037441372273889e-01  -1.638858564174728583e-01  1.206699536127231465e-01  -3.249769232690975090e-02  2.697133208073809740e-02
2.689999999999999947e+00  1.698885239797232050e+00  1.553484562528128610e+00  -2.013008069679009249e-03  1.263141304348248450e+00  1.257413661469541699e+00
2.689999999999999947e+00  -6.105918785462407516e-01  -1.642769813556734793e-01  1.207024909141649061e-01  -3.257260162512787965e-02  2.695865497548577405e-02
2.700000000000000178e+00  1.694855617514229307e+00  1.552298324298767129e+00  -2.033509782605184835e-03  1.263074762458342049e+00  1.257203061640111308e+00
2.700000000000000178e+00  -6.104821349482778547e-01  -1.646661661683573863e-01  1.207344094258132050e-01  -3.264687838675841419e-02  2.694599104995565320e-02
2.709999999999999964e+00  1.690872808393323101e+00  1.551124187537609389e+00  -2.053350178475750465e-03  1.263009346403654254e+00  1.256995603021829000e+00
2.709999999999999964e+00  -6.103745248311946980e-01  -1.650534498286879981e-01  1.207648591964147339e-01  -3.272047491609051534e-02  2.693341852917308099e-02
2.719999999999999751e+00  1.686936660668825638e+00  1.549961877711284908e+00  -2.072670786552578692e-03  1.262945026736047138e+00  1.256791310692656483e+00
2.719999999999999751e+00  -6.102690953719553946e-01  -1.654389097736934933e-01  1.207955488241767988e-01  -3.279340553551625403e-02  2.692084979700404279e-02
2.729999999999999982e+00  1.683045988907117652e+00  1.548811068336678698e+00  -2.091118691632785215e-03  1.262881542101594423e+00  1.256590080920648722e+00
2.729999999999999982e+00  -6.101655427170110668e-01  -1.658224383728005846e-01  1.208256024606128715e-01  -3.286570060999419868e-02  2.690839035670800072e-02
2.740000000000000213e+00  1.679200324936551025e+00  1.547671886606587721e+00  -2.109117981451500562e-03  1.262819130428044945e+00  1.256392067191525408e+00
2.740000000000000213e+00  -6.100640994437027675e-01  -1.662041412292807330e-01  1.208550731910393722e-01  -3.293734954406084270e-02  2.689597166760371305e-02
2.750000000000000000e+00  1.675399014854393798e+00  1.546544137453016665e+00  -2.126612743305850844e-03  1.262757770633157861e+00  1.256197031739708425e+00
2.750000000000000000e+00  -6.099647962222747299e-01  -1.665839573076721425e-01  1.208839781406556291e-01  -3.300836609032461316e-02  2.688359711259946661e-02
2.759999999999999787e+00  1.671641058199471619e+00  1.545427552906270430e+00  -2.143443583816285331e-03  1.262697199575927076e+00  1.256004944986025329e+00
2.759999999999999787e+00  -6.098673455857647197e-01  -1.669619784279939012e-01  1.209123016109247134e-01  -3.307874823844373507e-02  2.687127307037229240e-02
2.770000000000000018e+00  1.667925774236110659e+00  1.544322103279270664e+00  -2.159771804908162257e-03  1.262637494488555445e+00  1.255815679988756761e+00
2.770000000000000018e+00  -6.097719331475800475e-01  -1.673381295441136452e-01  1.209400869339653239e-01  -3.314849510336471267e-02  2.685897622875155211e-02
2.780000000000000249e+00  1.664252608233933506e+00  1.543227521756828757e+00  -2.175448489802219582e-03  1.262578815415155375e+00  1.255629130532255111e+00
2.780000000000000249e+00  -6.096785781065385823e-01  -1.677125149565442397e-01  1.209673010664871623e-01  -3.321767664079016552e-02  2.684676804052887888e-02
2.790000000000000036e+00  1.660621018225606926e+00  1.542143688442837224e+00  -2.190570983451576442e-03  1.262520776889233032e+00  1.255445584677279403e+00
2.790000000000000036e+00  -6.095870514556664954e-01  -1.680850267645073448e-01  1.209939561088796134e-01  -3.328618081738215356e-02  2.683456187846644525e-02
2.799999999999999822e+00  1.657030167546030830e+00  1.541070562680022071e+00  -2.205207920300544799e-03  1.262463829171500018e+00  1.255264783249494531e+00
2.799999999999999822e+00  -6.094975217236344722e-01  -1.684557708945509102e-01  1.210200973499934995e-01  -3.335411054767815908e-02  2.682248890079519388e-02
2.810000000000000053e+00  1.653479142253964085e+00  1.540007907028019041e+00  -2.219309215120836981e-03  1.262407459405298527e+00  1.255086556835510514e+00
2.810000000000000053e+00  -6.094098422714574470e-01  -1.688247343961896407e-01  1.210456831252383209e-01  -3.342143068061188826e-02  2.681047557372517876e-02
2.820000000000000284e+00  1.649967820668603036e+00  1.538955583166819796e+00  -2.232914363035409799e-03  1.262352149620606934e+00  1.254910983539669678e+00
2.820000000000000284e+00  -6.093241485770606314e-01  -1.691919178018028436e-01  1.210707550695946516e-01  -3.348814229786928331e-02  2.679844785902996129e-02
2.830000000000000071e+00  1.646495016938311462e+00  1.537913455707502930e+00  -2.245983288137531203e-03  1.262297565024131707e+00  1.254738052624936095e+00
2.830000000000000071e+00  -6.092401099872573056e-01  -1.695573220806693704e-01  1.210953155263530256e-01  -3.355426019630625839e-02  2.678652025049754748e-02
2.839999999999999858e+00  1.643060622415565275e+00  1.536881619863199155e+00  -2.258465363368898637e-03  1.262243866973726147e+00  1.254567738472221139e+00
2.839999999999999858e+00  -6.091581447538247929e-01  -1.699209653763093242e-01  1.211193778075155686e-01  -3.361983327036724423e-02  2.677466542332718191e-02
2.850000000000000089e+00  1.639663590647594038e+00  1.535859504571080558e+00  -2.270622043473786988e-03  1.262190915918378398e+00  1.254399731279413288e+00
2.850000000000000089e+00  -6.090778472394944298e-01  -1.702828884778818663e-01  1.211429197678927233e-01  -3.368479281607929254e-02  2.676286150519058271e-02
2.860000000000000320e+00  1.636303797344181632e+00  1.534847256487843481e+00  -2.282170453786119824e-03  1.262138597974935328e+00  1.254234229404596501e+00
2.860000000000000320e+00  -6.089993638729134240e-01  -1.706430601649609469e-01  1.211659837806822876e-01  -3.374917621618259839e-02  2.675113214094049230e-02
2.870000000000000107e+00  1.632980400261182297e+00  1.533844678369609582e+00  -2.293209289159658937e-03  1.262087009313370922e+00  1.254071095153498128e+00
2.870000000000000107e+00  -6.089227075669966238e-01  -1.710014726646959526e-01  1.211885364014950867e-01  -3.381296760041085231e-02  2.673944001511818769e-02
2.879999999999999893e+00  1.629692848730092791e+00  1.532851776648532560e+00  -2.303886543470294590e-03  1.262036308594534750e+00  1.253910426685001189e+00
2.879999999999999893e+00  -6.088478450215009108e-01  -1.713582084861058341e-01  1.212106466119266535e-01  -3.387625648067053852e-02  2.672776473551755072e-02
2.890000000000000124e+00  1.626440779469760400e+00  1.531868418826210387e+00  -2.314092544045711491e-03  1.261986160317518868e+00  1.253752080618978582e+00
2.890000000000000124e+00  -6.087747246375849741e-01  -1.717132232126629410e-01  1.212322806251720231e-01  -3.393896188418985688e-02  2.671617968021458567e-02
2.900000000000000355e+00  1.623223569523515764e+00  1.530894311278086395e+00  -2.323790999453522604e-03  1.261937036165602377e+00  1.253595755860745564e+00
2.900000000000000355e+00  -6.087033131262533647e-01  -1.720665708456121656e-01  1.212534556355732152e-01  -3.400110206539179447e-02  2.670468350193508367e-02
2.910000000000000142e+00  1.620040379182127843e+00  1.529929544511957840e+00  -2.333070180590840481e-03  1.261888413020921362e+00  1.253441754082786019e+00
2.910000000000000142e+00  -6.086336896286974607e-01  -1.724181868661136263e-01  1.212741847787692506e-01  -3.406271977274384632e-02  2.669331476799582936e-02
2.919999999999999929e+00  1.616891048391729813e+00  1.528973621323365339e+00  -2.341892259672618409e-03  1.261840375975640027e+00  1.253290142521401140e+00
2.919999999999999929e+00  -6.085655849349964619e-01  -1.727681792247197923e-01  1.212944585726489916e-01  -3.412376065076965642e-02  2.668183983643140911e-02
2.929999999999999716e+00  1.613775069185404920e+00  1.528026826003825889e+00  -2.350341548027965605e-03  1.261793168818215349e+00  1.253140507102392665e+00
2.929999999999999716e+00  -6.084992900635115554e-01  -1.731164470297101299e-01  1.213142928675922522e-01  -3.418429996494658230e-02  2.667052850981535550e-02
2.939999999999999947e+00  1.610691711749753230e+00  1.527089026130428184e+00  -2.358371967869327818e-03  1.261746567293039023e+00  1.252992980392347855e+00
2.939999999999999947e+00  -6.084347150900276668e-01  -1.734630826856647934e-01  1.213336890194327694e-01  -3.424428221513509119e-02  2.665934341609191294e-02
2.950000000000000178e+00  1.607640679623742797e+00  1.526159797951914809e+00  -2.365972283138249865e-03  1.261700465341855093e+00  1.252847617385173917e+00
2.950000000000000178e+00  -6.083716128732192807e-01  -1.738080756833736973e-01  1.213526743709867906e-01  -3.430374096615852741e-02  2.664811712865594595e-02
2.959999999999999964e+00  1.604621392983392347e+00  1.525239389743810570e+00  -2.373133751103664868e-03  1.261655108440614015e+00  1.252704205391333536e+00
2.959999999999999964e+00  -6.083102506061791592e-01  -1.741514332173365875e-01  1.213712242501310268e-01  -3.436267454999441390e-02  2.663698628556343539e-02
2.969999999999999751e+00  1.601633166593303459e+00  1.524327408744494683e+00  -2.379906920846865115e-03  1.261610510517566119e+00  1.252562768824823980e+00
2.969999999999999751e+00  -6.082503890063839513e-01  -1.744931664614237932e-01  1.213893702287750093e-01  -3.442109664279262987e-02  2.662590221945559943e-02
2.979999999999999982e+00  1.598676302223921208e+00  1.523423851401742857e+00  -2.386322283006805239e-03  1.261566431034838454e+00  1.252423355227772817e+00
2.979999999999999982e+00  -6.081921156774137138e-01  -1.748332724850334141e-01  1.214070727144671014e-01  -3.447899840843793307e-02  2.661492990324923480e-02
2.990000000000000213e+00  1.595749447613757699e+00  1.522528560143173504e+00  -2.392276566568134893e-03  1.261522886424652379e+00  1.252285943643405508e+00
2.990000000000000213e+00  -6.081353497780637163e-01  -1.751717552033947578e-01  1.214244127008591023e-01  -3.453639621070948851e-02  2.660390539482332395e-02
3.000000000000000000e+00  1.592852661156421101e+00  1.521641727705419278e+00  -2.397943992589354062e-03  1.261479864880580726e+00  1.252150173225365704e+00
3.000000000000000000e+00  -6.080802541886449752e-01  -1.755086554880264660e-01  1.214413518488878796e-01  -3.459329657342326975e-02  2.659306061173793978e-02
