1.010000000000000009e+00  7.198416430815338884e+00  7.198418504048710531e+00  8.350787762300815710e-04  4.560083174710478637e+00  1.683707671186980726e+00
1.010000000000000009e+00  3.681818196249581609e-12  1.116742574321396068e-12  1.817793011656796746e-13  -1.828609440110621493e-13  -7.181683584424470792e-14
1.020000000000000018e+00  4.587167883409486890e+00  4.587168951504112080e+00  5.772953812333740333e-05  3.277511206781739794e+00  1.649917150149885270e+00
1.020000000000000018e+00  -2.339535816430934686e-12  1.120458425546720294e-12  1.669321903452515749e-13  -6.417137267587380783e-14  -6.899436623200000464e-14
1.030000000000000027e+00  3.593891093756013344e+00  3.593891717901890548e+00  1.774767726774442234e-04  2.817039972321467189e+00  1.628574712111097833e+00
1.030000000000000027e+00  -3.500836360601770517e-12  1.075538504962706256e-12  1.519208978990384514e-13  -1.651109276618530941e-14  -6.705012677226220356e-14
1.040000000000000036e+00  3.126532979773536614e+00  3.126532774795663272e+00  2.808644792516303782e-04  2.583112614524625261e+00  1.612932019571873932e+00
1.040000000000000036e+00  -3.553613110808486350e-12  1.011571314702758798e-12  1.405295206187001431e-13  5.172166160280373482e-15  -6.547128442562942813e-14
1.050000000000000044e+00  2.877023474012405213e+00  2.877023590643050799e+00  2.215659064706482283e-04  2.437850777886178655e+00  1.600375747486449063e+00
1.050000000000000044e+00  -3.289227625008221272e-12  9.340780436007517333e-13  1.289703268251860532e-13  5.940142899267514835e-15  -6.416438424992306948e-14
1.060000000000000053e+00  2.729254360188545725e+00  2.729253887674447654e+00  1.893233594487503087e-04  2.334340776187545874e+00  1.589663575333569501e+00
1.060000000000000053e+00  -2.938748580203958184e-12  8.624398240595125148e-13  1.145334726910246578e-13  -7.891707204287187959e-14  -6.099802036682034176e-14
1.070000000000000062e+00  2.619224168206795156e+00  2.619224648212135076e+00  1.959930873405799372e-04  2.251511875011039443e+00  1.580149826457180051e+00
1.070000000000000062e+00  -2.669764044677250723e-12  7.976176416521887238e-13  1.090040926533491777e-13  -3.949483876119217440e-15  -5.805273668363261821e-14
1.080000000000000071e+00  2.529966394400587681e+00  2.529966209963932400e+00  1.956098153648673835e-04  2.182608801708781687e+00  1.571570183929884124e+00
1.080000000000000071e+00  -2.512919083024152805e-12  7.528842122693459845e-13  1.021070394525020534e-13  1.424758945520302297e-14  -5.745385558901355068e-14
1.090000000000000080e+00  2.455329922409123622e+00  2.455331187460201292e+00  1.934789650166797046e-04  2.124278623474798344e+00  1.563750872005054138e+00
1.090000000000000080e+00  -2.322567009400179186e-12  -1.791741206828739951e-12  1.168226568843577331e-13  -1.235882390378521349e-11  3.335193931553983318e-14
1.100000000000000089e+00  2.391433326866135634e+00  2.391431900210723160e+00  1.902822558457162815e-04  2.074138162611296021e+00  1.556567897167374648e+00
1.100000000000000089e+00  7.288971300727432462e-09  1.943206583819436188e-09  1.992275992717599571e-11  1.336716152887021147e-09  4.852871074960087238e-12
1.110000000000000098e+00  2.335717590628840323e+00  2.335717978152691110e+00  1.867150925082471872e-04  2.030462347311317028e+00  1.549927849917445144e+00
1.110000000000000098e+00  2.863308783473537519e-10  -1.163001735610042921e-08  3.119539093155751364e-10  -1.031437521113596473e-09  6.006272674878599878e-13
1.120000000000000107e+00  2.286420862232978024e+00  2.286420504828301947e+00  1.827300103129324814e-04  1.991985330843789592e+00  1.543758215906343878e+00
1.120000000000000107e+00  -7.428861118791673214e-12  1.025258626364239166e-13  -7.333437993246804880e-09  -2.380231500186398350e-11  -6.590708476316079315e-12
1.129999999999999893e+00  2.242289950005625254e+00  2.242288299996165524e+00  1.788393930138885773e-04  1.957759786283128411e+00  1.538001195910861707e+00
1.129999999999999893e+00  -1.558851149595667800e-11  1.489372950762796265e-12  -9.900033114548771637e-12  -2.603008293004175768e-12  -1.064571081757216201e-12
1.140000000000000124e+00  2.202389921333109957e+00  2.202391600254751225e+00  1.747740680517759020e-04  1.927063212319594321e+00  1.532609864271992528e+00
1.140000000000000124e+00  4.140854078774236597e-11  -6.103514800596290042e-13  -6.437824548859794057e-12  9.503423283765121398e-12  3.663295958022864783e-13
1.149999999999999911e+00  2.166032028107960361e+00  2.166039367476520372e+00  1.705738657117702908e-04  1.899337113865958049e+00  1.527545282015975614e+00
1.149999999999999911e+00  -1.158560907615073083e-11  1.787910098097463446e-12  1.422706707451690694e-12  -5.448672173180782335e-12  -1.066900785752844981e-13
1.159999999999999920e+00  2.132683788833141580e+00  2.132687135981711002e+00  1.665971549986246302e-04  1.874140725211200786e+00  1.522774795853419016e+00
1.159999999999999920e+00  -1.349311481715855220e-10  1.065979628153039681e-11  6.428574902364435593e-14  5.602118995805129897e-11  -9.892936070649178821e-14
1.169999999999999929e+00  2.101908944272292246e+00  2.101905868408597833e+00  1.624925112882238921e-04  1.851119784208484553e+00  1.518270455998547153e+00
1.169999999999999929e+00  -4.195081879436828507e-11  1.095482215619539053e-11  -2.300502155066176887e-12  -5.306462223791494276e-11  -1.051981645432991112e-12
1.179999999999999938e+00  2.073365433573843841e+00  2.073370175086097777e+00  1.584371961554578853e-04  1.829987314423207501e+00  1.514008513559631730e+00
1.179999999999999938e+00  -1.209358324552519776e-10  5.907025978973158152e-10  -1.788325284624230082e-12  -2.865017551179454649e-10  -5.549432266408229078e-13
1.189999999999999947e+00  2.046781218133637559e+00  2.046783216436234731e+00  1.545719567424946037e-04  1.810506866109709234e+00  1.509968272455142202e+00
1.189999999999999947e+00  -4.104828470895646443e-11  -1.550920129522369077e-10  2.566769668256696209e-12  -4.758812691629816108e-11  -1.555694256492475841e-12
1.199999999999999956e+00  2.021919407928215229e+00  2.021915857062485777e+00  1.508525012179878343e-04  1.792482013168182897e+00  1.506131504518036568e+00
1.199999999999999956e+00  6.843105844016846258e-12  5.820850206043302432e-10  -6.378027272530048464e-12  4.084550130206389714e-11  -3.879743452110146788e-12
1.209999999999999964e+00  1.998594980117978093e+00  1.998600084147042377e+00  1.469047762427044747e-04  1.775748080746377688e+00  1.502482183075743105e+00
1.209999999999999964e+00  -4.068690578324377764e-11  -4.362206191199441315e-10  1.999078458082224159e-11  -9.685412164360155100e-10  3.343100350680704579e-13
1.219999999999999973e+00  1.976647212560598943e+00  1.976644441793200091e+00  1.434136178033865237e-04  1.760165703142903437e+00  1.499006584700813383e+00
1.219999999999999973e+00  2.124420730468550963e-10  -9.203052305186631808e-10  -3.005232209518382017e-12  3.543518875334376425e-10  -1.606680912574995047e-13
1.229999999999999982e+00  1.955932669477133068e+00  1.955932435499775135e+00  1.396999613169901686e-04  1.745616686302484677e+00  1.495691673487658191e+00
1.229999999999999982e+00  4.222705677666398746e-11  7.611259621289373158e-10  2.154075060653642746e-11  -6.866627249321978920e-10  1.588889751315499866e-12
1.239999999999999991e+00  1.936336004739997341e+00  1.936334831852777549e+00  1.363860237718874855e-04  1.731996357320106039e+00  1.492526446875934942e+00
1.239999999999999991e+00  1.799931342338592393e-09  -1.827913711347522642e-10  -1.178760584653056351e-11  2.991075875686825333e-10  1.413447250045096922e-13
1.250000000000000000e+00  1.917754323534230920e+00  1.917751604598461057e+00  1.333274268970200186e-04  1.719217535288396936e+00  1.489500788573365320e+00
1.250000000000000000e+00  3.221267920532944839e-10  3.717868155928202273e-10  -5.469592431614315213e-11  6.672127373708109926e-10  2.268489814118450816e-13
1.260000000000000009e+00  1.900095411545329682e+00  1.900092711678613933e+00  1.301441423340320993e-04  1.707204211100263214e+00  1.486605442012246092e+00
1.260000000000000009e+00  4.977317541343732684e-11  -1.551795042737010974e-09  4.944883706074769368e-11  -1.685528053319600153e-09  -6.853210048734702111e-13
1.270000000000000018e+00  1.883284021607310343e+00  1.883280940293760475e+00  1.268694933499923093e-04  1.695886557916180593e+00  1.483832130770573965e+00
1.270000000000000018e+00  1.202026216376894736e-10  5.273935788729200280e-11  8.382806810774991702e-10  1.252471209758529158e-09  -1.919773836631225089e-12
1.280000000000000027e+00  1.867248755367401536e+00  1.867247233031197995e+00  1.241398793786631209e-04  1.685205218741382183e+00  1.481173306871698347e+00
1.280000000000000027e+00  1.043580896761176489e-09  5.328671995765989988e-10  9.424999727813740248e-11  -6.442691884335554591e-10  -4.935627463425689617e-14
1.290000000000000036e+00  1.851935316315046931e+00  1.851935152975284771e+00  1.212336320585646898e-04  1.675108139028947729e+00  1.478622145675202892e+00
1.290000000000000036e+00  1.585677239080455529e-09  -1.756835746175047772e-09  2.094558001326583500e-09  -5.415849584656426996e-10  4.587841041975119978e-13
1.300000000000000044e+00  1.837279856877618522e+00  1.837283094699777131e+00  1.183909639382819203e-04  1.665548030321349904e+00  1.476172287821570617e+00
1.300000000000000044e+00  3.147067605602304896e-10  -1.127953180522593808e-09  1.172789902515927539e-09  -2.074771498965715204e-10  -1.248705798115131484e-12
1.310000000000000053e+00  1.823245144577126053e+00  1.823244101051077593e+00  1.157050053073894336e-04  1.656484703074733389e+00  1.473817943489008853e+00
1.310000000000000053e+00  -3.509294251535756654e-10  -2.646572750546728169e-10  -1.892931670744200533e-09  -2.506503965977609364e-10  -3.085932718180945493e-13
1.320000000000000062e+00  1.809777419296207723e+00  1.809773624816380266e+00  1.130804834386271647e-04  1.647879270572893962e+00  1.471553728273922612e+00
1.320000000000000062e+00  -4.315147904215496745e-10  1.069242788913248810e-10  -6.337260059190906404e-12  -2.539102752453873574e-10  -1.347345594057863851e-12
1.330000000000000071e+00  1.796843090890876127e+00  1.796841564216387077e+00  1.106823901509267245e-04  1.639698269134165720e+00  1.469374877776876254e+00
1.330000000000000071e+00  6.569828617890831612e-10  -1.096259947491459588e-10  -1.491936838116159078e-11  -3.885173823022981379e-10  -1.972380976154856701e-12
1.340000000000000080e+00  1.784404401646397798e+00  1.784405971931280144e+00  1.081431588093146955e-04  1.631910805994663205e+00  1.467276678469576767e+00
1.340000000000000080e+00  -1.541721306273625757e-09  -3.565160813453539349e-10  -1.244581463313833959e-10  -5.230373936467957579e-10  3.565871789951250238e-13
1.350000000000000089e+00  1.772432141685030826e+00  1.772431327617434604e+00  1.058418977290262540e-04  1.624490809632807675e+00  1.465255007838969892e+00
1.350000000000000089e+00  -1.151830160313277939e-09  2.926092878174492917e-11  3.885240784392687792e-11  5.929077869428856794e-10  -1.699084935838559362e-12
1.359999999999999876e+00  1.760896612134364325e+00  1.760896719382277320e+00  1.036341846749752810e-04  1.617412880669595099e+00  1.463305993588992715e+00
1.359999999999999876e+00  4.612524754618127621e-10  2.573509232998026028e-11  -3.775859485358015617e-11  5.355960288157854745e-10  1.301910408911374139e-12
1.370000000000000107e+00  1.749770644964547150e+00  1.749769022362197779e+00  1.014758431307838989e-04  1.610654890081005375e+00  1.461425704196252617e+00
1.370000000000000107e+00  -4.504323990255719374e-10  -2.438263382425314483e-11  -5.904913995646597307e-10  1.071764122505067039e-09  -2.447785704150507925e-12
1.379999999999999893e+00  1.739027356853217743e+00  1.739027629725324653e+00  9.943554300871207733e-05  1.604195836745652359e+00  1.459611150691958459e+00
1.379999999999999893e+00  1.826956135004322189e-10  -4.440870359533797223e-10  4.972992180703984262e-10  4.577827288413968675e-10  -2.114651704222265740e-12
1.390000000000000124e+00  1.728648569291953097e+00  1.728648281580871693e+00  9.723877926804983473e-05  1.598017084840451574e+00  1.457858928809296906e+00
1.390000000000000124e+00  -5.810696505567242255e-10  2.578870018675579622e-11  8.386012567604266517e-10  7.432041202286714210e-10  -1.768119430626133574e-13
1.399999999999999911e+00  1.718612749255499672e+00  1.718613119049217319e+00  9.529438212683261729e-05  1.592100349307635332e+00  1.456166174966566862e+00
1.399999999999999911e+00  -3.085472915931756668e-10  4.684421979359521441e-11  -2.256775106096791187e-10  -3.654814677031431878e-11  -6.568977776628762321e-14
1.410000000000000142e+00  1.708902079339686519e+00  1.708898043036791270e+00  9.339606732398691904e-05  1.586431315810720610e+00  1.454529886205659484e+00
1.410000000000000142e+00  -2.329500050468489028e-10  4.685492960977586032e-11  -1.716149643833146028e-10  -2.620338595999580890e-10  1.929407010118215667e-12
1.419999999999999929e+00  1.699493183448331113e+00  1.699495773088308015e+00  9.154562886614097013e-05  1.580994892838140098e+00  1.452947846167306656e+00
1.419999999999999929e+00  -5.114662378071967155e-10  -2.715854740677624878e-11  -3.797107158975642531e-11  2.602314733894769637e-10  -8.443087144069430547e-13
1.429999999999999938e+00  1.690379230011131106e+00  1.690380305087215485e+00  8.970730013268059016e-05  1.575777121759673216e+00  1.451417261711160256e+00
1.429999999999999938e+00  1.663467329098180236e-10  -8.230154877259162743e-12  6.221940243341010625e-11  -1.958194329438700354e-10  5.055468460312647680e-13
1.439999999999999947e+00  1.681542192867237384e+00  1.681540421608525904e+00  8.788674831180982069e-05  1.570766386441124762e+00  1.449936212093026588e+00
1.439999999999999947e+00  4.204047804012981021e-11  5.897215373751164902e-11  4.850827884949685035e-11  8.581649205894268382e-10  -3.271824249092670228e-13
1.449999999999999956e+00  1.672963982995130383e+00  1.672964812419748926e+00  8.616086966376282612e-05  1.565950321279904411e+00  1.448502163208280846e+00
1.449999999999999956e+00  -1.507713263820267642e-10  -2.338154060814281613e-11  1.549223580407521877e-10  7.689652519315906196e-10  1.576201553979587510e-12
1.459999999999999964e+00  1.664636886792612680e+00  1.664635977523613253e+00  8.461635531733655219e-05  1.561319631601408631e+00  1.447113252897501923e+00
1.459999999999999964e+00  -3.480995371684432370e-10  -1.774114837156595288e-11  5.800195487928139480e-10  -7.530840221027396132e-10  -1.238550897252158434e-13
1.469999999999999973e+00  1.656545353910695573e+00  1.656545534195126956e+00  8.293351867638549244e-05  1.556863274434231226e+00  1.445767605498490704e+00
1.469999999999999973e+00  -7.830268434013421422e-11  -1.886266934337666918e-11  1.510661677088029427e-10  9.357861004141086686e-10  9.385940433149006290e-13
1.479999999999999982e+00  1.648681897182772582e+00  1.648681251285265104e+00  8.132433752822411615e-05  1.552572646536172885e+00  1.444463315854501495e+00
1.479999999999999982e+00  2.065681799893830334e-10  -5.967531267972872769e-10  2.727573613273292417e-10  -4.334373753384422868e-10  -3.418124708416555732e-13
1.489999999999999991e+00  1.641032403022171904e+00  1.641033026146136109e+00  7.994755782356531917e-05  1.548438702842778847e+00  1.443198733369958742e+00
1.489999999999999991e+00  4.759210583648587438e-10  -2.454919840391048650e-10  3.889770731058487138e-10  5.275408937610174209e-10  -1.420751545133718333e-13
1.500000000000000000e+00  1.633590643712977020e+00  1.633589795969327074e+00  7.845899640564047805e-05  1.544454021123840004e+00  1.441972165492737323e+00
1.500000000000000000e+00  5.568879221260560744e-10  2.709668149984292606e-10  3.706302709313420562e-11  -9.306802566203317740e-10  1.592583060668724528e-12
1.510000000000000009e+00  1.626344845997042654e+00  1.626345588751287208e+00  7.697209785551834677e-05  1.540611059574367836e+00  1.440782144960820021e+00
1.510000000000000009e+00  -2.574484233357666737e-10  3.166569312954550603e-11  9.887102763442172740e-11  -1.499117774054686212e-09  -7.408176991350331802e-13
1.520000000000000018e+00  1.619286611790552888e+00  1.619284489024817253e+00  7.574897665379083406e-05  1.536903186637065710e+00  1.439627272776958122e+00
1.520000000000000018e+00  -2.206359518276687999e-10  5.541436373757950133e-11  -3.699493147039343243e-10  2.410071944467305210e-10  3.041353506552297320e-13
1.530000000000000027e+00  1.612413094490707355e+00  1.612412678225538354e+00  7.432404269508825724e-05  1.533322588690431809e+00  1.438506079816084027e+00
1.530000000000000027e+00  -5.247145388367380762e-10  7.731698418197189097e-11  3.822825051749303357e-10  -6.193755447362959498e-10  1.375931536722508641e-12
1.540000000000000036e+00  1.605708673660726893e+00  1.605708491067775023e+00  7.302867581853140588e-05  1.529864919965203240e+00  1.437417328391447091e+00
1.540000000000000036e+00  4.949604438848625466e-11  -6.700268223459415882e-11  -1.843115741363279085e-12  4.810989192514802005e-10  -6.411150476640738263e-13
1.550000000000000044e+00  1.599171389875261751e+00  1.599171260262405081e+00  7.170858775597034357e-05  1.526523893342394578e+00  1.436359723558730428e+00
1.550000000000000044e+00  1.351825735754458977e-10  3.041347042210467792e-11  3.511695294685950966e-11  -3.456885130051488747e-10  -1.411280642033267608e-13
1.560000000000000053e+00  1.592792757862586006e+00  1.592791997598102638e+00  7.038304274779543629e-05  1.523293530754076031e+00  1.435332152727395449e+00
1.560000000000000053e+00  -4.186651226805772490e-10  -3.216811845597393228e-11  -3.471516130417993543e-10  2.740003507439354230e-10  3.611212826751773792e-13
1.570000000000000062e+00  1.586568016645211632e+00  1.586567163877946385e+00  6.915655238020292539e-05  1.520169373481866426e+00  1.434333260219127881e+00
1.570000000000000062e+00  -1.414442396712952751e-10  -5.906520417305200660e-11  2.688894170662030782e-11  2.173150886598237227e-09  -3.456717051611409377e-12
1.580000000000000071e+00  1.580490523773044886e+00  1.580489330610392207e+00  6.796453447493155909e-05  1.517146250717408940e+00  1.433362267141757851e+00
1.580000000000000071e+00  -1.610546565452322508e-10  -5.096710453558989677e-11  3.589251330601263046e-12  5.606565955410272360e-10  -1.657993297832320469e-13
1.589999999999999858e+00  1.574554264654514313e+00  1.574553593262667306e+00  6.689594741120041084e-05  1.514220046809224840e+00  1.432418116488108462e+00
1.589999999999999858e+00  -2.577264329061055919e-10  -6.437910307136254106e-12  -5.740642640421397975e-10  6.486964597219213087e-10  -4.845754988084424588e-13
1.600000000000000089e+00  1.568752503156064293e+00  1.568752432340726921e+00  6.576692967167795860e-05  1.511386451812751996e+00  1.431499629772536419e+00
1.600000000000000089e+00  -1.155653516155020721e-11  1.101430306805328361e-10  -2.899679576003363314e-11  -1.758372496862758263e-09  3.095199856656878851e-13
1.609999999999999876e+00  1.563082034898906292e+00  1.563082121268696500e+00  6.472191462846067539e-05  1.508641215104666200e+00  1.430606187790851580e+00
1.609999999999999876e+00  6.558968042102177371e-11  -5.314225223232658480e-12  6.068524169026043647e-10  -5.225961357652542355e-10  -1.439300491476321035e-12
1.620000000000000107e+00  1.557539042425520437e+00  1.557539144835954570e+00  6.362888741392979644e-05  1.505980922962384838e+00  1.429736587935489300e+00
1.620000000000000107e+00  2.183531324253723431e-11  -1.919973579894977379e-12  1.134792178965309430e-10  -1.390756012687578128e-09  2.459767701771228370e-12
1.629999999999999893e+00  1.552114111121425832e+00  1.552116507090904651e+00  6.253979493977565942e-05  1.503402680410065084e+00  1.428890201961781070e+00
1.629999999999999893e+00  2.188561687980668976e-10  -4.019250368375746852e-11  -4.638935957180824314e-11  8.998280354636941021e-10  3.261204442944458782e-13
1.640000000000000124e+00  1.546812675888726396e+00  1.546812243031402634e+00  6.155371830308584667e-05  1.500902031073104048e+00  1.428066309603352790e+00
1.640000000000000124e+00  1.434326028223977045e-10  -3.386501582021705696e-11  2.357853237093861018e-10  -6.729490409794034569e-10  7.700943277205870139e-13
1.649999999999999911e+00  1.541620397348557381e+00  1.541621782470755431e+00  6.057491358271690959e-05  1.498475910575308268e+00  1.427263767862962496e+00
1.649999999999999911e+00  3.645632581270093948e-11  1.656964611238470964e-11  5.300118493998635686e-11  6.064616594714542785e-10  9.966538302133635537e-13
1.660000000000000142e+00  1.536540627393076397e+00  1.536537793884865888e+00  5.968017639578230351e-05  1.496121633292115893e+00  1.426482127860745797e+00
1.660000000000000142e+00  9.151234685434036381e-11  -1.875351812819601341e-11  2.363001781062309999e-11  -1.835867228391539912e-09  -1.478106628554937243e-13
1.669999999999999929e+00  1.531563912348924861e+00  1.531560370587467856e+00  5.877134565587559592e-05  1.493837007891205104e+00  1.425720642418037087e+00
1.669999999999999929e+00  -1.965701505839165094e-11  3.786591313650849231e-11  -1.138046815278129676e-10  5.761957932468421002e-11  -1.584964646547378014e-14
1.680000000000000160e+00  1.526689386165596574e+00  1.526690523129679011e+00  5.790851728495203035e-05  1.491618677027099160e+00  1.424978639028005256e+00
1.680000000000000160e+00  -8.872540762936772803e-11  3.174459846374226754e-12  -1.880575455599560634e-11  1.310479250240525486e-09  -2.407929240341806645e-12
1.689999999999999947e+00  1.521914294953249591e+00  1.521915663775225358e+00  5.696684127959000094e-05  1.489463057948394287e+00  1.424255430365960473e+00
1.689999999999999947e+00  -6.498018929965724432e-11  -3.017240311451733108e-12  -3.507895556825926657e-10  -1.035437694909144615e-09  -7.735451513075791808e-13
1.700000000000000178e+00  1.517234367618722990e+00  1.517234078517843754e+00  5.595850606758202741e-05  1.487369402850474032e+00  1.423550492561582503e+00
1.700000000000000178e+00  8.512600049596813677e-11  -1.228548603488496313e-11  4.073933100454806642e-11  -1.767340537396805274e-09  -5.601806856913911336e-13
1.709999999999999964e+00  1.512648441037859559e+00  1.512648261723400944e+00  5.521396178775154757e-05  1.485334582860520225e+00  1.422863173308359874e+00
1.709999999999999964e+00  -1.440666173885878209e-10  2.005830937021985938e-11  8.037281759957125292e-12  -1.437528779045501445e-10  -3.011617722920203332e-12
1.719999999999999973e+00  1.508150985328993388e+00  1.508149447406828436e+00  5.436848053892827522e-05  1.483355509178630571e+00  1.422192777015562903e+00
1.719999999999999973e+00  -1.075582902408366303e-10  2.645387322041742152e-11  1.355953290982661935e-13  3.428295539929856971e-10  -1.230621410978142636e-12
1.729999999999999982e+00  1.503739362632016796e+00  1.503739751532915614e+00  5.364746890790506154e-05  1.481432065613181637e+00  1.421538956194696723e+00
1.729999999999999982e+00  1.080866680312030500e-10  8.641913902302903247e-12  -1.197559554349157718e-11  3.238787035174328589e-09  -4.025398221482937874e-12
1.739999999999999991e+00  1.499413999193501379e+00  1.499413062489845183e+00  5.276598444348066635e-05  1.479561063727407699e+00  1.420901080297215069e+00
1.739999999999999991e+00  6.927103601120877608e-11  -1.032762338914181771e-11  2.394651572736001890e-10  2.304817905467438505e-09  6.958614179675554361e-13
1.750000000000000000e+00  1.495168746208490385e+00  1.495168671908985614e+00  5.204588634728493570e-05  1.477741159687220529e+00  1.420278587746109267e+00
1.750000000000000000e+00  -1.507794942441407814e-10  3.244170816502949575e-11  -4.227592094264235690e-12  -2.198039162939638568e-09  1.677001956950110990e-13
1.760000000000000009e+00  1.491002118867695847e+00  1.491001921597903346e+00  5.132246597916739642e-05  1.475969394737429052e+00  1.419671227743210418e+00
1.760000000000000009e+00  1.691424021159187136e-10  7.381374575891782182e-12  -4.338905060116986556e-11  2.168675425399007723e-10  -1.513875731184891199e-12
1.770000000000000018e+00  1.486914314532838066e+00  1.486913660962438932e+00  5.051148190529139952e-05  1.474245158258234101e+00  1.419078221859357836e+00
1.770000000000000018e+00  1.622820056996927657e-10  -1.941225658117203921e-11  3.655246472819136434e-10  -7.139061372770734579e-10  3.330431236524347217e-12
1.780000000000000027e+00  1.482899156201825885e+00  1.482899584666765413e+00  4.980590502277015380e-05  1.472566126764146777e+00  1.418499577411709511e+00
1.780000000000000027e+00  1.630687938810959929e-10  -4.340442329928176574e-11  -9.601326521951177312e-12  1.285535056156361774e-09  -5.366691915186670835e-13
1.790000000000000036e+00  1.478958119246567726e+00  1.478956495447398156e+00  4.909528586519169683e-05  1.470931427359803756e+00  1.417934312712369138e+00
1.790000000000000036e+00  -2.883977517793182440e-10  -1.214474140800327758e-11  5.932658939085521121e-10  -1.467981880761317009e-09  -1.660637084751371332e-12
1.800000000000000044e+00  1.475086242672906556e+00  1.475086629151711737e+00  4.842026114809677993e-05  1.469338551294145478e+00  1.417382401672518943e+00
1.800000000000000044e+00  -1.112311927051972730e-10  -3.465564477127873765e-11  -8.009298696498683113e-11  1.060319272379038205e-09  6.548879800973849011e-12
1.810000000000000053e+00  1.471283059213777777e+00  1.471283723559201340e+00  4.775697535965000841e-05  1.467786238443460789e+00  1.416843241142358600e+00
1.810000000000000053e+00  7.122254114723655984e-11  6.636740195680648842e-11  -1.765385536563683106e-10  -4.217891459043477384e-10  5.356842343465392074e-12
1.820000000000000062e+00  1.467546052110156429e+00  1.467546756955006915e+00  4.704888544970573801e-05  1.466274466000848653e+00  1.416316512952554563e+00
1.820000000000000062e+00  1.968788182854714539e-10  7.460540033314764637e-12  -4.070681364334840319e-11  2.269096875455014879e-09  -2.066682124192441349e-12
1.830000000000000071e+00  1.463873797117509312e+00  1.463873597319102382e+00  4.639247686267873111e-05  1.464800137086919918e+00  1.415802068089519139e+00
1.830000000000000071e+00  -1.350473332499003297e-10  -3.501629511778951765e-12  3.036769465450892889e-11  -2.823652778023910021e-10  -3.455486814940923179e-13
1.839999999999999858e+00  1.460264752519343290e+00  1.460263855557794477e+00  4.575092695395275791e-05  1.463363344573998193e+00  1.415299107017174540e+00
1.839999999999999858e+00  2.342863812037666100e-10  -6.207559768259195054e-12  -3.713941101014679232e-10  7.992803501669104298e-11  -1.053091490655227495e-12
1.850000000000000089e+00  1.456716179391915222e+00  1.456715623650516100e+00  4.514170350217573766e-05  1.461962195296490963e+00  1.414807710696056375e+00
1.850000000000000089e+00  2.384258005571314521e-10  9.744445525346191228e-11  -2.621578501824594888e-10  1.134171775121319448e-09  1.350430780485727300e-12
1.859999999999999876e+00  1.453226356322753654e+00  1.453226834349295116e+00  4.456826389047462128e-05  1.460595088954970810e+00  1.414327228920557289e+00
1.859999999999999876e+00  -1.409291158998140864e-11  2.273777738269086136e-11  8.653549731993743195e-11  -7.333692841967451124e-10  -1.542362217615175016e-12
1.870000000000000107e+00  1.449795427062639863e+00  1.449794924301399668e+00  4.391258562740447599e-05  1.459261915417824129e+00  1.413857452927276492e+00
1.870000000000000107e+00  3.223486774785844420e-11  7.937445896221771294e-12  -1.216454547651883507e-10  -9.055571897035794318e-10  4.642310388347079050e-12
1.879999999999999893e+00  1.446420868088021283e+00  1.446420573478510718e+00  4.333466759799519806e-05  1.457960862608940866e+00  1.413398324693868835e+00
1.879999999999999893e+00  -4.371910787163522463e-11  5.079819097917899907e-12  -7.726936930259360175e-12  6.046887258825701922e-10  5.784513707469295197e-13
1.890000000000000124e+00  1.443100371744618027e+00  1.443100041527474398e+00  4.275954863200273138e-05  1.456691368417326826e+00  1.412949218706619714e+00
1.890000000000000124e+00  -3.012253207136902332e-10  1.715106346218299576e-11  1.422689158993376364e-10  2.188527335419745262e-09  -2.682975556719593022e-12
1.899999999999999911e+00  1.439835196096531655e+00  1.439831911195714964e+00  4.223960943187365902e-05  1.455451613728951044e+00  1.412509895552582107e+00
1.899999999999999911e+00  -6.200639699216964529e-11  5.793426496643682234e-12  5.243866771353764299e-10  1.003058102605744105e-09  1.898803017271326073e-12
1.910000000000000142e+00  1.436619761008458340e+00  1.436619541672606859e+00  4.169545256758200861e-05  1.454242017002071119e+00  1.412080146705518624e+00
1.910000000000000142e+00  5.238388236091025831e-11  7.536477365342576796e-14  1.214261997521694423e-10  4.884713635541100549e-10  1.292545326377104973e-12
1.919999999999999929e+00  1.433457619036352604e+00  1.433457201972369255e+00  4.111657386902759919e-05  1.453060671494607492e+00  1.411659860706405478e+00
1.919999999999999929e+00  3.391921090850190610e-10  2.516446688931246816e-11  -8.627489385193050620e-11  -1.373011416548617137e-10  5.305780096583339460e-12
1.930000000000000160e+00  1.430343372508117605e+00  1.430342760056055429e+00  4.060298803387877464e-05  1.451906463150600901e+00  1.411248447443142817e+00
1.930000000000000160e+00  8.244400534703664035e-11  -3.121530449007519970e-11  7.038665311667535780e-10  -8.080605926496623072e-10  1.449261099381186966e-12
1.939999999999999947e+00  1.427277872945814874e+00  1.427276374944730586e+00  4.024655770970125010e-05  1.450779336387857166e+00  1.410845999664139150e+00
1.939999999999999947e+00  -2.154578654936826638e-10  2.531578806713390215e-11  -4.408160078122744671e-10  1.677028477735298803e-09  -2.242554847729276071e-14
1.950000000000000178e+00  1.424259251871087262e+00  1.424258915440501649e+00  3.954396288405547893e-05  1.449678370711741326e+00  1.410452056956416733e+00
1.950000000000000178e+00  8.165104112267351863e-11  -1.561173248681735787e-12  -5.938229430520338193e-11  -1.731124740228081959e-09  -2.847450538333339893e-12
1.959999999999999964e+00  1.421287653228489489e+00  1.421286065337658222e+00  3.910320305645592853e-05  1.448602182798900406e+00  1.410066433715726264e+00
1.959999999999999964e+00  -4.832782815268095478e-11  -2.753998548008592149e-11  3.409919330323754626e-11  2.545222683444215433e-09  -8.605876521005402744e-13
1.969999999999999973e+00  1.418358627673564909e+00  1.418359992072500742e+00  3.865547552519131460e-05  1.447551310127701552e+00  1.409688885834629701e+00
1.969999999999999973e+00  5.492495080305971301e-11  1.453294628441021108e-11  -2.173940117616539044e-10  9.138264611273122262e-10  -9.547681347074420034e-14
1.979999999999999982e+00  1.415476476582285592e+00  1.415476507733235856e+00  3.817798406196177023e-05  1.446523064932327962e+00  1.409319207833988230e+00
1.979999999999999982e+00  -1.917973619135118968e-10  6.641103682390807626e-12  1.648554550573793800e-10  -3.244326224430502009e-10  -1.549049081904500826e-12
1.989999999999999991e+00  1.412634922866934151e+00  1.412633110390582036e+00  3.772601272758739388e-05  1.445518453719164986e+00  1.408957351823366455e+00
1.989999999999999991e+00  -1.749040800480457402e-10  -3.812447457841782187e-11  -7.787171357602404342e-10  7.188172145484916380e-10  -2.764786742820347860e-13
2.000000000000000000e+00  1.409836203743204397e+00  1.409836559086069530e+00  3.732436292601666285e-05  1.444536809850975434e+00  1.408602871428675130e+00
2.000000000000000000e+00  -2.774859493401743018e-10  2.172829341783011645e-11  5.959413816946917933e-11  -9.734821141118084530e-11  -1.731158218791145822e-13
2.009999999999999787e+00  1.407078404293058416e+00  1.407078424486316370e+00  3.679333673346114073e-05  1.443575394348898921e+00  1.408255634813015522e+00
2.009999999999999787e+00  -5.893464261062732538e-13  2.455218449822256766e-13  3.646750426737789366e-14  1.030613503091391032e-16  -4.537227098053627849e-14
2.020000000000000018e+00  1.404360346021859662e+00  1.404360357534381043e+00  3.634245379795205462e-05  1.442635764887454597e+00  1.407915535842541477e+00
2.020000000000000018e+00  -5.869000549255819417e-13  2.445954155205485224e-13  3.636679471228881224e-14  3.287388467602382942e-16  -4.534521254304738646e-14
2.030000000000000249e+00  1.401681350676475368e+00  1.401681292448287319e+00  3.591841021865654654e-05  1.441716644152963855e+00  1.407582404312994973e+00
2.030000000000000249e+00  -5.844849072524085607e-13  2.434467405560426762e-13  3.626785909070648349e-14  3.458630151014103500e-16  -4.531881505234915833e-14
2.040000000000000036e+00  1.399040476790423648e+00  1.399040485869933903e+00  3.542020285158855702e-05  1.440817381904709205e+00  1.407255954943023468e+00
2.040000000000000036e+00  -5.821028349085248651e-13  2.424118162010539626e-13  3.617068320742942465e-14  3.878199060765041210e-16  -4.529377596119746295e-14
2.049999999999999822e+00  1.396436881089974102e+00  1.396436920364060974e+00  3.505648702811885447e-05  1.439937453481492158e+00  1.406936058177812088e+00
2.049999999999999822e+00  -5.797716221717278102e-13  2.416486645570855675e-13  3.607503720804949869e-14  3.329078963348580674e-16  -4.472428869101677888e-14
2.060000000000000053e+00  1.393869762009977364e+00  1.393869809310129826e+00  3.463933865231736856e-05  1.439076321008028403e+00  1.406622649245124146e+00
2.060000000000000053e+00  -5.774713354823988745e-13  2.412014576956055112e-13  3.598115903159642382e-14  3.340311833872868935e-16  -4.470111928748366648e-14
2.070000000000000284e+00  1.391338400434715350e+00  1.391338388350268573e+00  3.422828385222382170e-05  1.438233468309404461e+00  1.406315315259991205e+00
2.070000000000000284e+00  -5.752076765406039994e-13  2.400795518401691598e-13  3.588860964891693981e-14  3.331134076312366565e-16  -4.467977559210787701e-14
2.080000000000000071e+00  1.388841886558762839e+00  1.388841873806295979e+00  3.385656586167821601e-05  1.437408522616512307e+00  1.406014160680012726e+00
2.080000000000000071e+00  -5.729859701283807344e-13  2.399711646930762820e-13  3.579809801757926476e-14  3.402310017415187451e-16  -4.465726756596463612e-14
2.089999999999999858e+00  1.386379588292191212e+00  1.386379570170852782e+00  3.345055502054838041e-05  1.436600775328592317e+00  1.405718798271165415e+00
2.089999999999999858e+00  -5.707990601347418793e-13  2.386489854573243991e-13  3.570848334810560119e-14  3.212348405037135348e-16  -4.463632065694069900e-14
2.100000000000000089e+00  1.383950694051490515e+00  1.383950632602453101e+00  3.308522444129410135e-05  1.435809824139902213e+00  1.405429440225780091e+00
2.100000000000000089e+00  -5.686541535438670962e-13  2.379853647711881292e-13  3.562058991702862451e-14  3.329904780129428271e-16  -4.461514245619752378e-14
2.110000000000000320e+00  1.381554516711357872e+00  1.381554536047667536e+00  3.269484764897046680e-05  1.435035338743573918e+00  1.405145483814957297e+00
2.110000000000000320e+00  -5.665349480271547916e-13  2.369564789140255624e-13  3.553529297433408334e-14  3.443548425694210221e-16  -4.459493876399088189e-14
2.120000000000000107e+00  1.379190361175438362e+00  1.379190393092343925e+00  3.232602240365464404e-05  1.434276744572225315e+00  1.404867139167949475e+00
2.120000000000000107e+00  -5.644402659754593387e-13  2.363375765026599604e-13  3.544928128505177038e-14  1.527399250971227074e-15  -4.457517229358079198e-14
2.129999999999999893e+00  1.376857665679200649e+00  1.376857611847049245e+00  3.195975302429185795e-05  1.433533683915479306e+00  1.404594193841466554e+00
2.129999999999999893e+00  -5.624007356148078538e-13  2.353237812959602861e-13  3.536549577500385206e-14  3.459794770518479706e-16  -4.455565051666019844e-14
2.140000000000000124e+00  1.374555563948398618e+00  1.374555576332864293e+00  3.159717865587073952e-05  1.432805666399843858e+00  1.404326377914199231e+00
2.140000000000000124e+00  -5.604383549993000293e-13  2.344822106797061536e-13  3.528323262694779219e-14  3.251845701168124089e-16  -4.453655601970730458e-14
2.150000000000000355e+00  1.372283660080062972e+00  1.372283677673092228e+00  3.125845860193711732e-05  1.432092455571067235e+00  1.404063648896196170e+00
2.150000000000000355e+00  -5.583964907939637745e-13  2.328338499415600022e-13  3.520188617775639958e-14  3.347734307121495941e-16  -4.451786635865929776e-14
2.160000000000000142e+00  1.370041218335258826e+00  1.370041215220108688e+00  3.090991747502832166e-05  1.431393538453531233e+00  1.403806094212204147e+00
2.160000000000000142e+00  -5.564367934734035732e-13  2.326178641991314169e-13  3.512256681401658596e-14  3.379540594360156870e-16  -4.449892950053042372e-14
2.169999999999999929e+00  1.367827643080060662e+00  1.367827635050195223e+00  3.057995682060974930e-05  1.430708537385968704e+00  1.403553159282752150e+00
2.169999999999999929e+00  -5.545212095875138624e-13  2.321770420552643297e-13  3.504379025804432919e-14  3.255867457004536833e-16  -4.446138990050357062e-14
2.179999999999999716e+00  1.365642413219444018e+00  1.365642370834703856e+00  3.019535662303571310e-05  1.430037212667860658e+00  1.403305081385000097e+00
2.179999999999999716e+00  -5.526301385809546339e-13  2.318939001189217170e-13  3.496605424616767930e-14  3.325039571295756267e-16  -4.446361039598539283e-14
2.189999999999999947e+00  1.363484892888342737e+00  1.363484916194568131e+00  2.989215493628616317e-05  1.429379146509450083e+00  1.403061612612790832e+00
2.189999999999999947e+00  -5.507249223339673161e-13  2.310334475791063930e-13  3.488922101460075984e-14  3.629519939921455357e-16  -4.444598709657212403e-14
2.200000000000000178e+00  1.361354617093065267e+00  1.361354619690547274e+00  2.959146015500536926e-05  1.428733965053822885e+00  1.402822651276900645e+00
2.200000000000000178e+00  -5.488935192202416854e-13  2.302238848883160301e-13  3.481391417508146898e-14  3.206556394192539769e-16  -4.442909647581146879e-14
2.209999999999999964e+00  1.359250982191330559e+00  1.359251012569635098e+00  2.931186484401119909e-05  1.428101349514758533e+00  1.402588139169549164e+00
2.209999999999999964e+00  -5.471201291884691857e-13  2.297807039543627743e-13  3.474149425637916438e-14  2.893014531982021722e-16  -4.441247202325730457e-14
2.219999999999999751e+00  1.357173532729981202e+00  1.357173562103482167e+00  2.897530615740858794e-05  1.427481026730012426e+00  1.402357977584650417e+00
2.219999999999999751e+00  -5.452916247170649727e-13  2.288293972144666138e-13  3.466656330567627310e-14  3.405180904664138210e-16  -4.439621608136886156e-14
2.229999999999999982e+00  1.355121744785034110e+00  1.355121766263779781e+00  2.863484460762179796e-05  1.426872672272399001e+00  1.402131995492204686e+00
2.229999999999999982e+00  -5.435584326617589675e-13  2.282301024145824507e-13  3.459629973892131098e-14  3.316011961066171211e-16  -4.438029631778210773e-14
2.240000000000000213e+00  1.353095069655496863e+00  1.353095082506691194e+00  2.836157037693313191e-05  1.426276040255017419e+00  1.401910135734923735e+00
2.240000000000000213e+00  -5.418045947012354900e-13  2.273830369116565034e-13  3.452553635496646907e-14  3.289006596378396376e-16  -4.436480529869279046e-14
2.250000000000000000e+00  1.351093145004337970e+00  1.351093139248828567e+00  2.805312470185611790e-05  1.425690718340660190e+00  1.401692263961492824e+00
2.250000000000000000e+00  -5.401043550070599346e-13  2.270915741826368764e-13  3.445572062226901285e-14  3.236746845768510033e-16  -4.434928447753646734e-14
2.259999999999999787e+00  1.349115431443721924e+00  1.349115423577248674e+00  2.775628243500417294e-05  1.425116507246932951e+00  1.401478408103922657e+00
2.259999999999999787e+00  -5.383776755021110970e-13  2.259985526928523472e-13  3.438731797358052053e-14  3.365528958240233815e-16  -4.433410708881346743e-14
2.270000000000000018e+00  1.347161417455134957e+00  1.347161394737930618e+00  2.748093105672616025e-05  1.424553221104722711e+00  1.401268284308899492e+00
2.270000000000000018e+00  -5.367541841504338954e-13  2.252180989043222983e-13  3.431929117342282859e-14  3.326168112788358750e-16  -4.432175166130436979e-14
2.280000000000000249e+00  1.345230834036555079e+00  1.345230835991571006e+00  2.722854124005316312e-05  1.424000464380049902e+00  1.401061999658479884e+00
2.280000000000000249e+00  -5.349771489126434977e-13  2.247571207298717366e-13  3.425256251269193432e-14  3.300744038055370434e-16  -4.430482161517701572e-14
2.290000000000000036e+00  1.343323120798867842e+00  1.343323023999090093e+00  2.687616976644601968e-05  1.423458050103141970e+00  1.400859329031990397e+00
2.290000000000000036e+00  -5.334937421206554571e-13  2.241390922385024936e-13  3.418651366747966076e-14  3.301516992033054497e-16  -4.429036098490744801e-14
2.299999999999999822e+00  1.341437810708066225e+00  1.341437845022137809e+00  2.662443647549235046e-05  1.422925607036702456e+00  1.400660251098156506e+00
2.299999999999999822e+00  -5.319004088248531197e-13  2.233299511761790788e-13  3.412206923352405510e-14  3.300445385081868241e-16  -4.427667945571983317e-14
2.310000000000000053e+00  1.339574608338858441e+00  1.339574599510195529e+00  2.637594646083182080e-05  1.422403167437316540e+00  1.400464729857761048e+00
2.310000000000000053e+00  -5.303223851678218899e-13  2.225648260953850619e-13  3.405756957652597749e-14  3.279836565589607155e-16  -4.426279054602601206e-14
2.320000000000000284e+00  1.337733081193072104e+00  1.337733078126860375e+00  2.608770521691167806e-05  1.421890224335078168e+00  1.400272541317264530e+00
2.320000000000000284e+00  -5.288554983909095031e-13  2.224073078150304076e-13  3.399486722357360285e-14  3.302723684791867215e-16  -4.424957348691429194e-14
2.330000000000000071e+00  1.335912877532714482e+00  1.335912838421377646e+00  2.583114158668674528e-05  1.421386723049587131e+00  1.400083856036369756e+00
2.330000000000000071e+00  -5.272490303041278010e-13  2.215247005816093852e-13  3.393254398358475419e-14  3.262956360865444644e-16  -4.423609214270505703e-14
2.339999999999999858e+00  1.334113524752547963e+00  1.334113489114606921e+00  2.557061992385755900e-05  1.420892347404241418e+00  1.399898368297973095e+00
2.339999999999999858e+00  -5.257370211536492676e-13  2.208689104715229423e-13  3.387111154228612875e-14  3.311853013922399255e-16  -4.415519108065538498e-14
2.350000000000000089e+00  1.332334655403842660e+00  1.332334658051275600e+00  2.530227725296033890e-05  1.420406904257099701e+00  1.399716069365907867e+00
2.350000000000000089e+00  -5.242676904843526653e-13  2.205508374488401697e-13  3.381073785263127516e-14  3.239261065699133015e-16  -4.421132042184069080e-14
2.360000000000000320e+00  1.330576028585071180e+00  1.330576072609411797e+00  2.503220358766056479e-05  1.419930204982301714e+00  1.399536909781892824e+00
2.360000000000000320e+00  -5.227787551492404150e-13  2.199703881477199237e-13  3.375105367908061829e-14  3.270483170694037918e-16  -4.419823436995941265e-14
2.370000000000000107e+00  1.328837192851418214e+00  1.328837185886601047e+00  2.480983648048661812e-05  1.419462042324134643e+00  1.399360837087594955e+00
2.370000000000000107e+00  -5.213182921244348673e-13  2.193773735521425362e-13  3.369192370555612755e-14  3.353639573990657084e-16  -4.415783102474337696e-14
2.379999999999999893e+00  1.327117849843912678e+00  1.327117854515385220e+00  2.458635537401711080e-05  1.419002142327912441e+00  1.399187784418867597e+00
2.379999999999999893e+00  -5.198669951234720820e-13  2.187077115108492560e-13  3.363362495138135533e-14  3.358337761165173260e-16  -4.417289761142455975e-14
2.390000000000000124e+00  1.325417599373986066e+00  1.325417659015013738e+00  2.434238140454701553e-05  1.418550554111675188e+00  1.399017676693545598e+00
2.390000000000000124e+00  -5.184871492684303547e-13  2.179410628640391995e-13  3.357637252958496655e-14  3.213597286911316584e-16  -4.416166305617741835e-14
2.400000000000000355e+00  1.323736278464716420e+00  1.323736265761147557e+00  2.410597505062576424e-05  1.418106888994244530e+00  1.398850449307344146e+00
2.400000000000000355e+00  -5.170977406656978478e-13  2.179093668017112883e-13  3.352008537466764657e-14  3.291910566568586976e-16  -4.414998434509190742e-14
2.410000000000000142e+00  1.322073285964481038e+00  1.322073359184402719e+00  2.388757103997054165e-05  1.417670943667012962e+00  1.398685977546769932e+00
2.410000000000000142e+00  -5.157084941276298304e-13  2.170626230452515855e-13  3.346359006105879402e-14  3.236601174110013004e-16  -4.415621227708484191e-14
2.419999999999999929e+00  1.320428593292378494e+00  1.320428596156836498e+00  2.369413024494561730e-05  1.417242679734058042e+00  1.398524362621690553e+00
2.419999999999999929e+00  -5.143486954557270790e-13  2.166069208575752057e-13  3.340887930792312603e-14  3.260198767870978633e-16  -4.412683548297372064e-14
2.429999999999999716e+00  1.318801710116269899e+00  1.318801779758721038e+00  2.343900918026699687e-05  1.416821797739709288e+00  1.398365360729108442e+00
2.429999999999999716e+00  -5.130124219291245285e-13  2.162298917413124636e-13  3.335405509245194849e-14  3.322608624697123184e-16  -4.412286813090807847e-14
2.439999999999999947e+00  1.317192426354235391e+00  1.317192464849886946e+00  2.322261223696387705e-05  1.416408336307495963e+00  1.398208971130404876e+00
2.439999999999999947e+00  -5.116819275199662525e-13  2.155708178004542145e-13  3.330037023032936397e-14  3.283922710577451141e-16  -4.410549080647448298e-14
2.450000000000000178e+00  1.315600448718054594e+00  1.315600441930159237e+00  2.296546526912346170e-05  1.416001875975659852e+00  1.398055266266925667e+00
2.450000000000000178e+00  -5.103844081341564939e-13  2.149882926749972576e-13  3.324737842951246244e-14  3.322503763337521360e-16  -4.409451252787882071e-14
2.459999999999999964e+00  1.314025440935556954e+00  1.314025416268869151e+00  2.279914709281669318e-05  1.415602386387115219e+00  1.397904097758789765e+00
2.459999999999999964e+00  -5.090806946995902008e-13  2.149267637205802682e-13  3.319521635844798530e-14  3.292699218318383021e-16  -4.408230039225654369e-14
2.469999999999999751e+00  1.312467115805953322e+00  1.312467128894328150e+00  2.252093962348769454e-05  1.415209717588411076e+00  1.397755324588506598e+00
2.469999999999999751e+00  -5.077998037525508959e-13  2.142460900844581552e-13  3.314301033655621398e-14  3.284689747088682974e-16  -4.407394753557540014e-14
2.479999999999999982e+00  1.310925334846952728e+00  1.310925311654328684e+00  2.234297873895586562e-05  1.414823748923148994e+00  1.397609054333282641e+00
2.479999999999999982e+00  -5.065451443543474463e-13  2.136381281041333707e-13  3.309235712865165144e-14  3.264748690725100718e-16  -4.406432502928755406e-14
2.490000000000000213e+00  1.309399649636116880e+00  1.309399664496759597e+00  2.214770741171990053e-05  1.414444298734785166e+00  1.397465177359549671e+00
2.490000000000000213e+00  -5.052949211771275228e-13  2.131071568749535441e-13  3.304126400466489748e-14  3.273830290841100594e-16  -4.405402164536327045e-14
2.500000000000000000e+00  1.307889919501976639e+00  1.307889908167248150e+00  2.196075442100067299e-05  1.414071220595379152e+00  1.397323485086362949e+00
2.500000000000000000e+00  -5.040837800326245707e-13  2.126827586764555511e-13  3.299156290312051234e-14  3.206116403263131002e-16  -4.404447257242527585e-14
2.509999999999999787e+00  1.306395850218519117e+00  1.306395884676622599e+00  2.173331199391892034e-05  1.413704299980510504e+00  1.397184218573409353e+00
2.509999999999999787e+00  -5.028516131600392831e-13  2.117684486921084830e-13  3.294244025214903742e-14  3.259919635234930266e-16  -4.403744718817724678e-14
2.520000000000000018e+00  1.304917224626660266e+00  1.304917127782064368e+00  2.150644462652123986e-05  1.413343563801451985e+00  1.397047187803193591e+00
2.520000000000000018e+00  -5.016523756239359604e-13  2.116540658646029681e-13  3.289379667527788846e-14  3.285242776426099595e-16  -4.402518956359248939e-14
2.530000000000000249e+00  1.303453680242483870e+00  1.303453724148080362e+00  2.132952728005980597e-05  1.412988812930998650e+00  1.396912313887603174e+00
2.530000000000000249e+00  -5.004590654966063985e-13  2.110043693840195580e-13  3.284536778891069303e-14  3.298835128733350367e-16  -4.401572032205574509e-14
2.540000000000000036e+00  1.302005143283945232e+00  1.302005184323414833e+00  2.112861081926463596e-05  1.412639973976635543e+00  1.396779574577734495e+00
2.540000000000000036e+00  -4.992875232690254834e-13  2.106425121502832038e-13  3.279810248247188989e-14  3.323049908975156331e-16  -4.400454807050147441e-14
2.549999999999999822e+00  1.300571318967778334e+00  1.300571306532729121e+00  2.090699094129501985e-05  1.412296830368614087e+00  1.396649004353363033e+00
2.549999999999999822e+00  -4.981231221672705034e-13  2.103629446900458652e-13  3.275095752350052023e-14  3.220158745317696451e-16  -4.399756135694385101e-14
2.560000000000000053e+00  1.299151940164261720e+00  1.299151933791805158e+00  2.072740569105113322e-05  1.411959280835572983e+00  1.396520443624864383e+00
2.560000000000000053e+00  -4.969840307815530116e-13  2.096336276627883572e-13  3.270490935967863235e-14  3.228664038901384923e-16  -4.398853575187621795e-14
2.570000000000000284e+00  1.297746841948792751e+00  1.297746805971728756e+00  2.053997974029133831e-05  1.411627214472497061e+00  1.396393854447652405e+00
2.570000000000000284e+00  -4.958532420848181852e-13  2.095299283638236892e-13  3.265893122220715367e-14  2.795911171704861629e-16  -4.398018889434508516e-14
2.580000000000000071e+00  1.296355755621320771e+00  1.296355705478974940e+00  2.036092307088946103e-05  1.411300537045566461e+00  1.396269291162915538e+00
2.580000000000000071e+00  -4.947276104810740543e-13  2.087616687240058241e-13  3.261359550520183607e-14  3.274065314748876412e-16  -4.397132903456517899e-14
2.589999999999999858e+00  1.294978454090520037e+00  1.294978505055763396e+00  2.020550994899113952e-05  1.410979169570656611e+00  1.396146752880126796e+00
2.589999999999999858e+00  -4.936235122797332524e-13  2.085364589897857034e-13  3.256885962253931222e-14  3.253195786151866352e-16  -4.396271197264176151e-14
2.600000000000000089e+00  1.293614787312797443e+00  1.293614797053711740e+00  2.004895002955193315e-05  1.410662870730973406e+00  1.396025982217833805e+00
2.600000000000000089e+00  -4.925259598961941776e-13  2.083189813956953971e-13  3.252406367016476339e-14  3.272217287329701739e-16  -4.395487039686269248e-14
2.610000000000000320e+00  1.292264492370912787e+00  1.292264488529075939e+00  1.987088258573194364e-05  1.410351756256434719e+00  1.395907143663823069e+00
2.610000000000000320e+00  -4.914589527749619535e-13  2.076274262534282087e-13  3.248068136166068594e-14  3.256326485545978170e-16  -4.394642323669972004e-14
2.620000000000000107e+00  1.290927441579026613e+00  1.290927478607099665e+00  1.966126237034687756e-05  1.410045582361583838e+00  1.395790146770283791e+00
2.620000000000000107e+00  -4.903897810221189796e-13  2.074010887878543548e-13  3.243763868308059740e-14  3.148649850188392235e-16  -4.393777332692042136e-14
2.629999999999999893e+00  1.289603340529875242e+00  1.289603377791106897e+00  1.953260276291245062e-05  1.409744251231062506e+00  1.395675027952188785e+00
2.629999999999999893e+00  -4.893164144068628813e-13  2.070667455706500077e-13  3.238898351138697183e-14  3.294315524346141074e-16  -4.393046421396433406e-14
2.640000000000000124e+00  1.288292100040180577e+00  1.288292094424130729e+00  1.934942551680305457e-05  1.409447611380735932e+00  1.395561597352563465e+00
2.640000000000000124e+00  -4.882631781673916922e-13  2.063936826553130376e-13  3.235261346214136166e-14  3.221833364809927041e-16  -4.392271729440469521e-14
2.650000000000000355e+00  1.286993442527523568e+00  1.286993444782702722e+00  1.920883766623268996e-05  1.409155614789757260e+00  1.395449828660690672e+00
2.650000000000000355e+00  -4.872429260907931622e-13  2.060244307455766877e-13  3.231050440673332614e-14  3.249641986206180279e-16  -4.391568373620988448e-14
2.660000000000000142e+00  1.285707274305355696e+00  1.285707228641670419e+00  1.903869521023500815e-05  1.408868311433419951e+00  1.395339840197438619e+00
2.660000000000000142e+00  -4.862207971697143728e-13  2.056889898103655100e-13  3.226888528525981814e-14  3.248094314010476845e-16  -4.390764185900737725e-14
2.669999999999999929e+00  1.284433298970820703e+00  1.284433317931742424e+00  1.886472615393528223e-05  1.408585378885395478e+00  1.395231476418554939e+00
2.669999999999999929e+00  -4.852186773855648234e-13  2.051470364468823244e-13  3.222833133955973296e-14  3.270537960269909610e-16  -4.390052584699997402e-14
2.679999999999999716e+00  1.283171387140765063e+00  1.283171416155596045e+00  1.870575728932085278e-05  1.408306948029238281e+00  1.395124772643904665e+00
2.679999999999999716e+00  -4.842105711727915556e-13  2.048785921499444922e-13  3.218778842816702356e-14  3.349333943617889282e-16  -4.389294824180561007e-14
2.689999999999999947e+00  1.281921498339222865e+00  1.281921407694051496e+00  1.856351968391671724e-05  1.408032695144933788e+00  1.395019653589878228e+00
2.689999999999999947e+00  -4.832167263743359122e-13  2.041087783357407472e-13  3.214654988735115193e-14  3.587150190093853037e-16  -4.388511467775544976e-14
2.700000000000000178e+00  1.280683172067985875e+00  1.280683208364543635e+00  1.840023361871959113e-05  1.407762680689115031e+00  1.394916086712305159e+00
2.700000000000000178e+00  -4.822449449179668063e-13  2.039478847917373891e-13  3.210826084338903389e-14  3.257051173968856371e-16  -4.387852125731102194e-14
2.709999999999999964e+00  1.279456469309686817e+00  1.279456463066076077e+00  1.822420530573640453e-05  1.407496932894968689e+00  1.394814099520712558e+00
2.709999999999999964e+00  -4.812628033587301346e-13  2.035286488696352215e-13  3.206913851519433487e-14  3.309845681237997206e-16  -4.387241246209961133e-14
2.719999999999999751e+00  1.278241174163545768e+00  1.278241186269436946e+00  1.810124064802730461e-05  1.407235156481213778e+00  1.394713577713935226e+00
2.719999999999999751e+00  -4.803104578284155647e-13  2.033063437218322674e-13  3.203064096211972762e-14  3.249197580725065393e-16  -4.386512239827615699e-14
2.729999999999999982e+00  1.277037101624017401e+00  1.277037158256893790e+00  1.794796221909371594e-05  1.406977386373636785e+00  1.394614633050185848e+00
2.729999999999999982e+00  -4.793520586404320611e-13  2.028065479264840572e-13  3.191443432041974007e-14  3.263096043373178337e-16  -4.385794535495414855e-14
2.740000000000000213e+00  1.275844186716411199e+00  1.275844098527509463e+00  1.782585981356927697e-05  1.406723478448688835e+00  1.394517083952985015e+00
2.740000000000000213e+00  -4.784128230963658911e-13  2.022985022507541289e-13  3.195444636152636999e-14  3.366185806629348361e-16  -4.385181407498974774e-14
2.750000000000000000e+00  1.274662092261372726e+00  1.274662088844726204e+00  1.764292158199448225e-05  1.406473448652542535e+00  1.394420923361621378e+00
2.750000000000000000e+00  -4.775589908150071426e-13  2.020353500018721192e-13  3.191679392159120914e-14  3.235342710520769421e-16  -4.384497781758839143e-14
2.759999999999999787e+00  1.273490772696781237e+00  1.273490790177089771e+00  1.749632896873631869e-05  1.406227125635984176e+00  1.394326215297108096e+00
2.759999999999999787e+00  -4.765741329498166978e-13  2.017157780874144853e-13  3.188001459198889927e-14  3.194981558764564164e-16  -4.383839377919126108e-14
2.770000000000000018e+00  1.272330130318908070e+00  1.272330147607194428e+00  1.732666103074523054e-05  1.405984502689629823e+00  1.394232934095078980e+00
2.770000000000000018e+00  -4.756591354482725194e-13  2.011909058728145689e-13  3.184244873494739401e-14  2.712147829976405268e-16  -4.382712749358662783e-14
2.780000000000000249e+00  1.271179956392060051e+00  1.271179895687871264e+00  1.724796052812541068e-05  1.405745473168331650e+00  1.394140957076408505e+00
2.780000000000000249e+00  -4.747512915508951164e-13  2.010397120324595144e-13  3.180683182371294567e-14  3.225674113886055296e-16  -4.382607611682951823e-14
2.790000000000000036e+00  1.270040045320582234e+00  1.270040049635021706e+00  1.707767608493422488e-05  1.405510014483554615e+00  1.394050225136707066e+00
2.790000000000000036e+00  -4.738646273933447211e-13  2.011047690955211498e-13  3.177093151759237389e-14  3.258102754907539316e-16  -4.381983455948845319e-14
2.799999999999999822e+00  1.268910330965277833e+00  1.268910347542747008e+00  1.693601648384511347e-05  1.405278090999266372e+00  1.393960965649648998e+00
2.799999999999999822e+00  -4.729936102820904304e-13  2.003183020857162011e-13  3.166420773257774407e-14  3.277955143448229551e-16  -4.381326885781465324e-14
2.810000000000000053e+00  1.267790724817390968e+00  1.267790717437300652e+00  1.678547986725330730e-05  1.405049547855042436e+00  1.393872833924482801e+00
2.810000000000000053e+00  -4.721079042879020383e-13  1.999040808621527567e-13  3.170004598449236838e-14  3.277714322036126691e-16  -4.380792661132602874e-14
2.820000000000000284e+00  1.266680963178488772e+00  1.266680920757847550e+00  1.668633420259756818e-05  1.404824304040619198e+00  1.393786062963528138e+00
2.820000000000000284e+00  -4.712470909488061446e-13  2.000829897374263184e-13  3.166546725094024596e-14  3.326337679807631489e-16  -4.380155112736918375e-14
2.830000000000000071e+00  1.265581019401649687e+00  1.265581074321903143e+00  1.652535150708078890e-05  1.404602429810624775e+00  1.393700459530527347e+00
2.830000000000000071e+00  -4.703902654818631500e-13  1.992585980724877229e-13  3.160460435963546111e-14  3.262367174987379718e-16  -4.379652031251679791e-14
2.839999999999999858e+00  1.264490798123103055e+00  1.264490768786925790e+00  1.640303384925142032e-05  1.404383667107243383e+00  1.393616205032826461e+00
2.839999999999999858e+00  -4.695444993260346123e-13  1.989461025687282553e-13  3.167723127748285566e-14  3.283434399584920113e-16  -4.379031977903665373e-14
2.850000000000000089e+00  1.263409939932685466e+00  1.263409958192899252e+00  1.624885209517439556e-05  1.404168263624290036e+00  1.393532953431989130e+00
2.850000000000000089e+00  -4.687057610502724810e-13  1.986581821896387995e-13  3.156303708151423660e-14  3.240189166993502441e-16  -4.378487900461926912e-14
2.860000000000000320e+00  1.262338629230338904e+00  1.262338635894761918e+00  1.612783346295942197e-05  1.403955803677664038e+00  1.393450961180705994e+00
2.860000000000000320e+00  -4.678500914532926641e-13  1.981724520008327499e-13  3.152945840884029919e-14  3.241213593215496259e-16  -4.377957045711013968e-14
2.870000000000000107e+00  1.261276469176681347e+00  1.261276490407293727e+00  1.602292848918938624e-05  1.403746365954664066e+00  1.393370127244196288e+00
2.870000000000000107e+00  -4.670562801314277552e-13  1.978828389301407613e-13  3.151122431020438292e-14  3.244015571194465192e-16  -4.377367399646717209e-14
2.879999999999999893e+00  1.260223563052583540e+00  1.260223560976287294e+00  1.592289409058495587e-05  1.403540044686279131e+00  1.393290389777712246e+00
2.879999999999999893e+00  -4.662288248664196730e-13  1.974013063169560587e-13  3.133713058816949200e-14  3.267042194773074627e-16  -4.376854341726426788e-14
2.890000000000000124e+00  1.259179612007585103e+00  1.259179617781289062e+00  1.580323677685004346e-05  1.403336642470360163e+00  1.393211780543184286e+00
2.890000000000000124e+00  -4.654405203460426498e-13  1.974870560104616078e-13  3.143154417195216843e-14  3.211258748140354162e-16  -4.376316785206658554e-14
2.900000000000000355e+00  1.258144581069284396e+00  1.258144546759857763e+00  1.565612995139296635e-05  1.403136123278886371e+00  1.393134242293999847e+00
2.900000000000000355e+00  -4.646263795791995109e-13  1.969345543500012515e-13  3.139905216411908227e-14  3.255434232310554812e-16  -4.375768417850197675e-14
2.910000000000000142e+00  1.257118288351829483e+00  1.257118337515308992e+00  1.550129321330538076e-05  1.402938408245089308e+00  1.393057873458298790e+00
2.910000000000000142e+00  -4.638501888519043252e-13  1.965602893938742764e-13  3.153396237597231180e-14  3.248956931124280227e-16  -4.375222890156958312e-14
2.919999999999999929e+00  1.256100795630919587e+00  1.256100786246472589e+00  1.542472833640172165e-05  1.402743454949962443e+00  1.392982441768586988e+00
2.919999999999999929e+00  -4.630533764200834812e-13  1.963696774740954850e-13  3.133570369899865397e-14  3.239222702074841554e-16  -4.374749805130370049e-14
2.929999999999999716e+00  1.255091838398838533e+00  1.255091804877982664e+00  1.532251269976342894e-05  1.402551374610734536e+00  1.392908056149807061e+00
2.929999999999999716e+00  -4.622800072944941758e-13  1.959663840801074408e-13  3.130444723864732817e-14  3.247410068587831334e-16  -4.374352827494616634e-14
2.939999999999999947e+00  1.254091285890127194e+00  1.254091331284782118e+00  1.520921944276782860e-05  1.402361894353406413e+00  1.392834752472964510e+00
2.939999999999999947e+00  -4.615069150554164318e-13  1.960205743534979036e-13  3.127337276256357773e-14  3.246600874905932459e-16  -4.373763833677419391e-14
2.950000000000000178e+00  1.253099125769221001e+00  1.253099121822782491e+00  1.508560838988370595e-05  1.402175072469800110e+00  1.392762432517154592e+00
2.950000000000000178e+00  -4.607246958566744925e-13  1.957334936045629907e-13  3.124260640964763527e-14  3.273386923195679363e-16  -4.373282874841364858e-14
2.959999999999999964e+00  1.252115178630437864e+00  1.252115212030389557e+00  1.496861796194457850e-05  1.401990879336767026e+00  1.392691035111506048e+00
2.959999999999999964e+00  -4.599963440396036555e-13  1.949840238758660351e-13  3.121289387625745131e-14  3.243940139293869686e-16  -4.372794226924985000e-14
2.969999999999999751e+00  1.251139367226051791e+00  1.251139394102474878e+00  1.484771336223886512e-05  1.401809191290044332e+00  1.392620749507371913e+00
2.969999999999999751e+00  -4.592518998326047491e-13  1.948391047527638323e-13  3.118274163162167678e-14  3.254529810545919048e-16  -4.372304537043761075e-14
2.979999999999999982e+00  1.250171712547091918e+00  1.250171699325269614e+00  1.473965737803809177e-05  1.401630012452406149e+00  1.392551249652250522e+00
2.979999999999999982e+00  -4.585113669695890659e-13  1.945675701594891399e-13  3.115289636654707307e-14  3.240411039293984421e-16  -4.371840046336172414e-14
2.990000000000000213e+00  1.249211890687468740e+00  1.249211858038358880e+00  1.466588021223430144e-05  1.401453288626588467e+00  1.392482736140749466e+00
2.990000000000000213e+00  -4.577752780173601892e-13  1.941506615857556638e-13  3.112354552877900254e-14  3.233121263127131931e-16  -4.371366406054258217e-14
3.000000000000000000e+00  1.248259935233127171e+00  1.248259915843452861e+00  1.453160015322428241e-05  1.401279027677953204e+00  1.392415117764062460e+00
3.000000000000000000e+00  -4.570456245335440023e-13  1.939315251269911662e-13  3.109592837230233858e-14  3.225393385330271920e-16  -4.370940529965538816e-14
