1.000000000000000021e-02  5.530307457333267784e+00  1.641108060972448879e+00  -4.859899926271650239e-01  1.369610327540744965e+00  1.896888845635414267e+00
1.000000000000000021e-02  -4.884168227558265407e+00  -9.158701475109788381e-01  6.382875426301933830e-01  -1.836027580815846605e-01  2.699225447590420379e-01
2.000000000000000042e-02  5.295299343649261026e+00  1.596613824159351047e+00  -4.450328220041189220e-01  1.366203666899471258e+00  1.847645882571590903e+00
2.000000000000000042e-02  -4.648591751410513950e+00  -8.705113857589706905e-01  5.965270393038648589e-01  -1.788776341893877353e-01  2.427315785070088272e-01
2.999999999999999889e-02  5.071646775838706489e+00  1.558441201047534808e+00  -4.100474359942078428e-01  1.363124424985313610e+00  1.804835083140218899e+00
2.999999999999999889e-02  -4.424369362830107733e+00  -8.314769885223581847e-01  5.607337896330789606e-01  -1.744914009493989671e-01  2.203538999545952282e-01
4.000000000000000083e-02  4.858053550073959670e+00  1.525346173549581907e+00  -3.798624414427809182e-01  1.360326271791777231e+00  1.767306407278918412e+00
4.000000000000000083e-02  -4.210206170367247758e+00  -7.975228148188945321e-01  5.297361121703739739e-01  -1.703978584552825470e-01  2.017350565656404193e-01
5.000000000000000278e-02  4.653930921273968124e+00  1.496392746340796887e+00  -3.535953342115706888e-01  1.357771682814173264e+00  1.734183927223073018e+00
5.000000000000000278e-02  -4.005512508309834629e+00  -7.677129373665163570e-01  5.026516424586924270e-01  -1.665594578642590751e-01  1.860879500176286783e-01
5.999999999999999778e-02  4.458956829467949134e+00  1.470873655497010768e+00  -3.305811616578731016e-01  1.355430774781112735e+00  1.704794864635429397e+00
5.999999999999999778e-02  -3.809967199909298774e+00  -7.413404442347678591e-01  4.788155642453874594e-01  -1.629466748045652613e-01  1.728345263987509095e-01
7.000000000000000666e-02  4.273200869248421796e+00  1.448215969587161700e+00  -3.102747349573590774e-01  1.353277256438812692e+00  1.678576518125131978e+00
7.000000000000000666e-02  -3.623639441458953669e+00  -7.178325363714094243e-01  4.576829839495062946e-01  -1.595330372411224440e-01  1.615118717400993165e-01
8.000000000000000167e-02  4.096338109011818496e+00  1.427992204892372108e+00  -2.922730323162539001e-01  1.351291467703109372e+00  1.655092649519124048e+00
8.000000000000000167e-02  -3.446206357717322089e+00  -6.967618466372641484e-01  4.388502871745910139e-01  -1.562989688717495440e-01  1.517996151155432960e-01
8.999999999999999667e-02  3.927693547894901549e+00  1.409866684948931859e+00  -2.762605141413546628e-01  1.349458207820570799e+00  1.633998871965682831e+00
8.999999999999999667e-02  -3.276990863102566820e+00  -6.777933437819494422e-01  4.220019826006761177e-01  -1.532290771474168478e-01  1.434533392160653453e-01
1.000000000000000056e-01  3.767931677213373742e+00  1.393512421002422563e+00  -2.619246092699190620e-01  1.347758681910204537e+00  1.614968469414300278e+00
1.000000000000000056e-01  -3.116658725096288052e+00  -6.605996601502757137e-01  4.068265289678668628e-01  -1.503044211707166289e-01  1.362041480896173384e-01
1.100000000000000006e-01  3.617670284293617922e+00  1.378662165426101538e+00  -2.490090850833727443e-01  1.346176845421495960e+00  1.597726326606200065e+00
1.100000000000000006e-01  -2.965828246873198903e+00  -6.449137356775286323e-01  3.930686916698064581e-01  -1.475094517779783621e-01  1.298457976470860642e-01
1.199999999999999956e-01  3.477224997779704729e+00  1.365100627362031860e+00  -2.373072146985663322e-01  1.344699451373861265e+00  1.582042093843055053e+00
1.199999999999999956e-01  -2.824814885406239373e+00  -6.305198209559420564e-01  3.805227154657510602e-01  -1.448306033099227008e-01  1.242113087097991841e-01
1.300000000000000044e-01  3.346617339706107863e+00  1.352652640146824403e+00  -2.266512103547211332e-01  1.343315582568364253e+00  1.567723245466702942e+00
1.300000000000000044e-01  -2.693639820989714551e+00  -6.172427800270465781e-01  3.690216300557461748e-01  -1.422571455862166045e-01  1.191779356874250739e-01
1.400000000000000133e-01  3.225629873038990514e+00  1.341174151715835761e+00  -2.169028867479685097e-01  1.342015977607386557e+00  1.554606323813022550e+00
1.400000000000000133e-01  -2.572085938356895696e+00  -6.049386154193733267e-01  3.584279743457662870e-01  -1.397796003107113494e-01  1.146451335221715939e-01
1.499999999999999944e-01  3.113859008724021216e+00  1.330545343185239204e+00  -2.079474195259518043e-01  1.340792770244874310e+00  1.542552149550416640e+00
1.499999999999999944e-01  -2.459749994912224125e+00  -5.934874764537204639e-01  3.486276236761874370e-01  -1.373905235374750511e-01  1.105353879366676728e-01
1.600000000000000033e-01  3.010782610740237786e+00  1.320665796132696634e+00  -1.996888008811849302e-01  1.339639151466741840e+00  1.531441564118278365e+00
1.600000000000000033e-01  -2.356109259323459160e+00  -5.827889123083765943e-01  3.395251692128603560e-01  -1.350826598083909591e-01  1.067854997665186323e-01
1.700000000000000122e-01  2.915814148006024009e+00  1.311466961811626808e+00  -1.920633886044057215e-01  1.338549264301032604e+00  1.521182630153797177e+00
1.700000000000000122e-01  -2.260577887930137919e+00  -5.727743579623973957e-01  3.310569145402577629e-01  -1.328504674461286061e-01  1.033710516359632181e-01
1.799999999999999933e-01  2.828373403972527012e+00  1.302890584206304325e+00  -1.850177648680937370e-01  1.337517966693013260e+00  1.511695168840635262e+00
1.799999999999999933e-01  -2.172575147944021179e+00  -5.633857050675803446e-01  3.231692659929957800e-01  -1.306887457624563709e-01  1.002744124482929378e-01
1.900000000000000022e-01  2.747852082215563652e+00  1.294858930996512392e+00  -1.784768116140157679e-01  1.336540669587297003e+00  1.502891559907819641e+00
1.900000000000000022e-01  -2.091492965786250657e+00  -5.545451882479439654e-01  3.157875934147038044e-01  -1.285926525220978389e-01  9.743841866211350178e-02
2.000000000000000111e-01  2.673632919188431156e+00  1.287308845728557971e+00  -1.723795849030742566e-01  1.335613291195296259e+00  1.494698580133416055e+00
2.000000000000000111e-01  -2.016714101191021236e+00  -5.461895168059738292e-01  3.088514947895639740e-01  -1.265581221533089717e-01  9.481798287549886295e-02
2.099999999999999922e-01  2.605128823103899816e+00  1.280188556821929557e+00  -1.666760651266743498e-01  1.334732298437560249e+00  1.487054117685220556e+00
2.099999999999999922e-01  -1.947651308079659138e+00  -5.382670017464553647e-01  3.023113984008125033e-01  -1.245817943839786501e-01  9.238028024819827655e-02
2.200000000000000011e-01  2.541789120492044862e+00  1.273454501767687708e+00  -1.613245223912097848e-01  1.333894413790833733e+00  1.479904836894128106e+00
2.200000000000000011e-01  -1.883754017467381914e+00  -5.307341491363645192e-01  2.961260246644354388e-01  -1.226602689153981629e-01  9.009815242027147120e-02
2.300000000000000100e-01  2.483111884675756720e+00  1.267069863814580755e+00  -1.562896620705541972e-01  1.333096743386015692e+00  1.473204454761533944e+00
2.300000000000000100e-01  -1.824520349224786786e+00  -5.235539985112303007e-01  2.902603894918389105e-01  -1.207903625904619416e-01  8.795146109287610425e-02
2.399999999999999911e-01  2.428645666538068237e+00  1.261003015735043364e+00  -1.515413303145372592e-01  1.332336663318126391e+00  1.466912510223573607e+00
2.399999999999999911e-01  -1.769498596631505771e+00  -5.166949892990116977e-01  2.846846563351667081e-01  -1.189697638590124784e-01  8.592307311017099991e-02
2.500000000000000000e-01  2.377984212156998289e+00  1.255226668279117330e+00  -1.470534255300110782e-01  1.331611729631410279e+00  1.460993271853778142e+00
2.500000000000000000e-01  -1.718282587677398610e+00  -5.101299021229767083e-01  2.793730194898469965e-01  -1.171958560673412864e-01  8.399988818877818231e-02
2.600000000000000089e-01  2.330763873223890670e+00  1.249716763384413509e+00  -1.428032787079993315e-01  1.330919796156319057e+00  1.455415305272711901e+00
2.600000000000000089e-01  -1.670508799791077248e+00  -5.038345810577586903e-01  2.743030158029980403e-01  -1.154663375848185014e-01  8.217011265673146436e-02
2.700000000000000178e-01  2.286661873137643131e+00  1.244452433907655919e+00  -1.387710967725673539e-01  1.330258868157586871e+00  1.450150629520437384e+00
2.700000000000000178e-01  -1.625854344582504218e+00  -4.977882156094829424e-01  2.694550725869931385e-01  -1.137792155901348190e-01  8.042480082478609127e-02
2.800000000000000266e-01  2.245389078918365477e+00  1.239415073848218585e+00  -1.349393612923308061e-01  1.329627078683320640e+00  1.445174241214298050e+00
2.800000000000000266e-01  -1.584030163937730329e+00  -4.919722268473962212e-01  2.648118667292646555e-01  -1.121324548309983182e-01  7.875590133016729943e-02
2.899999999999999800e-01  2.206690539703329623e+00  1.234588056605496975e+00  -1.312924990653964730e-01  1.329022780518676505e+00  1.440463757235485476e+00
2.899999999999999800e-01  -1.544781215557620380e+00  -4.863698751977181822e-01  2.603579151017021975e-01  -1.105244682468077277e-01  7.715678017187765914e-02
2.999999999999999889e-01  2.170336608440843751e+00  1.229956677838757395e+00  -1.278166868293298675e-01  1.328444415631659936e+00  1.435999104602466492e+00
2.999999999999999889e-01  -1.507877793754349938e+00  -4.809665673046458756e-01  2.560795932921731688e-01  -1.089538184281665378e-01  7.562203605048345434e-02
3.099999999999999978e-01  2.136124234540795364e+00  1.225507622698214671e+00  -1.244995270417733890e-01  1.327890502835149533e+00  1.431762202637847814e+00
3.099999999999999978e-01  -1.473117001922869207e+00  -4.757489854650949201e-01  2.519646017375806735e-01  -1.074184933904478445e-01  7.414613887613974441e-02
3.200000000000000067e-01  2.103870736216758353e+00  1.221228917264545411e+00  -1.213298833586072822e-01  1.327359771775688646e+00  1.427736700424184768e+00
3.200000000000000067e-01  -1.440316054427544401e+00  -4.707050759337910173e-01  2.480018944477430654e-01  -1.059176569475073215e-01  7.272523226375482430e-02
3.300000000000000155e-01  2.073413426655037028e+00  1.217109770006565839e+00  -1.182977674359510928e-01  1.326850956531885339e+00  1.423907843256376982e+00
3.300000000000000155e-01  -1.409312232805970844e+00  -4.658241566161723246e-01  2.441815784281154422e-01  -1.044496746706852219e-01  7.135530849923654717e-02
3.400000000000000244e-01  2.044605999434456312e+00  1.213140225044588627e+00  -1.153939671197546785e-01  1.326362853494895244e+00  1.420262091188925879e+00
3.400000000000000244e-01  -1.379959401599735180e+00  -4.610961502990489347e-01  2.404944904430594554e-01  -1.030131686342162789e-01  7.003255639887895345e-02
3.500000000000000333e-01  2.017317548806446315e+00  1.209311423537378971e+00  -1.126103280222341685e-01  1.325894440730101431e+00  1.416787291060733978e+00
3.500000000000000333e-01  -1.352126503815471281e+00  -4.565123030877009658e-01  2.369325538429561673e-01  -1.016071644035053678e-01  6.875442444256296692e-02
3.599999999999999867e-01  1.991430086690912038e+00  1.205615101750347806e+00  -1.099392795892273761e-01  1.325444729473259642e+00  1.413472264478486728e+00
3.599999999999999867e-01  -1.325695409771700639e+00  -4.520642817028677762e-01  2.334882609291401567e-01  -1.002307813119738267e-01  6.751823530815825869e-02
3.699999999999999956e-01  1.966836996928804426e+00  1.202043762496186163e+00  -1.073739400810827666e-01  1.325012744703194301e+00  1.410306788777026199e+00
3.699999999999999956e-01  -1.300559784600924251e+00  -4.477446126680804106e-01  2.301547459288868502e-01  -9.888272551473487049e-02  6.632115776796010387e-02
3.800000000000000044e-01  1.943442488951554914e+00  1.198590548103770415e+00  -1.049080524642688611e-01  1.324597661868371468e+00  1.407281576956190383e+00
3.800000000000000044e-01  -1.276623681067754035e+00  -4.435464228119408991e-01  2.269258123905854296e-01  -9.756221363042782979e-02  6.516118116015312545e-02
3.900000000000000133e-01  1.921159533098701022e+00  1.195249089198394010e+00  -1.025358077480932467e-01  1.324198621512439278e+00  1.404388010054003821e+00
3.900000000000000133e-01  -1.253800137678158899e+00  -4.394633986747907284e-01  2.237956830977918810e-01  -9.626799594478052668e-02  6.403633525207097499e-02
4.000000000000000222e-01  1.899909375562914615e+00  1.192013483820191455e+00  -1.002519112346382663e-01  1.323814865458631918e+00  1.401618211319478835e+00
4.000000000000000222e-01  -1.232010288216951466e+00  -4.354895238651646516e-01  2.207590683936863363e-01  -9.499976668150178494e-02  6.294472502752990195e-02
4.100000000000000311e-01  1.879619954217713218e+00  1.188878405079607736e+00  -9.805147096377375693e-02  1.323445688671467391e+00  1.398964927572915906e+00
4.100000000000000311e-01  -1.211182198424369805e+00  -4.316196485375103920e-01  2.178111319252409306e-01  -9.375642317126497982e-02  6.188507193884484892e-02
4.199999999999999845e-01  1.860226344018837796e+00  1.185838731704271343e+00  -9.592989933516624101e-02  1.323090382378822039e+00  1.396421404332390592e+00
4.199999999999999845e-01  -1.191250800255429398e+00  -4.278484626835794558e-01  2.149472591928198728e-01  -9.253710265866987861e-02  6.085478253075349286e-02
4.299999999999999933e-01  1.841669123068838010e+00  1.182889850366500406e+00  -9.388304894835790282e-02  1.322748333974799628e+00  1.393981474702052026e+00
4.299999999999999933e-01  -1.172156807500256637e+00  -4.241714646692370527e-01  2.121633476852561317e-01  -9.134119615359370670e-02  5.985353459686126865e-02
4.400000000000000022e-01  1.823893571076875109e+00  1.180027333201012274e+00  -9.190698986415569982e-02  1.322418911307555289e+00  1.391639330499694127e+00
4.400000000000000022e-01  -1.153845438473289908e+00  -4.205840861518538309e-01  2.094554346149613000e-01  -9.016791783175714947e-02  5.887899422272380168e-02
4.500000000000000111e-01  1.806850600058126144e+00  1.177247256124017705e+00  -8.999816807480383318e-02  1.322101555781933779e+00  1.389389721240803066e+00
4.500000000000000111e-01  -1.136267631514917831e+00  -4.170825813353049027e-01  2.068200124122907269e-01  -8.901679829201414318e-02  5.793082110311775779e-02
4.600000000000000200e-01  1.790493901238862762e+00  1.174545776259935392e+00  -8.815317467809508090e-02  1.321795732014653169e+00  1.387227621461428306e+00
4.600000000000000200e-01  -1.119376990563973440e+00  -4.136629987870362180e-01  2.042536450654899582e-01  -8.788710084994066918e-02  5.700745484766289728e-02
4.700000000000000289e-01  1.774781893318388093e+00  1.171919404825693567e+00  -8.636891230519878893e-02  1.321500901080064239e+00  1.385148485941776864e+00
4.700000000000000289e-01  -1.103132012931625994e+00  -4.103218769624987217e-01  2.017532266429770682e-01  -8.677798270652514745e-02  5.610798887163215287e-02
4.799999999999999822e-01  1.759675939008920942e+00  1.169364761655280915e+00  -8.464240253378840784e-02  1.321216627073686922e+00  1.383147941135932868e+00
4.799999999999999822e-01  -1.087494083014303836e+00  -4.070557985555895431e-01  1.993157938700109710e-01  -8.568928901736050374e-02  5.523092978825860921e-02
4.899999999999999911e-01  1.745140634294604087e+00  1.166878845995863889e+00  -8.297099044778989685e-02  1.320942445024438694e+00  1.381222090067933284e+00
4.899999999999999911e-01  -1.072427654035114086e+00  -4.038617645356647468e-01  1.969386660492582208e-01  -8.462018475557075980e-02  5.437629077425898405e-02
5.000000000000000000e-01  1.731143175251286248e+00  1.164458673844334324e+00  -8.135204698950358748e-02  1.320677889686122430e+00  1.379367113159560398e+00
5.000000000000000000e-01  -1.057900118193936922e+00  -4.007367758465704699e-01  1.946192098354284916e-01  -8.357028649746578441e-02  5.354237763700053776e-02
5.100000000000000089e-01  1.717653291315275776e+00  1.162101561179256226e+00  -7.978320038099245837e-02  1.320422582627024166e+00  1.377579539178092949e+00
5.100000000000000089e-01  -1.043881061890195916e+00  -3.976781819580467170e-01  1.923550483498177588e-01  -8.253897769958939978e-02  5.272851414244217327e-02
5.200000000000000178e-01  1.704642954907817920e+00  1.159804901831098967e+00  -7.826220311938118790e-02  1.320176140230474582e+00  1.375856096144878693e+00
5.200000000000000178e-01  -1.030342525775087337e+00  -3.946833326362657046e-01  1.901438998662640378e-01  -8.152588265107918453e-02  5.193429056540632693e-02
5.300000000000000266e-01  1.692086069002177950e+00  1.157566310972153678e+00  -7.678694834262404789e-02  1.319938180979904896e+00  1.374193725999113047e+00
5.300000000000000266e-01  -1.017258338279622532e+00  -3.917498785516709825e-01  1.879836775964119078e-01  -8.053045404111047745e-02  5.115856078882408120e-02
5.400000000000000355e-01  1.679958686110053501e+00  1.155383448402421465e+00  -7.535543866029534299e-02  1.319708358393693270e+00  1.372589526532454141e+00
5.400000000000000355e-01  -1.004604587657421000e+00  -3.888754093799251521e-01  1.858723145720334591e-01  -7.955224381221503993e-02  5.040080060318352650e-02
5.500000000000000444e-01  1.668238307602034176e+00  1.153254212741547047e+00  -7.396580152052976975e-02  1.319486353993661432e+00  1.371040799398583143e+00
5.500000000000000444e-01  -9.923588124769063823e-01  -3.860578608558243863e-01  1.838079740934678297e-01  -7.859091925297134740e-02  4.966028171635838984e-02
5.600000000000000533e-01  1.656903990875643551e+00  1.151176534880852476e+00  -7.261628413741842702e-02  1.319271812805003830e+00  1.369545020916751010e+00
5.600000000000000533e-01  -9.805000246954038712e-01  -3.832951221395360930e-01  1.817888334072814416e-01  -7.764591144685195623e-02  4.893684272644016620e-02
5.700000000000000622e-01  1.645936341408922754e+00  1.149148477382901490e+00  -7.130521485132319814e-02  1.319064479133180257e+00  1.368099808128952155e+00
5.700000000000000622e-01  -9.690088562362690894e-01  -3.805852994024537805e-01  1.798132395301469955e-01  -7.671693235508003639e-02  4.822929209387738503e-02
5.799999999999999600e-01  1.635317308989625795e+00  1.147168226973771077e+00  -7.003102719828423195e-02  1.318864038521709858e+00  1.366702860518822948e+00
5.799999999999999600e-01  -9.578672089891451247e-01  -3.779265211788735979e-01  1.778795712574697818e-01  -7.580353050573973572e-02  4.753742734494115219e-02
5.899999999999999689e-01  1.625029884577723127e+00  1.145234024346960311e+00  -6.879222220838129842e-02  1.318670209926904757e+00  1.365352078307874972e+00
5.899999999999999689e-01  -9.470580988777670406e-01  -3.753170443556362312e-01  1.759863260777422556e-01  -7.490546064138381421e-02  4.686078860736964113e-02
5.999999999999999778e-01  1.615058175620112779e+00  1.143344253159408463e+00  -6.758741286954424166e-02  1.318482728069719778e+00  1.364045452444825113e+00
5.999999999999999778e-01  -9.365656438677523177e-01  -3.727552256912370909e-01  1.741320758310159200e-01  -7.402214957361985537e-02  4.619849096568273694e-02
6.099999999999999867e-01  1.605387422549368281e+00  1.141497317717495186e+00  -6.641523769081375539e-02  1.318301383154705908e+00  1.362781068420092723e+00
6.099999999999999867e-01  -9.263750766697527173e-01  -3.702394681113422847e-01  1.723154422978881717e-01  -7.315345455524790985e-02  4.555024086370473846e-02
6.199999999999999956e-01  1.596003662545640411e+00  1.139691747417749257e+00  -6.527447040449604887e-02  1.318125899619518204e+00  1.361557169785000632e+00
6.199999999999999956e-01  -9.164724378606364796e-01  -3.677682712324298886e-01  1.705351853286813657e-01  -7.229906470867641932e-02  4.491587675570651861e-02
6.300000000000000044e-01  1.586893975838829629e+00  1.137926149633464279e+00  -6.416390972982506657e-02  1.317956078990024871e+00  1.360372045935652086e+00
6.300000000000000044e-01  -9.068447621023119076e-01  -3.653402975717962575e-01  1.687900465216480850e-01  -7.145841624822135696e-02  4.429469807942820747e-02
6.400000000000000133e-01  1.578046092475947404e+00  1.136199140323633339e+00  -6.308239472540273785e-02  1.317791715600925784e+00  1.359224093729064720e+00
6.400000000000000133e-01  -8.974798371837608979e-01  -3.629540537187730953e-01  1.670788665545271390e-01  -7.063136068284192604e-02  4.368596008698266697e-02
6.500000000000000222e-01  1.569448323280028479e+00  1.134509455844065151e+00  -6.202887294360648340e-02  1.317632566046546216e+00  1.358111794324607935e+00
6.500000000000000222e-01  -8.883659533815878584e-01  -3.606083450384181543e-01  1.654005367895105272e-01  -6.981759770326811942e-02  4.309019171874561849e-02
6.600000000000000311e-01  1.561090075521092801e+00  1.132855872581592704e+00  -6.100231281007095080e-02  1.317478470440166083e+00  1.357033706592760458e+00
6.600000000000000311e-01  -8.794924789862572645e-01  -3.583019040972448277e-01  1.637540146051050804e-01  -6.901687769990128007e-02  4.250608883771644919e-02
6.700000000000000400e-01  1.552960938875748154e+00  1.131237237608291091e+00  -6.000174078589059351e-02  1.317329198623740094e+00  1.355988480732787327e+00
6.700000000000000400e-01  -8.708490321856839911e-01  -3.560336282868447055e-01  1.621383027589286818e-01  -6.822866023112039713e-02  4.193411769965194047e-02
6.800000000000000488e-01  1.545051427119693788e+00  1.129652390557379871e+00  -5.902620623472405043e-02  1.317184631459958677e+00  1.354974801100340187e+00
6.800000000000000488e-01  -8.624261294632777908e-01  -3.538022130842944923e-01  1.605524000333163059e-01  -6.745313635601157820e-02  4.137330161255614591e-02
6.900000000000000577e-01  1.537352394119432919e+00  1.128100286359960736e+00  -5.807484327400882357e-02  1.317044525832379964e+00  1.353991417328008096e+00
6.900000000000000577e-01  -8.542146588361223536e-01  -3.516066862462003395e-01  1.589954080995061303e-01  -6.668951962145008849e-02  4.082343668692545169e-02
7.000000000000000666e-01  1.529855342509253591e+00  1.126579918847469441e+00  -5.714680056124792074e-02  1.316908762385488707e+00  1.353037176084988857e+00
7.000000000000000666e-01  -8.462060490865799256e-01  -3.494460328197560584e-01  1.574664714475998706e-01  -6.593792755993121979e-02  4.028426891459091497e-02
7.099999999999999645e-01  1.522552065684534384e+00  1.125090332291343920e+00  -5.624128923166003130e-02  1.316777159404673103e+00  1.352110964974075680e+00
7.099999999999999645e-01  -8.383921596159482625e-01  -3.473192975164443030e-01  1.559647505134526824e-01  -6.519800060005620512e-02  3.975560238248776468e-02
7.199999999999999734e-01  1.515434989475351824e+00  1.123630532817698313e+00  -5.535753392647454335e-02  1.316649592620845022e+00  1.351211728634977849e+00
7.199999999999999734e-01  -8.307653554961176301e-01  -3.452254148076334683e-01  1.544894262691788867e-01  -6.446947549537229705e-02  3.923695197247822897e-02
7.299999999999999822e-01  1.508496804758859389e+00  1.122199672820682670e+00  -5.449478853877001705e-02  1.316525895966480064e+00  1.350338432289031054e+00
7.299999999999999822e-01  -8.233183346630768007e-01  -3.431635746074102600e-01  1.530397380281123543e-01  -6.375201128912610926e-02  3.872831984826474727e-02
7.399999999999999911e-01  1.501730600225787748e+00  1.120796896399156806e+00  -5.365237676539211242e-02  1.316405946000430927e+00  1.349490122330655684e+00
7.399999999999999911e-01  -8.160441960816136042e-01  -3.411328963226850086e-01  1.516149727991308871e-01  -6.304559590138125724e-02  3.822923858448157297e-02
7.500000000000000000e-01  1.495129926963247868e+00  1.119421349689515566e+00  -5.282960506331502853e-02  1.316289610779540542e+00  1.348665871960757157e+00
7.500000000000000000e-01  -8.089365060289629428e-01  -3.391324984859677150e-01  1.502144084706886484e-01  -6.234986605715797658e-02  3.773945587834215409e-02
7.600000000000000089e-01  1.488688621217312047e+00  1.118072247114123341e+00  -5.202582629760104521e-02  1.316176735815776766e+00  1.347864804217255408e+00
7.600000000000000089e-01  -8.019891142258896988e-01  -3.371615581538301432e-01  1.488373481663033682e-01  -6.166456691128885392e-02  3.725854306107978520e-02
7.700000000000000178e-01  1.482400739444210469e+00  1.116748880382214537e+00  -5.124046537257809231e-02  1.316067228173434245e+00  1.347086123072270158e+00
7.700000000000000178e-01  -7.951960239133817332e-01  -3.352194584392790833e-01  1.474832069858330041e-01  -6.098962034124122411e-02  3.678669283069813112e-02
7.800000000000000266e-01  1.476260779436106674e+00  1.115450474214581655e+00  -5.047290663559578922e-02  1.315960963982713672e+00  1.346328987064805194e+00
7.800000000000000266e-01  -7.885517250605230677e-01  -3.333052867373491601e-01  1.461513216219172129e-01  -6.032471069051237311e-02  3.632357068409675094e-02
7.900000000000000355e-01  1.470263290722535698e+00  1.114176360835129831e+00  -4.972259958399293661e-02  1.315857844504837448e+00  1.345592646723199559e+00
7.900000000000000355e-01  -7.820508850753993269e-01  -3.314184625841948839e-01  1.448411057326544349e-01  -5.966978246090037796e-02  3.586858616142030165e-02
8.000000000000000444e-01  1.464403381499568058e+00  1.112925822477773163e+00  -4.898898943317189780e-02  1.315757741994628915e+00  1.344876374080599568e+00
8.000000000000000444e-01  -7.756884607521756791e-01  -3.295581719896800710e-01  1.435519749174093140e-01  -5.902442864602430728e-02  3.542195969308359338e-02
8.100000000000000533e-01  1.458676125912077293e+00  1.111698267621489267e+00  -4.827157542165679688e-02  1.315660547252340606e+00  1.344179461798933772e+00
8.100000000000000533e-01  -7.694596038671639437e-01  -3.277238794062285465e-01  1.422834009425152924e-01  -5.838858656314482865e-02  3.498329117910814468e-02
8.200000000000000622e-01  1.453077054435370830e+00  1.110493020321915214e+00  -4.756983802377569986e-02  1.315566179039338923e+00  1.343501259359702216e+00
8.200000000000000622e-01  -7.633598226825519806e-01  -3.259148206827808814e-01  1.410348301629168188e-01  -5.776212862416518767e-02  3.455224382484611834e-02
8.300000000000000711e-01  1.447601659698919185e+00  1.109309529631330893e+00  -4.688333132346087645e-02  1.315474533406250535e+00  1.342841118930562017e+00
8.300000000000000711e-01  -7.573846237891164179e-01  -3.241305078429516096e-01  1.398057647279977445e-01  -5.714476622192043997e-02  3.412901757723429963e-02
8.399999999999999689e-01  1.442245910268881381e+00  1.108147195535875040e+00  -4.621157420388287418e-02  1.315385511282418873e+00  1.342198416912986803e+00
8.399999999999999689e-01  -7.515299382164635222e-01  -3.223702922101078228e-01  1.385957101717121831e-01  -5.653639305223623346e-02  3.371305050129425052e-02
8.499999999999999778e-01  1.437005743235453048e+00  1.107005452362110232e+00  -4.555414592969461718e-02  1.315299012830445147e+00  1.341572583005224306e+00
8.499999999999999778e-01  -7.457917808650126323e-01  -3.206335591506709881e-01  1.374042074293700400e-01  -5.593676668232527849e-02  3.330420538372957928e-02
8.599999999999999867e-01  1.431877427264876435e+00  1.105883789725051081e+00  -4.491060732336022571e-02  1.315214989047682526e+00  1.340963042470428190e+00
8.599999999999999867e-01  -7.401663411591923314e-01  -3.189198607325368640e-01  1.362307767149164572e-01  -5.534576966352056093e-02  3.290270103313874817e-02
8.699999999999999956e-01  1.426857295172944129e+00  1.104781646312258836e+00  -4.428056689736941526e-02  1.315133338319661060e+00  1.340369265050597614e+00
8.699999999999999956e-01  -7.346499643732098406e-01  -3.172285112178249156e-01  1.350749924333279617e-01  -5.476322292911284251e-02  3.250782254462936116e-02
8.800000000000000044e-01  1.421941847319467822e+00  1.103698581284314972e+00  -4.366363582877424293e-02  1.315053986410381182e+00  1.339790742794320533e+00
8.800000000000000044e-01  -7.292391829500818323e-01  -3.155591806438688973e-01  1.339364370236044433e-01  -5.418904098057253371e-02  3.211984377166565707e-02
8.900000000000000133e-01  1.417127829327541777e+00  1.102634074307157430e+00  -4.305941442101102190e-02  1.314976868669743837e+00  1.339226960391103338e+00
8.900000000000000133e-01  -7.239307495842870477e-01  -3.139112661603324361e-01  1.328146749600516985e-01  -5.362294984546278620e-02  3.173833536807280087e-02
9.000000000000000222e-01  1.412412035144092748e+00  1.101587680153025550e+00  -4.246756901979743121e-02  1.314901888903499128e+00  1.338677461104836430e+00
9.000000000000000222e-01  -7.187213968975917355e-01  -3.122843442360054289e-01  1.317093469630400693e-01  -5.306490563384969050e-02  3.136325262363781619e-02
9.100000000000000311e-01  1.407791428477789708e+00  1.100558928097803868e+00  -4.188773253742959779e-02  1.314829003248852324e+00  1.338141770828521260e+00
9.100000000000000311e-01  -7.136081396324219783e-01  -3.106778552396866622e-01  1.306200341965945699e-01  -5.251469168624300909e-02  3.099446419554940935e-02
9.200000000000000400e-01  1.403263081991738659e+00  1.099547386864197618e+00  -4.131956477021175855e-02  1.314758111818333797e+00  1.337619453031521966e+00
9.200000000000000400e-01  -7.085880600905845039e-01  -3.090914060331285129e-01  1.295463874593114073e-01  -5.197210283743214365e-02  3.063153086422387705e-02
9.300000000000000488e-01  1.398824171700580266e+00  1.098552657791571407e+00  -4.076274907745591758e-02  1.314689173292052926e+00  1.337110111840778881e+00
9.300000000000000488e-01  -7.036582748206094973e-01  -3.075246119202864614e-01  1.284880524929328804e-01  -5.143722585564014516e-02  3.027500843076391668e-02
9.400000000000000577e-01  1.394472108327523552e+00  1.097574308658997300e+00  -4.021697077641152307e-02  1.314622116362334392e+00  1.336613299613471195e+00
9.400000000000000577e-01  -6.988162030566524852e-01  -3.059769488517389835e-01  1.274446596317502789e-01  -5.090971874317018475e-02  2.992411300318498224e-02
9.500000000000000666e-01  1.390204236625689482e+00  1.096611995393199868e+00  -3.968196200178910477e-02  1.314556898623679970e+00  1.336128678355042787e+00
9.500000000000000666e-01  -6.940592610650891947e-01  -3.044481768535753918e-01  1.264159378200986061e-01  -5.038955617239493368e-02  2.957907602146914172e-02
9.599999999999999645e-01  1.386018160375005470e+00  1.095665268242454582e+00  -3.915739152554206792e-02  1.314493427219013633e+00  1.335655833023976502e+00
9.599999999999999645e-01  -6.893850059299271305e-01  -3.029376913731525178e-01  1.254014879637768420e-01  -4.987649024516682683e-02  2.923956899866286818e-02
9.699999999999999734e-01  1.381911511661167546e+00  1.094733810192985990e+00  -3.864300707828401821e-02  1.314431676446137232e+00  1.335194422942115100e+00
9.699999999999999734e-01  -6.847910379503796552e-01  -3.014452394804441049e-01  1.244010337566495011e-01  -4.937049934559467612e-02  2.890548401299364301e-02
9.799999999999999822e-01  1.377881948217565711e+00  1.093817247561337025e+00  -3.813852021306719797e-02  1.314371595590459574e+00  1.334744081026066231e+00
9.799999999999999822e-01  -6.802751011528687108e-01  -2.999704272026438856e-01  1.234142858476851706e-01  -4.887142273866929010e-02  2.857674034564339216e-02
9.899999999999999911e-01  1.373927317007791249e+00  1.092915245738984797e+00  -3.764368051179433489e-02  1.314313114245049041e+00  1.334304486020126745e+00
9.899999999999999911e-01  -6.758349419317681850e-01  -2.985129047919152789e-01  1.224409287138528979e-01  -4.837915793896163663e-02  2.825323644831756464e-02
1.000000000000000000e+00  1.370045510649820608e+00  1.092027456771752725e+00  -3.715822993701924787e-02  1.314256205962284207e+00  1.333875312502771138e+00
1.000000000000000000e+00  -6.714685080803468598e-01  -2.970723005581614728e-01  1.214806772937293694e-01  -4.789350805088554708e-02  2.793496090537994636e-02
1.010000000000000009e+00  1.366234544397108674e+00  1.091153569995177763e+00  -3.668192967133578064e-02  1.314200783812285334e+00  1.333456253191763530e+00
1.010000000000000009e+00  -6.671738174319272741e-01  -2.956482976391540674e-01  1.205332682561267160e-01  -4.741447593804326566e-02  2.762163371711834348e-02
1.020000000000000018e+00  1.362492395756692343e+00  1.090293256329158522e+00  -3.621453885610212420e-02  1.314146830198749782e+00  1.333047007243760351e+00
1.020000000000000018e+00  -6.629488480821683627e-01  -2.942405268767747106e-01  1.195984305542242276e-01  -4.694187904103830355e-02  2.731324634095844139e-02
1.030000000000000027e+00  1.358817248674512701e+00  1.089446239394701754e+00  -3.575583256551521233e-02  1.314094297368728848e+00  1.332647293093009111e+00
1.030000000000000027e+00  -6.587917489396344362e-01  -2.928487587356284338e-01  1.186759065674832525e-01  -4.647562399062510341e-02  2.700975294669227811e-02
1.040000000000000036e+00  1.355207267773203439e+00  1.088612190804394642e+00  -3.530559477282259329e-02  1.314043152459774211e+00  1.332256822340890157e+00
1.040000000000000036e+00  -6.547006989918598974e-01  -2.914725788978466126e-01  1.177654348094407805e-01  -4.601559806419952547e-02  2.671074735136924616e-02
1.050000000000000044e+00  1.351660747922354133e+00  1.087790832605368685e+00  -3.486360135028418461e-02  1.313993341128183445e+00  1.331875331747213842e+00
1.050000000000000044e+00  -6.506740524065208753e-01  -2.901117025191690124e-01  1.168667780823743896e-01  -4.556170341068122021e-02  2.641655346036808627e-02
1.060000000000000053e+00  1.348175955594247633e+00  1.086981913975826775e+00  -3.442965690697163961e-02  1.313944799113729411e+00  1.331502556706823048e+00
1.060000000000000053e+00  -6.467100038703079701e-01  -2.887659346761721202e-01  1.159797067689447847e-01  -4.511376027581559534e-02  2.612682118261966391e-02
1.070000000000000062e+00  1.344751337871513908e+00  1.086185122347936627e+00  -3.400355040248938948e-02  1.313897530822916160e+00  1.331138274889030804e+00
1.070000000000000062e+00  -6.428070114216185571e-01  -2.874348462295647222e-01  1.151039648347578631e-01  -4.467180849790286512e-02  2.584148553793497172e-02
1.080000000000000071e+00  1.341385291134850277e+00  1.085400237673511237e+00  -3.358510740089607621e-02  1.313851472904649764e+00  1.330782215975382154e+00
1.080000000000000071e+00  -6.389634963522132782e-01  -2.861182918238681094e-01  1.142393594751883040e-01  -4.423562288963311939e-02  2.556051548268412077e-02
1.090000000000000080e+00  1.338076365472256946e+00  1.084626979258747514e+00  -3.317413022392121102e-02  1.313806590760800308e+00  1.330434154036799654e+00
1.090000000000000080e+00  -6.351779985265544326e-01  -2.848159308962243674e-01  1.133856636322055078e-01  -4.380517572281805716e-02  2.528379397892677183e-02
1.100000000000000089e+00  1.334823056435169075e+00  1.083865107103125114e+00  -3.277044769798803658e-02  1.313762835688173869e+00  1.330093871382882931e+00
1.100000000000000089e+00  -6.314490166805180049e-01  -2.835275238933849806e-01  1.125426581724446318e-01  -4.338037401482741640e-02  2.501116037789907764e-02
1.110000000000000098e+00  1.331623955341266541e+00  1.083114386662735296e+00  -3.237387869632477044e-02  1.313720207651753347e+00  1.329761139014832061e+00
1.110000000000000098e+00  -6.277751324201069627e-01  -2.822528169391156916e-01  1.117101455747643440e-01  -4.296110413403042561e-02  2.474269907350024056e-02
1.120000000000000107e+00  1.328477749305139621e+00  1.082374565408181111e+00  -3.198425358025720061e-02  1.313678650346799870e+00  1.329435759543235118e+00
1.120000000000000107e+00  -6.241550495806270638e-01  -2.809915059673387394e-01  1.108879179295857997e-01  -4.254720150526281053e-02  2.447814185496177686e-02
1.130000000000000115e+00  1.325383135206884333e+00  1.081645445168751829e+00  -3.160140081055354266e-02  1.313638145195604512e+00  1.329117527808546306e+00
1.130000000000000115e+00  -6.205874460334057652e-01  -2.797434487769427380e-01  1.100757943308700582e-01  -4.213871730997920118e-02  2.421760979820752890e-02
1.140000000000000124e+00  1.322338798538717608e+00  1.080926789510914254e+00  -3.122517253249479721e-02  1.313598665852426350e+00  1.328806250690533819e+00
1.140000000000000124e+00  -6.170710259577912860e-01  -2.785083426866841183e-01  1.092735702132977549e-01  -4.173540698927191706e-02  2.396094227758871487e-02
1.150000000000000133e+00  1.319343560739284715e+00  1.080218390336660894e+00  -3.085540546874437906e-02  1.313560156354880437e+00  1.328501738708975921e+00
1.150000000000000133e+00  -6.136046149825462592e-01  -2.772860015029305902e-01  1.084810788640626772e-01  -4.133734801676258730e-02  2.370799332528505943e-02
1.159999999999999920e+00  1.316396199598007799e+00  1.079520026633531415e+00  -3.049194866953894648e-02  1.313522622254046812e+00  1.328203797802342656e+00
1.159999999999999920e+00  -6.101869579425536205e-01  -2.760761597837682046e-01  1.076981218706868915e-01  -4.094437105445936087e-02  2.345879933436001430e-02
1.169999999999999929e+00  1.313495627731038118e+00  1.078831505762679610e+00  -3.013465115584646262e-02  1.313486003049403994e+00  1.327912265784941370e+00
1.169999999999999929e+00  -6.068169840748817156e-01  -2.748786096273015955e-01  1.069245341497882668e-01  -4.055637130605027618e-02  2.321315437288584693e-02
1.179999999999999938e+00  1.310640677852443314e+00  1.078152627504311623e+00  -2.978339407540970402e-02  1.313450288069684779e+00  1.327626955165869482e+00
1.179999999999999938e+00  -6.034935551557434330e-01  -2.736931679717360399e-01  1.061601477160495355e-01  -4.017327483285526579e-02  2.297106511968949327e-02
1.189999999999999947e+00  1.307830317906529594e+00  1.077483200280699105e+00  -2.943799974664629629e-02  1.313415449362192344e+00  1.327347721271826764e+00
1.189999999999999947e+00  -6.002156130439553205e-01  -2.725195786210798388e-01  1.054047882715127837e-01  -3.979508569805612073e-02  2.273243312541273209e-02
1.199999999999999956e+00  1.305063516119878031e+00  1.076823041460999608e+00  -2.909839211329359049e-02  1.313381466257668606e+00  1.327074382076579129e+00
1.199999999999999956e+00  -5.969821252962617120e-01  -2.713577002616470724e-01  1.046583063265708463e-01  -3.942164771570910720e-02  2.249726799692641777e-02
1.209999999999999964e+00  1.302339246608771095e+00  1.076171963575562884e+00  -2.876439088881192069e-02  1.313348308906862272e+00  1.326806825016045410e+00
1.209999999999999964e+00  -5.937920929967386297e-01  -2.702073115713602425e-01  1.039205455545315626e-01  -3.905286946166863782e-02  2.226548499189551222e-02
1.219999999999999973e+00  1.299656535907494526e+00  1.075529791048722927e+00  -2.843592203730800280e-02  1.313315951582939123e+00  1.326544849546023030e+00
1.219999999999999973e+00  -5.906445102573429917e-01  -2.690681969547730201e-01  1.031913438232050229e-01  -3.868875270489002816e-02  2.203707921214226317e-02
1.229999999999999982e+00  1.297014455801412725e+00  1.074896358388668594e+00  -2.811280354431730522e-02  1.313284392996751260e+00  1.326288347286140201e+00
1.229999999999999982e+00  -5.875384613515133303e-01  -2.679402318999620225e-01  1.024705581028786672e-01  -3.832911056940180305e-02  2.181177657772737088e-02
1.239999999999999991e+00  1.294412061157958593e+00  1.074271471545133361e+00  -2.779496500678837329e-02  1.313253584416234521e+00  1.326037126406981459e+00
1.239999999999999991e+00  -5.844730150072111607e-01  -2.668231135179657265e-01  1.017580279694410145e-01  -3.797405185812841033e-02  2.158963565214799818e-02
1.250000000000000000e+00  1.291848533969556900e+00  1.073654992839089939e+00  -2.748226451023140851e-02  1.313223535510320783e+00  1.325791110187257260e+00
1.250000000000000000e+00  -5.814473171101777194e-01  -2.657167869942365646e-01  1.010536250603986802e-01  -3.762328945272574998e-02  2.137067768922329414e-02
1.260000000000000009e+00  1.289322931315350917e+00  1.073046757070766022e+00  -2.717461337442327388e-02  1.313194182664793264e+00  1.325550116831942127e+00
1.260000000000000009e+00  -5.784604597617026833e-01  -2.646210365692009958e-01  1.003572147809327769e-01  -3.727692242918023702e-02  2.115479335741299316e-02
1.270000000000000018e+00  1.286834479013509114e+00  1.072446604261246383e+00  -2.687186936216299712e-02  1.313165530422626404e+00  1.325314062432396911e+00
1.270000000000000018e+00  -5.755116811011853351e-01  -2.635356935206227824e-01  9.966865337774542810e-02  -3.693476728956679445e-02  2.094193786389797474e-02
1.280000000000000027e+00  1.284382353212207395e+00  1.071854384763353263e+00  -2.657396148489029816e-02  1.313137565552529473e+00  1.325082787419262775e+00
1.280000000000000027e+00  -5.726001336525851082e-01  -2.624605766723484557e-01  9.898781393087822955e-02  -3.659685695467806976e-02  2.073194596728966665e-02
1.290000000000000036e+00  1.281965758729187943e+00  1.071269940609521631e+00  -2.628075463174432344e-02  1.313110280955865683e+00  1.324856180643533055e+00
1.290000000000000036e+00  -5.697250199618553168e-01  -2.613955216800524228e-01  9.831454944341906643e-02  -3.626307306574960698e-02  2.052483930519366506e-02
1.300000000000000044e+00  1.279583926289075357e+00  1.070693132630504696e+00  -2.599217297351756606e-02  1.313083625024633161e+00  1.324634140351023781e+00
1.300000000000000044e+00  -5.668855676160624579e-01  -2.603403678973931767e-01  9.764874861512443105e-02  -3.593335333824776434e-02  2.032068106227358228e-02
1.310000000000000053e+00  1.277236132708448046e+00  1.070123837378475384e+00  -2.570810279799929168e-02  1.313057593103721166e+00  1.324416527247654018e+00
1.310000000000000053e+00  -5.640810887269673835e-01  -2.592950199297545666e-01  9.699029426755748085e-02  -3.560768288776383628e-02  2.011927279986192030e-02
1.320000000000000062e+00  1.274921659359409043e+00  1.069561891416828558e+00  -2.542845047195825547e-02  1.313032172690708155e+00  1.324203278726716171e+00
1.320000000000000062e+00  -5.613108133441825354e-01  -2.582592471042153837e-01  9.633905479183095533e-02  -3.528587253308479443e-02  1.992052317724568589e-02
1.330000000000000071e+00  1.272639802891264438e+00  1.069007174598820775e+00  -2.515314581617914685e-02  1.313007345577244411e+00  1.323994226823021148e+00
1.330000000000000071e+00  -5.585740805206109716e-01  -2.572329564206860542e-01  9.569492068501767035e-02  -3.496800368057739750e-02  1.972462277298070443e-02
1.340000000000000080e+00  1.270389882460782438e+00  1.068459558822833833e+00  -2.488208487963809029e-02  1.312983065108286773e+00  1.323789308353602756e+00
1.340000000000000080e+00  -5.558702145140723694e-01  -2.562159919382958617e-01  9.505777402689929989e-02  -3.465391723109800814e-02  1.953122761762238202e-02
1.350000000000000089e+00  1.268171236972353011e+00  1.067918902223848443e+00  -2.461517982823856546e-02  1.312959364852426480e+00  1.323588405289168879e+00
1.350000000000000089e+00  -5.531984991838434507e-01  -2.552081805740213927e-01  9.442750314334238948e-02  -3.434364861228422772e-02  1.934047900762914107e-02
1.360000000000000098e+00  1.265983236068327189e+00  1.067385096398903332e+00  -2.435234646848627102e-02  1.312936205602669215e+00  1.323391443875130857e+00
1.360000000000000098e+00  -5.505583871655438388e-01  -2.542094285645644658e-01  9.380400185441119254e-02  -3.403711794926456147e-02  1.915237496018618035e-02
1.370000000000000107e+00  1.263825264964780537e+00  1.066857999267773360e+00  -2.409350397781755138e-02  1.312913585838984432e+00  1.323198272460258895e+00
1.370000000000000107e+00  -5.479491840325042551e-01  -2.532195506009711772e-01  9.318715614710582074e-02  -3.373416207173740577e-02  1.896657444288962768e-02
1.380000000000000115e+00  1.261696684866054241e+00  1.066337515252235635e+00  -2.383856335960819750e-02  1.312891470964891560e+00  1.323008884865774837e+00
1.380000000000000115e+00  -5.453703135097571764e-01  -2.522384868412904657e-01  9.257686258049115102e-02  -3.343488460666599327e-02  1.878355624752015007e-02
1.390000000000000124e+00  1.259596915904971359e+00  1.065823509480611442e+00  -2.358745868938993961e-02  1.312869892325614352e+00  1.322823110495917831e+00
1.390000000000000124e+00  -5.428211626578662852e-01  -2.512660312713461130e-01  9.197302238822936682e-02  -3.313908982835944705e-02  1.860277453187897390e-02
1.400000000000000133e+00  1.257525415406458791e+00  1.065315875781539301e+00  -2.334009802067550307e-02  1.312848761300965172e+00  1.322640931362305095e+00
1.400000000000000133e+00  -5.403011852766840262e-01  -2.503020989543186525e-01  9.137553215998950318e-02  -3.284683346059891207e-02  1.842431760270679675e-02
1.409999999999999920e+00  1.255481581424540138e+00  1.064814500842098832e+00  -2.309642036373414295e-02  1.312828149759790453e+00  1.322462187834263059e+00
1.409999999999999920e+00  -5.378098081302319367e-01  -2.493465444681911836e-01  9.078428677009732495e-02  -3.255799056223596111e-02  1.824832099740014701e-02
1.419999999999999929e+00  1.253464918439522346e+00  1.064319280154322866e+00  -2.285633406964820979e-02  1.312807958376868811e+00  1.322286880647034035e+00
1.419999999999999929e+00  -5.353465286889236285e-01  -2.483992629583207934e-01  9.019920307264300829e-02  -3.227253383111439167e-02  1.807450650643249723e-02
1.429999999999999938e+00  1.251474820971038016e+00  1.063830104838557000e+00  -2.261978916860244923e-02  1.312788265852267600e+00  1.322114863298307963e+00
1.429999999999999938e+00  -5.329106947290744856e-01  -2.474601552796937276e-01  8.962018221929377026e-02  -3.199042381759831244e-02  1.790305449880857935e-02
1.439999999999999947e+00  1.249510875559404210e+00  1.063346870981060954e+00  -2.238668714646285460e-02  1.312768973269093919e+00  1.321946080212492269e+00
1.439999999999999947e+00  -5.305019711398827331e-01  -2.465290610521901626e-01  8.904712239505037374e-02  -3.171159575523818663e-02  1.773381590923150952e-02
1.449999999999999956e+00  1.247572493596281085e+00  1.062869478049907945e+00  -2.215701098732215588e-02  1.312750148742867218e+00  1.321780472809543250e+00
1.449999999999999956e+00  -5.281197209427538342e-01  -2.456058840994823633e-01  8.847995856088529398e-02  -3.143601959811614943e-02  1.756676323875128176e-02
1.459999999999999964e+00  1.245659224916383812e+00  1.062397830601869098e+00  -2.193064708720030356e-02  1.312731708248431328e+00  1.321617966606991601e+00
1.459999999999999964e+00  -5.257634873331944458e-01  -2.446905372131918666e-01  8.791857987776231786e-02  -3.116363648790498875e-02  1.740187792910818931e-02
1.469999999999999973e+00  1.243770600627025935e+00  1.061931829011114159e+00  -2.170756903550431771e-02  1.312713706168207040e+00  1.321458490034367106e+00
1.469999999999999973e+00  -5.234328559422494198e-01  -2.437828819739580599e-01  8.736291104736748636e-02  -3.089444718757450303e-02  1.723910991871446807e-02
1.479999999999999982e+00  1.241906151799724523e+00  1.061471367620764106e+00  -2.148768757532933116e-02  1.312696074901949839e+00  1.321301937188949394e+00
1.479999999999999982e+00  -5.211273078300759920e-01  -2.428827800207945808e-01  8.681285867310423177e-02  -3.062832180577823582e-02  1.707843807602915653e-02
1.489999999999999991e+00  1.240065397649089185e+00  1.061016370340979176e+00  -2.127095008245843619e-02  1.312678844044736781e+00  1.321148283849555627e+00
1.489999999999999991e+00  -5.188463607518061238e-01  -2.419901941793710376e-01  8.626834505728070424e-02  -3.036528485622147500e-02  1.691970847921209220e-02
1.500000000000000000e+00  1.238247925080521838e+00  1.060566741778945499e+00  -2.105730105981160408e-02  1.312661994614311656e+00  1.320997432382526870e+00
1.500000000000000000e+00  -5.165896350327541242e-01  -2.411049899208064784e-01  8.572929693315287092e-02  -3.010519846935710842e-02  1.676306483857692431e-02
1.510000000000000009e+00  1.236453291390054332e+00  1.060122393219765202e+00  -2.084668100607650273e-02  1.312645512061221931e+00  1.320849339446983794e+00
1.510000000000000009e+00  -5.143566636599818942e-01  -2.402270743207343406e-01  8.519561365779690365e-02  -2.984816064045470174e-02  1.660835120959647249e-02
1.520000000000000018e+00  1.234681098401069654e+00  1.059683236918495641e+00  -2.063902204284768713e-02  1.312629361168618392e+00  1.320703942857774260e+00
1.520000000000000018e+00  -5.121470449889593546e-01  -2.393563372110391885e-01  8.466723953973989691e-02  -2.959398090891640631e-02  1.645570544185703810e-02
1.530000000000000027e+00  1.232930916989831704e+00  1.059249180165564796e+00  -2.043428142165511566e-02  1.312613596435634911e+00  1.320561180742861662e+00
1.530000000000000027e+00  -5.099603924364096708e-01  -2.384926754109504832e-01  8.414409291133918833e-02  -2.934272176704189050e-02  1.630492326753385512e-02
1.540000000000000036e+00  1.231202350919891053e+00  1.058820152590212560e+00  -2.023239314582432266e-02  1.312598172132435348e+00  1.320420978831557512e+00
1.540000000000000036e+00  -5.077962519297827271e-01  -2.376360102975591804e-01  8.362608588933777287e-02  -2.909430779472599315e-02  1.615601132019806041e-02
1.550000000000000044e+00  1.229495020180388920e+00  1.058396074521546160e+00  -2.003331906544261048e-02  1.312583067167826467e+00  1.320283310588860282e+00
1.550000000000000044e+00  -5.056542830307240166e-01  -2.367862862174389127e-01  8.311316413725249042e-02  -2.884870574062137205e-02  1.600893945375114757e-02
1.560000000000000053e+00  1.227808527537291194e+00  1.057976849241418105e+00  -1.983698405092064465e-02  1.312568287218820240e+00  1.320148077653671148e+00
1.560000000000000053e+00  -5.035340748084282669e-01  -2.359433063992132928e-01  8.260523335700772907e-02  -2.860584589111270226e-02  1.586372758946297257e-02
1.570000000000000062e+00  1.226142536062262867e+00  1.057562409804331915e+00  -1.964334956103423735e-02  1.312553820536160432e+00  1.320015298150346794e+00
1.570000000000000062e+00  -5.014352995554018921e-01  -2.351070579105109248e-01  8.210223993097122419e-02  -2.836571625458605972e-02  1.572030578736505202e-02
1.580000000000000071e+00  1.224496639639217843e+00  1.057152684267671283e+00  -1.945239146604561820e-02  1.312539683202821106e+00  1.319884819335416903e+00
1.580000000000000071e+00  -4.993575392592821682e-01  -2.342774470190477076e-01  8.160411309843998429e-02  -2.812832636240025774e-02  1.557867920485989099e-02
1.590000000000000080e+00  1.222870526932676061e+00  1.056747593504037130e+00  -1.926403221840836816e-02  1.312525788163559248e+00  1.319756686440293869e+00
1.590000000000000080e+00  -4.973004895328821950e-01  -2.334543871648404600e-01  8.111078406968412480e-02  -2.789349826326581461e-02  1.543876370756613881e-02
1.600000000000000089e+00  1.221263819687260055e+00  1.056347063971042610e+00  -1.907824414405593846e-02  1.312512247597456216e+00  1.319630766080572171e+00
1.600000000000000089e+00  -4.952637777629743665e-01  -2.326377805788373831e-01  8.062218847760123375e-02  -2.766135802843017188e-02  1.530048995656607680e-02
1.610000000000000098e+00  1.219676191132552212e+00  1.055951016646503593e+00  -1.889496155269070055e-02  1.312498939909207518e+00  1.319507091616307637e+00
1.610000000000000098e+00  -4.932470546019477320e-01  -2.318275239915186248e-01  8.013825014601738683e-02  -2.743175265503683402e-02  1.516398482477321341e-02
1.620000000000000107e+00  1.218107325767381122e+00  1.055559390420180765e+00  -1.871415251213074879e-02  1.312485990142672865e+00  1.319385534041928709e+00
1.620000000000000107e+00  -4.912500443079225732e-01  -2.310235708226558993e-01  7.965891032608314604e-02  -2.720469710922035489e-02  1.502911069938017707e-02
1.630000000000000115e+00  1.216556890925782008e+00  1.055172120841769923e+00  -1.853576960423977682e-02  1.312473215723642950e+00  1.319266119705856832e+00
1.630000000000000115e+00  -4.892723512750516979e-01  -2.302258423496426343e-01  7.918411578568169962e-02  -2.698015750749560571e-02  1.489585372609047997e-02
1.640000000000000124e+00  1.215024552882111974e+00  1.054789130830350974e+00  -1.835977100113412100e-02  1.312460818012310959e+00  1.319148742036325039e+00
1.640000000000000124e+00  -4.873137145839098738e-01  -2.294342397295594249e-01  7.871379399294879675e-02  -2.675810157930746946e-02  1.476423871734455773e-02
1.650000000000000133e+00  1.213510064400893596e+00  1.054410355739887839e+00  -1.818610758487989448e-02  1.312448577913843728e+00  1.319033417215193627e+00
1.650000000000000133e+00  -4.853738597617163752e-01  -2.286486783810234291e-01  7.824788458803316749e-02  -2.653846014888705529e-02  1.463425513397942357e-02
1.660000000000000142e+00  1.212013062623126025e+00  1.054035735789207395e+00  -1.801474768742210297e-02  1.312436670674820061e+00  1.318920039991457127e+00
1.660000000000000142e+00  -4.834524069982334415e-01  -2.278691084669605127e-01  7.778633350747678199e-02  -2.632119651689346362e-02  1.450570664966566170e-02
1.669999999999999929e+00  1.210533283524356296e+00  1.053665205155591922e+00  -1.784564474690914990e-02  1.312424943249971054e+00  1.318808619653197400e+00
1.669999999999999929e+00  -4.815491021048407538e-01  -2.270954399005011837e-01  7.732908351501627253e-02  -2.610630187416096426e-02  1.437875823724810154e-02
1.679999999999999938e+00  1.209070435475761318e+00  1.053298699583798514e+00  -1.767875815274098233e-02  1.312413509100209819e+00  1.318699102895349196e+00
1.679999999999999938e+00  -4.796636426322694602e-01  -2.263276088471539160e-01  7.687606745715391821e-02  -2.589382926559735676e-02  1.425345913226805372e-02
1.689999999999999947e+00  1.207624224903389720e+00  1.052936164851972833e+00  -1.751404558242276172e-02  1.312402256189577177e+00  1.318591412509147132e+00
1.689999999999999947e+00  -4.777957701204950114e-01  -2.255655500159437221e-01  7.642723637422571548e-02  -2.568358148959526410e-02  1.412948278580605788e-02
1.699999999999999956e+00  1.206194407909828126e+00  1.052577533740320037e+00  -1.735148778773833167e-02  1.312391299308306669e+00  1.318485568850255252e+00
1.699999999999999956e+00  -4.759452013402216131e-01  -2.248091690328597458e-01  7.598254050098379730e-02  -2.547569948386807503e-02  1.400704237987349110e-02
1.709999999999999964e+00  1.204780721259973930e+00  1.052222745240961155e+00  -1.719103354432237676e-02  1.312380538264692031e+00  1.318381500363170922e+00
1.709999999999999964e+00  -4.741117001816510523e-01  -2.240583844004260805e-01  7.554191108697953794e-02  -2.526992424313334595e-02  1.388591652018911216e-02
1.719999999999999973e+00  1.203382843162592364e+00  1.051871753111940810e+00  -1.703265667436816566e-02  1.312369984727748351e+00  1.318279204235547564e+00
1.719999999999999973e+00  -4.722949280610308498e-01  -2.233131834933306248e-01  7.510530663409749341e-02  -2.506643304582367726e-02  1.376639744326824122e-02
1.729999999999999982e+00  1.202000585999170701e+00  1.051524493563962048e+00  -1.687632571116046143e-02  1.312359664414048499e+00  1.318178565066965291e+00
1.729999999999999982e+00  -4.704947172766946184e-01  -2.225734508781289367e-01  7.467267210747681461e-02  -2.486513167987702833e-02  1.364808387552640667e-02
1.739999999999999991e+00  1.200633649130611991e+00  1.051180917569346285e+00  -1.672198230822771053e-02  1.312349517884869865e+00  1.318079642500986859e+00
1.739999999999999991e+00  -4.687107289938978738e-01  -2.218391616257793242e-01  7.424395796133440029e-02  -2.466598433430144954e-02  1.353129399768449037e-02
1.750000000000000000e+00  1.199281827733248429e+00  1.050840956582991037e+00  -1.656963006984488174e-02  1.312339611805501294e+00  1.317982319807416980e+00
1.750000000000000000e+00  -4.669427966460046875e-01  -2.211101807170127720e-01  7.381911022892916063e-02  -2.446896906451057063e-02  1.341583024882753161e-02
1.760000000000000009e+00  1.197944834796562219e+00  1.050504573174944278e+00  -1.641919453306269969e-02  1.312329884583706807e+00  1.317886633146166941e+00
1.760000000000000009e+00  -4.651906241588226743e-01  -2.203865187478584453e-01  7.339807666567661759e-02  -2.427403492541135854e-02  1.330172874065516098e-02
1.770000000000000018e+00  1.196622469868513061e+00  1.050171706112743131e+00  -1.627067622563487317e-02  1.312320351077896241e+00  1.317792497259910656e+00
1.770000000000000018e+00  -4.634539948223711514e-01  -2.196680756921438049e-01  7.298081742388660975e-02  -2.408112746845603169e-02  1.318898693665737643e-02
1.780000000000000027e+00  1.195314502001778578e+00  1.049842307904564453e+00  -1.612402419552110694e-02  1.312311042815735407e+00  1.317699920580747142e+00
1.780000000000000027e+00  -4.617326961843394861e-01  -2.189547983739863479e-01  7.256727545080278452e-02  -2.389035129989713901e-02  1.307745337927457285e-02
1.790000000000000036e+00  1.194020694820073558e+00  1.049516331591694662e+00  -1.597920185078245334e-02  1.312301889030647484e+00  1.317608846315013071e+00
1.790000000000000036e+00  -4.600264751319051437e-01  -2.182466326774691878e-01  7.215740483183559484e-02  -2.370153920833795169e-02  1.296718513480754620e-02
1.800000000000000044e+00  1.192740837176115898e+00  1.049193721268540491e+00  -1.583619848051556409e-02  1.312292925669522159e+00  1.317519260891817812e+00
1.800000000000000044e+00  -4.583351218566863450e-01  -2.175435232063910873e-01  7.175117039670725338e-02  -2.351471699561158424e-02  1.285821890842564486e-02
1.810000000000000053e+00  1.191474712540266045e+00  1.048874429609138126e+00  -1.569497796237335346e-02  1.312284161817643291e+00  1.317431102373119778e+00
1.810000000000000053e+00  -4.566584452138627848e-01  -2.168453749965740807e-01  7.134851290409616187e-02  -2.332985556142574968e-02  1.275050338959760055e-02
1.820000000000000062e+00  1.190222079578701075e+00  1.048558412242404758e+00  -1.555549811495836321e-02  1.312275527182182877e+00  1.317344399877110384e+00
1.820000000000000062e+00  -4.549961670932982094e-01  -2.161521675062543779e-01  7.094939540775140052e-02  -2.314696353057943412e-02  1.264403432923533188e-02
1.830000000000000071e+00  1.188982762005261318e+00  1.048245626060944291e+00  -1.541775461421008957e-02  1.312267102925817941e+00  1.317259069372994862e+00
1.830000000000000071e+00  -4.533481361960853273e-01  -2.154638446617651859e-01  7.055376491268795791e-02  -2.296593670285218547e-02  1.253871128396022439e-02
1.840000000000000080e+00  1.187756569779967464e+00  1.047936015303911450e+00  -1.528170677878303019e-02  1.312258775665983368e+00  1.317175114590547036e+00
1.840000000000000080e+00  -4.517141431713208588e-01  -2.147803229465166941e-01  7.016158728696512970e-02  -2.278683153820060259e-02  1.243462047541732396e-02
1.850000000000000089e+00  1.186543262118573416e+00  1.047629543692031984e+00  -1.514732928187192268e-02  1.312250690611497461e+00  1.317092494261959956e+00
1.850000000000000089e+00  -4.500939616071232829e-01  -2.141015739297748299e-01  6.977282374707707846e-02  -2.260954689702721065e-02  1.233170578158671038e-02
1.860000000000000098e+00  1.185342672812024212e+00  1.047326162177982800e+00  -1.501458542611312091e-02  1.312242690984110283e+00  1.317011200293316531e+00
1.860000000000000098e+00  -4.484874342832633198e-01  -2.134275265561643986e-01  6.938742093763579366e-02  -2.243412863667326729e-02  1.222989266268204034e-02
1.870000000000000107e+00  1.184154609310642536e+00  1.047025828429276384e+00  -1.488347400947752711e-02  1.312234946644856404e+00  1.316931173245089903e+00
1.870000000000000107e+00  -4.468943258288139986e-01  -2.127581256963425593e-01  6.900534594632169727e-02  -2.226051159641528887e-02  1.212923878638816344e-02
1.880000000000000115e+00  1.182978885166862337e+00  1.046728503434141366e+00  -1.475394026468498238e-02  1.312227225221879179e+00  1.316852422545562895e+00
1.880000000000000115e+00  -4.453145007268177746e-01  -2.120933498108113491e-01  6.862655394848572732e-02  -2.208868569556809991e-02  1.202975237652570417e-02
1.890000000000000124e+00  1.181815290923807549e+00  1.046434143384347148e+00  -1.462597879935355338e-02  1.312219797771421836e+00  1.316774910633526474e+00
1.890000000000000124e+00  -4.437477176134668744e-01  -2.114331157844255293e-01  6.825101040044312395e-02  -2.191862971693248063e-02  1.193138689588124635e-02
1.900000000000000133e+00  1.180663696694616904e+00  1.046142703132250773e+00  -1.449954913077892114e-02  1.312212368783663985e+00  1.316698607009929578e+00
1.900000000000000133e+00  -4.421938509897366809e-01  -2.107773767023138622e-01  6.787866496614557155e-02  -2.175028450537830338e-02  1.183406474810155817e-02
1.910000000000000142e+00  1.179523880156135851e+00  1.045854153820387600e+00  -1.437463824188042576e-02  1.312205210815053480e+00  1.316623503550066410e+00
1.910000000000000142e+00  -4.406526903702988052e-01  -2.101261191806396422e-01  6.750949287793332754e-02  -2.158371953196147608e-02  1.173785275531025185e-02
1.919999999999999929e+00  1.178395681232450976e+00  1.045568440279238676e+00  -1.425121916359650860e-02  1.312198098610081409e+00  1.316549553136593831e+00
1.919999999999999929e+00  -4.391240481869708168e-01  -2.094792201844495327e-01  6.714344319343321099e-02  -2.141883541151812231e-02  1.164261448105985419e-02
1.929999999999999938e+00  1.177278939076365605e+00  1.045285537461874137e+00  -1.412926064020239743e-02  1.312191173142427392e+00  1.316476786393308895e+00
1.929999999999999938e+00  -4.376077978805710811e-01  -2.088367032477827789e-01  6.678048751248100157e-02  -2.125560393151293415e-02  1.154850442641652819e-02
1.939999999999999947e+00  1.176173485165160182e+00  1.045005398372548910e+00  -1.400874570020030352e-02  1.312184324835802052e+00  1.316405082264311854e+00
1.939999999999999947e+00  -4.361037451097313777e-01  -2.081984821403303487e-01  6.642058281178747636e-02  -2.109405143087494938e-02  1.145538877367735520e-02
1.949999999999999956e+00  1.175079147483361286e+00  1.044727988742562896e+00  -1.388966734060367511e-02  1.312177681537666452e+00  1.316334541391204205e+00
1.949999999999999956e+00  -4.346117373708668352e-01  -2.075645252770417781e-01  6.606370438967207326e-02  -2.093415176892510221e-02  1.136326589106706475e-02
1.959999999999999964e+00  1.173995786961364196e+00  1.044453275293755645e+00  -1.377198697302741727e-02  1.312171128771447481e+00  1.316265050291859584e+00
1.959999999999999964e+00  -4.331315961274826987e-01  -2.069347940984535839e-01  6.570981062567374242e-02  -2.077584338788551754e-02  1.127221411022993891e-02
1.969999999999999973e+00  1.172923224130691500e+00  1.044181215088662906e+00  -1.365567908041535189e-02  1.312164691993114918e+00  1.316196668998337316e+00
1.969999999999999973e+00  -4.316631800730675317e-01  -2.063092103891322193e-01  6.535885878466522747e-02  -2.061911745863376222e-02  1.118216244511760493e-02
1.979999999999999982e+00  1.171861320737797252e+00  1.043911781378658254e+00  -1.354075602453461147e-02  1.312158386903914398e+00  1.316129270079946068e+00
1.979999999999999982e+00  -4.302063330826420562e-01  -2.056877815555636091e-01  6.501082708793606835e-02  -2.046398063240995047e-02  1.109304868909777309e-02
1.989999999999999991e+00  1.170809914201418334e+00  1.043644927272342260e+00  -1.342714176360244177e-02  1.312152179863765866e+00  1.316062945771579562e+00
1.989999999999999991e+00  -4.287609157833897622e-01  -2.050704001615281102e-01  6.466567044112743468e-02  -2.031041101119812620e-02  1.100492542881492675e-02
2.000000000000000000e+00  1.169768872788699676e+00  1.043380628760694817e+00  -1.331487819648747434e-02  1.312146112050088131e+00  1.315997575787672957e+00
2.000000000000000000e+00  -4.273267615598817515e-01  -2.044570768724237875e-01  6.432336606282217095e-02  -2.015833556253110448e-02  1.091773192019429572e-02
