0.010000000000000  2.230057467931106  2.254702098455747  0.003920883250387  2.945730448479058  4.174862469262056
0.010000000000000  0.686353488884729  0.414094559991156  -0.201462555057335  0.043434628761259  -0.065236406895059
0.020000000000000  2.230598894422609  2.254795446291957  0.003756207012637  2.945748219400890  4.175322046839529
0.020000000000000  0.683298258056125  0.411515935336982  -0.199188407343415  0.042799972248082  -0.064003406940078
0.030000000000000  2.231125489193552  2.254884502756445  0.003599673141302  2.945765149942562  4.175760783117022
0.030000000000000  0.680274614816889  0.408974174140074  -0.196956864640393  0.042177709186633  -0.062803271191813
0.040000000000000  2.231637808789072  2.254969414705419  0.003450860133060  2.945781426223717  4.176179653657343
0.040000000000000  0.677281877241292  0.406468411392873  -0.194766775953615  0.041567614199466  -0.061634880402639
0.050000000000000  2.232136405173584  2.255050473921343  0.003309319678582  2.945797003000326  4.176579741907929
0.050000000000000  0.674319283911014  0.403997751972112  -0.192616982015963  0.040969471054739  -0.060497161796372
0.060000000000000  2.232621812862400  2.255127867466953  0.003174718643923  2.945811918199095  4.176962117709887
0.060000000000000  0.671386119296368  0.401561327623190  -0.190506363832630  0.040383007679359  -0.059388943399820
0.070000000000000  2.233094509671152  2.255201795336941  0.003046509773643  2.945826277736940  4.177327553354695
0.070000000000000  0.668481756257998  0.399158332046258  -0.188433824911531  0.039807984279989  -0.058309312052103
0.080000000000000  2.233554978598880  2.255272466331834  0.002924410009570  2.945840030472176  4.177677006194344
0.080000000000000  0.665605512430699  0.396788033343450  -0.186398384733581  0.039244169202060  -0.057257276643289
0.090000000000000  2.234003619528828  2.255340020218656  0.002808081685799  2.945853265149535  4.178011304944796
0.090000000000000  0.662756788850168  0.394449574061477  -0.184399023544242  0.038691307983184  -0.056231934923362
0.100000000000000  2.234440894848303  2.255404638982800  0.002697207447390  2.945865947612547  4.178331223377066
0.100000000000000  0.659935065577004  0.392142286756383  -0.182434795717650  0.038149180879852  -0.055232388708690
0.110000000000000  2.234867165095489  2.255466477737699  0.002591489895853  2.945878123817095  4.178637492851280
0.110000000000000  0.657139769078220  0.389865444002625  -0.180504779665251  0.037617501829207  -0.054257786369103
0.120000000000000  2.235282825350974  2.255525702535639  0.002490578480098  2.945889871485010  4.178930838765556
0.120000000000000  0.654370287362230  0.387618363746778  -0.178608102757397  0.037096087038853  -0.053307281998906
0.130000000000000  2.235688229761419  2.255582409700689  0.002394386806068  2.945901113527963  4.179211818109086
0.130000000000000  0.651626274253895  0.385400407356691  -0.176743893911966  0.036584666241242  -0.052380154185393
0.140000000000000  2.236083706055422  2.255636725272688  0.002302595453650  2.945911965144264  4.179480982278856
0.140000000000000  0.648907116351340  0.383210916002702  -0.174911330455315  0.036083009468786  -0.051475662141252
0.150000000000000  2.236469608060702  2.255688792631559  0.002214890369771  2.945922404309637  4.179739112021789
0.150000000000000  0.646212435178503  0.381049266989913  -0.173109690431106  0.035590947170015  -0.050593063507847
0.160000000000000  2.236846186767861  2.255738709794942  0.002131109708283  2.945932424007853  4.179986644752656
0.160000000000000  0.643541742216916  0.378914899501851  -0.171338121045173  0.035108200409447  -0.049731617386098
0.170000000000000  2.237213821635613  2.255786588461291  0.002051051180086  2.945942092142368  4.180224092628295
0.170000000000000  0.640894662301639  0.376807206888389  -0.169595944690498  0.034634554190199  -0.048890747171974
0.180000000000000  2.237572745993553  2.255832508422821  0.001974473230259  2.945951325173083  4.180451875265624
0.180000000000000  0.638270638996858  0.374725617426246  -0.167882384821059  0.034169810059844  -0.048069764116788
0.190000000000000  2.237923227949213  2.255876592621429  0.001901296358098  2.945960300136770  4.180670570424112
0.190000000000000  0.635669429214428  0.372669612056921  -0.166196802002513  0.033713765155494  -0.047268097134110
0.200000000000000  2.238265561489361  2.255918949373787  0.001831300894183  2.945968914733471  4.180880544989825
0.200000000000000  0.633090536690122  0.370638636298080  -0.164538498762510  0.033266202065759  -0.046485070489239
0.210000000000000  2.238599968295312  2.255959621560795  0.001764337340779  2.945977263489604  4.181082270461534
0.210000000000000  0.630533678087641  0.368632210107348  -0.162906875015210  0.032826933946531  -0.045720263783048
0.220000000000000  2.238926663606955  2.255998714024653  0.001700245432625  2.945985323390598  4.181276063054079
0.220000000000000  0.627998489129102  0.366649822690075  -0.161301241680007  0.032395739774612  -0.044972951900684
0.230000000000000  2.239245931717369  2.256036248232940  0.001638871426669  2.945993023168886  4.181462239103288
0.230000000000000  0.625484497118542  0.364691016841971  -0.159721030540431  0.031972479952046  -0.044242727697151
0.240000000000000  2.239557966970767  2.256072334706329  0.001580059372643  2.946000483332516  4.181641164110107
0.240000000000000  0.622991494041495  0.362755277607543  -0.158165640195629  0.031556920935905  -0.043529059021947
0.250000000000000  2.239862974724041  2.256107067982407  0.001523747188493  2.946007696744545  4.181813238849692
0.250000000000000  0.620519132197547  0.360842208857675  -0.156634524753558  0.031148896782276  -0.042831468151808
0.260000000000000  2.240161170608908  2.256140473163184  0.001469746619297  2.946014609681868  4.181978710123953
0.260000000000000  0.618067045550625  0.358951308893792  -0.155127129837932  0.030748223075500  -0.042149461579462
0.270000000000000  2.240452725731208  2.256172605207926  0.001418019563153  2.946021307637455  4.182137921795005
0.270000000000000  0.615635002748348  0.357082204565511  -0.153642930530693  0.030354755805814  -0.041482625446832
0.280000000000000  2.240737880363396  2.256203540092498  0.001368420377218  2.946027767992875  4.182291127164732
0.280000000000000  0.613222613235741  0.355234480485952  -0.152181392726462  0.029968297324242  -0.040830467797385
0.290000000000000  2.241016769820790  2.256233319527626  0.001320848052937  2.946034025345324  4.182438597235994
0.290000000000000  0.610829607099171  0.353407673148236  -0.150741992517924  0.029588699172296  -0.040192617994240
0.300000000000000  2.241289573147522  2.256262021775617  0.001275209726178  2.946040033829683  4.182580571074828
0.300000000000000  0.608455806084454  0.351601489300256  -0.149324317274685  0.029215820480045  -0.039568601292180
0.310000000000000  2.241556471718511  2.256289646504345  0.001231491216997  2.946045869860982  4.182717382357093
0.310000000000000  0.606100771571582  0.349815435005828  -0.147927812428461  0.028849470336817  -0.038958115695563
0.320000000000000  2.241817622172897  2.256316278025769  0.001189451241357  2.946051460737173  4.182849081377530
0.320000000000000  0.603764374770089  0.348049213715307  -0.146552085766461  0.028489514021742  -0.038360708442621
0.330000000000000  2.242073191019363  2.256341932896425  0.001149086339210  2.946056926570954  4.182975974891064
0.330000000000000  0.601446284237250  0.346302438883390  -0.145196672962066  0.028135790315429  -0.037776108796702
0.340000000000000  2.242323324655086  2.256366672867040  0.001110319831079  2.946062180468584  4.183098260669529
0.340000000000000  0.599146254666050  0.344574778622065  -0.143861143150296  0.027788221146580  -0.037203863797730
0.350000000000000  2.242568181716178  2.256390560617700  0.001073078760915  2.946067265042790  4.183216139585550
0.350000000000000  0.596864079765302  0.342865885524422  -0.142545060293224  0.027446565756840  -0.036643635240426
0.360000000000000  2.242807850081532  2.256413588099321  0.001037295662006  2.946072185978874  4.183329793248384
0.360000000000000  0.594599488815285  0.341175381867111  -0.141248029754897  0.027110783526849  -0.036095161948726
0.370000000000000  2.243042513315400  2.256435794783465  0.001002829739172  2.946076976499679  4.183439444835388
0.370000000000000  0.592352218462357  0.339502981431209  -0.139969685972620  0.026780698454383  -0.035558129632212
0.380000000000000  2.243272293189027  2.256457229379816  0.000969795342446  2.946081562710261  4.183545170648523
0.380000000000000  0.590122041315722  0.337848374827877  -0.138709587075118  0.026456152102505  -0.035032121399448
0.390000000000000  2.243497359115918  2.256477925212404  0.000938002079460  2.946085997635916  4.183647176265511
0.390000000000000  0.587908793771175  0.336211222681704  -0.137467393132719  0.026137088852996  -0.034516959970329
0.400000000000000  2.243717738439285  2.256497919120398  0.000907423619349  2.946090319933565  4.183745612650929
0.400000000000000  0.585712242896673  0.334591269610878  -0.136242757758131  0.025823357185631  -0.034012288755409
0.410000000000000  2.243933638813924  2.256517223962746  0.000878006108649  2.946094495227429  4.183840627439713
0.410000000000000  0.583532161244459  0.332988186435897  -0.135035303113340  0.025514841942288  -0.033517855682934
0.420000000000000  2.244145119650955  2.256535867521217  0.000849698436611  2.946098554201892  4.183932360057838
0.420000000000000  0.581368276838727  0.331401686458955  -0.133844694175681  0.025211410838021  -0.033033402548059
0.430000000000000  2.244352311988082  2.256553858110571  0.000822398295357  2.946102420011276  4.184020869878551
0.430000000000000  0.579220508902177  0.329831501920827  -0.132670604730796  0.024912974919076  -0.032558620896997
0.440000000000000  2.244555342141700  2.256571292192675  0.000796168940219  2.946106215232590  4.184106423987196
0.440000000000000  0.577088529145123  0.328277362045459  -0.131512676679603  0.024619434809936  -0.032093331531613
0.450000000000000  2.244754284555988  2.256588126350286  0.000770989064363  2.946109983348230  4.184189033582999
0.450000000000000  0.574972245738960  0.326738987466916  -0.130370618065611  0.024330652527159  -0.031637221809451
0.460000000000000  2.244949276171170  2.256604380180670  0.000746675414091  2.946113585740901  4.184268939434613
0.460000000000000  0.572871414577793  0.325216139369452  -0.129244144733362  0.024046514406928  -0.031190103882421
0.470000000000000  2.245140363796244  2.256620115336120  0.000723244192816  2.946117031714811  4.184346113795370
0.470000000000000  0.570785854187622  0.323708542447145  -0.128132891957600  0.023767001387705  -0.030751712180045
0.480000000000000  2.245327685837028  2.256635344745429  0.000700667603362  2.946120409318572  4.184420712010307
0.480000000000000  0.568715421402307  0.322215976886841  -0.127036630717590  0.023491913007559  -0.030321856353269
0.490000000000000  2.245511339204333  2.256650066423974  0.000678878207388  2.946123643832661  4.184492791982286
0.490000000000000  0.566659830793959  0.320738157695872  -0.125955026120048  0.023221237831218  -0.029900281013876
0.500000000000000  2.245691383929812  2.256664311600816  0.000657905014247  2.946126784400166  4.184562532086084
0.500000000000000  0.564619047789577  0.319274910441938  -0.124887853374852  0.022954853603511  -0.029486829888644
0.510000000000000  2.245867914422040  2.256678115368275  0.000637650332475  2.946129862910695  4.184629953782911
0.510000000000000  0.562592816956033  0.317825941087367  -0.123834796221363  0.022692648027129  -0.029081271164892
0.520000000000000  2.246041032992313  2.256691461496028  0.000618151696879  2.946132819791135  4.184695201652236
0.520000000000000  0.560580963858678  0.316391066938024  -0.122795611053172  0.022434562000447  -0.028683424556935
0.530000000000000  2.246210784052279  2.256704391063507  0.000599345624141  2.946135715024823  4.184758330619124
0.530000000000000  0.558583373563800  0.314970062363494  -0.121770049574124  0.022180513761418  -0.028293115559348
0.540000000000000  2.246377282807627  2.256716911529013  0.000581203406024  2.946138487223898  4.184819418667251
0.540000000000000  0.556599844013760  0.313562678973959  -0.120757831713205  0.021930397069655  -0.027910113430080
0.550000000000000  2.246540601522516  2.256729042755914  0.000563698998556  2.946141217224156  4.184878544754070
0.550000000000000  0.554630226636660  0.312168743593535  -0.119758732765595  0.021684160172390  -0.027534268779956
0.560000000000000  2.246700812712024  2.256740788064476  0.000546885381789  2.946143834535415  4.184935865064556
0.560000000000000  0.552674325061208  0.310788030921317  -0.118772515568900  0.021441694734937  -0.027165404782800
0.570000000000000  2.246857974030110  2.256752173682926  0.000530580165491  2.946146412587474  4.184991282429880
0.570000000000000  0.550732034917587  0.309420356932868  -0.117798943410185  0.021202929049729  -0.026803375958191
0.580000000000000  2.247012159356436  2.256763205282018  0.000514764453406  2.946148884662720  4.185044993882167
0.580000000000000  0.548803233426066  0.308065491551035  -0.116837774683390  0.020967805823367  -0.026447992475584
0.590000000000000  2.247163472428918  2.256773900991839  0.000499564154515  2.946151313814401  4.185096969489023
0.590000000000000  0.546887680919188  0.306723276024397  -0.115888798553038  0.020736259380771  -0.026099067424515
0.600000000000000  2.247311928774985  2.256784252376126  0.000484884354137  2.946153647881031  4.185147318458785
0.600000000000000  0.544985293532075  0.305393526442111  -0.114951826704644  0.020508184942384  -0.025756523525443
0.610000000000000  2.247457625234144  2.256794306685136  0.000470704432508  2.946155936731277  4.185196100035244
0.610000000000000  0.543095979270856  0.304076032489207  -0.114026599558979  0.020283540143806  -0.025420142127083
0.620000000000000  2.247600592830097  2.256804063321432  0.000457005286121  2.946158145042512  4.185243370944798
0.620000000000000  0.541219464052883  0.302770590638538  -0.113112931084594  0.020062255868277  -0.025089842070009
0.630000000000000  2.247740949000529  2.256813508405064  0.000443796454885  2.946160279160629  4.185289184876900
0.630000000000000  0.539355673383866  0.301477074701655  -0.112210618664989  0.019844259170155  -0.024765431117006
0.640000000000000  2.247878727675485  2.256822686302122  0.000431003257541  2.946162371211166  4.185333594254851
0.640000000000000  0.537504487341177  0.300195282462249  -0.111319463075068  0.019629458648208  -0.024446794372233
0.650000000000000  2.248013975441597  2.256831594634852  0.000418637213836  2.946164404667848  4.185376647916277
0.650000000000000  0.535665786731043  0.298925078925971  -0.110439279922713  0.019417852122123  -0.024133786510366
0.660000000000000  2.248146758900613  2.256840228561530  0.000406682108117  2.946166365807659  4.185418393375615
0.660000000000000  0.533839374461780  0.297666257961899  -0.109569879177711  0.019209353128499  -0.023826301877723
0.670000000000000  2.248277093770071  2.256848599245953  0.000395122159734  2.946168292013851  4.185458879695651
0.670000000000000  0.532025243844729  0.296418663899251  -0.108711068728038  0.019003881504375  -0.023524189238271
0.680000000000000  2.248405091494694  2.256856752109388  0.000383887283591  2.946170122533785  4.185498079499617
0.680000000000000  0.530223118525148  0.295182143637569  -0.107862669625880  0.018801397256710  -0.023227368983853
0.690000000000000  2.248530789530956  2.256864640987351  0.000373073826986  2.946171958292709  4.185536173341912
0.690000000000000  0.528432956419485  0.293956558122136  -0.107024520215161  0.018601841048941  -0.022935654738648
0.700000000000000  2.248654196349861  2.256872327443245  0.000362688717052  2.946173786349421  4.185573094944817
0.700000000000000  0.526654591855400  0.292741704170080  -0.106196413134280  0.018405147200255  -0.022649019406684
0.710000000000000  2.248775452164240  2.256879771612254  0.000352577763504  2.946175558251567  4.185609007504238
0.710000000000000  0.524887997365736  0.291537503668202  -0.105378234550672  0.018211265861365  -0.022367255813919
0.720000000000000  2.248894501752864  2.256887005635486  0.000342782963530  2.946177227955798  4.185643815853743
0.720000000000000  0.523132921724362  0.290343738939019  -0.104569778813100  0.018020198059056  -0.022090345635727
0.730000000000000  2.249011433204391  2.256894036252213  0.000333302866499  2.946178841475234  4.185677601099493
0.730000000000000  0.521389344022674  0.289160309773707  -0.103770889763760  0.017831814702401  -0.021818098323591
0.740000000000000  2.249126306037294  2.256900876672588  0.000324125852969  2.946180440555343  4.185710401608381
0.740000000000000  0.519657113282220  0.287987051830537  -0.102981422042345  0.017646090608697  -0.021550490635060
0.750000000000000  2.249239150312302  2.256907500645770  0.000315241143545  2.946181981886542  4.185742247840605
0.750000000000000  0.517936124244046  0.286823856077833  -0.102201219159476  0.017462989363568  -0.021287366351457
0.760000000000000  2.249350056471040  2.256913960583798  0.000306638226931  2.946183492432787  4.185773173153233
0.760000000000000  0.516226247713646  0.285670535447856  -0.101430128601410  0.017282453953689  -0.021028665981598
0.770000000000000  2.249458989863733  2.256920245856169  0.000298306445294  2.946184961861391  4.185803207779527
0.770000000000000  0.514527431379170  0.284527033944473  -0.100667992123192  0.017104445622867  -0.020774249486951
0.780000000000000  2.249566026295013  2.256926350437111  0.000290236712911  2.946186393676442  4.185832381350860
0.780000000000000  0.512839460928481  0.283393128054318  -0.099914684907800  0.016928916090968  -0.020524056113408
0.790000000000000  2.249671213457560  2.256932270724971  0.000282418969138  2.946187770467163  4.185860723564471
0.790000000000000  0.511162291239732  0.282268744536925  -0.099170045643161  0.016755803334631  -0.020278004480960
0.800000000000000  2.249774581573602  2.256938045838089  0.000274707527521  2.946189104549912  4.185888360282636
0.800000000000000  0.509495847365148  0.281153756474549  -0.098433942320877  0.016585098838307  -0.020035976665964
0.810000000000000  2.249876168783890  2.256943629463147  0.000267464753131  2.946190422342150  4.185915106636267
0.810000000000000  0.507839975981279  0.280048018775238  -0.097706258273098  0.016416730695694  -0.019797913620054
0.820000000000000  2.249975988892535  2.256949078737221  0.000260351315457  2.946191707890730  4.185941111393534
0.820000000000000  0.506194613788304  0.278951453394041  -0.096986851404602  0.016250672125974  -0.019563717386194
0.830000000000000  2.250074122049285  2.256954388681287  0.000253433771709  2.946192926665756  4.185966361611984
0.830000000000000  0.504559600694192  0.277863885389439  -0.096275561877155  0.016086860708844  -0.019333310823880
0.840000000000000  2.250170615127088  2.256959575906428  0.000246749907901  2.946194160569239  4.185990933400586
0.840000000000000  0.502934895361546  0.276785220466341  -0.095572305190341  0.015925287857751  -0.019106623608243
0.850000000000000  2.250265436410355  2.256964570528970  0.000240269407012  2.946195347149190  4.186014824092712
0.850000000000000  0.501320356119546  0.275715351849099  -0.094876934177726  0.015765888734657  -0.018883590588818
0.860000000000000  2.250358660757862  2.256969481463797  0.000233985565786  2.946196511144317  4.186038053113103
0.860000000000000  0.499715935192307  0.274654163921323  -0.094189333640105  0.015608653269864  -0.018664088385003
0.870000000000000  2.250450285271457  2.256974244273318  0.000227891350564  2.946197647385523  4.186060643349359
0.870000000000000  0.498121517293728  0.273601535669582  -0.093509395748784  0.015453503395694  -0.018448105709887
0.880000000000000  2.250540426818337  2.256978866811803  0.000222011327819  2.946198731594579  4.186082615724540
0.880000000000000  0.496536963475166  0.272557370455606  -0.092836966665523  0.015300446725202  -0.018235519324702
0.890000000000000  2.250629037469708  2.256983373496825  0.000216277360370  2.946199787147539  4.186103987521450
0.890000000000000  0.494962224414215  0.271521540291127  -0.092171972401845  0.015149410385511  -0.018026308509939
0.900000000000000  2.250716141285697  2.256987765533086  0.000210713827340  2.946200854847132  4.186124778988566
0.900000000000000  0.493397228434832  0.270493981993986  -0.091514269252780  0.015000379187666  -0.017820333529071
0.910000000000000  2.250801865674378  2.256992042528947  0.000205315693506  2.946201857531373  4.186145008603869
0.910000000000000  0.491841845969685  0.269474548281933  -0.090863774247401  0.014853335381266  -0.017617587855511
0.920000000000000  2.250886128241844  2.256996199037339  0.000200077149102  2.946202840990578  4.186164693635702
0.920000000000000  0.490295979473298  0.268463155715933  -0.090220351682425  0.014708213691820  -0.017418012302127
0.930000000000000  2.250968987488541  2.257000278812097  0.000194937356588  2.946203770910182  4.186183782345441
0.930000000000000  0.488759579250024  0.267459710523069  -0.089583911415398  0.014564983572100  -0.017221515152962
0.940000000000000  2.251050529098222  2.257004224406150  0.000190002129461  2.946204724386818  4.186202427268659
0.940000000000000  0.487232524786446  0.266464102689416  -0.088954351320659  0.014423634854171  -0.017028028267563
0.950000000000000  2.251130688731300  2.257008068218703  0.000185287441166  2.946205727804585  4.186220540305736
0.950000000000000  0.485714746858102  0.265476236322838  -0.088331552238925  0.014284129517618  -0.016837548217953
0.960000000000000  2.251209564643510  2.257011831206007  0.000180646021768  2.946206674778291  4.186238257442667
0.960000000000000  0.484206166985505  0.264496039127993  -0.087715439171846  0.014146444032924  -0.016649938996462
0.970000000000000  2.251287137477717  2.257015489082226  0.000176128575894  2.946207542015100  4.186255461631004
0.970000000000000  0.482706678808991  0.263523387763733  -0.087105891342758  0.014010513931711  -0.016465204201036
0.980000000000000  2.251363475616365  2.257019045184387  0.000171741343920  2.946208394730092  4.186272213312650
0.980000000000000  0.481216203219620  0.262558226153366  -0.086502825855204  0.013876335334448  -0.016283219593679
0.990000000000000  2.251438586459932  2.257022503757772  0.000167480257561  2.946209228355190  4.186288527273367
0.990000000000000  0.479734702650708  0.261600402098987  -0.085906150166705  0.013743891767852  -0.016104037755675
1.000000000000000  2.251512447976789  2.257025886640382  0.000163340934584  2.946210054078421  4.186304417067892
1.000000000000000  0.478262062830416  0.260649893463566  -0.085315769303037  0.013613128025279  -0.015927506701721
1.010000000000000  2.251585161673746  2.257029210487266  0.000159319462263  2.946210866359976  4.186319894226282
1.010000000000000  0.476798217915702  0.259706597461766  -0.084731573863781  0.013484045135349  -0.015753632397925
1.020000000000000  2.251656692189035  2.257032421819248  0.000155412134315  2.946211628586490  4.186334971910725
1.020000000000000  0.475343045260247  0.258770407553977  -0.084153507465498  0.013356597962465  -0.015582337527082
1.030000000000000  2.251727090451682  2.257035564197413  0.000151615451735  2.946212403889170  4.186349662497380
1.030000000000000  0.473896503168359  0.257841247098740  -0.083581459916390  0.013230737948522  -0.015413591229227
1.040000000000000  2.251796367711713  2.257038603021339  0.000147925505769  2.946213133272649  4.186363976307970
1.040000000000000  0.472458513069172  0.256919048667569  -0.083015347064419  0.013106468869483  -0.015247359894292
1.050000000000000  2.251864559532321  2.257041610739913  0.000144202178304  2.946213818594149  4.186378024017361
1.050000000000000  0.471029009824732  0.256003719635558  -0.082455086235369  0.012983774336651  -0.015083516343570
1.060000000000000  2.251931648511299  2.257044525825741  0.000140812672246  2.946214563062638  4.186391606647244
1.060000000000000  0.469607877265850  0.255095165230913  -0.081900599074756  0.012862609364252  -0.014922092971275
1.070000000000000  2.251997714143521  2.257047355336911  0.000137423595684  2.946215251712699  4.186404856834842
1.070000000000000  0.468195107346987  0.254193339051346  -0.081351801551849  0.012742957771512  -0.014763017011545
1.080000000000000  2.252062728051219  2.257050112055429  0.000134105260318  2.946215880712271  4.186417745480346
1.080000000000000  0.466790586439503  0.253298136962597  -0.080808622287960  0.012624797874508  -0.014606252686997
1.090000000000000  2.252126718889888  2.257052827819739  0.000130900815939  2.946216567275334  4.186430337933599
1.090000000000000  0.465394226234102  0.252409505738110  -0.080270959125741  0.012508090139770  -0.014451739730494
1.100000000000000  2.252189724417744  2.257055484415607  0.000127784832506  2.946217198597628  4.186442615142851
1.100000000000000  0.464005966762075  0.251527329248975  -0.079738769800665  0.012392823341028  -0.014299484210618
1.110000000000000  2.252251745832619  2.257058058809952  0.000124754011729  2.946217809837580  4.186454586056498
1.110000000000000  0.462625795705632  0.250651590970499  -0.079211946938052  0.012278980877902  -0.014149392788678
1.120000000000000  2.252312818203611  2.257060553527634  0.000121805837333  2.946218439329789  4.186466260443325
1.120000000000000  0.461253563943569  0.249782176837272  -0.078690438240776  0.012166534849547  -0.014001449765125
1.130000000000000  2.252372931345613  2.257063012655140  0.000118969256408  2.946219006812457  4.186477646119700
1.130000000000000  0.459889276458405  0.248919026046469  -0.078174156555216  0.012055458217662  -0.013855605677014
1.140000000000000  2.252432135267015  2.257065415650855  0.000116179016191  2.946219604534213  4.186488752044183
1.140000000000000  0.458532758267879  0.248062066994367  -0.077663030198551  0.011945721866448  -0.013711850111027
1.150000000000000  2.252490418412213  2.257067738276993  0.000113464204000  2.946220196099713  4.186499585206099
1.150000000000000  0.457184048833830  0.247211240625223  -0.077156999768816  0.011837327286128  -0.013570085842548
1.160000000000000  2.252547807082266  2.257070014878219  0.000110822308299  2.946220734503945  4.186510153565353
1.160000000000000  0.455843028111870  0.246366467522523  -0.076655994838424  0.011730242982367  -0.013430324217441
1.170000000000000  2.252604315806655  2.257072244342860  0.000108251267685  2.946221292906618  4.186520464731930
1.170000000000000  0.454509662222080  0.245527685297584  -0.076159941742803  0.011624467080946  -0.013292537873145
1.180000000000000  2.252659977321997  2.257074443364762  0.000105693605886  2.946221774553267  4.186530457602079
1.180000000000000  0.453183852436944  0.244694832627375  -0.075668779738774  0.011519949599880  -0.013156671816145
1.190000000000000  2.252714795115184  2.257076553305441  0.000103257873625  2.946222310763976  4.186540275463665
1.190000000000000  0.451865566371953  0.243867830627889  -0.075182423115478  0.011416680724382  -0.013022680056794
1.200000000000000  2.252768810313743  2.257078636383480  0.000100962605559  2.946222897132160  4.186549818086485
1.200000000000000  0.450554702022040  0.243046614270764  -0.074700828754514  0.011314644080889  -0.012890542705841
1.210000000000000  2.252821967686309  2.257080662422762  0.000098664579821  2.946223430868748  4.186559218612574
1.210000000000000  0.449251219076824  0.242231139196223  -0.074223937347523  0.011213820373188  -0.012760244750780
1.220000000000000  2.252874343475662  2.257082647385575  0.000096416550181  2.946223933933574  4.186568347266059
1.220000000000000  0.447955104812264  0.241421341406121  -0.073751674087112  0.011114201739721  -0.012631712648816
1.230000000000000  2.252925962534917  2.257084576401442  0.000094227564936  2.946224388035408  4.186577259369248
1.230000000000000  0.446666219206659  0.240617150102382  -0.073283975948553  0.011015754700226  -0.012504990844608
1.240000000000000  2.252976769670592  2.257086489819773  0.000092095702558  2.946224879795923  4.186585959335812
1.240000000000000  0.445384531558480  0.239818495858349  -0.072820783492977  0.010918473006941  -0.012379906047883
1.250000000000000  2.253026853013882  2.257088302871952  0.000090019481376  2.946225336050588  4.186594454190486
1.250000000000000  0.444109966850926  0.239025328392750  -0.072362048139301  0.010822334791346  -0.012256557672940
1.260000000000000  2.253076170846983  2.257090122757580  0.000087996816667  2.946225773850814  4.186602749531454
1.260000000000000  0.442842525032276  0.238237600520480  -0.071907706923535  0.010727321569686  -0.012134906912625
1.270000000000000  2.253124778801407  2.257091883273947  0.000086026683525  2.946226224831602  4.186610850071030
1.270000000000000  0.441582090327891  0.237455235973583  -0.071457691605640  0.010633417536683  -0.012014875274270
1.280000000000000  2.253172652289384  2.257093607536377  0.000084107194167  2.946226624013099  4.186618761051465
1.280000000000000  0.440328638155191  0.236678208655115  -0.071011971570066  0.010540618055538  -0.011896465433201
1.290000000000000  2.253219851405540  2.257095312841680  0.000082237017383  2.946227076088667  4.186626488219950
1.290000000000000  0.439082089423879  0.235906420413129  -0.070570464528004  0.010448881557461  -0.011779624048431
1.300000000000000  2.253266311251822  2.257096953449941  0.000080277845486  2.946227459716519  4.186634135291713
1.300000000000000  0.437842349734622  0.235139833118698  -0.070133117530769  0.010358210478582  -0.011664354969886
1.310000000000000  2.253312123159803  2.257098573223761  0.000078534604502  2.946227800414404  4.186641403665490
1.310000000000000  0.436609446862653  0.234378398998538  -0.069699895978351  0.010268598754304  -0.011550586973744
1.320000000000000  2.253357279854744  2.257100131305515  0.000076867796925  2.946228262866927  4.186648700562525
1.320000000000000  0.435383292266235  0.233622072819566  -0.069270742541008  0.010180004835008  -0.011438344209317
1.330000000000000  2.253401768192520  2.257101688531653  0.000075107203843  2.946228576676601  4.186655643181275
1.330000000000000  0.434163833522825  0.232870782927647  -0.068845598289584  0.010092418322382  -0.011327577157523
1.340000000000000  2.253445600153574  2.257103177852760  0.000073513213167  2.946228997760494  4.186662589055626
1.340000000000000  0.432950986640164  0.232124479598319  -0.068424408160285  0.010005847170541  -0.011218248196204
1.350000000000000  2.253488817116536  2.257104661280984  0.000071859623371  2.946229335514236  4.186669241414259
1.350000000000000  0.431744735792343  0.231383116001279  -0.068007146279696  0.009920250161175  -0.011110392207682
1.360000000000000  2.253531420624096  2.257106100077358  0.000070347157138  2.946229747045002  4.186675878325042
1.360000000000000  0.430545014092777  0.230646647952079  -0.067593728443830  0.009835637543518  -0.011003922052699
1.370000000000000  2.253573389255556  2.257107493301037  0.000068772669112  2.946230041060665  4.186682229226075
1.370000000000000  0.429351733492144  0.229915001478958  -0.067184128564128  0.009751974826327  -0.010898825274304
1.380000000000000  2.253614762266748  2.257108891392362  0.000067368427209  2.946230394013882  4.186688572916625
1.380000000000000  0.428164905768147  0.229188153047618  -0.066778291683984  0.009669266834957  -0.010795094247327
1.390000000000000  2.253655552113688  2.257110235473578  0.000065864075206  2.946230678924056  4.186694637755452
1.390000000000000  0.426984461678009  0.228466062565531  -0.066376179653447  0.009587484022490  -0.010692691767460
1.400000000000000  2.253695742207444  2.257111566591547  0.000064505868279  2.946231071103004  4.186700703473725
1.400000000000000  0.425810332605016  0.227748651294091  -0.065977738387567  0.009506627432407  -0.010591629277552
1.410000000000000  2.253735373600434  2.257112844113170  0.000063072152153  2.946231359958341  4.186706497277839
1.410000000000000  0.424642467614911  0.227035884267548  -0.065582923589128  0.009426665117781  -0.010491855443568
1.420000000000000  2.253774430630662  2.257114121296647  0.000061782583468  2.946231710443044  4.186712298298630
1.420000000000000  0.423480826023609  0.226327721482191  -0.065191689582781  0.009347606015397  -0.010393331242561
1.430000000000000  2.253812980378423  2.257115354380242  0.000060415603732  2.946231985754256  4.186717835233018
1.430000000000000  0.422325399008964  0.225624121531649  -0.064803991435670  0.009269432152069  -0.010296078907031
1.440000000000000  2.253850949504318  2.257116555964050  0.000059171742570  2.946232401752834  4.186723275219135
1.440000000000000  0.421176065398669  0.224925002870232  -0.064419799859573  0.009192114139412  -0.010200064194578
1.450000000000000  2.253888404170385  2.257117749012188  0.000057963213309  2.946232680568865  4.186728638566710
1.450000000000000  0.420032800416328  0.224230373497752  -0.064039053875379  0.009115657111535  -0.010105258674076
1.460000000000000  2.253925328433710  2.257118894673752  0.000056746844389  2.946233040041280  4.186733899054767
1.460000000000000  0.418895564230601  0.223540152306945  -0.063661708466925  0.009040037220302  -0.010011652889491
1.470000000000000  2.253961739248906  2.257120038158989  0.000055555862095  2.946233234947051  4.186739010709850
1.470000000000000  0.417764340061890  0.222854315067135  -0.063287741168948  0.008965264532768  -0.009919197852797
1.480000000000000  2.253997636104847  2.257121148450614  0.000054397455978  2.946233600158044  4.186744044963994
1.480000000000000  0.416639023028170  0.222172795266778  -0.062917106392714  0.008891304869197  -0.009827922017218
1.490000000000000  2.254033027031074  2.257122238849567  0.000053262818853  2.946233806749556  4.186748936237002
1.490000000000000  0.415519643727772  0.221495592042490  -0.062549750777170  0.008818147648967  -0.009737771994911
1.500000000000000  2.254067968175625  2.257123297278161  0.000052159390832  2.946234140331815  4.186753755259578
1.500000000000000  0.414406075474279  0.220822616109406  -0.062185643795588  0.008745802490490  -0.009648746024304
1.510000000000000  2.254102387378232  2.257124359450297  0.000051078240080  2.946234324691393  4.186758436327263
1.510000000000000  0.413298314973980  0.220153865358978  -0.061824750505998  0.008674222515290  -0.009560802015043
1.520000000000000  2.254136342953384  2.257125368203764  0.000050026860843  2.946234676976831  4.186763050787340
1.520000000000000  0.412196326389921  0.219489269450783  -0.061467025601000  0.008603443150420  -0.009473955236971
1.530000000000000  2.254169835526954  2.257126368993616  0.000048996284876  2.946234848973157  4.186767532659426
1.530000000000000  0.411100041591026  0.218828819381635  -0.061112441520484  0.008533427215335  -0.009388184132348
1.540000000000000  2.254202879471169  2.257127344505836  0.000047994140419  2.946235164397259  4.186771952192239
1.540000000000000  0.410009431326198  0.218172429440072  -0.060760946065387  0.008464167853899  -0.009303458740686
1.550000000000000  2.254235457540046  2.257128310569176  0.000046944079570  2.946235326009986  4.186776373228399
1.550000000000000  0.408924431064570  0.217520100904406  -0.060412513445183  0.008395643075980  -0.009219772317981
1.560000000000000  2.254267595776959  2.257129228194653  0.000045960653712  2.946235550800497  4.186780504091127
1.560000000000000  0.407845030060066  0.216871785343148  -0.060067111905058  0.008327864606631  -0.009137092425294
1.570000000000000  2.254299312292511  2.257130159462696  0.000045138559785  2.946235871336211  4.186784714975724
1.570000000000000  0.406771173027541  0.216227443272113  -0.059724686646636  0.008260801972754  -0.009055420512116
1.580000000000000  2.254330567662822  2.257131055089725  0.000044102674128  2.946235978396206  4.186788671151504
1.580000000000000  0.405702774284372  0.215587016675421  -0.059385219733530  0.008194463022054  -0.008974729911274
1.590000000000000  2.254361437162953  2.257131959412274  0.000043246410633  2.946236312488530  4.186792585943182
1.590000000000000  0.404639895286919  0.214950509256002  -0.059048677058879  0.008128823746764  -0.008895011190907
1.600000000000000  2.254391891990531  2.257132803623278  0.000042339133520  2.946236463452718  4.186796501547288
1.600000000000000  0.403582414237231  0.214317876477131  -0.058715018001435  0.008063887944768  -0.008816286007697
1.610000000000000  2.254421912463659  2.257133636521044  0.000041523673683  2.946236741906233  4.186800252457803
1.610000000000000  0.402530265331381  0.213689043312586  -0.058384199042366  0.007999636974716  -0.008738456422065
1.620000000000000  2.254451533358856  2.257134476757527  0.000040656084429  2.946236880527576  4.186804007957225
1.620000000000000  0.401483517211211  0.213064014916439  -0.058056214699868  0.007936061564113  -0.008661566821965
1.630000000000000  2.254480773319299  2.257135301667792  0.000039905986419  2.946237163599578  4.186807603098619
1.630000000000000  0.400442042552175  0.212442733405903  -0.057731013341048  0.007873159555574  -0.008585609060812
1.640000000000000  2.254509611166816  2.257136100364190  0.000039076174441  2.946237249314581  4.186811206285386
1.640000000000000  0.399405815647218  0.211825162044573  -0.057408567627672  0.007810928585430  -0.008510528704938
1.650000000000000  2.254538074700251  2.257136879305857  0.000038336142069  2.946237571556792  4.186814652924999
1.650000000000000  0.398374821082621  0.211211300358979  -0.057088847902119  0.007749327861320  -0.008436367429532
1.660000000000000  2.254566164549201  2.257137660127839  0.000037542047449  2.946237657809549  4.186818110909950
1.660000000000000  0.397349023145155  0.210601083316729  -0.056771812102243  0.007688392828015  -0.008363047150497
1.670000000000000  2.254593848084299  2.257138400120977  0.000036836933458  2.946237955039098  4.186821415981778
1.670000000000000  0.396328325697757  0.209994472772928  -0.056457449375834  0.007628081162908  -0.008290624966844
1.680000000000000  2.254621205690498  2.257139143796116  0.000036076809936  2.946238027112680  4.186824735506698
1.680000000000000  0.395312759350552  0.209391451250743  -0.056145704728863  0.007568396774641  -0.008219003085542
1.690000000000000  2.254648188010393  2.257139865005489  0.000035404649329  2.946238321458840  4.186827905407042
1.690000000000000  0.394302274847545  0.208791987252531  -0.055836567307427  0.007509344939741  -0.008148233249055
1.700000000000000  2.254674847457952  2.257140569377939  0.000034752916694  2.946238483711904  4.186831054060369
1.700000000000000  0.393296754586537  0.208196040439537  -0.055530011613819  0.007450890694967  -0.008078304779240
1.710000000000000  2.254701125678069  2.257141268913476  0.000034078459011  2.946238732750154  4.186834153644198
1.710000000000000  0.392296282446150  0.207603580110902  -0.055225993208416  0.007393044464321  -0.008009171500947
1.720000000000000  2.254727072646030  2.257141940863384  0.000033415040678  2.946238851063731  4.186837157179454
1.720000000000000  0.391300743811040  0.207014583037116  -0.054924483508207  0.007335773887069  -0.007940845757545
1.730000000000000  2.254752689103900  2.257142612690915  0.000032770377873  2.946239043257747  4.186840133877499
1.730000000000000  0.390310119212078  0.206429009525925  -0.054625461839742  0.007279106401425  -0.007873297117454
1.740000000000000  2.254777947259495  2.257143271873705  0.000032136076879  2.946239160855638  4.186843017311515
1.740000000000000  0.389324404745223  0.205846829792127  -0.054328904595062  0.007223018813524  -0.007806523166263
1.750000000000000  2.254802880075750  2.257143905323504  0.000031519842399  2.946239416870193  4.186845876613045
1.750000000000000  0.388343508600072  0.205268009380475  -0.054034786841834  0.007167507334880  -0.007740544460298
1.760000000000000  2.254827506065169  2.257144540264040  0.000030913150270  2.946239501688948  4.186848645480234
1.760000000000000  0.387367469809534  0.204692552242847  -0.053743068143330  0.007112563846141  -0.007675281863767
1.770000000000000  2.254851821748727  2.257145151912154  0.000030323847542  2.946239745363751  4.186851392867045
1.770000000000000  0.386396185848318  0.204120368396487  -0.053453720812713  0.007058175841312  -0.007610779126839
1.780000000000000  2.254875828006951  2.257145757964064  0.000029743476294  2.946239835383699  4.186854052392545
1.780000000000000  0.385429623849891  0.203551475057781  -0.053166733540492  0.007004334483395  -0.007546997094661
1.790000000000000  2.254899504702934  2.257146324551120  0.000029227554407  2.946239963142831  4.186856621313248
1.790000000000000  0.384467808059901  0.202985822295050  -0.052882076222309  0.006951028154566  -0.007483953687064
1.800000000000000  2.254922889765251  2.257146930976103  0.000028557038206  2.946240084939754  4.186859376453752
1.800000000000000  0.383510661095995  0.202423387013070  -0.052599714870968  0.006898272625793  -0.007421596858586
1.810000000000000  2.254945968534829  2.257147497599164  0.000027989825601  2.946240218660404  4.186861811193375
1.810000000000000  0.382558123293862  0.201864153869345  -0.052319635339355  0.006846052624837  -0.007359965962158
1.820000000000000  2.254968753971977  2.257148060354194  0.000027486166570  2.946240384969217  4.186864370058061
1.820000000000000  0.381610245249256  0.201308089340105  -0.052041800428946  0.006794346956481  -0.007298999589022
1.830000000000000  2.254991294160304  2.257148596856391  0.000026932860988  2.946240512686021  4.186866704397259
1.830000000000000  0.380666897895073  0.200755145290469  -0.051766196088525  0.006743152252792  -0.007238734674678
1.840000000000000  2.255013487174346  2.257149160648858  0.000026318495455  2.946240634944049  4.186869014128563
1.840000000000000  0.379728151643153  0.200205318717037  -0.051492792916334  0.006692483071008  -0.007179137976067
1.850000000000000  2.255035424676377  2.257149680586173  0.000025929941024  2.946240796393448  4.186871411905092
1.850000000000000  0.378793856027383  0.199658569322281  -0.051221575340886  0.006642302427472  -0.007120204627108
1.860000000000000  2.255057086346146  2.257150200479783  0.000025337140977  2.946240892964207  4.186873630251138
1.860000000000000  0.377864075107209  0.199114875065921  -0.050952515327205  0.006592645418961  -0.007061907047612
1.870000000000000  2.255078463110032  2.257150713984061  0.000024969606115  2.946241046267500  4.186875938866673
1.870000000000000  0.376938756145188  0.198574218097232  -0.050685586083024  0.006543457592079  -0.007004270251500
1.880000000000000  2.255099605100446  2.257151210223822  0.000024423955567  2.946241173452619  4.186878070095796
1.880000000000000  0.376017814579374  0.198036550769864  -0.050420759909276  0.006494765478645  -0.006947258164614
1.890000000000000  2.255120483603922  2.257151696147979  0.000024076440806  2.946241269845516  4.186880293454409
1.890000000000000  0.375101287424770  0.197501869358627  -0.050158027188134  0.006446544872899  -0.006890881272708
1.900000000000000  2.255141056112094  2.257152184525371  0.000023523731078  2.946241426958383  4.186882341385127
1.900000000000000  0.374189112585191  0.196970144373903  -0.049897363658832  0.006398805277819  -0.006835117624475
1.910000000000000  2.255161409635957  2.257152633610952  0.000023195334508  2.946241528438855  4.186884483245203
1.910000000000000  0.373281254726311  0.196441345782538  -0.049638740246653  0.006351538631231  -0.006779965946444
1.920000000000000  2.255181496531025  2.257153120643547  0.000022661222197  2.946241657091458  4.186886451519305
1.920000000000000  0.372377725375594  0.195915449327529  -0.049382139388879  0.006304727955471  -0.006725398476902
1.930000000000000  2.255201349010216  2.257153583124833  0.000022350959774  2.946241757043681  4.186888515410511
1.930000000000000  0.371478438115567  0.195392436142345  -0.049127541912697  0.006258368620193  -0.006671458136380
1.940000000000000  2.255220936471140  2.257154012049116  0.000022006950666  2.946241943163735  4.186890360457425
1.940000000000000  0.370583371912605  0.194872259322949  -0.048874926864971  0.006212464766915  -0.006618061725409
1.950000000000000  2.255240302590934  2.257154453287076  0.000021617782983  2.946242060829898  4.186892357312806
1.950000000000000  0.369692533175449  0.194354918101306  -0.048624262679088  0.006167011203435  -0.006565261784938
1.960000000000000  2.255259422919257  2.257154885731984  0.000021275463670  2.946242168674553  4.186894188553646
1.960000000000000  0.368805865925275  0.193840396819168  -0.048375544472867  0.006121992935398  -0.006513027645119
1.970000000000000  2.255278304485032  2.257155309531603  0.000020841912770  2.946242285390104  4.186896093948975
1.970000000000000  0.367923345617361  0.193328651069529  -0.048128746254431  0.006077413095609  -0.006461349209152
1.980000000000000  2.255296990746649  2.257155713432133  0.000020515750037  2.946242396945156  4.186897855391252
1.980000000000000  0.367044954734219  0.192819666941921  -0.047883847569061  0.006033258172184  -0.006410234396547
1.990000000000000  2.255315397866525  2.257156138330134  0.000020097903132  2.946242511962734  4.186899692368613
1.990000000000000  0.366170650899754  0.192313424885967  -0.047640823210273  0.005989536968306  -0.006359660365040
2.000000000000000  2.255333592803478  2.257156547212124  0.000019787098535  2.946242612570355  4.186901386862563
2.000000000000000  0.365300408910429  0.191809883449512  -0.047399665661159  0.005946223976841  -0.006309626904890
