1.010000000000000  0.032612721320826  0.279272263204673  0.073721422650403  0.632029301722433  0.367495946547938
1.010000000000000  0.054397511172863  0.005621249162052  -0.018799994988968  0.001359383262168  -0.011383649687276
1.020000000000000  0.040622980233543  0.312220494366936  0.054444088254977  0.639436353133428  0.401353024246988
1.020000000000000  0.064981350936091  0.007128199122114  -0.021007771282190  0.001434402744744  -0.011688174027314
1.030000000000000  0.048439213198252  0.337351527496173  0.042059765878442  0.645253079706364  0.426687268304988
1.030000000000000  0.073588493566260  0.008401827023306  -0.022796046627474  0.001567433071989  -0.011936379745585
1.040000000000000  0.054759615509971  0.355158868485445  0.035357261734499  0.650069638766380  0.445960651799552
1.040000000000000  0.080316720635928  0.009423113115047  -0.024173318679366  0.001720215939998  -0.012151677340724
1.050000000000000  0.060433435476399  0.369018285534207  0.031590192778879  0.654296226104759  0.461894413832899
1.050000000000000  0.085865132555217  0.010284713281344  -0.025328889087804  0.001879916900290  -0.012346827769766
1.060000000000000  0.066337251205967  0.381153921232391  0.029037203178288  0.658118337220707  0.476037207797254
1.060000000000000  0.090933880456419  0.011090362894576  -0.026384910152966  0.002043534911654  -0.012527381883466
1.070000000000000  0.072613683362078  0.392205334337381  0.027082442020500  0.661613428647941  0.488863632012809
1.070000000000000  0.095692204260403  0.011866322237549  -0.027376437400412  0.002209692156270  -0.012696291413489
1.080000000000000  0.079144999825161  0.402386005566144  0.025516000846420  0.664839862276934  0.500570707718044
1.080000000000000  0.100185369982237  0.012619093761334  -0.028313766157946  0.002377093486223  -0.012855286575611
1.090000000000000  0.085835374193219  0.411837404219201  0.024210695227365  0.667836096360219  0.511313909355394
1.090000000000000  0.104445179977720  0.013352949544599  -0.029205541879276  0.002545807912165  -0.013005397618457
1.100000000000000  0.092616102187327  0.420668511082773  0.023089476716834  0.670632881602369  0.521228161779741
1.100000000000000  0.108498820393919  0.014071518533077  -0.030056650020286  0.002714828674675  -0.013147933997667
1.110000000000000  0.099430835687873  0.428964567026772  0.022104049052131  0.673254073091966  0.530412010467201
1.110000000000000  0.112367979616704  0.014776230270063  -0.030872858297201  0.002884241054717  -0.013283503487581
1.120000000000000  0.106243116529038  0.436793483563224  0.021221134475000  0.675719694867319  0.538952013362126
1.120000000000000  0.116072743428508  0.015469632880721  -0.031657683684681  0.003054427313050  -0.013412602515405
1.130000000000000  0.113024819885964  0.444211779939450  0.020420105406304  0.678046651520173  0.546916493897953
1.130000000000000  0.119628834838985  0.016153662252994  -0.032414704608783  0.003224607591478  -0.013536088872840
1.140000000000000  0.119755010059267  0.451265091567551  0.019685727371126  0.680247329559541  0.554374339455813
1.140000000000000  0.123050764302704  0.016828795105160  -0.033146697563898  0.003394354855388  -0.013654419808304
1.150000000000000  0.126420132832687  0.457991521362936  0.019006236778665  0.682332393482164  0.561366597759952
1.150000000000000  0.126350549641329  0.017496785561836  -0.033855796518314  0.003565297803471  -0.013767745511392
1.160000000000000  0.133010902059255  0.464423985013209  0.018374088137272  0.684313508350246  0.567948193573098
1.160000000000000  0.129538403554048  0.018158106262883  -0.034544040138947  0.003735463187943  -0.013876453654352
1.170000000000000  0.139521285850047  0.470590701027678  0.017782981998803  0.686198443303117  0.574156703969440
1.170000000000000  0.132623332023437  0.018813858632360  -0.035213096656664  0.003905994847856  -0.013980596014083
1.180000000000000  0.145946219719211  0.476514307745636  0.017227767072176  0.687994555299296  0.580020049247982
1.180000000000000  0.135612984162576  0.019464589578762  -0.035864528722837  0.004076397283514  -0.014080646203613
1.190000000000000  0.152283451486984  0.482215668578464  0.016704723313226  0.689708896048690  0.585571630883873
1.190000000000000  0.138514660385861  0.020111094366440  -0.036499521274961  0.004246311175175  -0.014176969168150
1.200000000000000  0.158531800013747  0.487711918869833  0.016210153982847  0.691346394261125  0.590835739078693
1.200000000000000  0.141334110300095  0.020753515869767  -0.037119302903045  0.004416180980349  -0.014269438444481
1.210000000000000  0.164692760819023  0.493019815003609  0.015741760873328  0.692913315976262  0.595836645135567
1.210000000000000  0.144076479441942  0.021392633585616  -0.037724784180191  0.004586177894883  -0.014358285985231
1.220000000000000  0.170762908971652  0.498151792487866  0.015297069944897  0.694413908332607  0.600592612158936
1.220000000000000  0.146746372414959  0.022028226722893  -0.038316664243918  0.004755250643441  -0.014443513882152
1.230000000000000  0.176745361052404  0.503120724867429  0.014874188151904  0.695852078755839  0.605128455082830
1.230000000000000  0.149348658134947  0.022661537714754  -0.038895808583544  0.004924853952031  -0.014525860481285
1.240000000000000  0.182638882773717  0.507937201326460  0.014471015336129  0.697231947561607  0.609450451799842
1.240000000000000  0.151886565560005  0.023291909235571  -0.039462883115750  0.005093627442277  -0.014605188589402
1.250000000000000  0.188446167099289  0.512610978101570  0.014087086710089  0.698556701709740  0.613578644025362
1.250000000000000  0.154363695419438  0.023919870733018  -0.040018765630892  0.005262188030534  -0.014681340260536
1.260000000000000  0.194168475297231  0.517150567319205  0.013720266741015  0.699830863456076  0.617522419204700
1.260000000000000  0.156783049979072  0.024546155784944  -0.040563531971176  0.005430073774234  -0.014754756633104
1.270000000000000  0.199806921309956  0.521564320175337  0.013368869642739  0.701055070108407  0.621297436782998
1.270000000000000  0.159147243275270  0.025170000191735  -0.041097882050886  0.005597891272356  -0.014825388563612
1.280000000000000  0.205367374050752  0.525858831795626  0.013033089610290  0.702233887324088  0.624911809381074
1.280000000000000  0.161459599710168  0.025791872640090  -0.041622228081129  0.005765020923750  -0.014893453789939
1.290000000000000  0.210843906408465  0.530040627027918  0.012711072093355  0.703369002826058  0.628375329312734
1.290000000000000  0.163721720551840  0.026412178018044  -0.042137009406257  0.005931507512830  -0.014958971635464
1.300000000000000  0.216242098665402  0.534115853586598  0.012402066031433  0.704463296870957  0.631699564938168
1.300000000000000  0.165936126620817  0.027031423299391  -0.042642657469650  0.006097627053638  -0.015021959774455
1.310000000000000  0.221561873542531  0.538089608773153  0.012105058523714  0.705517946267923  0.634893144822990
1.310000000000000  0.168104625461345  0.027648659009009  -0.043139213965596  0.006263247848968  -0.015082827896333
1.320000000000000  0.226806471063251  0.541967298132961  0.011820045061485  0.706535973465577  0.637962118617187
1.320000000000000  0.170229198544052  0.028264426343861  -0.043627412459068  0.006428302236375  -0.015141164529384
1.330000000000000  0.231978380199242  0.545753377576941  0.011545863531643  0.707518404165202  0.640911662205472
1.330000000000000  0.172311601929795  0.028878875183755  -0.044107251160646  0.006592440384337  -0.015197277634886
1.340000000000000  0.237078050740901  0.549452070931385  0.011282052344523  0.708466965152704  0.643750126599744
1.340000000000000  0.174353788102435  0.029492144934755  -0.044579145290981  0.006756280661263  -0.015251377467782
1.350000000000000  0.242104250521364  0.553066824027422  0.011028219371158  0.709383520024320  0.646482380533457
1.350000000000000  0.176356425120304  0.030104179056968  -0.045043317395067  0.006919245579290  -0.015303369738320
1.360000000000000  0.247063309780733  0.556601857935818  0.010783151881282  0.710269954825025  0.649115768973209
1.360000000000000  0.178321521721513  0.030714942043281  -0.045499998670295  0.007081817134188  -0.015353396669158
1.370000000000000  0.251953089357647  0.560060808508771  0.010547093466669  0.711126519557475  0.651655309524105
1.370000000000000  0.180250292249550  0.031324603888001  -0.045949341712104  0.007243390935137  -0.015401532576165
1.380000000000000  0.256778661937918  0.563445679722962  0.010319169681486  0.711955637002108  0.654102922534995
1.380000000000000  0.182143919837045  0.031933084388022  -0.046391655620842  0.007403998684823  -0.015447780273535
1.390000000000000  0.261536579166335  0.566760796621479  0.010099285103476  0.712758453871817  0.656463858639988
1.390000000000000  0.184003623881847  0.032540458001120  -0.046826908056628  0.007564414705978  -0.015492218196455
1.400000000000000  0.266229898858420  0.570007890857644  0.009886234340510  0.713535429203041  0.658743299622092
1.400000000000000  0.185830699012621  0.033146850752427  -0.047255547318382  0.007723254306905  -0.015534913061230
1.410000000000000  0.270862673159697  0.573190075785205  0.009680942057868  0.714288054024342  0.660947829856917
1.410000000000000  0.187625633006555  0.033751984910157  -0.047677694146162  0.007881989011052  -0.015575985092747
1.420000000000000  0.275434685630252  0.576309481716023  0.009482086426608  0.715017614305401  0.663075883918663
1.420000000000000  0.189389915449784  0.034355997341334  -0.048093454568429  0.008039523444426  -0.015615025438098
1.430000000000000  0.279947756178686  0.579368307859817  0.009289613454096  0.715723818441238  0.665134041286264
1.430000000000000  0.191124262938349  0.034959206971952  -0.048502978338283  0.008196524813833  -0.015652604059413
1.440000000000000  0.284401381884692  0.582369572365856  0.009103498113882  0.716409738565126  0.667125989462998
1.440000000000000  0.192829706881804  0.035561350191204  -0.048906445226989  0.008352790547786  -0.015688739715244
1.450000000000000  0.288798245358762  0.585314130473682  0.008922249214156  0.717074127341722  0.669053711308634
1.450000000000000  0.194506992516410  0.036162401163314  -0.049304014438975  0.008508100993134  -0.015723323140032
1.460000000000000  0.293138842892263  0.588204778582249  0.008747712710469  0.717719200316635  0.670917793291263
1.460000000000000  0.196157121082187  0.036762386486812  -0.049695715946869  0.008662296443047  -0.015756349810708
1.470000000000000  0.297426620344048  0.591043093492873  0.008577315848678  0.718345130959914  0.672724681125088
1.470000000000000  0.197780685474037  0.037361532199556  -0.050081688942316  0.008815263680541  -0.015787961191663
1.480000000000000  0.301658700396814  0.593829901037157  0.008412890924384  0.718953212312761  0.674473501051220
1.480000000000000  0.199378322966020  0.037959347927265  -0.050462209078301  0.008967923000798  -0.015818374699622
1.490000000000000  0.305840603932749  0.596568105428165  0.008252340764657  0.719542537241384  0.676170090587615
1.490000000000000  0.200951051510407  0.038556346323678  -0.050837212958532  0.009119360096161  -0.015847195104689
1.500000000000000  0.309971174612395  0.599258423388198  0.008097141418690  0.720116489086402  0.677814617744788
1.500000000000000  0.202499119449367  0.039152264659101  -0.051206929987233  0.009270037681985  -0.015875189871780
1.510000000000000  0.314049836697322  0.601902960402891  0.007946500517877  0.720673421293814  0.679408357150022
1.510000000000000  0.204023412763658  0.039747134428429  -0.051571442286621  0.009419742828362  -0.015901314330215
1.520000000000000  0.318079563766988  0.604502862442893  0.007799273354415  0.721214973757152  0.680953251574128
1.520000000000000  0.205524775693343  0.040340773866184  -0.051930812685612  0.009568740135657  -0.015926385436153
1.530000000000000  0.322061581237865  0.607059400654851  0.007657128069706  0.721740884848983  0.682456367249769
1.530000000000000  0.207003263549215  0.040932672308744  -0.052285176503999  0.009716531227419  -0.015950303935847
1.540000000000000  0.325996776808990  0.609573591441262  0.007517784907032  0.722252661900755  0.683912470411480
1.540000000000000  0.208459700271902  0.041524221376574  -0.052634551582414  0.009863226993752  -0.015973144407045
1.550000000000000  0.329879098803496  0.612046899790377  0.007382550202243  0.722749876367721  0.685326298431050
1.550000000000000  0.209895032843930  0.042114481887649  -0.052979158750692  0.010009076108667  -0.015994540173003
1.560000000000000  0.333717520900173  0.614480724687701  0.007250322465133  0.723233581729023  0.686700183191532
1.560000000000000  0.211309348805717  0.042703606650438  -0.053319002152527  0.010153732039514  -0.016015309949639
1.570000000000000  0.337512186003330  0.616875816055605  0.007122601109377  0.723705975268382  0.688035027770010
1.570000000000000  0.212703440454353  0.043291836759871  -0.053654170253423  0.010297923802310  -0.016034550882788
1.580000000000000  0.341266842722436  0.619233083295366  0.006997098179627  0.724165224228289  0.689334456343834
1.580000000000000  0.214077437543925  0.043878888517205  -0.053984804035169  0.010440859334485  -0.016053042477342
1.590000000000000  0.344972920582679  0.621553598786646  0.006875135168803  0.724611200949211  0.690594419378247
1.590000000000000  0.215432111734888  0.044464812850470  -0.054310903349852  0.010582993641301  -0.016070404183596
1.600000000000000  0.348640172313619  0.623839071991675  0.006756230612116  0.725045793812926  0.691820824168865
1.600000000000000  0.216767753592241  0.045049723289315  -0.054632583995823  0.010723958189131  -0.016086933126649
1.610000000000000  0.352266422145494  0.626089559650755  0.006639319798497  0.725469123160925  0.693012692329268
1.610000000000000  0.218085021996619  0.045633221136338  -0.054949989021787  0.010864037525735  -0.016102415245097
1.620000000000000  0.355847185194680  0.628306627025526  0.006526018079104  0.725881358800060  0.694171676687144
1.620000000000000  0.219384328172313  0.046215792480759  -0.055263083722680  0.011002993629255  -0.016116779534107
1.630000000000000  0.359389028653059  0.630490509735516  0.006415004832091  0.726283698067734  0.695303083607132
1.630000000000000  0.220665529676349  0.046796932206565  -0.055571973595402  0.011141070125568  -0.016130397578935
1.640000000000000  0.362890683457762  0.632641959608028  0.006306706454748  0.726675170594782  0.696399015817004
1.640000000000000  0.221929458286704  0.047377180676664  -0.055876810795185  0.011277983652595  -0.016143060376960
1.650000000000000  0.366354070229449  0.634762852801471  0.006200982544313  0.727057531210645  0.697470678381443
1.650000000000000  0.223177035357177  0.047955848208807  -0.056177493100528  0.011413885550132  -0.016154965727240
1.660000000000000  0.369780168486281  0.636852706982760  0.006097858618073  0.727428916753898  0.698511578529485
1.660000000000000  0.224407852369370  0.048533471954783  -0.056474470833592  0.011549277135566  -0.016165982116239
1.670000000000000  0.373169806746051  0.638913025847583  0.005996658623809  0.727791819638996  0.699526669985791
1.670000000000000  0.225622401717636  0.049109755092107  -0.056767311542729  0.011683273344012  -0.016176444098194
1.680000000000000  0.376523061946487  0.640944658916112  0.005897927333271  0.728145028433078  0.700515200104260
1.680000000000000  0.226821200172849  0.049684821775499  -0.057056305622808  0.011816095594729  -0.016185895979011
1.690000000000000  0.379837229111286  0.642947015159273  0.005800833953603  0.728490415453855  0.701477378909381
1.690000000000000  0.228004826434829  0.050258542480670  -0.057341511566557  0.011947962417381  -0.016194736975200
1.700000000000000  0.383117683383362  0.644922263568911  0.005706218514168  0.728828198124536  0.702416737078418
1.700000000000000  0.229173187009963  0.050831008289860  -0.057622960472911  0.012079164960921  -0.016202609446177
1.710000000000000  0.386362380990796  0.646870131617865  0.005614781144074  0.729156036342690  0.703331200658742
1.710000000000000  0.230326524198516  0.051402140826577  -0.057900744460329  0.012209142382323  -0.016210099701570
1.720000000000000  0.389572078021787  0.648791270793091  0.005523468533012  0.729477642642690  0.704222778036889
1.720000000000000  0.231465668515227  0.051971994747999  -0.058174883687418  0.012338024082220  -0.016216450663287
1.730000000000000  0.392752193794391  0.650687385127401  0.005434123828595  0.729790933028596  0.705091054829688
1.730000000000000  0.232590393084980  0.052540402000533  -0.058445467431635  0.012466136384567  -0.016222375352520
1.740000000000000  0.395897174988145  0.652557574155676  0.005346862903590  0.730095768432369  0.705941502138211
1.740000000000000  0.233701386173526  0.053107627554477  -0.058712578042500  0.012593151925317  -0.016227673839759
1.750000000000000  0.399007760624490  0.654403239447805  0.005261775047518  0.730394442429977  0.706768477054170
1.750000000000000  0.234798890028130  0.053673343313661  -0.058976247152129  0.012719032130494  -0.016232231278082
1.760000000000000  0.402088743941694  0.656224603153109  0.005177140968439  0.730685534710199  0.707574553348150
1.760000000000000  0.235883102619890  0.054237849170015  -0.059236504707478  0.012844336342392  -0.016236014053021
1.770000000000000  0.405135327194004  0.658021943227210  0.005095880471342  0.730970342661529  0.708362178880352
1.770000000000000  0.236954265798982  0.054800808482874  -0.059493374486266  0.012968231497525  -0.016239886868766
1.780000000000000  0.408150608662011  0.659796161996383  0.005015919013145  0.731248844327045  0.709131908519676
1.780000000000000  0.238012593761212  0.055362425007201  -0.059746981078402  0.013091389521142  -0.016242551454297
1.790000000000000  0.411136447358442  0.661547936980466  0.004937438527779  0.731520654587507  0.709880958937722
1.790000000000000  0.239058066902172  0.055922622003077  -0.059997291626809  0.013213191594280  -0.016244751755498
1.800000000000000  0.414093989459379  0.663276890013032  0.004860374756072  0.731786202450285  0.710617035594177
1.800000000000000  0.240091679423061  0.056481464560893  -0.060244470826949  0.013334428617915  -0.016246413950573
1.810000000000000  0.417018662670877  0.664984792194797  0.004784717870074  0.732045506052685  0.711329824350714
1.810000000000000  0.241113326102936  0.057038917279917  -0.060488458281578  0.013454200760097  -0.016247871137479
1.820000000000000  0.419917535513147  0.666670587295945  0.004710283631935  0.732299021306174  0.712029880613399
1.820000000000000  0.242123060629200  0.057594778449084  -0.060729250615933  0.013573550651310  -0.016248540071254
1.830000000000000  0.422784890762311  0.668336281613195  0.004637320102203  0.732547083479369  0.712714275465016
1.830000000000000  0.243121222433563  0.058149089627399  -0.060967115047019  0.013691706368983  -0.016248639280182
1.840000000000000  0.425623679287311  0.669980630463710  0.004566221806960  0.732789527436737  0.713381960394786
1.840000000000000  0.244108133786035  0.058702139650813  -0.061201922107740  0.013808807343667  -0.016248284787308
1.850000000000000  0.428436555648217  0.671605264088335  0.004496721781743  0.733027553668415  0.714031876458144
1.850000000000000  0.245083890938774  0.059253570280018  -0.061433811787478  0.013925027365710  -0.016247833531023
1.860000000000000  0.431219642528145  0.673210418337239  0.004427274236048  0.733258235160864  0.714670652255514
1.860000000000000  0.246048753991171  0.059803639957774  -0.061662743597394  0.014040075656679  -0.016246368539996
1.870000000000000  0.433976587484230  0.674796311434674  0.004359915327639  0.733485420717789  0.715291409342254
1.870000000000000  0.247002565373464  0.060352031334619  -0.061888701434802  0.014154634699487  -0.016244811735780
1.880000000000000  0.436708815834087  0.676363398418137  0.004292260714897  0.733707170661834  0.715901878591007
1.880000000000000  0.247946547131028  0.060899014854258  -0.062111878383347  0.014268016378469  -0.016243024320600
1.890000000000000  0.439413882578030  0.677911369537091  0.004226509899360  0.733924670505915  0.716496700635195
1.890000000000000  0.248879904023409  0.061444549037823  -0.062332284918436  0.014380253683341  -0.016240422245825
1.900000000000000  0.442093283385187  0.679441334456029  0.004162686284888  0.734137118586783  0.717076911399344
1.900000000000000  0.249803063264901  0.061988560889237  -0.062549868778257  0.014491375411990  -0.016237578859468
1.910000000000000  0.444744568880066  0.680952930900700  0.004098688055284  0.734344640970610  0.717647498922381
1.910000000000000  0.250716489588369  0.062530857019273  -0.062764813889673  0.014601856865166  -0.016234681182134
1.920000000000000  0.447373651366873  0.682447659221757  0.004037599632968  0.734548239945233  0.718206439042159
1.920000000000000  0.251620096315063  0.063071782350980  -0.062976954445087  0.014711497911280  -0.016230691691791
1.930000000000000  0.449980127890306  0.683924872269735  0.003975877930178  0.734748102629301  0.718748524767907
1.930000000000000  0.252514115298067  0.063611147427653  -0.063186532212846  0.014820042614486  -0.016226949381167
1.940000000000000  0.452560635158403  0.685385109957546  0.003915233785949  0.734943229951331  0.719282571728187
1.940000000000000  0.253399131195496  0.064148555781837  -0.063393494284340  0.014927766246116  -0.016222806371844
1.950000000000000  0.455118133246746  0.686828560734094  0.003855786542099  0.735134369529731  0.719804594352728
1.950000000000000  0.254274349309979  0.064684799180249  -0.063597923093007  0.015034423519532  -0.016217819822593
1.960000000000000  0.457648340531200  0.688256230812111  0.003797583229334  0.735321807388044  0.720314415525250
1.960000000000000  0.255140672503103  0.065219522833844  -0.063799748094117  0.015140575239655  -0.016213017934795
1.970000000000000  0.460159014838810  0.689667761088711  0.003739879396721  0.735503702196326  0.720815787860684
1.970000000000000  0.255998494575279  0.065752497945404  -0.063999109151206  0.015245431505069  -0.016207816136273
1.980000000000000  0.462644954596374  0.691063142621465  0.003684962915015  0.735683899932522  0.721305428396791
1.980000000000000  0.256847296496618  0.066283918176912  -0.064196067508939  0.015349259154510  -0.016202205491112
1.990000000000000  0.465109518486442  0.692443888399480  0.003628501870965  0.735860088103307  0.721782189465104
1.990000000000000  0.257687324219641  0.066813900618496  -0.064390565274007  0.015452483899551  -0.016196245427978
2.000000000000000  0.467549825707518  0.693808142772745  0.003574591086401  0.736032181601466  0.722251134778355
2.000000000000000  0.258519505101816  0.067342036639383  -0.064582627121109  0.015554438874461  -0.016190095538624
2.010000000000000  0.470039356336690  0.695157866038699  0.003513926783753  0.736200618976900  0.722711679023149
2.010000000000000  0.259342999472979  0.067868912171102  -0.064772191077171  0.015655953213946  -0.016183836765716
2.020000000000000  0.472437173877084  0.696493250090531  0.003460155348331  0.736365708483931  0.723161665367139
2.020000000000000  0.260158518651821  0.068393996490303  -0.064959482632941  0.015756406904459  -0.016177123390102
2.030000000000000  0.474813534895268  0.697814262125459  0.003408054672079  0.736527873777714  0.723602091907609
2.030000000000000  0.260965991021655  0.068917444752418  -0.065144590367267  0.015855954226729  -0.016170310007566
2.040000000000000  0.477168754539015  0.699121095010630  0.003356775060441  0.736687238089131  0.724033317658490
2.040000000000000  0.261765638183481  0.069439268693058  -0.065327430807158  0.015954619491473  -0.016163095179413
2.050000000000000  0.479503119391959  0.700413955092865  0.003306276942647  0.736843000474680  0.724456333068361
2.050000000000000  0.262557547103365  0.069959468283306  -0.065508043933481  0.016052460166558  -0.016155799749012
2.060000000000000  0.481816892989666  0.701693140364177  0.003256514092329  0.736995577625305  0.724870600807460
2.060000000000000  0.263341886212751  0.070478044500630  -0.065686466358818  0.016149426650361  -0.016148001388019
2.070000000000000  0.484110345097271  0.702958890832156  0.003207545124806  0.737144985869080  0.725276156758119
2.070000000000000  0.264118763946562  0.070994983734249  -0.065862950912061  0.016245542539049  -0.016140191331809
2.080000000000000  0.486383744852822  0.704211350221252  0.003159295145537  0.737291470231794  0.725674789600594
2.080000000000000  0.264888319446347  0.071510287377589  -0.066037074838359  0.016340762093115  -0.016132215010984
2.090000000000000  0.488637386393405  0.705450810790087  0.003111769150123  0.737436324940771  0.726064257003862
2.090000000000000  0.265650650710211  0.072023949582127  -0.066209087518176  0.016435191461582  -0.016124025987688
2.100000000000000  0.490871498237812  0.706677413605037  0.003064958507234  0.737577143645894  0.726446575065824
2.100000000000000  0.266405910120452  0.072535956022342  -0.066379017489811  0.016528736615904  -0.016115574186300
2.110000000000000  0.493086369102069  0.707891448981130  0.003018842317162  0.737716226606696  0.726821747512568
2.110000000000000  0.267154181890460  0.073046330431891  -0.066546900085436  0.016621480787002  -0.016106890825988
2.120000000000000  0.495282210609592  0.709093012135797  0.002973422764226  0.737851939853948  0.727189320967208
2.120000000000000  0.267895594863533  0.073555045097843  -0.066712754255423  0.016713361141616  -0.016098116215245
2.130000000000000  0.497459297659755  0.710282415810430  0.002928679443707  0.737984793699392  0.727549312838969
2.130000000000000  0.268630266245318  0.074062109928369  -0.066876625451268  0.016804498606425  -0.016089083829983
2.140000000000000  0.499617846074836  0.711459769404139  0.002884601151724  0.738116021821432  0.727903386424922
2.140000000000000  0.269358312116338  0.074567534103249  -0.067038522401618  0.016894730117362  -0.016080202995012
2.150000000000000  0.501758133802587  0.712625318942358  0.002841150753742  0.738244618517996  0.728249794290132
2.150000000000000  0.270079799748174  0.075071274834819  -0.067198475223954  0.016984218393018  -0.016070714766881
2.160000000000000  0.503880380731237  0.713779201214726  0.002798350205362  0.738369589937219  0.728589430777244
2.160000000000000  0.270794904040382  0.075573356941623  -0.067356525059379  0.017072880100291  -0.016061338890438
2.170000000000000  0.505984783802837  0.714921671631598  0.002756133701967  0.738493303144793  0.728923311754964
2.170000000000000  0.271503652369936  0.076073810021240  -0.067512679331638  0.017160728929995  -0.016051809455438
2.180000000000000  0.508071623975909  0.716052844987250  0.002714573862912  0.738614812315830  0.729250900116754
2.180000000000000  0.272206167589550  0.076572568783215  -0.067666973470653  0.017247827904323  -0.016042128129770
2.190000000000000  0.510141067700074  0.717172873044489  0.002673523397170  0.738734272128786  0.729572008464788
2.190000000000000  0.272902595148970  0.077069675476878  -0.067819430444682  0.017334073851412  -0.016032289862992
2.200000000000000  0.512193362571971  0.718281992796850  0.002633087235800  0.738851715399533  0.729887408278923
2.200000000000000  0.273592973911118  0.077565096314790  -0.067970079797234  0.017419599759978  -0.016022245626287
2.210000000000000  0.514228714028310  0.719380329066318  0.002593165558159  0.738965827066282  0.730196450434043
2.210000000000000  0.274277408993951  0.078058866146242  -0.068118942315821  0.017504386616842  -0.016012272719976
2.220000000000000  0.516247339091967  0.720468099791622  0.002553742195021  0.739078652307597  0.730499715403921
2.220000000000000  0.274956005939752  0.078550964783920  -0.068266039500446  0.017588328992886  -0.016001954582352
2.230000000000000  0.518249440834656  0.721545442929249  0.002514059760050  0.739189461677005  0.730797628716257
2.230000000000000  0.275628850906846  0.079041386006919  -0.068411398907780  0.017671567343511  -0.015991664079183
2.240000000000000  0.520235204762828  0.722612446602793  0.002475723300068  0.739298305151547  0.731090442438211
2.240000000000000  0.276296015792058  0.079530161574879  -0.068555043201711  0.017754020210868  -0.015981293077918
2.250000000000000  0.522204880419383  0.723669315984004  0.002437950908285  0.739404952244353  0.731377304564924
2.250000000000000  0.276957602342888  0.080017227045116  -0.068696994371713  0.017835744551648  -0.015970823026192
2.260000000000000  0.524158589808596  0.724716208126114  0.002400678343964  0.739509479831945  0.731659202577636
2.260000000000000  0.277613716204998  0.080502652006474  -0.068837282725054  0.017916704603292  -0.015960203676044
2.270000000000000  0.526096589614184  0.725753240619094  0.002363907237441  0.739612740181658  0.731936038120403
2.270000000000000  0.278264398485840  0.080986383621562  -0.068975916891117  0.017996968654702  -0.015949563321911
2.280000000000000  0.528019040485699  0.726780582403604  0.002327685186049  0.739714394802474  0.732207929178974
2.280000000000000  0.278909732509290  0.081468468891797  -0.069112928565044  0.018076496525991  -0.015938749341163
2.290000000000000  0.529926143662312  0.727798385907232  0.002291900651002  0.739813512903684  0.732475571126415
2.290000000000000  0.279549691430170  0.081948864497754  -0.069248340716918  0.018155274462418  -0.015927845111066
2.300000000000000  0.531818068548891  0.728806731825346  0.002256652229960  0.739911237495330  0.732737649613108
2.300000000000000  0.280184585774260  0.082427571838702  -0.069382166507937  0.018233340538111  -0.015917027997828
2.310000000000000  0.533694983585606  0.729805817373132  0.002221825248729  0.740006948643877  0.732994881518345
2.310000000000000  0.280814410779152  0.082904652148411  -0.069514439389774  0.018310673442405  -0.015905986103096
2.320000000000000  0.535557113953984  0.730795768928993  0.002187530329838  0.740101587540519  0.733247840582712
2.320000000000000  0.281439209917576  0.083380036220268  -0.069645172111857  0.018387365746642  -0.015894883813702
2.330000000000000  0.537404598392887  0.731776700944168  0.002153671063707  0.740194104801716  0.733496403547605
2.330000000000000  0.282059035477848  0.083853768370861  -0.069774384818819  0.018463312521438  -0.015883776179244
2.340000000000000  0.539237603635417  0.732748738995777  0.002120262578456  0.740285058698163  0.733741072369555
2.340000000000000  0.282674001476054  0.084325822777477  -0.069902095673497  0.018538588837179  -0.015872678358202
2.350000000000000  0.541056335289814  0.733711983552972  0.002087321688417  0.740375216102243  0.733980950587159
2.350000000000000  0.283284139848308  0.084796212157402  -0.070028329736756  0.018613146951984  -0.015861251203836
2.360000000000000  0.542860905570591  0.734666615637407  0.002054806741254  0.740463664702711  0.734216682491724
2.360000000000000  0.283889539863059  0.085264977138090  -0.070153104759822  0.018687038398921  -0.015850189818887
2.370000000000000  0.544651521501324  0.735612731049899  0.002022737563778  0.740549932191692  0.734448722988933
2.370000000000000  0.284490256277905  0.085732265832987  -0.070276440625338  0.018760275126771  -0.015838815073526
2.380000000000000  0.546428323922071  0.736550423226801  0.001991074667730  0.740634672656933  0.734676202571203
2.380000000000000  0.285086380028264  0.086197692855827  -0.070398355788747  0.018832833355823  -0.015827486956180
2.390000000000000  0.548191485992981  0.737479847538710  0.001959856998113  0.740718403002973  0.734900350089936
2.390000000000000  0.285677956477619  0.086661453454397  -0.070518869411003  0.018904707975714  -0.015816088208423
2.400000000000000  0.549941136460357  0.738401068783111  0.001929088435421  0.740801159019941  0.735120672411382
2.400000000000000  0.286265036211120  0.087123557768680  -0.070638004181281  0.018975918820500  -0.015804679863708
2.410000000000000  0.551677486280632  0.739314247711480  0.001898684574825  0.740881785750754  0.735337023756109
2.410000000000000  0.286847711125979  0.087584030103004  -0.070755770795378  0.019046550566602  -0.015793174067334
2.420000000000000  0.553400622316776  0.740219510077609  0.001868683387884  0.740961678702146  0.735549883678126
2.420000000000000  0.287426034900127  0.088042823171497  -0.070872189283998  0.019116447231979  -0.015781625561421
2.430000000000000  0.555110742098576  0.741116887156443  0.001839101480253  0.741040544720101  0.735758588747864
2.430000000000000  0.288000052422406  0.088499964784200  -0.070987286044705  0.019185757878781  -0.015770182383155
2.440000000000000  0.556807947828156  0.742006531562086  0.001809905545127  0.741117287683433  0.735964971923499
2.440000000000000  0.288569826629318  0.088955493569644  -0.071101066464055  0.019254408659439  -0.015758679426314
2.450000000000000  0.558492408849066  0.742888541826696  0.001781069264527  0.741192923731472  0.736166371469666
2.450000000000000  0.289135424922768  0.089409341670966  -0.071213553358851  0.019322454845680  -0.015746989863036
2.460000000000000  0.560164258706642  0.743763027913354  0.001752652636447  0.741267225564414  0.736365137386363
2.460000000000000  0.289696895843127  0.089861523774623  -0.071324766600013  0.019389841105241  -0.015735404962957
2.470000000000000  0.561823689008658  0.744630072699313  0.001724570943322  0.741340859897250  0.736561472303729
2.470000000000000  0.290254296238713  0.090312118924288  -0.071434714968752  0.019456649105591  -0.015723791182191
2.480000000000000  0.563470763452067  0.745489794216686  0.001696896953800  0.741413166788436  0.736753535219864
2.480000000000000  0.290807669302206  0.090761059238794  -0.071543418857451  0.019522788124283  -0.015712239505753
2.490000000000000  0.565105636341660  0.746342261236923  0.001669556941317  0.741484468664463  0.736942490538116
2.490000000000000  0.291357091395467  0.091208366916800  -0.071650899425662  0.019588386517538  -0.015700556933243
2.500000000000000  0.566728493465447  0.747187613988724  0.001642599926078  0.741554031884684  0.737129138471670
2.500000000000000  0.291902602057302  0.091654047220541  -0.071757167863949  0.019653380982849  -0.015688990910285
2.510000000000000  0.568339390513766  0.748025894673935  0.001616006925971  0.741622081144622  0.737311862459652
2.510000000000000  0.292444269532196  0.092098078828267  -0.071862244779350  0.019717757392616  -0.015677353182276
2.520000000000000  0.569938495037244  0.748857235800646  0.001589714233888  0.741690292360236  0.737492982226006
2.520000000000000  0.292982090701737  0.092540501346606  -0.071966133802938  0.019781544646269  -0.015665682028743
2.530000000000000  0.571525952343814  0.749681720644112  0.001563804810096  0.741756341841146  0.737669884771256
2.530000000000000  0.293516182737959  0.092981280585789  -0.072068861916867  0.019844734528651  -0.015653937338124
2.540000000000000  0.573101865178976  0.750499412050554  0.001538230117161  0.741822380759634  0.737844643761262
2.540000000000000  0.294046549740857  0.093420456320061  -0.072170443142941  0.019907367263072  -0.015642341354438
2.550000000000000  0.574666366109920  0.751310388919533  0.001512987024664  0.741887147563468  0.738015883843469
2.550000000000000  0.294573246648301  0.093858025062283  -0.072270887476447  0.019969386636699  -0.015630632185005
2.560000000000000  0.576219561989368  0.752114773039426  0.001488021434339  0.741950573867542  0.738185441850081
2.560000000000000  0.295096340504900  0.094293993764245  -0.072370211742770  0.020030897576905  -0.015619072622778
2.570000000000000  0.577761612079850  0.752912615599202  0.001463464082708  0.742013309420740  0.738351135325449
2.570000000000000  0.295615856797427  0.094728313179485  -0.072468429832058  0.020091819801228  -0.015607424423739
2.580000000000000  0.579292590097479  0.753704032837551  0.001439203196990  0.742074847986925  0.738514745911214
2.580000000000000  0.296131850575191  0.095161069280991  -0.072565557504448  0.020152131684089  -0.015595934806185
2.590000000000000  0.580812632062586  0.754489086938977  0.001415237490147  0.742135015732114  0.738675914267175
2.590000000000000  0.296644346910427  0.095592189613899  -0.072661609169102  0.020212014737788  -0.015584378388783
2.600000000000000  0.582321870833025  0.755267867233187  0.001391607193255  0.742194932368292  0.738834506903730
2.600000000000000  0.297153418280870  0.096021740913779  -0.072756597378475  0.020271282890240  -0.015572694761181
2.610000000000000  0.583820397109504  0.756040452404044  0.001368264744872  0.742253678186162  0.738990667822147
2.610000000000000  0.297659071527841  0.096449674956718  -0.072850535462378  0.020329959458194  -0.015561135791814
2.620000000000000  0.585308335899061  0.756806919549674  0.001345224046122  0.742312012465958  0.739144728051929
2.620000000000000  0.298161404595728  0.096876044291442  -0.072943436416933  0.020388163457538  -0.015549532514744
2.630000000000000  0.586785796549046  0.757567310556665  0.001322511753859  0.742368941475554  0.739295434265719
2.630000000000000  0.298660402586088  0.097300802880325  -0.073035315450903  0.020445785419740  -0.015537977483403
2.640000000000000  0.588252879473790  0.758321712586340  0.001300075714499  0.742424907363755  0.739444313156375
2.640000000000000  0.299156131999157  0.097723994212961  -0.073126182052136  0.020502891193891  -0.015526525316322
2.650000000000000  0.589709698579738  0.759070276528427  0.001277919110790  0.742480601465635  0.739591447719057
2.650000000000000  0.299648632040519  0.098145615236565  -0.073216052248496  0.020559506904831  -0.015515042261571
2.660000000000000  0.591156389830508  0.759812927294540  0.001256057384772  0.742535031936034  0.739735837973005
2.660000000000000  0.300137920241690  0.098565627364342  -0.073304944850903  0.020615701878502  -0.015503569055400
2.670000000000000  0.592593002802595  0.760549874794114  0.001234471349351  0.742588593549762  0.739878050091810
2.670000000000000  0.300624061621713  0.098984128837727  -0.073392859371667  0.020671262757006  -0.015492009349030
2.680000000000000  0.594019682204246  0.761281127087184  0.001213169965334  0.742641861171967  0.740018250551463
2.680000000000000  0.301107085514934  0.099401026123893  -0.073479818063910  0.020726348970842  -0.015480650405877
2.690000000000000  0.595436498241876  0.762006739905262  0.001192162821029  0.742693643397272  0.740156679409442
2.690000000000000  0.301587025567386  0.099816368110169  -0.073565826920545  0.020780886892751  -0.015469260492356
2.700000000000000  0.596843554858184  0.762726795633679  0.001171418978836  0.742745029085087  0.740292195064824
2.700000000000000  0.302063925440613  0.100230170029007  -0.073650906059110  0.020834941839799  -0.015457843703756
2.710000000000000  0.598240997169149  0.763441367515247  0.001150928224432  0.742795118553882  0.740426757901917
2.710000000000000  0.302537810361291  0.100642385097499  -0.073735056246948  0.020888525463131  -0.015446501342621
2.720000000000000  0.599628874454468  0.764150546261657  0.001130714655859  0.742845331710936  0.740558108134370
2.720000000000000  0.303008710475622  0.101053075036376  -0.073818296729682  0.020941619378702  -0.015435174643155
2.730000000000000  0.601007313441841  0.764854344959576  0.001110759984789  0.742894595326316  0.740688329085715
2.730000000000000  0.303476668611777  0.101462224950227  -0.073900638669403  0.020994198802545  -0.015424125515959
2.740000000000000  0.602376373666073  0.765552825201360  0.001091054524368  0.742943096545829  0.740816111103296
2.740000000000000  0.303941739684957  0.101869839297789  -0.073982092835316  0.021046310637632  -0.015412885083022
2.750000000000000  0.603736165338446  0.766246099221836  0.001071615212302  0.742990893071878  0.740942700482168
2.750000000000000  0.304403911297182  0.102275919083520  -0.074062665914685  0.021097952110597  -0.015401508088913
2.760000000000000  0.605086815287717  0.766934193821502  0.001052406703838  0.743038253560332  0.741066738267516
2.760000000000000  0.304863244745598  0.102680485033970  -0.074142375375417  0.021149154270289  -0.015390344891730
2.770000000000000  0.606428358775174  0.767617183104923  0.001033466587114  0.743083993060279  0.741189293905107
2.770000000000000  0.305319787284386  0.103083484057620  -0.074221229130815  0.021199888750282  -0.015379307566990
2.780000000000000  0.607760925885361  0.768295132834909  0.001014754470486  0.743129770661170  0.741310004038231
2.780000000000000  0.305773532494402  0.103485018249732  -0.074299239143605  0.021250081655725  -0.015368213207901
2.790000000000000  0.609084573647433  0.768968032826753  0.000996309215462  0.743175323323133  0.741428566742385
2.790000000000000  0.306224527237055  0.103884983772091  -0.074376412317174  0.021299925999269  -0.015357070829089
2.800000000000000  0.610399438123852  0.769636047949152  0.000978063205560  0.743219237089419  0.741546560274032
2.800000000000000  0.306672819440267  0.104283455465789  -0.074452762718752  0.021349233415571  -0.015346116870588
2.810000000000000  0.611705584721961  0.770299160026176  0.000960073263960  0.743263458661394  0.741662140151454
2.810000000000000  0.307118418392104  0.104680441779797  -0.074528306839817  0.021398129982581  -0.015335094395212
2.820000000000000  0.613003066415746  0.770957439943356  0.000942326606678  0.743306239078665  0.741775275273501
2.820000000000000  0.307561358057787  0.105075946286087  -0.074603035826433  0.021446608955380  -0.015324198540822
2.830000000000000  0.614291998899141  0.771610950112572  0.000924802564322  0.743348899790668  0.741888568867719
2.830000000000000  0.308001673377610  0.105469908334156  -0.074676979265057  0.021494598481752  -0.015313145009160
2.840000000000000  0.615572469442510  0.772259737565246  0.000907500282774  0.743390884485559  0.741998613852232
2.840000000000000  0.308439386058089  0.105862397412109  -0.074750138708202  0.021542179340568  -0.015302357966964
2.850000000000000  0.616844542085910  0.772903893004696  0.000890424880343  0.743432141513357  0.742107697161647
2.850000000000000  0.308874516561891  0.106253402051422  -0.074822518944781  0.021589353816860  -0.015291610582680
2.860000000000000  0.618108303474198  0.773543406739322  0.000873567759616  0.743472891174307  0.742215029008482
2.860000000000000  0.309307111110226  0.106642919722518  -0.074894145609861  0.021636035479850  -0.015280728746161
2.870000000000000  0.619363846801246  0.774178369553543  0.000856935638509  0.743513410110920  0.742320983001201
2.870000000000000  0.309737189533927  0.107030969384844  -0.074965009887920  0.021682336770891  -0.015270028346390
2.880000000000000  0.620611230471844  0.774808833631929  0.000840489594537  0.743553089497437  0.742426068889740
2.880000000000000  0.310164784443133  0.107417563673032  -0.075035130790192  0.021728231650806  -0.015259318479058
2.890000000000000  0.621850562862437  0.775434830608548  0.000824278622959  0.743592057710845  0.742528867554536
2.890000000000000  0.310589906459127  0.107802673704576  -0.075104519084354  0.021773710453086  -0.015248621725775
2.900000000000000  0.623081885256356  0.776056423167124  0.000808261168356  0.743630628225938  0.742630530054471
2.900000000000000  0.311012595704941  0.108186345004082  -0.075173180835458  0.021818742436655  -0.015237933856984
2.910000000000000  0.624305300248400  0.776673670960628  0.000792473699248  0.743668806854334  0.742730605499708
2.910000000000000  0.311432872288182  0.108568535988906  -0.075241118451154  0.021863396720086  -0.015227379949178
2.920000000000000  0.625520864863285  0.777286584407319  0.000776868507860  0.743705765021335  0.742829575910198
2.920000000000000  0.311850758197948  0.108949281956214  -0.075308344814444  0.021907660088131  -0.015216898372056
2.930000000000000  0.626728671095976  0.777895217420210  0.000761455306466  0.743743727924958  0.742927089883908
2.930000000000000  0.312266278001058  0.109328602042326  -0.075374878976629  0.021951479517852  -0.015206552576304
2.940000000000000  0.627928780847317  0.778499658241861  0.000746260828564  0.743780432446902  0.743023434508932
2.940000000000000  0.312679467122494  0.109706481818335  -0.075440720737634  0.021994964171451  -0.015195988803432
2.950000000000000  0.629121284855906  0.779099883169676  0.000731279496171  0.743816462239685  0.743118324809210
2.950000000000000  0.313090332901477  0.110082916979170  -0.075505874099519  0.022038034477630  -0.015185659319181
2.960000000000000  0.630306203008043  0.779696012682277  0.000716444733979  0.743851975357069  0.743211982272643
2.960000000000000  0.313498891518923  0.110457924733566  -0.075570357251460  0.022080702425574  -0.015175107579053
2.970000000000000  0.631483669067932  0.780288055495522  0.000701827332728  0.743886971146748  0.743304394031486
2.970000000000000  0.313905202518055  0.110831486118746  -0.075634172253392  0.022123046112465  -0.015164896242228
2.980000000000000  0.632653713852550  0.780876054032494  0.000687381125799  0.743921620481473  0.743395259070039
2.980000000000000  0.314309269577768  0.111203668689141  -0.075697329849767  0.022164938781246  -0.015154684926506
2.990000000000000  0.633816437409608  0.781460053871926  0.000673130771327  0.743956078307004  0.743485286247323
2.990000000000000  0.314711101625053  0.111574402415181  -0.075759834670604  0.022206460269288  -0.015144492617094
3.000000000000000  0.634971877116909  0.782040094810652  0.000659064258812  0.743989829565991  0.743573832006666
3.000000000000000  0.315110733728038  0.111943757402395  -0.075821698370791  0.022247643587898  -0.015134476010621
