1.010000000000000  0.293646396427946  0.294179734371668  0.000125448036180  0.367270626389626  0.635215624073889
1.010000000000000  0.000000000000331  -0.000000000000090  -0.000000000000022  0.000000000000000  0.000000000000000
1.020000000000000  0.328562850023127  0.328932220926845  0.000089291025537  0.401133738607223  0.642757076771504
1.020000000000000  0.000000000001177  -0.000000000000060  -0.000000000000026  -0.000000000000001  0.000000000000025
1.030000000000000  0.355230562070646  0.355484806918038  0.000067162835784  0.426339195603694  0.648542003790628
1.030000000000000  0.000000000000860  -0.000000000000125  -0.000000000000021  -0.000000000000001  0.000000000000024
1.040000000000000  0.374077493443625  0.374259349005986  0.000058482223641  0.445696089323096  0.653389530476612
1.040000000000000  0.000000000002254  -0.000000000000058  -0.000000000000007  0.000000000000000  0.000000000000024
1.050000000000000  0.388731027209945  0.388875642631721  0.000057035246290  0.461671483340844  0.657641662852653
1.050000000000000  -0.000000000010272  0.000000000000240  0.000000000000021  0.000000000000032  0.000000000000025
1.060000000000000  0.401533370752035  0.401643666451902  0.000052927553638  0.475875567153387  0.661488365574006
1.060000000000000  -0.000000000031671  0.000000000001709  0.000000000000081  -0.000000000000027  0.000000000000024
1.070000000000000  0.413166182443183  0.413249569294368  0.000049118012461  0.488752639115321  0.665009889831104
1.070000000000000  0.000000000031675  -0.000000000003161  -0.000000000000152  -0.000000000000009  0.000000000000024
1.080000000000000  0.423857131605276  0.423920419466315  0.000045832001109  0.500507778069786  0.668261247545885
1.080000000000000  0.000000000517345  -0.000000000027147  -0.000000000001618  -0.000000000000010  0.000000000000024
1.090000000000000  0.433762580410061  0.433811354589282  0.000042961811937  0.511296730682639  0.671282716277932
1.090000000000000  -0.000000002702366  0.000000000078882  0.000000000003855  -0.000000000000761  0.000000000000025
1.100000000000000  0.443000005977766  0.443038100728086  0.000040509835920  0.521245130453407  0.674104839871955
1.100000000000000  0.000000032035758  -0.000000001241435  -0.000000000027475  0.000000000002486  -0.000000000000109
1.110000000000000  0.451661981617631  0.451692268581864  0.000038232085593  0.530456878013545  0.676751835208127
1.110000000000000  0.000000000037757  -0.000000002532631  -0.000000004478943  -0.000000000239044  0.000000000002801
1.120000000000000  0.459822956981139  0.459847355272959  0.000036280510420  0.539019028120420  0.679243229734538
1.120000000000000  0.000000000003851  -0.000000000557890  -0.000000038736548  0.000000000211243  0.000000000004581
1.130000000000000  0.467543286909737  0.467563392837960  0.000034571006267  0.547004713573896  0.681595105959341
1.130000000000000  0.000000000000598  -0.000000000009222  -0.000000001222863  -0.000000000229582  0.000000000012549
1.140000000000000  0.474873276686416  0.474890074347166  0.000033050102791  0.554476016725490  0.683820852746008
1.140000000000000  0.000000000024782  -0.000000000002079  -0.000000000317133  0.000000001301970  0.000000000007445
1.150000000000000  0.481854492740266  0.481868671882104  0.000031533458137  0.561485776515675  0.685931926295953
1.150000000000000  0.000000000008929  0.000000000000438  -0.000000000004207  0.000000001968746  -0.000000000078080
1.160000000000000  0.488522003766182  0.488534138866336  0.000030298701629  0.568079346030770  0.687938114819006
1.160000000000000  -0.000000000015220  0.000000000002707  -0.000000000002252  0.000000001893863  -0.000000000095497
1.170000000000000  0.494905784345858  0.494916229855485  0.000029155369117  0.574295786022746  0.689848020992345
1.170000000000000  0.000000000137881  0.000000000021759  0.000000000001221  -0.000000002880919  -0.000000000237804
1.180000000000000  0.501031163902267  0.501040327581510  0.000028127114385  0.580168934739112  0.691668993914917
1.180000000000000  0.000000000137286  0.000000000003590  -0.000000000010600  0.000000013011311  0.000000000236657
1.190000000000000  0.506920377787108  0.506928334058804  0.000027137948090  0.585728348339633  0.693407647586209
1.190000000000000  0.000000000365372  0.000000000023872  0.000000000010971  0.000000001885830  -0.000000000629053
1.200000000000000  0.512592459813054  0.512599386557106  0.000026238051256  0.591000080170759  0.695069811219373
1.200000000000000  0.000000000327891  0.000000000122559  -0.000000000004725  0.000000009593929  0.000000000799137
1.210000000000000  0.518064251627308  0.518070567732563  0.000025385928663  0.596007036579003  0.696660666075971
1.210000000000000  -0.000000001050623  -0.000000000077053  0.000000000001172  -0.000000024756522  0.000000000919609
1.220000000000000  0.523350400741935  0.523356046671693  0.000024617236630  0.600769468802452  0.698184917000981
1.220000000000000  -0.000000002703931  0.000000000091305  -0.000000000006086  -0.000000017619807  -0.000000001339263
1.230000000000000  0.528464121000291  0.528469142160797  0.000023873216035  0.605305502374160  0.699646786873931
1.230000000000000  0.000000002314249  0.000000000130324  0.000000000027469  0.000000017010663  -0.000000000871558
1.240000000000000  0.533416901651179  0.533421396979722  0.000023186679197  0.609631310382434  0.701050119485990
1.240000000000000  0.000000001855471  -0.000000000016603  0.000000000091174  0.000000034932585  -0.000000001698339
1.250000000000000  0.538219177497726  0.538223222505451  0.000022551483606  0.613761541331863  0.702398357217268
1.250000000000000  -0.000000007008022  -0.000000001688924  -0.000000000147250  -0.000000021746426  0.000000000420992
1.260000000000000  0.542880332558787  0.542884185893985  0.000021940557836  0.617709348197469  0.703694704547892
1.260000000000000  0.000000013921843  -0.000000001197238  -0.000000000106242  -0.000000036834504  -0.000000004551110
1.270000000000000  0.547408853879130  0.547412194096663  0.000021367695987  0.621486631640348  0.704942091353291
1.270000000000000  0.000000008147825  -0.000000001521829  0.000000000197012  -0.000000095654551  -0.000000000031962
1.280000000000000  0.551812299830752  0.551815422816523  0.000020810076966  0.625104126399434  0.706143169769858
1.280000000000000  0.000000044823214  0.000000006884321  0.000000000028457  -0.000000079761950  -0.000000001524300
1.290000000000000  0.556097645829126  0.556100530668319  0.000020296071922  0.628571673793404  0.707300423860024
1.290000000000000  0.000000005127699  0.000000002399232  -0.000000000198107  -0.000000108093587  0.000000001169812
1.300000000000000  0.560271298803842  0.560273906162265  0.000019813523969  0.631898306588002  0.708416136136129
1.300000000000000  -0.000000009715875  0.000000002772479  -0.000000000316346  0.000000073295906  0.000000015829362
1.310000000000000  0.564338926712429  0.564341397163449  0.000019316242638  0.635092387735671  0.709492436710512
1.310000000000000  -0.000000005861033  -0.000000011541907  -0.000000000077653  0.000000067987048  -0.000000012385470
1.320000000000000  0.568306086259572  0.568308234243019  0.000018875538722  0.638161331229271  0.710531243559034
1.320000000000000  -0.000000009820767  -0.000000016313774  -0.000000000062901  -0.000000039226640  -0.000000011569153
1.330000000000000  0.572177356069525  0.572179533563678  0.000018465920510  0.641112230645373  0.711534461532880
1.330000000000000  -0.000000011216670  0.000000026515515  0.000000000274167  -0.000000032636629  -0.000000003080816
1.340000000000000  0.575957599374838  0.575959494416264  0.000018037243819  0.643951540728425  0.712503755094229
1.340000000000000  0.000000006687005  0.000000028223439  -0.000000000153003  0.000000073645291  -0.000000009343628
1.350000000000000  0.579650780764374  0.579652757181680  0.000017636733854  0.646685130755748  0.713440695424847
1.350000000000000  0.000000021032046  -0.000000008055354  0.000000000036126  -0.000000027665275  0.000000006506143
1.360000000000000  0.583260955451413  0.583262596091500  0.000017261501369  0.649318737343996  0.714346781112020
1.360000000000000  0.000000017965642  0.000000013996353  -0.000000003590487  0.000000136835931  -0.000000007508324
1.370000000000000  0.586791628808459  0.586793008367239  0.000016896824099  0.651857251816591  0.715223419202981
1.370000000000000  -0.000000012738393  -0.000000005001863  0.000000002265515  -0.000000045182590  -0.000000000495135
1.380000000000000  0.590246097005440  0.590247630046008  0.000016536480628  0.654305594854444  0.716071885136822
1.380000000000000  -0.000000018819717  0.000000026282723  0.000000004057003  0.000000039199676  -0.000000011866720
1.390000000000000  0.593627644262110  0.593629037160903  0.000016190912998  0.656668218615531  0.716893495739533
1.390000000000000  0.000000004630576  -0.000000002164382  0.000000001385981  -0.000000024127588  -0.000000006273994
1.400000000000000  0.596939089293592  0.596940361966264  0.000015881782301  0.658949196240730  0.717689322749004
1.400000000000000  0.000000030270289  -0.000000013011579  0.000000003614134  0.000000100504936  0.000000011258031
1.410000000000000  0.600183406904572  0.600184743666886  0.000015575324268  0.661152490571428  0.718460451670714
1.410000000000000  0.000000018769005  0.000000005994053  0.000000000248762  -0.000000055873425  -0.000000007234861
1.420000000000000  0.603362979645406  0.603364192932051  0.000015238475807  0.663281708597900  0.719208029698903
1.420000000000000  0.000000002880064  0.000000026556117  0.000000004814366  -0.000000059134866  -0.000000021526060
1.430000000000000  0.606480088528973  0.606481290512322  0.000014966061912  0.665340282672664  0.719932866330081
1.430000000000000  -0.000000006869846  -0.000000000490768  -0.000000000742567  0.000000049688221  -0.000000009977350
1.440000000000000  0.609537496217955  0.609538454870973  0.000014667497717  0.667331371718213  0.720636030206766
1.440000000000000  0.000000005821283  0.000000003377979  -0.000000001655844  0.000000114255007  0.000000012326475
1.450000000000000  0.612536784830046  0.612537814613363  0.000014410464940  0.669258011409614  0.721318279340965
1.450000000000000  0.000000001112744  -0.000000025796782  -0.000000007038494  0.000000075177467  0.000000017352548
1.460000000000000  0.615480439215337  0.615481267103555  0.000014112867946  0.671123049313651  0.721980497513400
1.460000000000000  0.000000006322199  0.000000008096133  0.000000009645274  -0.000000053373485  0.000000019489368
1.470000000000000  0.618370285532291  0.618371073379373  0.000013866388532  0.672929126223307  0.722623414048637
1.470000000000000  0.000000003942739  0.000000016232007  -0.000000003680467  0.000000045990673  0.000000008759111
1.480000000000000  0.621207867218283  0.621208659819104  0.000013602577005  0.674678803352267  0.723247860191060
1.480000000000000  0.000000001570167  -0.000000011991398  -0.000000002998237  -0.000000050639654  -0.000000003363972
1.490000000000000  0.623995124564848  0.623995901561277  0.000013346948093  0.676374351488412  0.723854438972578
1.490000000000000  0.000000009717146  -0.000000022266343  -0.000000001138264  -0.000000101705639  0.000000009434639
1.500000000000000  0.626733646468385  0.626734478555712  0.000013117621956  0.678018197696408  0.724443909595836
1.500000000000000  0.000000003331894  -0.000000006290342  0.000000002787456  0.000000040814738  0.000000019487000
1.510000000000000  0.629425075392680  0.629425652789503  0.000012907261340  0.679612317912843  0.725016861069870
1.510000000000000  0.000000008968546  0.000000002340706  -0.000000003958801  0.000000050967308  0.000000014357028
1.520000000000000  0.632070713576440  0.632071553776967  0.000012676806065  0.681158668996402  0.725573882023411
1.520000000000000  0.000000001879943  -0.000000000004893  0.000000000024577  0.000000073420599  0.000000031342786
1.530000000000000  0.634672167942424  0.634672717310382  0.000012457220745  0.682659246424682  0.726115550078075
1.530000000000000  0.000000025508880  0.000000012283414  -0.000000014680688  -0.000000053426193  -0.000000001327828
1.540000000000000  0.637230603781477  0.637231243781651  0.000012235751263  0.684115958436548  0.726642478439556
1.540000000000000  -0.000000004102387  -0.000000005580998  0.000000005343285  0.000000016214202  0.000000019062765
1.550000000000000  0.639747431552228  0.639747874874860  0.000012026862737  0.685530354451926  0.727155131389365
1.550000000000000  0.000000002471514  -0.000000035026201  -0.000000002391559  0.000000052111818  0.000000026191368
1.560000000000000  0.642223681832673  0.642224168872263  0.000011838541782  0.686904025635986  0.727654061774020
1.560000000000000  0.000000010636684  -0.000000003858893  -0.000000003323305  -0.000000021260502  -0.000000014430000
1.570000000000000  0.644660705138962  0.644661270524785  0.000011636861553  0.688238750573326  0.728139729628548
1.570000000000000  -0.000000009724466  0.000000011238052  0.000000002424286  -0.000000047086635  0.000000015769674
1.580000000000000  0.647059519154261  0.647059968837267  0.000011439476719  0.689535765734158  0.728612542365254
1.580000000000000  -0.000000000850907  0.000000011808413  0.000000011458346  -0.000000068847425  0.000000022290234
1.590000000000000  0.649421160510650  0.649421595936803  0.000011253472241  0.690796564384430  0.729073003706784
1.590000000000000  0.000000006634588  0.000000001302622  -0.000000001247112  -0.000000093280099  -0.000000007921977
1.600000000000000  0.651746758438783  0.651747048205463  0.000011080701581  0.692022450596995  0.729521496980286
1.600000000000000  -0.000000002661397  -0.000000027246215  0.000000000036347  -0.000000069270240  0.000000000278453
1.610000000000000  0.654037074855017  0.654037414091982  0.000010891959865  0.693214724320579  0.729958457710973
1.610000000000000  -0.000000012278398  -0.000000011877838  -0.000000007191309  -0.000000006834411  -0.000000000861955
1.620000000000000  0.656293410034250  0.656293656167691  0.000010729877717  0.694374617058554  0.730384202743213
1.620000000000000  0.000000016689241  0.000000004593828  -0.000000000403030  -0.000000065966115  -0.000000002486543
1.630000000000000  0.658516071530120  0.658516414802448  0.000010560819637  0.695503160055308  0.730799174456847
1.630000000000000  -0.000000004216663  0.000000014193381  -0.000000000699454  0.000000009030631  -0.000000011016383
1.640000000000000  0.660706432245764  0.660706808016978  0.000010380802751  0.696601704394746  0.731203661251053
1.640000000000000  -0.000000012939849  -0.000000000849384  0.000000015392410  0.000000002027577  -0.000000035144297
1.650000000000000  0.662865257291080  0.662865373645372  0.000010220489314  0.697671037063571  0.731598059946151
1.650000000000000  -0.000000014331385  0.000000005687562  -0.000000005903411  -0.000000063899006  0.000000019616937
1.660000000000000  0.664993159897999  0.664993444404244  0.000010075298158  0.698712214305848  0.731982674898257
1.660000000000000  0.000000018126934  -0.000000010799102  -0.000000013675037  -0.000000016629818  0.000000016973751
1.670000000000000  0.667090940891506  0.667091403396038  0.000009927525218  0.699726359187299  0.732357800396203
1.670000000000000  -0.000000007648887  -0.000000019471044  -0.000000004014206  -0.000000067552255  -0.000000034364236
1.680000000000000  0.669159558442288  0.669159935117340  0.000009782565116  0.700714253875387  0.732723741555636
1.680000000000000  -0.000000016906120  0.000000009175374  -0.000000004470592  -0.000000016960181  -0.000000017704218
1.690000000000000  0.671199264472945  0.671199665961402  0.000009618674444  0.701676765566556  0.733080764277198
1.690000000000000  0.000000004892272  -0.000000010847147  0.000000001638167  -0.000000076547558  -0.000000007787964
1.700000000000000  0.673211258677564  0.673211558888948  0.000009465439401  0.702614926393428  0.733429209725419
1.700000000000000  -0.000000002717559  0.000000001268671  0.000000002981752  -0.000000008418395  -0.000000004365657
1.710000000000000  0.675195861574780  0.675196223571907  0.000009340425483  0.703529249193582  0.733769298637500
1.710000000000000  0.000000003943012  -0.000000016244822  -0.000000014215471  0.000000001580263  0.000000042695469
1.720000000000000  0.677153893821391  0.677154157895662  0.000009224399145  0.704420799779321  0.734101301628529
1.720000000000000  -0.000000024844419  -0.000000005977498  -0.000000007205509  -0.000000026846398  0.000000008296771
1.730000000000000  0.679085734934538  0.679085957915609  0.000009084463694  0.705290121820489  0.734425459320988
1.730000000000000  0.000000007758572  -0.000000000096693  -0.000000008199093  -0.000000059914628  -0.000000017605670
1.740000000000000  0.680992186997301  0.680992433472103  0.000008948582891  0.706138001980131  0.734741996072467
1.740000000000000  0.000000004295324  -0.000000007989348  0.000000007720278  -0.000000010324516  -0.000000005484616
1.750000000000000  0.682873658687057  0.682873991141656  0.000008823439931  0.706965050428370  0.735051126667065
1.750000000000000  0.000000007545310  -0.000000028702816  0.000000005974676  0.000000061994916  -0.000000011006047
1.760000000000000  0.684731011492885  0.684731137421002  0.000008690490127  0.707772115453531  0.735353092009105
1.760000000000000  0.000000005366342  -0.000000000371303  0.000000015760073  -0.000000007885932  0.000000011661829
1.770000000000000  0.686564382345382  0.686564697588783  0.000008579134568  0.708559596266686  0.735648132679926
1.770000000000000  0.000000009092798  0.000000019298205  -0.000000014414809  0.000000012946669  0.000000031902080
1.780000000000000  0.688374575652893  0.688374770862012  0.000008448651930  0.709328301080091  0.735936383652496
1.780000000000000  0.000000007237299  0.000000005422845  -0.000000011214264  0.000000011096399  0.000000016096428
1.790000000000000  0.690161905992063  0.690162421959449  0.000008334477730  0.710078661022520  0.736218097108944
1.790000000000000  -0.000000003666855  -0.000000004634450  0.000000001362936  0.000000002722778  -0.000000014393057
1.800000000000000  0.691926831977164  0.691927326690030  0.000008201329291  0.710811262677159  0.736493440006301
1.800000000000000  0.000000009554841  -0.000000023279397  -0.000000005911480  0.000000042805325  0.000000010631117
1.810000000000000  0.693670201678501  0.693670627067538  0.000008105983196  0.711526715264539  0.736762598666887
1.810000000000000  -0.000000021016825  0.000000008712136  0.000000010278567  0.000000002423348  0.000000016289725
1.820000000000000  0.695391894759126  0.695392090708491  0.000007995401149  0.712225483261205  0.737025722212138
1.820000000000000  0.000000002224772  0.000000015423420  -0.000000002064486  0.000000052725278  -0.000000037028382
1.830000000000000  0.697092658874418  0.697092888514357  0.000007880397151  0.712907990938713  0.737283064918780
1.830000000000000  0.000000015634466  -0.000000011447288  0.000000001445572  0.000000066576693  0.000000002951837
1.840000000000000  0.698773208626849  0.698773338391874  0.000007795957259  0.713574866670668  0.737534692597042
1.840000000000000  -0.000000004286940  -0.000000006803556  -0.000000015750749  -0.000000072121236  0.000000040948348
1.850000000000000  0.700433421394915  0.700433541126765  0.000007694409246  0.714226558716357  0.737780817932377
1.850000000000000  0.000000002916552  0.000000037231513  0.000000013140631  0.000000007157572  0.000000018985927
1.860000000000000  0.702073911539316  0.702074094856015  0.000007590066263  0.714863489948200  0.738021585740769
1.860000000000000  0.000000015025249  -0.000000030236992  -0.000000012383322  0.000000019788824  -0.000000003867422
1.870000000000000  0.703695102370791  0.703695326435994  0.000007467883433  0.715485985613755  0.738257128226313
1.870000000000000  0.000000010711845  -0.000000012163997  0.000000000206824  0.000000053775807  0.000000006837605
1.880000000000000  0.705297273178111  0.705297651936177  0.000007388557498  0.716094526005171  0.738487596060236
1.880000000000000  0.000000020527452  0.000000000295394  -0.000000004838122  0.000000039785780  -0.000000005062371
1.890000000000000  0.706881100733807  0.706881298268202  0.000007272736585  0.716689535243022  0.738713107963379
1.890000000000000  0.000000010410687  -0.000000007974832  0.000000028100812  -0.000000003089718  0.000000011891760
1.900000000000000  0.708446321279160  0.708446658720281  0.000007201662135  0.717271377775898  0.738933820480192
1.900000000000000  0.000000018936134  0.000000002535707  -0.000000010901681  -0.000000035204181  -0.000000018117094
1.910000000000000  0.709994040227167  0.709994254674682  0.000007110642537  0.717840547714363  0.739149896561786
1.910000000000000  0.000000000288095  -0.000000021536053  -0.000000003740737  0.000000014812860  -0.000000003383235
1.920000000000000  0.711524177821231  0.711524190710548  0.000007007694220  0.718397133719963  0.739361392006255
1.920000000000000  -0.000000002801313  0.000000002486367  -0.000000013730087  -0.000000011252793  0.000000025360359
1.930000000000000  0.713036956908303  0.713037102632205  0.000006922945686  0.718941696354937  0.739568493507264
1.930000000000000  -0.000000017766314  -0.000000005836879  0.000000038643926  -0.000000039222049  0.000000013965990
1.940000000000000  0.714532892946445  0.714532855053486  0.000006851099340  0.719474586720576  0.739771234143938
1.940000000000000  -0.000000010147611  0.000000004091467  0.000000016943837  0.000000027803770  -0.000000039696042
1.950000000000000  0.716012240655403  0.716012403468169  0.000006753601354  0.719995973969385  0.739969832995400
1.950000000000000  0.000000002571261  0.000000002612111  -0.000000018076051  0.000000010509356  -0.000000029574729
1.960000000000000  0.717475432094517  0.717475558207554  0.000006660797244  0.720506149991267  0.740164323035899
1.960000000000000  -0.000000001346107  0.000000019416600  -0.000000029913772  0.000000014798282  -0.000000016947907
1.970000000000000  0.718922402195838  0.718922356809327  0.000006573137996  0.721005768463099  0.740354795389990
1.970000000000000  -0.000000000530442  0.000000002359814  -0.000000016468070  0.000000016123723  -0.000000009306414
1.980000000000000  0.720353883597481  0.720353950695371  0.000006504932231  0.721494684605265  0.740541421479171
1.980000000000000  0.000000000653055  0.000000015706583  0.000000002300676  -0.000000041146176  -0.000000014884875
1.990000000000000  0.721769606235934  0.721769796873762  0.000006415435431  0.721973390167678  0.740724272075090
1.990000000000000  0.000000001622577  0.000000016375835  0.000000001587455  -0.000000016259353  0.000000045565061
2.000000000000000  0.723170611597381  0.723170600682409  0.000006325452734  0.722442234047430  0.740903438652988
2.000000000000000  0.000000003802162  0.000000005688236  -0.000000004380948  0.000000092587526  0.000000002725660
2.010000000000000  0.724556443116485  0.724556534011980  0.000006283051173  0.722901112012911  0.741078919967685
2.010000000000000  0.000000000000291  -0.000000000000124  -0.000000000000017  0.000000000000000  0.000000000000000
2.020000000000000  0.725927735480226  0.725927803854560  0.000006209713276  0.723350665501253  0.741251003704652
2.020000000000000  0.000000000000291  -0.000000000000124  -0.000000000000017  -0.000000000000000  0.000000000000022
2.030000000000000  0.727284629379188  0.727284706618969  0.000006134213921  0.723791093943076  0.741419651291443
2.030000000000000  0.000000000000291  -0.000000000000124  -0.000000000000017  -0.000000000000000  0.000000000000022
2.040000000000000  0.728627371222128  0.728627409263249  0.000006071834034  0.724222568395477  0.741584978788828
2.040000000000000  0.000000000000291  -0.000000000000124  -0.000000000000017  -0.000000000000000  0.000000000000022
2.050000000000000  0.729956212847539  0.729956304307227  0.000006002624184  0.724645266079528  0.741747058945073
2.050000000000000  0.000000000000291  -0.000000000000124  -0.000000000000017  -0.000000000000000  0.000000000000022
2.060000000000000  0.731271385264402  0.731271459943136  0.000005924321821  0.725059500597768  0.741905981637746
2.060000000000000  0.000000000000290  -0.000000000000124  -0.000000000000017  -0.000000000000000  0.000000000000022
2.070000000000000  0.732573155117987  0.732573202365020  0.000005856782882  0.725465417275803  0.742061839359387
2.070000000000000  0.000000000000290  -0.000000000000124  -0.000000000000017  -0.000000000000000  0.000000000000022
2.080000000000000  0.733861662517337  0.733861748545796  0.000005780142048  0.725863264181151  0.742214628447304
2.080000000000000  0.000000000000290  -0.000000000000124  -0.000000000000017  -0.000000000000000  0.000000000000022
2.090000000000000  0.735137196164267  0.735137241640881  0.000005721909797  0.726253212248306  0.742364491077722
2.090000000000000  0.000000000000290  -0.000000000000124  -0.000000000000017  -0.000000000000000  0.000000000000022
2.100000000000000  0.736399896734507  0.736399951341571  0.000005668873996  0.726635523166742  0.742511503101822
2.100000000000000  0.000000000000290  -0.000000000000124  -0.000000000000017  -0.000000000000000  0.000000000000022
2.110000000000000  0.737650059307469  0.737650065589079  0.000005571065920  0.727010346802213  0.742655689767170
2.110000000000000  0.000000000000290  -0.000000000000124  -0.000000000000017  -0.000000000000000  0.000000000000022
2.120000000000000  0.738887771107127  0.738887824087003  0.000005530437000  0.727377841124164  0.742797178349050
2.120000000000000  0.000000000000290  -0.000000000000124  -0.000000000000017  -0.000000000000000  0.000000000000022
2.130000000000000  0.740113346332895  0.740113391638296  0.000005456491553  0.727738213910828  0.742935990811033
2.130000000000000  0.000000000000290  -0.000000000000124  -0.000000000000017  -0.000000000000000  0.000000000000022
2.140000000000000  0.741326890941626  0.741326947555495  0.000005405524491  0.728091678624219  0.743072195979230
2.140000000000000  0.000000000000290  -0.000000000000124  -0.000000000000017  -0.000000000000000  0.000000000000022
2.150000000000000  0.742528687535446  0.742528735145161  0.000005359948530  0.728438348699600  0.743205841376373
2.150000000000000  0.000000000000290  -0.000000000000124  -0.000000000000017  -0.000000000000000  0.000000000000022
2.160000000000000  0.743718800520678  0.743718861460024  0.000005279898684  0.728778370256882  0.743337022165111
2.160000000000000  0.000000000000290  -0.000000000000124  -0.000000000000017  -0.000000000000000  0.000000000000022
2.170000000000000  0.744897519637962  0.744897546635919  0.000005218270257  0.729112013090073  0.743465762321529
2.170000000000000  0.000000000000290  -0.000000000000124  -0.000000000000017  -0.000000000000000  0.000000000000022
2.180000000000000  0.746064950236732  0.746064977636275  0.000005170795753  0.729439325311591  0.743592152264619
2.180000000000000  0.000000000000290  -0.000000000000124  -0.000000000000017  -0.000000000000000  0.000000000000022
2.190000000000000  0.747221250986245  0.747221299252351  0.000005105167321  0.729760474510303  0.743716207128790
2.190000000000000  0.000000000000290  -0.000000000000124  -0.000000000000017  -0.000000000000000  0.000000000000022
2.200000000000000  0.748366651346783  0.748366690293934  0.000005070536375  0.730075621470410  0.743838009171474
2.200000000000000  0.000000000000290  -0.000000000000124  -0.000000000000017  -0.000000000000000  0.000000000000022
2.210000000000000  0.749501269943600  0.749501330881498  0.000004990419544  0.730384930167199  0.743957633111075
2.210000000000000  0.000000000000289  -0.000000000000124  -0.000000000000017  -0.000000000000000  0.000000000000022
2.220000000000000  0.750625327610742  0.750625354239757  0.000004948045454  0.730688507341276  0.744075049084718
2.220000000000000  0.000000000000289  -0.000000000000124  -0.000000000000017  -0.000000000000000  0.000000000000022
2.230000000000000  0.751738888195363  0.751738946273824  0.000004883786278  0.730986483501519  0.744190358786768
2.230000000000000  0.000000000000289  -0.000000000000124  -0.000000000000017  -0.000000000000000  0.000000000000022
2.240000000000000  0.752842171985662  0.752842237688898  0.000004849404734  0.731279006044330  0.744303605973261
2.240000000000000  0.000000000000289  -0.000000000000124  -0.000000000000017  -0.000000000000000  0.000000000000022
2.250000000000000  0.753935321084381  0.753935344402446  0.000004802117100  0.731566201177130  0.744414841213189
2.250000000000000  0.000000000000289  -0.000000000000124  -0.000000000000017  -0.000000000000000  0.000000000000022
2.260000000000000  0.755018484409025  0.755018506646287  0.000004761725282  0.731848178043148  0.744524108446747
2.260000000000000  0.000000000000289  -0.000000000000124  -0.000000000000017  -0.000000000000000  0.000000000000022
2.270000000000000  0.756091774874787  0.756091806127567  0.000004701774223  0.732125091422820  0.744631419359120
2.270000000000000  0.000000000000289  -0.000000000000124  -0.000000000000017  -0.000000000000000  0.000000000000022
2.280000000000000  0.757155365888207  0.757155385119536  0.000004639120604  0.732396988950609  0.744736878868855
2.280000000000000  0.000000000000289  -0.000000000000124  -0.000000000000017  -0.000000000000000  0.000000000000022
2.290000000000000  0.758209411432181  0.758209428230224  0.000004613210101  0.732664049546877  0.744840491597088
2.290000000000000  0.000000000000289  -0.000000000000124  -0.000000000000017  -0.000000000000000  0.000000000000022
2.300000000000000  0.759253981642870  0.759254007964740  0.000004563573005  0.732926367171745  0.744942304213438
2.300000000000000  0.000000000000289  -0.000000000000124  -0.000000000000017  -0.000000000000000  0.000000000000022
2.310000000000000  0.760289271059089  0.760289304954982  0.000004514793554  0.733184033474296  0.745042341525363
2.310000000000000  0.000000000000289  -0.000000000000124  -0.000000000000017  -0.000000000000000  0.000000000000022
2.320000000000000  0.761315399748074  0.761315415585840  0.000004464935244  0.733437145403920  0.745140680465111
2.320000000000000  0.000000000000289  -0.000000000000124  -0.000000000000017  -0.000000000000000  0.000000000000022
2.330000000000000  0.762332488937643  0.762332542933531  0.000004408569796  0.733685820412889  0.745237269249768
2.330000000000000  0.000000000000289  -0.000000000000124  -0.000000000000017  -0.000000000000000  0.000000000000022
2.340000000000000  0.763340659698595  0.763340664496168  0.000004362852566  0.733930132638390  0.745332242630447
2.340000000000000  0.000000000000289  -0.000000000000124  -0.000000000000017  -0.000000000000000  0.000000000000022
2.350000000000000  0.764340009068445  0.764340045135120  0.000004317412201  0.734170238318379  0.745425582270638
2.350000000000000  0.000000000000289  -0.000000000000124  -0.000000000000017  -0.000000000000000  0.000000000000022
2.360000000000000  0.765330714152504  0.765330754421468  0.000004277358860  0.734406187683691  0.745517350471244
2.360000000000000  0.000000000000289  -0.000000000000124  -0.000000000000017  -0.000000000000000  0.000000000000022
2.370000000000000  0.766312867138777  0.766312874950227  0.000004260494318  0.734638036247483  0.745607557931546
2.370000000000000  0.000000000000289  -0.000000000000124  -0.000000000000017  -0.000000000000000  0.000000000000022
2.380000000000000  0.767286564088633  0.767286589327343  0.000004204214021  0.734865951875787  0.745696236577126
2.380000000000000  0.000000000000289  -0.000000000000124  -0.000000000000017  -0.000000000000000  0.000000000000022
2.390000000000000  0.768251954033996  0.768251964818992  0.000004174021095  0.735089934171723  0.745783468318663
2.390000000000000  0.000000000000289  -0.000000000000124  -0.000000000000017  -0.000000000000000  0.000000000000022
2.400000000000000  0.769209105704122  0.769209127995270  0.000004118575183  0.735310128508765  0.745869211929824
2.400000000000000  0.000000000000289  -0.000000000000124  -0.000000000000017  -0.000000000000000  0.000000000000022
2.410000000000000  0.770158167238427  0.770158193112155  0.000004076035763  0.735526567919589  0.745953530461124
2.410000000000000  0.000000000000289  -0.000000000000124  -0.000000000000017  -0.000000000000000  0.000000000000022
2.420000000000000  0.771099262438896  0.771099252210446  0.000004037573435  0.735739415005020  0.746036455796836
2.420000000000000  0.000000000000288  -0.000000000000124  -0.000000000000017  -0.000000000000000  0.000000000000022
2.430000000000000  0.772032436530066  0.772032410210952  0.000003998398142  0.735948635898997  0.746118045205240
2.430000000000000  0.000000000000288  -0.000000000000124  -0.000000000000017  -0.000000000000000  0.000000000000022
2.440000000000000  0.772957816583827  0.772957848742874  0.000003973175458  0.736154408623086  0.746198275721957
2.440000000000000  0.000000000000288  -0.000000000000124  -0.000000000000017  -0.000000000000000  0.000000000000022
2.450000000000000  0.773875513456906  0.773875535062372  0.000003934706728  0.736356747179542  0.746277195384157
2.450000000000000  0.000000000000288  -0.000000000000124  -0.000000000000017  -0.000000000000000  0.000000000000022
2.460000000000000  0.774785632631089  0.774785656994663  0.000003904791323  0.736555750654530  0.746354856883618
2.460000000000000  0.000000000000288  -0.000000000000124  -0.000000000000017  -0.000000000000000  0.000000000000022
2.470000000000000  0.775688253188143  0.775688290469488  0.000003862155438  0.736751465441682  0.746431208676648
2.470000000000000  0.000000000000288  -0.000000000000124  -0.000000000000017  -0.000000000000000  0.000000000000022
2.480000000000000  0.776583494037473  0.776583521784843  0.000003813528135  0.736943944251498  0.746506391276233
2.480000000000000  0.000000000000288  -0.000000000000124  -0.000000000000017  -0.000000000000000  0.000000000000022
2.490000000000000  0.777471423278981  0.777471454741798  0.000003800467838  0.737133303699299  0.746580333348285
2.490000000000000  0.000000000000288  -0.000000000000124  -0.000000000000017  -0.000000000000000  0.000000000000022
2.500000000000000  0.778352166651989  0.778352227152575  0.000003774393460  0.737319564332041  0.746653100632064
2.500000000000000  0.000000000000288  -0.000000000000124  -0.000000000000017  -0.000000000000000  0.000000000000022
2.510000000000000  0.779225779103341  0.779225785879608  0.000003735785999  0.737502835459241  0.746724693363092
2.510000000000000  0.000000000000288  -0.000000000000124  -0.000000000000017  -0.000000000000000  0.000000000000022
2.520000000000000  0.780092382503470  0.780092394513656  0.000003686037743  0.737683145563715  0.746795185767315
2.520000000000000  0.000000000000288  -0.000000000000124  -0.000000000000017  -0.000000000000000  0.000000000000022
2.530000000000000  0.780952058443014  0.780952052609245  0.000003653124804  0.737860540147371  0.746864532270513
2.530000000000000  0.000000000000288  -0.000000000000124  -0.000000000000017  -0.000000000000000  0.000000000000022
2.540000000000000  0.781804873556190  0.781804856141824  0.000003618662154  0.738035123481509  0.746932784769141
2.540000000000000  0.000000000000288  -0.000000000000124  -0.000000000000017  -0.000000000000000  0.000000000000022
2.550000000000000  0.782650900780684  0.782650907036530  0.000003591652671  0.738206890313664  0.746999969617100
2.550000000000000  0.000000000000288  -0.000000000000124  -0.000000000000017  -0.000000000000000  0.000000000000022
2.560000000000000  0.783490264708415  0.783490247708928  0.000003556588119  0.738375956631369  0.747066122928803
2.560000000000000  0.000000000000288  -0.000000000000124  -0.000000000000017  -0.000000000000000  0.000000000000022
2.570000000000000  0.784323003756823  0.784323024302352  0.000003520410452  0.738542334072973  0.747131241500551
2.570000000000000  0.000000000000288  -0.000000000000124  -0.000000000000017  -0.000000000000000  0.000000000000022
2.580000000000000  0.785149237962873  0.785149245425556  0.000003491168197  0.738706147514261  0.747195353101201
2.580000000000000  0.000000000000288  -0.000000000000124  -0.000000000000017  -0.000000000000000  0.000000000000022
2.590000000000000  0.785969033744389  0.785969034692701  0.000003461573090  0.738867349689838  0.747258483405700
2.590000000000000  0.000000000000288  -0.000000000000124  -0.000000000000017  -0.000000000000000  0.000000000000022
2.600000000000000  0.786782471247276  0.786782494471088  0.000003453753844  0.739026030003404  0.747320598036928
2.600000000000000  0.000000000000288  -0.000000000000124  -0.000000000000017  -0.000000000000000  0.000000000000022
2.610000000000000  0.787589628841366  0.787589658385749  0.000003402741930  0.739182264613994  0.747381788878910
2.610000000000000  0.000000000000288  -0.000000000000124  -0.000000000000017  -0.000000000000000  0.000000000000022
2.620000000000000  0.788390578990261  0.788390591358280  0.000003376297421  0.739336072141012  0.747442054197385
2.620000000000000  0.000000000000288  -0.000000000000124  -0.000000000000017  -0.000000000000000  0.000000000000022
2.630000000000000  0.789185371185737  0.789185370229186  0.000003357761404  0.739487500083554  0.747501406588890
2.630000000000000  0.000000000000288  -0.000000000000124  -0.000000000000017  -0.000000000000000  0.000000000000022
2.640000000000000  0.789974083064151  0.789974095302311  0.000003321213185  0.739636613967971  0.747559834639959
2.640000000000000  0.000000000000288  -0.000000000000124  -0.000000000000017  -0.000000000000000  0.000000000000022
2.650000000000000  0.790756865232846  0.790756856962092  0.000003292825071  0.739783440794421  0.747617406155341
2.650000000000000  0.000000000000288  -0.000000000000124  -0.000000000000017  -0.000000000000000  0.000000000000022
2.660000000000000  0.791533649616338  0.791533661135434  0.000003273443656  0.739928011069957  0.747674113720532
2.660000000000000  0.000000000000288  -0.000000000000124  -0.000000000000017  -0.000000000000000  0.000000000000022
2.670000000000000  0.792304630779448  0.792304670292075  0.000003241600210  0.740070418859754  0.747729983482441
2.670000000000000  0.000000000000288  -0.000000000000124  -0.000000000000017  -0.000000000000000  0.000000000000022
2.680000000000000  0.793069821810336  0.793069842998129  0.000003218570931  0.740210666588928  0.747785006463310
2.680000000000000  0.000000000000288  -0.000000000000124  -0.000000000000017  -0.000000000000000  0.000000000000022
2.690000000000000  0.793829299184678  0.793829291963027  0.000003180442556  0.740348813298690  0.747839209059615
2.690000000000000  0.000000000000288  -0.000000000000124  -0.000000000000017  -0.000000000000000  0.000000000000022
2.700000000000000  0.794583098362846  0.794583144269609  0.000003166608935  0.740484872771782  0.747892608396885
2.700000000000000  0.000000000000288  -0.000000000000124  -0.000000000000017  -0.000000000000000  0.000000000000022
2.710000000000000  0.795331312892675  0.795331351748524  0.000003134702397  0.740618901146870  0.747945213774424
2.710000000000000  0.000000000000288  -0.000000000000124  -0.000000000000017  -0.000000000000000  0.000000000000022
2.720000000000000  0.796074035927141  0.796074044621813  0.000003094641162  0.740750929453587  0.747997056048038
2.720000000000000  0.000000000000288  -0.000000000000124  -0.000000000000017  -0.000000000000000  0.000000000000022
2.730000000000000  0.796811283692320  0.796811278874704  0.000003092587057  0.740881046209511  0.748048132124814
2.730000000000000  0.000000000000288  -0.000000000000124  -0.000000000000017  -0.000000000000000  0.000000000000022
2.740000000000000  0.797543101988064  0.797543115238205  0.000003059492660  0.741009169166137  0.748098480486851
2.740000000000000  0.000000000000288  -0.000000000000124  -0.000000000000017  -0.000000000000000  0.000000000000022
2.750000000000000  0.798269612601187  0.798269599700578  0.000003038238242  0.741135450013945  0.748148085839154
2.750000000000000  0.000000000000288  -0.000000000000124  -0.000000000000017  -0.000000000000000  0.000000000000022
2.760000000000000  0.798990841527699  0.798990839052003  0.000003004815896  0.741259897318888  0.748196967365696
2.760000000000000  0.000000000000287  -0.000000000000124  -0.000000000000017  -0.000000000000000  0.000000000000022
2.770000000000000  0.799706851191557  0.799706842404678  0.000002987008385  0.741382470908237  0.748245140328483
2.770000000000000  0.000000000000287  -0.000000000000124  -0.000000000000017  -0.000000000000000  0.000000000000022
2.780000000000000  0.800417718086203  0.800417690264945  0.000002946966512  0.741503277746530  0.748292611755175
2.780000000000000  0.000000000000287  -0.000000000000124  -0.000000000000017  -0.000000000000000  0.000000000000022
2.790000000000000  0.801123426430211  0.801123441190251  0.000002920463899  0.741622369813891  0.748339435330693
2.790000000000000  0.000000000000287  -0.000000000000124  -0.000000000000017  -0.000000000000000  0.000000000000022
2.800000000000000  0.801824136489387  0.801824131833098  0.000002912307118  0.741739718837278  0.748385621595192
2.800000000000000  0.000000000000287  -0.000000000000124  -0.000000000000017  -0.000000000000000  0.000000000000022
2.810000000000000  0.802519830894632  0.802519829098871  0.000002894572835  0.741855383796617  0.748431062286812
2.810000000000000  0.000000000000287  -0.000000000000124  -0.000000000000017  -0.000000000000000  0.000000000000022
2.820000000000000  0.803210585765374  0.803210563789798  0.000002871228026  0.741969411754574  0.748475908778251
2.820000000000000  0.000000000000287  -0.000000000000124  -0.000000000000017  -0.000000000000000  0.000000000000022
2.830000000000000  0.803896456636961  0.803896466041624  0.000002841898247  0.742081764625748  0.748520136597026
2.830000000000000  0.000000000000287  -0.000000000000124  -0.000000000000017  -0.000000000000000  0.000000000000022
2.840000000000000  0.804577491011958  0.804577512154177  0.000002815228660  0.742192572411888  0.748563732765682
2.840000000000000  0.000000000000287  -0.000000000000124  -0.000000000000017  -0.000000000000000  0.000000000000022
2.850000000000000  0.805253776184886  0.805253774477521  0.000002804410068  0.742301764735124  0.748606710105372
2.850000000000000  0.000000000000287  -0.000000000000124  -0.000000000000017  -0.000000000000000  0.000000000000022
2.860000000000000  0.805925304306208  0.805925300601074  0.000002767773129  0.742409432414098  0.748649069335441
2.860000000000000  0.000000000000287  -0.000000000000124  -0.000000000000017  -0.000000000000000  0.000000000000022
2.870000000000000  0.806592170166211  0.806592177044641  0.000002760761262  0.742515584192369  0.748690869670585
2.870000000000000  0.000000000000287  -0.000000000000124  -0.000000000000017  -0.000000000000000  0.000000000000022
2.880000000000000  0.807254412171967  0.807254409907235  0.000002748628546  0.742620238234262  0.748732060025788
2.880000000000000  0.000000000000287  -0.000000000000124  -0.000000000000017  -0.000000000000000  0.000000000000022
2.890000000000000  0.807912072466005  0.807912098735239  0.000002711858437  0.742723449685818  0.748772702554437
2.890000000000000  0.000000000000287  -0.000000000000124  -0.000000000000017  -0.000000000000000  0.000000000000022
2.900000000000000  0.808565211929399  0.808565210728182  0.000002690685834  0.742825225454290  0.748812783637852
2.900000000000000  0.000000000000287  -0.000000000000124  -0.000000000000017  -0.000000000000000  0.000000000000022
2.910000000000000  0.809213876812879  0.809213880639043  0.000002678801012  0.742925543632297  0.748852345692120
2.910000000000000  0.000000000000287  -0.000000000000124  -0.000000000000017  -0.000000000000000  0.000000000000022
2.920000000000000  0.809858099600689  0.809858084577167  0.000002656377763  0.743024523954327  0.748891300836486
2.920000000000000  0.000000000000287  -0.000000000000124  -0.000000000000017  -0.000000000000000  0.000000000000022
2.930000000000000  0.810497916705502  0.810497911455787  0.000002640334613  0.743122134223408  0.748929801544285
2.930000000000000  0.000000000000287  -0.000000000000124  -0.000000000000017  -0.000000000000000  0.000000000000022
2.940000000000000  0.811133416917496  0.811133398505255  0.000002622813890  0.743218405821839  0.748967699243294
2.940000000000000  0.000000000000287  -0.000000000000124  -0.000000000000017  -0.000000000000000  0.000000000000022
2.950000000000000  0.811764581365755  0.811764598572904  0.000002596939037  0.743313351035918  0.749005112900430
2.950000000000000  0.000000000000287  -0.000000000000124  -0.000000000000017  -0.000000000000000  0.000000000000022
2.960000000000000  0.812391534164324  0.812391534265242  0.000002587930420  0.743406985195238  0.749042043610514
2.960000000000000  0.000000000000287  -0.000000000000124  -0.000000000000017  -0.000000000000000  0.000000000000022
2.970000000000000  0.813014264252788  0.813014264760765  0.000002556339111  0.743499377882524  0.749078470043404
2.970000000000000  0.000000000000287  -0.000000000000124  -0.000000000000017  -0.000000000000000  0.000000000000022
2.980000000000000  0.813632829309405  0.813632846066805  0.000002548081216  0.743590510778670  0.749114390124367
2.980000000000000  0.000000000000287  -0.000000000000124  -0.000000000000017  -0.000000000000000  0.000000000000022
2.990000000000000  0.814247276515381  0.814247284748735  0.000002506973674  0.743680414515678  0.749149876323058
2.990000000000000  0.000000000000287  -0.000000000000124  -0.000000000000017  -0.000000000000000  0.000000000000022
3.000000000000000  0.814857636266503  0.814857647421555  0.000002506275251  0.743769097811137  0.749184849581531
3.000000000000000  0.000000000000287  -0.000000000000124  -0.000000000000017  -0.000000000000000  0.000000000000022
