1.010000000000000009e+00  3.875291523538279215e+00  3.865598002548638057e+00  -6.333683915593780588e-04  2.849016239659025285e+00  1.555500229078451202e+00
1.010000000000000009e+00  -1.157379248883868916e-11  -6.429046831413534115e-13  1.741564183264609861e-14  -3.016437219330594991e-17  -5.559650221001847321e-17
1.020000000000000018e+00  3.364497218314920435e+00  3.359587260763622574e+00  -7.020458097081494790e-04  2.548463957974331784e+00  1.536303977878590299e+00
1.020000000000000018e+00  -4.155798229197035474e-13  -2.786976929364855524e-14  -2.524964152225345488e-14  -5.183605439142518319e-15  -1.157588285965801238e-14
1.030000000000000027e+00  3.025820301861342543e+00  3.023630773512013370e+00  -6.868761836447833009e-04  2.354594913780807985e+00  1.521050455143609481e+00
1.030000000000000027e+00  -9.381487690364575456e-12  -5.547886619391550225e-13  -7.405637935177543155e-15  -7.831740044129048381e-15  -1.152608701871277153e-14
1.040000000000000036e+00  2.802418162032384696e+00  2.800454781020532469e+00  -6.359158174009452418e-04  2.221372274641542965e+00  1.508506311073497974e+00
1.040000000000000036e+00  -9.323312645174426315e-12  -5.610642720373214488e-13  -8.707546149317048368e-15  -1.052704666291174748e-14  -1.141284562795128963e-14
1.050000000000000044e+00  2.651974595445401484e+00  2.650116500402475594e+00  -6.218098450168392391e-04  2.127016962346798490e+00  1.498360984569787613e+00
1.050000000000000044e+00  -9.172838782719371068e-12  -4.084983125852313710e-13  -2.662378567682329605e-14  -8.235034759451611466e-15  -1.119419495331905778e-14
1.060000000000000053e+00  2.540010801953727526e+00  2.538708403005156100e+00  -6.387144250403158476e-04  2.056272640358925319e+00  1.489762490062810585e+00
1.060000000000000053e+00  -5.170443772163348160e-12  -9.904411411590045799e-13  1.148413745243438545e-14  -7.558467971932978518e-15  -1.039415390995339920e-14
1.070000000000000062e+00  2.450790864735210572e+00  2.449834363475819288e+00  -6.474720739351607929e-04  1.999720817346748669e+00  1.481991447873955092e+00
1.070000000000000062e+00  -3.331744858272161384e-11  -1.194505856237335975e-12  -6.855209586701443141e-14  2.792727327331163822e-12  -4.357408423000753744e-14
1.080000000000000071e+00  2.377590354463743783e+00  2.376834814137790630e+00  -6.504003173055197297e-04  1.953076039627554827e+00  1.474893303922386378e+00
1.080000000000000071e+00  -6.482708500809177936e-11  -3.139100036598199300e-12  1.653664564994249745e-13  -2.506764450551013862e-10  1.465138093040829814e-12
1.090000000000000080e+00  2.321130258915848010e+00  2.320570648980718520e+00  -6.222522978793305817e-04  1.914465281289778886e+00  1.468360019490205115e+00
1.090000000000000080e+00  -1.647794814215920924e-10  -3.359951354262692734e-12  3.847983992499388551e-13  9.170007343754022309e-10  -4.201063613954384192e-12
1.100000000000000089e+00  2.271617213795759316e+00  2.271218190018169825e+00  -5.923526933004945793e-04  1.880156380000760130e+00  1.462310524918931431e+00
1.100000000000000089e+00  -1.603944451381622993e-10  -2.091626640218609340e-11  4.994578495585965990e-13  4.688759252124037704e-09  -6.026315889739509681e-12
1.110000000000000098e+00  2.227171142594178477e+00  2.226896657355446063e+00  -5.642231166147598223e-04  1.849299752415161313e+00  1.456681639331096623e+00
1.110000000000000098e+00  -5.061683646753445099e-10  -1.263213424607913668e-11  1.139735947832388586e-12  -1.182489258187809126e-09  1.058741425078346045e-11
1.120000000000000107e+00  2.186863926720575169e+00  2.186680638246231378e+00  -5.386099402493849759e-04  1.821357244073387394e+00  1.451423047182442749e+00
1.120000000000000107e+00  2.805531592499881961e-10  2.087698320407761591e-11  9.354858387554649924e-13  2.476967503083167676e-10  7.728866385545872134e-12
1.129999999999999893e+00  2.150028785614350291e+00  2.149913020891374149e+00  -5.151271827470714796e-04  1.795913355468950812e+00  1.446493504570554478e+00
1.129999999999999893e+00  1.598788050543887193e-09  6.089241511770880999e-11  -2.042555439032514981e-13  5.421896845060419722e-10  -3.089083594788671727e-12
1.140000000000000124e+00  2.116161012829347765e+00  2.116093624332998857e+00  -4.928508477815291954e-04  1.772635001631838625e+00  1.441858749260117589e+00
1.140000000000000124e+00  1.648989682394613356e-09  4.156108963870341770e-11  -2.646469173352391585e-12  -1.644858688863255936e-09  -2.068847473107385082e-12
1.149999999999999911e+00  2.084861531346057895e+00  2.084828117831210470e+00  -4.729500000529209686e-04  1.751250014407847333e+00  1.437489793723466969e+00
1.149999999999999911e+00  -5.145979119170089543e-09  -3.000875692658783702e-10  -7.639617539159240205e-12  -1.829234696861719510e-09  2.110471387545775224e-12
1.159999999999999920e+00  2.055808522888464385e+00  2.055798577428806340e+00  -4.545795006925377633e-04  1.731532905054899985e+00  1.433362110063283623e+00
1.159999999999999920e+00  -9.055717589131082138e-08  -6.039087287128709892e-09  -2.156418746704866152e-12  -1.794281172389875515e-09  1.024036200329176256e-12
1.169999999999999929e+00  2.028734714835498387e+00  2.028740811992006954e+00  -4.376371664312237266e-04  1.713293227883589731e+00  1.429454268541697770e+00
1.169999999999999929e+00  -3.213754222777155804e-07  -2.474024642162202904e-08  3.872287407344677019e-11  4.138678445889583141e-09  3.533976601742108113e-13
1.179999999999999938e+00  2.003416733415122053e+00  2.003432903453675085e+00  -4.216576577121657955e-04  1.696369289302273931e+00  1.425747861383194870e+00
1.179999999999999938e+00  -1.282730687033906666e-08  -7.573685325157518568e-08  1.735994417401363263e-10  3.755305705579971200e-09  7.817294884389645496e-13
1.189999999999999947e+00  1.979666832397317222e+00  1.979689049703771353e+00  -4.070085082833134319e-04  1.680622471080830405e+00  1.422226643895071918e+00
1.189999999999999947e+00  5.437242556878664939e-09  -1.945775267619681397e-07  4.571803044377552369e-10  3.229855676203143835e-09  -7.085457826997630616e-12
1.199999999999999956e+00  1.957323733299792368e+00  1.957349984974869228e+00  -3.928794197631987591e-04  1.665933816318655447e+00  1.418876268571400701e+00
1.199999999999999956e+00  -2.274735611261396700e-09  -4.223318516300364353e-07  2.546868601000387149e-09  2.153748738354483924e-09  5.160609002372658523e-12
1.209999999999999964e+00  1.936248409490666456e+00  1.936276812225335542e+00  -3.798675789489559828e-04  1.652199624495631625e+00  1.415684182592456208e+00
1.209999999999999964e+00  -8.255136752344964072e-10  -8.978579730761519082e-09  2.192965757340634452e-09  -5.190015907916256362e-09  7.073419290343132410e-12
1.219999999999999973e+00  1.916322191215708237e+00  1.916350747619723238e+00  -3.674788279224022063e-04  1.639329520829288844e+00  1.412638940089123052e+00
1.219999999999999973e+00  -3.101885954799769663e-10  -4.487952929063158006e-09  1.042952741252167779e-08  -3.428660926068778886e-09  1.054478120083137196e-11
1.229999999999999982e+00  1.897440292267379203e+00  1.897469254529778437e+00  -3.560063858082363440e-04  1.627244665362539866e+00  1.409730415701137440e+00
1.229999999999999982e+00  -1.521072794616172058e-10  -5.027059335923201644e-09  7.374035720479989609e-09  -1.817220736417140842e-09  7.164587113416952951e-12
1.239999999999999991e+00  1.879511121800127693e+00  1.879539638568042736e+00  -3.448411801890504487e-04  1.615875667674806282e+00  1.406949355890216413e+00
1.239999999999999991e+00  -9.580655116371233881e-11  -7.519233270936608113e-09  3.394885316492072075e-08  -3.904102960703001099e-09  2.932678217295887207e-11
1.250000000000000000e+00  1.862455215915638451e+00  1.862482216657775691e+00  -3.344436403839742790e-04  1.605160531813588642e+00  1.404287667321533428e+00
1.250000000000000000e+00  -8.272061788208838387e-11  -5.159819669536096073e-10  5.603103742673196535e-08  -1.290311493882292633e-08  -1.204945410213532214e-10
1.260000000000000009e+00  1.846201330742333280e+00  1.846227184022261714e+00  -3.245288503688487222e-04  1.595045377948903109e+00  1.401737782274886657e+00
1.260000000000000009e+00  5.399154002361781229e-11  -4.042704740531855348e-10  8.984550395709662650e-08  -1.053633569674191290e-08  3.270071632097484859e-11
1.270000000000000018e+00  1.830686317987989975e+00  1.830710631023138024e+00  -3.151298147818418606e-04  1.585481016801720155e+00  1.399292642880066051e+00
1.270000000000000018e+00  -4.774355418106803102e-12  -3.971125122503487861e-10  2.899475778921562428e-08  -6.105447032021270223e-08  -6.681421832899908653e-11
1.280000000000000027e+00  1.815854529570348763e+00  1.815877520236903742e+00  -3.062000710536053440e-04  1.576425283135633126e+00  1.396946301303549021e+00
1.280000000000000027e+00  1.595899022460617819e-11  -2.423512551901597781e-10  1.852501990676449132e-08  -2.944414418064346259e-08  -7.637040110551607253e-11
1.290000000000000036e+00  1.801654810232964810e+00  1.801676962982712071e+00  -2.972876440535806783e-04  1.567838160080715193e+00  1.394692619565766289e+00
1.290000000000000036e+00  -3.991128784337243470e-11  -1.510945352626649795e-11  1.552575964680226652e-10  -8.577943567931886832e-08  -1.102232431701167754e-10
1.300000000000000044e+00  1.788043966922835626e+00  1.788064431431823254e+00  -2.891520419237504267e-04  1.559685672034339943e+00  1.392526777607899557e+00
1.300000000000000044e+00  5.959104319624164585e-11  -2.671781538163811382e-11  9.972342256683464316e-11  6.547610920076543840e-09  3.474495704615333038e-10
1.310000000000000053e+00  1.774980368125698815e+00  1.774999387171851462e+00  -2.813580125152496318e-04  1.551935562774112043e+00  1.390443680259203951e+00
1.310000000000000053e+00  -6.952619730344549483e-11  -2.102385102371941588e-11  6.561135728097219483e-11  1.730033953632462753e-08  1.041670832371161986e-10
1.320000000000000062e+00  1.762427418659591183e+00  1.762445398270257035e+00  -2.739279788146108878e-04  1.544560042355065832e+00  1.388438983857057218e+00
1.320000000000000062e+00  1.328048060661148322e-10  -7.028987612455963695e-12  4.231326686329757226e-11  6.244946773907987417e-09  -1.602415149529889310e-10
1.330000000000000071e+00  1.750352392284855840e+00  1.750368995504909542e+00  -2.667834546732172993e-04  1.537533130787726465e+00  1.386508270981052560e+00
1.330000000000000071e+00  -1.089493604221652464e-11  4.561367401368030651e-11  2.903195019978870727e-11  1.228087511944863828e-08  -5.918750377773314262e-11
1.340000000000000080e+00  1.738723955430138357e+00  1.738739834928137551e+00  -2.600090008920761912e-04  1.530831104345186544e+00  1.384647979052715083e+00
1.340000000000000080e+00  -7.755975596490278438e-12  -2.198494444210545525e-12  2.107508732043065762e-11  -2.474887111521330307e-08  3.546546731896201573e-11
1.350000000000000089e+00  1.727515543261189945e+00  1.727530723061930562e+00  -2.534759382190663701e-04  1.524432987722167399e+00  1.382854387567282073e+00
1.350000000000000089e+00  2.687481777744135563e-11  1.700199334135632272e-11  1.425053067455281462e-11  8.533820238235928610e-10  -2.084771636924596553e-11
1.359999999999999876e+00  1.716702144310069844e+00  1.716716204804625612e+00  -2.472549378445940051e-04  1.518319412475849450e+00  1.381124225358829394e+00
1.359999999999999876e+00  -3.426977842127950336e-10  -6.047806033109708193e-12  1.052765853402570487e-11  5.273211547125892212e-09  3.202721592462964736e-10
1.370000000000000107e+00  1.706260009238102393e+00  1.706273594919813563e+00  -2.412552891684019852e-04  1.512471991848297614e+00  1.379454219046899244e+00
1.370000000000000107e+00  7.825683795477071735e-12  1.704088057110155787e-11  8.579674805474094570e-12  -2.482185509873644587e-08  -1.923149507822875115e-10
1.379999999999999893e+00  1.696169072148475454e+00  1.696181130100627321e+00  -2.354772489910052723e-04  1.506874798403341931e+00  1.377841692424569997e+00
1.379999999999999893e+00  9.025752107217635395e-10  3.019585323138437007e-11  3.732203150496078138e-12  -5.373475123543065813e-08  3.249004633576534578e-10
1.390000000000000124e+00  1.686409040137427873e+00  1.686420226179443649e+00  -2.299505663623802585e-04  1.501512592352302278e+00  1.376283801278993968e+00
1.390000000000000124e+00  -4.797713310008770834e-11  -5.055313314648115761e-11  5.783011677580260039e-12  3.798295118951174791e-08  5.952094864234170886e-10
1.399999999999999911e+00  1.676961909279566454e+00  1.676972493183698232e+00  -2.245793313223074048e-04  1.496371613288917990e+00  1.374778073076057261e+00
1.399999999999999911e+00  2.227186859613741665e-10  5.053500879202726660e-11  -5.765097930853737228e-12  2.627898506339318169e-09  -2.684107678871327929e-10
1.410000000000000142e+00  1.667811490238855887e+00  1.667821895051741388e+00  -2.194914319593338514e-04  1.491439146174883268e+00  1.373322125179999631e+00
1.410000000000000142e+00  1.611803203275372951e-10  9.122010065319775201e-11  -7.052751125904689472e-13  4.754625811077820203e-08  -2.502883434718648209e-10
1.419999999999999929e+00  1.658942453739169709e+00  1.658951935802476907e+00  -2.145055352168587410e-04  1.486703296603542501e+00  1.371913636069682862e+00
1.419999999999999929e+00  -1.517308378027183779e-09  2.811022042526948074e-11  -5.978733015132028158e-12  -1.062176936606599206e-07  5.721169135742780042e-10
1.429999999999999938e+00  1.650340542130372734e+00  1.650349133402444046e+00  -2.097777831469076963e-04  1.482153257926569934e+00  1.370550549988658329e+00
1.429999999999999938e+00  -4.742920548542706041e-10  -5.615570984364894598e-11  -1.180565583412325207e-12  1.557145415977259162e-07  -1.167983968154892205e-10
1.439999999999999947e+00  1.641992101352077515e+00  1.642001103731725031e+00  -2.052261347591709478e-04  1.477778700854692984e+00  1.369230920183905909e+00
1.439999999999999947e+00  2.805611842350000185e-10  -2.169186803634955759e-11  1.576614623484260319e-12  3.009419473393524895e-08  -3.483637048716133869e-10
1.449999999999999956e+00  1.633885610453465143e+00  1.633893371004034423e+00  -2.007154417247823674e-04  1.473570370733795265e+00  1.367952873923111046e+00
1.449999999999999956e+00  8.076994367858750618e-10  1.757187346449743348e-11  -4.360211149689138331e-12  -4.383744783376026285e-08  -3.839947494439422044e-10
1.459999999999999964e+00  1.626008903988747534e+00  1.626016672470232294e+00  -1.964791385511320478e-04  1.469519344431831742e+00  1.366714577131711073e+00
1.459999999999999964e+00  2.350187794783598724e-10  -1.204289010179744151e-11  4.964537232610970587e-12  -2.644867533874026766e-08  1.481762954389737670e-09
1.469999999999999973e+00  1.618351887674388534e+00  1.618359381896123050e+00  -1.923338911110895303e-04  1.465618028204261902e+00  1.365514423052528237e+00
1.469999999999999973e+00  4.505460835745667927e-10  1.659376777797602036e-11  -3.603867339434768333e-12  -2.110314258147314901e-08  -2.170140743506307880e-09
1.479999999999999982e+00  1.610904397315252368e+00  1.610911192534267178e+00  -1.883508548321585340e-04  1.461858206052582210e+00  1.364350839649495661e+00
1.479999999999999982e+00  -3.416674942385113602e-10  2.486446426433377227e-11  -4.604962321298195233e-13  -1.141789071012775454e-08  -6.373390052324069466e-10
1.489999999999999991e+00  1.603656556324575710e+00  1.603663451716377919e+00  -1.844730962616050176e-04  1.458233094042993283e+00  1.363222391444129933e+00
1.489999999999999991e+00  7.445308573938004078e-10  -3.373765259414556461e-11  5.007933763315258992e-12  -2.618845258976097771e-08  -9.383292931783066178e-10
1.500000000000000000e+00  1.596600198695994566e+00  1.596606521779226240e+00  -1.808707324337114133e-04  1.454735864832561454e+00  1.362127423586466657e+00
1.500000000000000000e+00  3.404511867381311016e-10  9.903999182460744361e-12  1.749373859556686055e-12  -2.045953859060095290e-07  2.415037656277303313e-09
1.510000000000000009e+00  1.589727187871278424e+00  1.589732337057288891e+00  -1.771445202924013223e-04  1.451361168678789060e+00  1.361064989920419688e+00
1.510000000000000009e+00  -3.740812977086021340e-10  1.197906100839696346e-11  2.843045943731803207e-12  -1.471088058964796648e-07  -9.367088664609481737e-10
1.520000000000000018e+00  1.583029025398900114e+00  1.583035104302127349e+00  -1.736835134331486685e-04  1.448101698868069720e+00  1.360033501489206209e+00
1.520000000000000018e+00  1.195012906225830184e-09  5.567476102307896303e-12  -4.180666263516271415e-12  -5.885828378932793196e-08  5.001496267981827656e-10
1.530000000000000027e+00  1.576499277809629618e+00  1.576504621504552395e+00  -1.702809914240100298e-04  1.444953229427734964e+00  1.359031951072540378e+00
1.530000000000000027e+00  -1.688560297408757781e-09  -3.260248465034120604e-11  2.392144318684592362e-12  -1.154254262258176070e-07  -2.848855395938858974e-09
1.540000000000000036e+00  1.570130651925853771e+00  1.570135580505806594e+00  -1.669736241915901814e-04  1.441910093360926348e+00  1.358059002227753664e+00
1.540000000000000036e+00  -2.376074319758950633e-10  1.756543324179420602e-11  -3.510343258539330010e-12  1.342877040804511921e-08  -1.172404590379358863e-09
1.550000000000000044e+00  1.563916619434518207e+00  1.563921286476631645e+00  -1.638005348210057029e-04  1.438967795372727787e+00  1.357113833438170936e+00
1.550000000000000044e+00  1.018246902932771880e-09  -2.970586543339589645e-11  2.797040458384363659e-11  -1.184124067509284887e-07  1.408216684695533781e-09
1.560000000000000053e+00  1.557851563278683127e+00  1.557855847637813484e+00  -1.607039018624361270e-04  1.436121372419255859e+00  1.356195124715901645e+00
1.560000000000000053e+00  -3.919304289669917385e-10  -9.163508291035399563e-11  -1.131371835376812459e-11  5.440913013155071780e-08  9.669685048156498558e-10
1.570000000000000062e+00  1.551929318076042286e+00  1.551933239037126766e+00  -1.576976894850550329e-04  1.433367232181428363e+00  1.355302133762436911e+00
1.570000000000000062e+00  6.463910448520340151e-10  -5.512266412728510428e-11  6.875502338452601946e-12  -1.470297268226325476e-08  -1.848003110710053727e-09
1.580000000000000071e+00  1.546144098213870555e+00  1.546148321599831288e+00  -1.548141981913961547e-04  1.430700682461287121e+00  1.354433761594092678e+00
1.580000000000000071e+00  2.610735750162691550e-10  -1.436390241221783116e-10  -2.912671875569739448e-12  -9.882389543231098012e-09  -6.979393230967880667e-10
1.589999999999999858e+00  1.540491594889055404e+00  1.540495265438868167e+00  -1.520307667804143023e-04  1.428118520283740311e+00  1.353589184612588925e+00
1.589999999999999858e+00  -6.452284490694048291e-10  -3.594948458531056059e-11  2.244275890129818420e-11  1.215207341393119932e-08  6.287578616799109610e-10
1.600000000000000089e+00  1.534966845853527495e+00  1.534970554700597622e+00  -1.492424549649395613e-04  1.425616566620378611e+00  1.352767545491465606e+00
1.600000000000000089e+00  -1.506048274151127458e-09  5.035846825835190753e-11  -1.509882103229065548e-11  -1.113613835932768053e-08  1.497874500981895757e-09
1.609999999999999876e+00  1.529564310692672624e+00  1.529567732310346484e+00  -1.465756898868785798e-04  1.423191835582475973e+00  1.351968044696370219e+00
1.609999999999999876e+00  -5.399829689598493582e-10  1.121834598552393485e-10  -1.598689128916408967e-13  -3.989481733305798587e-08  -4.886851553598286135e-09
1.620000000000000107e+00  1.524280354519863101e+00  1.524283678545521603e+00  -1.440417681863256655e-04  1.420841302674982431e+00  1.351189800551301889e+00
1.620000000000000107e+00  9.869826638253479223e-10  -2.086651714863012650e-12  2.523026355763923672e-12  3.633561060422521230e-08  5.919817306771630439e-10
1.629999999999999893e+00  1.519110621432970820e+00  1.519113858023620756e+00  -1.414927523384118719e-04  1.418561260259166623e+00  1.350432250447610505e+00
1.629999999999999893e+00  1.590026862830015050e-09  -8.052846683441647693e-11  -3.525735073506451354e-12  -4.548570635393468244e-08  2.304865672547686992e-09
1.640000000000000124e+00  1.514051224096725212e+00  1.514054580836111885e+00  -1.390623174625692986e-04  1.416349622242165651e+00  1.349694479949370418e+00
1.640000000000000124e+00  1.016554993594085098e-10  4.835016031870886596e-11  4.083797886290834024e-12  -6.922571057241342501e-10  2.231334188043123355e-09
1.649999999999999911e+00  1.509098271966343718e+00  1.509101409394921989e+00  -1.366613757717459660e-04  1.414203141018294696e+00  1.348976044815137554e+00
1.649999999999999911e+00  -1.032217016608456675e-10  1.786520691801023679e-11  1.854829187280257874e-11  -1.864256318152386551e-08  -3.061416843149119551e-09
1.660000000000000142e+00  1.504248171608782769e+00  1.504250890818276787e+00  -1.343025035255361968e-04  1.412119276731329975e+00  1.348276111695266843e+00
1.660000000000000142e+00  -1.046329237783858617e-09  1.089967742697572048e-10  1.076374547042958820e-10  3.491548986939381537e-10  3.585726511415996049e-09
1.669999999999999929e+00  1.499497533651982906e+00  1.499499881027575254e+00  -1.321120484794380051e-04  1.410095833359507056e+00  1.347594126371791212e+00
1.669999999999999929e+00  -4.935059194142247152e-10  -2.150608035007399197e-10  2.404333285163392882e-11  -1.950675814827029791e-08  2.109708049657739904e-09
1.680000000000000160e+00  1.494843120138965586e+00  1.494845774132675720e+00  -1.298963700200171537e-04  1.408130194253314871e+00  1.346929475696378775e+00
1.680000000000000160e+00  -3.383795868569766718e-10  1.569112145643421575e-10  1.181368170688006503e-11  -1.843874615336828758e-08  4.207748040958959198e-10
1.689999999999999947e+00  1.490281739128112237e+00  1.490284136998339060e+00  -1.277993532086896462e-04  1.406220333872344685e+00  1.346281705115533356e+00
1.689999999999999947e+00  -9.276527154986212616e-10  -4.599417273318506692e-11  -2.509099268537605690e-13  -3.165376941103412883e-08  2.303287969636439716e-09
1.700000000000000178e+00  1.485810450366305657e+00  1.485812986589382101e+00  -1.256794902942429636e-04  1.404364282305277101e+00  1.345650060915499768e+00
1.700000000000000178e+00  1.774802489835929181e-09  -7.205511028646631634e-12  -4.164500326174965694e-11  -1.600201258545776845e-08  1.024245362600231568e-09
1.709999999999999964e+00  1.481426386816951046e+00  1.481429109075118156e+00  -1.236643910966506979e-04  1.402559778639088650e+00  1.345034075877466151e+00
1.709999999999999964e+00  -7.830148964330246060e-10  4.232452671469002784e-12  1.910411141621028014e-11  3.625452097321730681e-08  -2.450721192594798288e-09
1.719999999999999973e+00  1.477126903881538222e+00  1.477129148559511274e+00  -1.216744773572144131e-04  1.400805236721348823e+00  1.344433374132928183e+00
1.719999999999999973e+00  1.910050960189257447e-10  6.999102414708913239e-11  6.989066724206998904e-14  2.495387624732912056e-08  -3.970429511188271004e-09
1.729999999999999982e+00  1.472909605712141801e+00  1.472911839871537287e+00  -1.197563288689476824e-04  1.399098298143294894e+00  1.343847333147551337e+00
1.729999999999999982e+00  -9.700030955548289088e-10  -5.544650005470415726e-11  3.891444746047350706e-12  -3.852629338190017108e-08  6.895073472372602774e-09
1.739999999999999991e+00  1.468771496897324891e+00  1.468773511433013601e+00  -1.178613576179532782e-04  1.397437672931508112e+00  1.343275553104744890e+00
1.739999999999999991e+00  -3.498262483593011770e-10  1.529292592240915523e-11  -3.269578077793391178e-11  -3.396165805213450747e-08  1.751485285648533282e-09
1.750000000000000000e+00  1.464710632237004040e+00  1.464712754501960701e+00  -1.160303680615348213e-04  1.395821529264049898e+00  1.342717558751011619e+00
1.750000000000000000e+00  1.405310310063236836e-09  1.673921718716953592e-11  -2.329576424602313747e-11  2.039712127171872916e-08  3.340784335923275108e-09
1.760000000000000009e+00  1.460724248079678489e+00  1.460726221417073312e+00  -1.142529392309256760e-04  1.394248464871009840e+00  1.342172939020999989e+00
1.760000000000000009e+00  -3.438693546771174860e-10  4.093180917851634092e-11  3.069896456653407351e-11  -1.262934246633189465e-08  -2.106164883689428107e-09
1.770000000000000018e+00  1.456810454133815158e+00  1.456812901627673185e+00  -1.125327097934142968e-04  1.392716675108924385e+00  1.341641313842688588e+00
1.770000000000000018e+00  -1.273363193214714592e-09  2.137131108277563140e-11  1.876200329496931179e-11  -2.575619037570520608e-09  -1.023440305867470376e-08
1.780000000000000027e+00  1.452967882409818667e+00  1.452969502466298746e+00  -1.107804550547895786e-04  1.391224983971254936e+00  1.341122274994089425e+00
1.780000000000000027e+00  8.063130138186294065e-10  -1.270919498325874832e-10  -6.960629938965740177e-13  -3.680047465403906857e-08  6.206684274446446219e-09
1.790000000000000036e+00  1.449193007618454043e+00  1.449194725488080371e+00  -1.091319571918700053e-04  1.389772065706115001e+00  1.340615346061675650e+00
1.790000000000000036e+00  -1.193109518552926266e-09  3.364137411373679578e-11  1.770201444198140703e-11  1.536524463069354992e-08  6.456944339349719546e-10
1.800000000000000044e+00  1.445485065402976277e+00  1.445486754595053824e+00  -1.074889756030245259e-04  1.388356252669210589e+00  1.340120289503279105e+00
1.800000000000000044e+00  -3.985945155707989986e-10  -6.686946308232593020e-11  -2.565452365042979355e-11  6.012377211685995728e-08  -4.243181487188511162e-09
1.810000000000000053e+00  1.441841761353268581e+00  1.441843431677067189e+00  -1.059142442757376611e-04  1.386976518185724760e+00  1.339636679852489465e+00
1.810000000000000053e+00  -7.382981923399598734e-10  -3.062575785607441428e-11  -4.188995645157962510e-12  -1.417775714976929682e-08  -4.007013493815349313e-09
1.820000000000000062e+00  1.438261426493588679e+00  1.438262655481873153e+00  -1.043357770956811621e-04  1.385631969545300990e+00  1.339164299318563733e+00
1.820000000000000062e+00  -1.308190126634054816e-09  1.425676044384035194e-10  2.371058177308403518e-11  -3.923431115854808600e-08  -3.571696240721770280e-09
1.830000000000000071e+00  1.434742043492237329e+00  1.434743689228278996e+00  -1.028448429701922051e-04  1.384320622917611265e+00  1.338702562695395004e+00
1.830000000000000071e+00  5.575237064334641069e-09  -9.150436916866095319e-11  -3.657706116278969488e-11  4.672778958651337502e-08  -1.566725314491910039e-10
1.839999999999999858e+00  1.431282064415603017e+00  1.431283701920300855e+00  -1.013392914733473433e-04  1.383041854776730917e+00  1.338251414556961949e+00
1.839999999999999858e+00  4.061055801154109419e-10  1.253629734151715891e-10  1.614994518634035085e-11  -8.838973437512643487e-08  -5.232313530340219703e-09
1.850000000000000089e+00  1.427880379389836474e+00  1.427881817303740863e+00  -9.991629038571168909e-05  1.381794978573270161e+00  1.337810432515067705e+00
1.850000000000000089e+00  1.897073412900076240e-09  4.967602551515177722e-11  2.561394674493519055e-11  -4.468217010309162292e-09  6.124463995485788983e-09
1.859999999999999876e+00  1.424534937331371820e+00  1.424536308551601183e+00  -9.847115300504245979e-05  1.380578332706810185e+00  1.337379351381914105e+00
1.859999999999999876e+00  1.135044812765484781e-09  -5.617962716786986688e-11  3.774918031186266247e-11  -8.114418421766050231e-09  -2.244215886371422961e-09
1.870000000000000107e+00  1.421244788051416741e+00  1.421245852044863867e+00  -9.710596276560163004e-05  1.379391430174410127e+00  1.336957859337494003e+00
1.870000000000000107e+00  2.548072098539862973e-09  1.080783953578315224e-10  -4.732622324064696029e-13  2.440300023917924455e-09  3.458712480095937469e-09
1.879999999999999893e+00  1.418007712286835975e+00  1.418009051252038022e+00  -9.573502685049496252e-05  1.378233107164774651e+00  1.336545642417985125e+00
1.879999999999999893e+00  -8.772871678042811013e-10  2.148104686335265786e-11  -5.537051447074855566e-11  -3.228012579928432228e-08  4.036018289910032445e-09
1.890000000000000124e+00  1.414823101391802895e+00  1.414824216290829106e+00  -9.439993947774539716e-05  1.377102385498982118e+00  1.336142573165740366e+00
1.890000000000000124e+00  1.843459169493598153e-09  1.826709937826817584e-10  -6.321835149758528932e-11  9.636220451497755444e-08  -5.634077394034059968e-09
1.899999999999999911e+00  1.411688995593759044e+00  1.411690081118725848e+00  -9.310812591476573248e-05  1.375998454969717733e+00  1.335748269827596646e+00
1.899999999999999911e+00  7.805911279770061055e-10  -9.385429286472053765e-11  4.746726737863721216e-12  -3.433512209459490768e-08  9.993678177611850500e-10
1.910000000000000142e+00  1.408604877516623333e+00  1.408605988221475425e+00  -9.183655469739938828e-05  1.374920568184736736e+00  1.335362590087944001e+00
1.910000000000000142e+00  2.600441939898648584e-09  5.179260229107063635e-12  7.611384612015866600e-11  -7.892447384646918834e-08  -5.470663203944548057e-09
1.919999999999999929e+00  1.405568441756685161e+00  1.405569665654432088e+00  -9.060596353904239435e-05  1.373867905715238757e+00  1.334985178635992309e+00
1.919999999999999929e+00  -3.318067460065345776e-09  1.235545522237165737e-10  -7.389501988427261695e-12  -1.511828035035940268e-08  -4.971869371312007715e-10
1.930000000000000160e+00  1.402579665145020860e+00  1.402580819516033639e+00  -8.936519824092196474e-05  1.372839784170097888e+00  1.334615955318925851e+00
1.930000000000000160e+00  -1.935381585909841928e-09  5.216086208298669209e-11  1.023995536327096592e-11  -2.213634477228386226e-08  2.985363975023188916e-09
1.939999999999999947e+00  1.399636697683699804e+00  1.399637879438111465e+00  -8.819545070937951834e-05  1.371835212027499917e+00  1.334254578746243425e+00
1.939999999999999947e+00  -6.418356855860192721e-11  -2.572136476553071910e-10  -3.319175304091522351e-11  -5.582214500876502256e-08  1.030489770098753531e-08
1.950000000000000178e+00  1.396738797855371805e+00  1.396739857158565634e+00  -8.702078483489907317e-05  1.370853652607436413e+00  1.333900848057255395e+00
1.950000000000000178e+00  2.935093276835496671e-09  -3.601885576870147023e-11  4.734519723883277888e-11  7.378831927260968377e-09  8.536303843403495557e-09
1.959999999999999964e+00  1.393884253638086879e+00  1.393885283733068192e+00  -8.585924309388362464e-05  1.369894348418685404e+00  1.333554633667881850e+00
1.959999999999999964e+00  -3.813339224602143649e-09  -2.051521485401858623e-10  -4.763118166497115801e-11  1.699138397385591224e-07  1.840980205317957442e-09
1.969999999999999973e+00  1.391072889332540807e+00  1.391073522196053736e+00  -8.474829809493650734e-05  1.368956935369361361e+00  1.333215633928071409e+00
1.969999999999999973e+00  1.980814032962998353e-10  -1.618858776573327876e-10  -4.835916847193735787e-11  -4.662343249822137694e-08  2.033108350273187682e-10
1.979999999999999982e+00  1.388302714967278195e+00  1.388303786258924033e+00  -8.363008898909390942e-05  1.368040247480795335e+00  1.332883705986782186e+00
1.979999999999999982e+00  -1.455785336439243339e-10  1.318539923775999553e-10  -1.295365667838546815e-12  -1.279069263615797351e-08  8.638945029345814928e-09
1.989999999999999991e+00  1.385574116557103830e+00  1.385574918672478173e+00  -8.256652209906211240e-05  1.367144059993987470e+00  1.332558655137313197e+00
1.989999999999999991e+00  -1.045507393073308085e-09  6.506161609265948794e-11  -4.194723131735942470e-12  -4.230246020006624889e-09  1.700850235114146258e-09
2.000000000000000000e+00  1.382884532789945498e+00  1.382885782772785399e+00  -8.152873670310351918e-05  1.366267521446581590e+00  1.332240305626591015e+00
2.000000000000000000e+00  -1.752988002586360868e-08  1.382324710977953492e-10  -2.355120743245312380e-11  -5.133061479505913885e-09  2.166111877439047767e-09
2.009999999999999787e+00  1.380234529223373308e+00  1.380235363472054555e+00  -8.044172306304399366e-05  1.365410871043172936e+00  1.331928282554633025e+00
2.009999999999999787e+00  -2.634747474045637958e-12  -1.656853557803634554e-13  -1.647005978345126024e-14  -3.593198057611716160e-17  -1.140290233086631476e-15
2.020000000000000018e+00  1.377622383729303124e+00  1.377623257265250922e+00  -7.946163909319580798e-05  1.364572363953237000e+00  1.331622774212702476e+00
2.020000000000000018e+00  -2.620594332239140113e-12  -1.656332702746270698e-13  -1.598798578606000389e-14  2.828001321664129651e-16  -6.470104259259329012e-15
2.030000000000000249e+00  1.375047491580862813e+00  1.375048250597898924e+00  -7.844882118998885740e-05  1.363751990054777430e+00  1.331323516178835709e+00
2.030000000000000249e+00  -2.609896874926881586e-12  -1.645846120994476116e-13  -1.594977758781119956e-14  3.080035224420929083e-16  -6.476488730136094957e-15
2.040000000000000036e+00  1.372508962801784360e+00  1.372509686303948095e+00  -7.745148971712168668e-05  1.362949282554087205e+00  1.331030270215984412e+00
2.040000000000000036e+00  -2.600943992728649750e-12  -1.642773263410243391e-13  -1.592031087820768986e-14  1.865658891664281773e-16  -6.569014818677605390e-15
2.049999999999999822e+00  1.370005966359779004e+00  1.370006716175287353e+00  -7.654161223582492835e-05  1.362163836206737866e+00  1.330742879204264595e+00
2.049999999999999822e+00  -2.591418573858261204e-12  -1.631871336883628171e-13  -1.589983783151052627e-14  1.898146999879294063e-16  -6.535263965836526734e-15
2.060000000000000053e+00  1.367537612898191313e+00  1.367538378888367046e+00  -7.559877592054515822e-05  1.361395089672705616e+00  1.330461241549936835e+00
2.060000000000000053e+00  -2.581860129527968233e-12  -1.632864294476157168e-13  -1.586449756172168200e-14  1.223969099565333117e-16  -6.572871619644117586e-15
2.070000000000000284e+00  1.365103462836569026e+00  1.365104176346238818e+00  -7.461664779032555004e-05  1.360642629615530508e+00  1.330185209328275109e+00
2.070000000000000284e+00  -2.573306468304123244e-12  -1.624368054421377571e-13  -1.583860053610229323e-14  2.222830195869969844e-16  -6.406733940075464759e-15
2.080000000000000071e+00  1.362702641755483723e+00  1.362703268022886771e+00  -7.375386220239778560e-05  1.359905878401816315e+00  1.329914550259319705e+00
2.080000000000000071e+00  -2.563973816323775474e-12  -1.616725774906453722e-13  -1.580436938686097434e-14  1.989121118581369407e-16  -6.586089225308965103e-15
2.089999999999999858e+00  1.360334333767053483e+00  1.360335018893849002e+00  -7.283869816275121334e-05  1.359184512514032939e+00  1.329649237309164622e+00
2.089999999999999858e+00  -2.548549813667562984e-12  -1.609349377827686426e-13  -1.578070525394723995e-14  1.803728874662605010e-16  -6.538674679061730568e-15
2.100000000000000089e+00  1.357997993142415538e+00  1.357998598977605109e+00  -7.193344793883853195e-05  1.358478043876540031e+00  1.329389210243037356e+00
2.100000000000000089e+00  -2.546343070014290421e-12  -1.606904277314633858e-13  -1.576102455469425313e-14  2.074226766299830937e-16  -6.536765604330320909e-15
2.110000000000000320e+00  1.355692853297085332e+00  1.355693491518029647e+00  -7.110238444184874165e-05  1.357786857653857204e+00  1.329134106603829801e+00
2.110000000000000320e+00  -2.539192492810084761e-12  -1.603941839757129191e-13  -1.573729598511666098e-14  3.174092200998902092e-17  -6.521327127814905316e-15
2.120000000000000107e+00  1.353418341660485469e+00  1.353418968894563923e+00  -7.021520934114075377e-05  1.357109174875182234e+00  1.328883934892840735e+00
2.120000000000000107e+00  -2.531301364564944426e-12  -1.597226959863047126e-13  -1.571518671503389368e-14  1.840944581544979602e-16  -6.582928606387342178e-15
2.129999999999999893e+00  1.351173806875976435e+00  1.351174395835563091e+00  -6.932193242638006706e-05  1.356445341393690773e+00  1.328638585007648309e+00
2.129999999999999893e+00  -2.522893501734775426e-12  -1.590054072633282539e-13  -1.568133771550165454e-14  1.746415790709882178e-16  -6.537221631470638534e-15
2.140000000000000124e+00  1.348958617996727893e+00  1.348959155646854313e+00  -6.853465389549802888e-05  1.355794989457486777e+00  1.328397939090586011e+00
2.140000000000000124e+00  -2.514620136868708642e-12  -1.589263754330934348e-13  -1.566191197421092153e-14  1.695968731096194860e-16  -6.583642141650738219e-15
2.150000000000000355e+00  1.346772167922955177e+00  1.346772780106627376e+00  -6.771994220689924598e-05  1.355157695078210045e+00  1.328161873637162982e+00
2.150000000000000355e+00  -2.506448116387444552e-12  -1.580859476072384069e-13  -1.561557011585512268e-14  2.118698958177379954e-16  -6.503374464837117371e-15
2.160000000000000142e+00  1.344613906648101986e+00  1.344614460151816626e+00  -6.689236983484992869e-05  1.354533128515124751e+00  1.327930349663801746e+00
2.160000000000000142e+00  -2.498383939109991098e-12  -1.576113575587186234e-13  -1.561301704465331256e-14  2.418483450077514237e-16  -6.527461879879620837e-15
2.169999999999999929e+00  1.342483281360553615e+00  1.342483783952914012e+00  -6.612247079267901295e-05  1.353921077237304260e+00  1.327703137078773299e+00
2.169999999999999929e+00  -2.490351652963643064e-12  -1.569683612960283952e-13  -1.557045640742458533e-14  2.354654625051696883e-16  -6.547628020128554963e-15
2.179999999999999716e+00  1.340379659836688608e+00  1.340380196368925692e+00  -6.530004443881210169e-05  1.353321035417308416e+00  1.327480137755399303e+00
2.179999999999999716e+00  -2.482793277915694568e-12  -1.564967435331466335e-13  -1.557242668348760958e-14  1.857548051040856936e-16  -6.523772192047375970e-15
2.189999999999999947e+00  1.338302622508853235e+00  1.338303137265318021e+00  -6.453405464704397253e-05  1.352732848865813464e+00  1.327261310576232312e+00
2.189999999999999947e+00  -2.475038696838825064e-12  -1.562241471474022135e-13  -1.542093692359979698e-14  1.980293617738672449e-16  -6.524428573757486149e-15
2.200000000000000178e+00  1.336251591647082959e+00  1.336252088292867457e+00  -6.376428242612006939e-05  1.352156104963243788e+00  1.327046579472753951e+00
2.200000000000000178e+00  -2.467286097833650984e-12  -1.556946134318032110e-13  -1.551584783685556204e-14  3.508424650960630904e-16  -6.539840467657463440e-15
2.209999999999999964e+00  1.334226076502543989e+00  1.334226560922364246e+00  -6.303304692561968519e-05  1.351590548663554658e+00  1.326835826377549932e+00
2.209999999999999964e+00  -2.459765468711761616e-12  -1.549264603971614849e-13  -1.553657486605794753e-14  2.087770623342922222e-16  -6.506941955112776764e-15
2.219999999999999751e+00  1.332225577568419084e+00  1.332226030476333145e+00  -6.230100521120593643e-05  1.351035952994865008e+00  1.326628895305471456e+00
2.219999999999999751e+00  -2.452594728799933292e-12  -1.544560811961074613e-13  -1.547991490680264758e-14  1.055956951327471132e-16  -6.511257594063338570e-15
2.229999999999999982e+00  1.330249493202071198e+00  1.330249930521146373e+00  -6.159712374348599829e-05  1.350491999363302886e+00  1.326425737777136238e+00
2.229999999999999982e+00  -2.445224998348373978e-12  -1.539377260165443861e-13  -1.546278232849652928e-14  2.341888036009853421e-16  -6.596232103378607556e-15
2.240000000000000213e+00  1.328297613361342000e+00  1.328298017487169469e+00  -6.091806614202235551e-05  1.349958513270883120e+00  1.326226312455530243e+00
2.240000000000000213e+00  -2.438210700417762124e-12  -1.535868840993443819e-13  -1.544403640914700377e-14  1.622124413690668009e-16  -6.483725012621288012e-15
2.250000000000000000e+00  1.326369336453615988e+00  1.326369813827204203e+00  -6.019880721611542461e-05  1.349435115095610982e+00  1.326030436663757639e+00
2.250000000000000000e+00  -2.431151300610494167e-12  -1.531592301344839979e-13  -1.541109387149830345e-14  1.671560105043156874e-16  -6.510669386314059902e-15
2.259999999999999787e+00  1.324464130508950843e+00  1.324464602616790998e+00  -5.948806980696809817e-05  1.348921603339528597e+00  1.325838121753152743e+00
2.259999999999999787e+00  -2.423966536205645549e-12  -1.526705791965076221e-13  -1.539446110649951600e-14  1.691638736189418680e-16  -6.504088695946816678e-15
2.270000000000000018e+00  1.322581847051444326e+00  1.322582275777032024e+00  -5.883396589781050270e-05  1.348417870731783319e+00  1.325649332216744192e+00
2.270000000000000018e+00  -2.417257685601639093e-12  -1.521521661112899360e-13  -1.537383930999071026e-14  2.398909423516431372e-16  -6.503425908782687435e-15
2.280000000000000249e+00  1.320721839262734898e+00  1.320722218573063600e+00  -5.812670921837197673e-05  1.347923377864945538e+00  1.325463807215431444e+00
2.280000000000000249e+00  -2.410205340166957745e-12  -1.518170750236360964e-13  -1.535340060708901536e-14  1.921280168372883961e-16  -6.500383713305938810e-15
2.290000000000000036e+00  1.318883717481744933e+00  1.318884169492679392e+00  -5.748259790360149644e-05  1.347438153412961803e+00  1.325281665104852680e+00
2.290000000000000036e+00  -2.403656659206236645e-12  -1.513741222668644173e-13  -1.533328244996433096e-14  1.712649389041809356e-16  -6.496724355301317641e-15
2.299999999999999822e+00  1.317067150918697971e+00  1.317067578885178669e+00  -5.681558178537546067e-05  1.346961957452968761e+00  1.325102639499860402e+00
2.299999999999999822e+00  -2.397060300858254066e-12  -1.509308704734652796e-13  -1.531363710772721266e-14  1.879576475918258064e-16  -6.497780917925105980e-15
2.310000000000000053e+00  1.315271729103737020e+00  1.315272123647401425e+00  -5.621301347373657687e-05  1.346494555530206805e+00  1.324926823431161749e+00
2.310000000000000053e+00  -2.390516440382829609e-12  -1.505557986199067947e-13  -1.529309065951208880e-14  1.560714254160286060e-16  -6.496417540017905969e-15
2.320000000000000284e+00  1.313497102130511962e+00  1.313497404415109093e+00  -5.621822476782849102e-05  1.346035640610567130e+00  1.324754577924546872e+00
2.320000000000000284e+00  -2.384065260746291122e-12  -1.500632060180044914e-13  -1.522015581708774717e-14  2.038166683225133517e-16  -6.492413234437110994e-15
2.330000000000000071e+00  1.311742758481221793e+00  1.311743118736040659e+00  -5.563434613043565668e-05  1.345585089233617193e+00  1.324584838501421169e+00
2.330000000000000071e+00  -2.377714947149697575e-12  -1.495958145336211325e-13  -1.520075228794317409e-14  1.868066472636838816e-16  -6.490419009756063346e-15
2.339999999999999858e+00  1.310008472804250923e+00  1.310008908313682774e+00  -5.503696655688746468e-05  1.345142742912888156e+00  1.324418119289598961e+00
2.339999999999999858e+00  -2.371469266789244668e-12  -1.493963847560299727e-13  -1.517921695627661471e-14  2.549911000794284591e-16  -6.492248945627034696e-15
2.350000000000000089e+00  1.308293889803695764e+00  1.308294251824147381e+00  -5.449717138271839101e-05  1.344708361127876506e+00  1.324254183666531137e+00
2.350000000000000089e+00  -2.365016393925267467e-12  -1.488964744775529840e-13  -1.516105977100165014e-14  1.949208327992156001e-16  -6.489889843415843707e-15
2.360000000000000320e+00  1.306598658946417135e+00  1.306598979253908777e+00  -5.389346296957515291e-05  1.344281767584177389e+00  1.324093105259527503e+00
2.360000000000000320e+00  -2.359099692344167714e-12  -1.485568206549180711e-13  -1.514202155820915123e-14  1.875055624123727135e-16  -6.487434935517594996e-15
2.370000000000000107e+00  1.304922336432336127e+00  1.304922692441022436e+00  -5.336408339898566735e-05  1.343862804229253749e+00  1.323934766882461922e+00
2.370000000000000107e+00  -2.352980632905660660e-12  -1.479456207787053968e-13  -1.512271788626631908e-14  1.851880301442863252e-16  -6.479259601941792525e-15
2.379999999999999893e+00  1.303264719575391695e+00  1.303265015922748349e+00  -5.282167375882404974e-05  1.343451238392306291e+00  1.323779183636099699e+00
2.379999999999999893e+00  -2.346964936747950198e-12  -1.475533383624811868e-13  -1.510560296738457527e-14  3.187660820382274168e-16  -6.436793007664457844e-15
2.390000000000000124e+00  1.301625469888834985e+00  1.301625803519023350e+00  -5.229124076692375032e-05  1.343046983625604707e+00  1.323626159683005676e+00
2.390000000000000124e+00  -2.340918151198046947e-12  -1.474056866593628689e-13  -1.508453022172979108e-14  1.565481422265592042e-16  -6.503128535711038094e-15
2.400000000000000355e+00  1.300004257288500442e+00  1.300004551380634865e+00  -5.177210724477397956e-05  1.342649890574561189e+00  1.323475787025376160e+00
2.400000000000000355e+00  -2.335179304585804247e-12  -1.469297642107830059e-13  -1.520497418546400549e-14  1.727943421251906880e-16  -6.489974106944520118e-15
2.410000000000000142e+00  1.298400757103520764e+00  1.298401045798454945e+00  -5.126984092672536215e-05  1.342259673900829675e+00  1.323327896626338429e+00
2.410000000000000142e+00  -2.329478664319693063e-12  -1.467738934055033478e-13  -1.504901350598829098e-14  1.988307040594537544e-16  -6.480175637000045117e-15
2.419999999999999929e+00  1.296814687300075208e+00  1.296814991220623936e+00  -5.074945400593916468e-05  1.341876282117354213e+00  1.323182523285826084e+00
2.419999999999999929e+00  -2.323693116949711826e-12  -1.462379170967707977e-13  -1.503160633532121350e-14  5.286662903094202842e-16  -6.473737411448667941e-15
2.429999999999999716e+00  1.295245762978722404e+00  1.295246060590006243e+00  -5.023582358716750871e-05  1.341499583336935864e+00  1.323039633946865523e+00
2.429999999999999716e+00  -2.318026219500801315e-12  -1.459969820607673157e-13  -1.501226639414867427e-14  2.040151011964951190e-16  -6.474341081791563866e-15
2.439999999999999947e+00  1.293693733717744321e+00  1.293694022089647566e+00  -4.978148574243656534e-05  1.341129364497892107e+00  1.322899103136442100e+00
2.439999999999999947e+00  -2.312660148231409543e-12  -1.456197186138943355e-13  -1.499475496838901512e-14  1.881374666812996409e-16  -6.474049891791595782e-15
2.450000000000000178e+00  1.292158268074810490e+00  1.292158536518494660e+00  -4.927267199836020195e-05  1.340765455289873564e+00  1.322760778829540795e+00
2.450000000000000178e+00  -2.307038848899442228e-12  -1.454052817150752673e-13  -1.497682055499467220e-14  1.652793784916367226e-16  -6.499680088571009948e-15
2.459999999999999964e+00  1.290639112284645229e+00  1.290639345119596104e+00  -4.879962657579599988e-05  1.340407803910310225e+00  1.322624831494659592e+00
2.459999999999999964e+00  -2.301677215123405281e-12  -1.448878409006569214e-13  -1.495881037707785383e-14  1.873941632523781729e-16  -6.561932827271090313e-15
2.469999999999999751e+00  1.289135964834702053e+00  1.289136248868997914e+00  -4.831650471627620851e-05  1.340056214928027956e+00  1.322491113187802547e+00
2.469999999999999751e+00  -2.296349219178880786e-12  -1.444589289798826405e-13  -1.494312083709161852e-14  2.604257346443090789e-16  -6.468753330484971410e-15
2.479999999999999982e+00  1.287648659821960084e+00  1.287648905510722086e+00  -4.787799237268209229e-05  1.339710599464559504e+00  1.322359544470784298e+00
2.479999999999999982e+00  -2.291021110621507869e-12  -1.439450999143972890e-13  -1.492249428934330332e-14  1.854361244188501345e-16  -6.466818420867391931e-15
2.490000000000000213e+00  1.286176794051890004e+00  1.286177061537786548e+00  -4.740715223581191701e-05  1.339370754364088922e+00  1.322230062705830989e+00
2.490000000000000213e+00  -2.285750332912333359e-12  -1.437432878673298427e-13  -1.490614738563167714e-14  1.879288183846914270e-16  -6.390703976867024286e-15
2.500000000000000000e+00  1.284720230636815064e+00  1.284720460435090583e+00  -4.693909807457030101e-05  1.339036675699709411e+00  1.322102720879225091e+00
2.500000000000000000e+00  -2.280667374342110618e-12  -1.434355595309947363e-13  -1.489638650862150392e-14  1.953494916042949867e-16  -6.452380472003311533e-15
2.509999999999999787e+00  1.283278715220226740e+00  1.283279044671176372e+00  -4.650874711588963092e-05  1.338708136251647085e+00  1.321977417655611831e+00
2.509999999999999787e+00  -2.275454833028533359e-12  -1.428367372414019391e-13  -1.488071889759259407e-14  1.993300563684370287e-16  -6.456485310899170656e-15
2.520000000000000018e+00  1.281852054444955424e+00  1.281852264245924689e+00  -4.606510960727810830e-05  1.338385129695148779e+00  1.321854177871683467e+00
2.520000000000000018e+00  -2.270373298019818102e-12  -1.429495972159977923e-13  -1.486127567433903944e-14  1.959350893949751231e-16  -6.464239631437620475e-15
2.530000000000000249e+00  1.280439914817569358e+00  1.280440149153844631e+00  -4.562123597679892869e-05  1.338067332996512704e+00  1.321732823002184309e+00
2.530000000000000249e+00  -2.265438648223666103e-12  -1.426835090986180862e-13  -1.484150080584126032e-14  1.857274932311944043e-16  -6.462544286466622100e-15
2.540000000000000036e+00  1.279042131213357747e+00  1.279042325049333462e+00  -4.522350215899682938e-05  1.337754867882767984e+00  1.321613508729065911e+00
2.540000000000000036e+00  -2.260400738306243778e-12  -1.421521888275387579e-13  -1.482408182889321764e-14  1.610249957555065738e-16  -6.467519020150456289e-15
2.549999999999999822e+00  1.277658466142122862e+00  1.277658656697001627e+00  -4.478459113841777405e-05  1.337447481603356580e+00  1.321496005768659110e+00
2.549999999999999822e+00  -2.255630365953368349e-12  -1.418194725287627258e-13  -1.481466678813635355e-14  1.874587502331386911e-16  -6.459959616419236723e-15
2.560000000000000053e+00  1.276288639651434131e+00  1.276288876915701032e+00  -4.433768905076498570e-05  1.337145108227256074e+00  1.321380371072640392e+00
2.560000000000000053e+00  -2.250687961861738887e-12  -1.417903038135702218e-13  -1.480465859358977437e-14  1.896095218113299771e-16  -6.460341690194209731e-15
2.570000000000000284e+00  1.274932583665906449e+00  1.274932754365629028e+00  -4.394699118717463687e-05  1.336847718151886744e+00  1.321266553231307483e+00
2.570000000000000284e+00  -2.245908332517190732e-12  -1.408524045768739588e-13  -1.478521080804014938e-14  1.885247034494687414e-16  -6.447237563999725815e-15
2.580000000000000071e+00  1.273589992074973809e+00  1.273590203975996316e+00  -4.353715428913508415e-05  1.336555094713872460e+00  1.321154528027417285e+00
2.580000000000000071e+00  -2.241151363262617688e-12  -1.408095167777465685e-13  -1.476303620996271140e-14  2.389214555785254227e-16  -6.455385109047079156e-15
2.589999999999999858e+00  1.272260602129952511e+00  1.272260813909961819e+00  -4.318791113016090728e-05  1.336267170343933941e+00  1.321044271044485408e+00
2.589999999999999858e+00  -2.236451182453611105e-12  -1.406021016030991777e-13  -1.475689294098666869e-14  1.978415983294566582e-16  -6.455556553412124912e-15
2.600000000000000089e+00  1.270944349133594997e+00  1.270944525176279871e+00  -4.276706403830047925e-05  1.335983822364069873e+00  1.320935649489811015e+00
2.600000000000000089e+00  -2.231860808868304928e-12  -1.405181870645439384e-13  -1.473238985072676294e-14  2.041977097359446514e-16  -6.455072705900135747e-15
2.610000000000000320e+00  1.269640930482331953e+00  1.269641099389084093e+00  -4.237509207453763729e-05  1.335705047141053647e+00  1.320828746514504992e+00
2.610000000000000320e+00  -2.227259793236977197e-12  -1.402623474841369510e-13  -1.471565492454673779e-14  1.837307257877298732e-16  -6.505411803574020915e-15
2.620000000000000107e+00  1.268350176883546565e+00  1.268350401831558338e+00  -4.196068559521864966e-05  1.335430713481727594e+00  1.320723470187809223e+00
2.620000000000000107e+00  -2.222738316046425919e-12  -1.397847236748028520e-13  -1.469893010122825010e-14  1.820396137510740009e-16  -6.525009453235635275e-15
2.629999999999999893e+00  1.267071999201749177e+00  1.267072129111705081e+00  -4.165272036058201700e-05  1.335160666946656693e+00  1.320619823404770132e+00
2.629999999999999893e+00  -2.218270753366028969e-12  -1.396197313998473840e-13  -1.469124326636216189e-14  1.945998586313315284e-16  -6.455653158856819177e-15
2.640000000000000124e+00  1.265806031583171842e+00  1.265806222505486245e+00  -4.125632148267233731e-05  1.334894982892454340e+00  1.320517862204306780e+00
2.640000000000000124e+00  -2.213820107514382536e-12  -1.392345564587075623e-13  -1.467340484352819112e-14  1.859626995540047426e-16  -6.435843885533568321e-15
2.650000000000000355e+00  1.264552274577418700e+00  1.264552388114067893e+00  -4.088464114362000325e-05  1.334633368839885925e+00  1.320417334624502281e+00
2.650000000000000355e+00  -2.209429283916734164e-12  -1.383676148706084863e-13  -1.465946816114988969e-14  1.904810968745477762e-16  -6.449888932317931857e-15
2.660000000000000142e+00  1.263310431296169822e+00  1.263310579637660913e+00  -4.054070626038333482e-05  1.334375853823132063e+00  1.320318385727198507e+00
2.660000000000000142e+00  -2.205086876646115734e-12  -1.389480214367518938e-13  -1.464557592104719784e-14  1.741421871809279567e-16  -6.449191600753716253e-15
2.669999999999999929e+00  1.262080351195542294e+00  1.262080546366110667e+00  -4.016263695200571920e-05  1.334122407171482116e+00  1.320220888962066574e+00
2.669999999999999929e+00  -2.200791221706013175e-12  -1.383543545398246082e-13  -1.463442611984563703e-14  1.831104151497146134e-16  -6.446790895038021338e-15
2.679999999999999716e+00  1.260861919644798546e+00  1.260862083538849987e+00  -3.981073782927177366e-05  1.333872828529075072e+00  1.320124966742422634e+00
2.679999999999999716e+00  -2.196536207917203002e-12  -1.380309851328081657e-13  -1.462023748782243936e-14  1.849454996024409244e-16  -6.445230239259317165e-15
2.689999999999999947e+00  1.259654953454699911e+00  1.259655057770713071e+00  -3.945950014240507363e-05  1.333627122680968835e+00  1.320030414004798258e+00
2.689999999999999947e+00  -2.192318384855279389e-12  -1.379947903676227973e-13  -1.460544850206059243e-14  1.826792282084568327e-16  -6.445041605234574899e-15
2.700000000000000178e+00  1.258459170740585664e+00  1.258459330234354967e+00  -3.911203383469585599e-05  1.333385210357176609e+00  1.319937284861701920e+00
2.700000000000000178e+00  -2.188151326614375119e-12  -1.376655843445645938e-13  -1.458868377993472131e-14  1.850899542767991673e-16  -6.443360719332216337e-15
2.709999999999999964e+00  1.257274526266788817e+00  1.257274700933239231e+00  -3.877772450480688159e-05  1.333146965044884613e+00  1.319845545570734746e+00
2.709999999999999964e+00  -2.184105587298569755e-12  -1.370453985694952116e-13  -1.457430825446525592e-14  1.862056635132475722e-16  -6.442034979962038603e-15
2.719999999999999751e+00  1.256100856386691555e+00  1.256101062350069020e+00  -3.842057457506739673e-05  1.332912389740017245e+00  1.319755131861624964e+00
2.719999999999999751e+00  -2.179964042680123510e-12  -1.367215291900137145e-13  -1.454730449275738709e-14  1.832950810505218657e-16  -6.442980566664828937e-15
2.729999999999999982e+00  1.254937998274873623e+00  1.254938152115053773e+00  -3.810970582318003093e-05  1.332681323882622726e+00  1.319666098855697633e+00
2.729999999999999982e+00  -2.176005084273903650e-12  -1.369126789895084507e-13  -1.455815474770233774e-14  1.803517514296434899e-16  -6.434746477619705038e-15
2.740000000000000213e+00  1.253785809079457580e+00  1.253785960142806521e+00  -3.781078021901220583e-05  1.332453813686609312e+00  1.319578282829362958e+00
2.740000000000000213e+00  -2.171997145375585398e-12  -1.364148781577057543e-13  -1.452634896204189393e-14  1.766556617138271256e-16  -6.440298665701421583e-15
2.750000000000000000e+00  1.252644106228350429e+00  1.252644246531246397e+00  -3.750327582922243511e-05  1.332229679473675876e+00  1.319491833273404469e+00
2.750000000000000000e+00  -2.167964953576122329e-12  -1.364755750537767972e-13  -1.452146949441541203e-14  1.653525052309190693e-16  -6.440594036336828995e-15
2.759999999999999787e+00  1.251512678942097834e+00  1.251512898931660178e+00  -3.716682067148612044e-05  1.332008833351070232e+00  1.319406614254079901e+00
2.759999999999999787e+00  -2.164114030978424911e-12  -1.356743863186759727e-13  -1.450854527997180879e-14  1.825332653877500173e-16  -6.440146382991421489e-15
2.770000000000000018e+00  1.250391613905117216e+00  1.250391725448669389e+00  -3.684906024692343628e-05  1.331791433334797103e+00  1.319322651899714760e+00
2.770000000000000018e+00  -2.160162607044107975e-12  -1.359625979684841940e-13  -1.449338463178460650e-14  1.777257245056120072e-16  -6.431576596650134605e-15
2.780000000000000249e+00  1.249280581258730871e+00  1.249280659257330894e+00  -3.653556483325802771e-05  1.331577178824765673e+00  1.319239928229949621e+00
2.780000000000000249e+00  -2.156377124935788593e-12  -1.355870036965317630e-13  -1.449667053292200987e-14  1.735217300110529190e-16  -6.449727761442389956e-15
2.790000000000000036e+00  1.248179428834431226e+00  1.248179580086017149e+00  -3.623275727669224890e-05  1.331366104993396693e+00  1.319158342076937718e+00
2.790000000000000036e+00  -2.152483783856165093e-12  -1.356640878296748540e-13  -1.446356132876900153e-14  1.790711005195112201e-16  -6.448553898659149771e-15
2.799999999999999822e+00  1.247088060753673622e+00  1.247088241377527718e+00  -3.596741268285343546e-05  1.331158138579406680e+00  1.319077930285298406e+00
2.799999999999999822e+00  -2.148853884167737132e-12  -1.349321328359579778e-13  -1.445609421718792092e-14  1.712770131343743692e-16  -6.423564424508319355e-15
2.810000000000000053e+00  1.246006416259608951e+00  1.246006544214416811e+00  -3.565323201669278353e-05  1.330953310719023008e+00  1.318998774542202268e+00
2.810000000000000053e+00  -2.144922789638100836e-12  -1.348736528668683523e-13  -1.445716583824203427e-14  1.769500579785366679e-16  -6.444934493668754196e-15
2.820000000000000284e+00  1.244934325545177467e+00  1.244934475894767134e+00  -3.533971943926308897e-05  1.330751384932281178e+00  1.318920608544433826e+00
2.820000000000000284e+00  -2.141230561568384681e-12  -1.345520159203897051e-13  -1.444488755088428938e-14  1.851218469343569527e-16  -6.434481484769009806e-15
2.830000000000000071e+00  1.243871631726808147e+00  1.243871720237493816e+00  -3.508663786890477284e-05  1.330552428234511586e+00  1.318843568759787255e+00
2.830000000000000071e+00  -2.137598890974063115e-12  -1.343583901617800181e-13  -1.442487988549522897e-14  1.776296664214348083e-16  -6.404354930030923274e-15
2.839999999999999858e+00  1.242818197611444964e+00  1.242818323643215095e+00  -3.477483561232122913e-05  1.330356335173307869e+00  1.318767682011061648e+00
2.839999999999999858e+00  -2.133924267282942374e-12  -1.341027079330200761e-13  -1.441006430815081036e-14  1.886580636714996096e-16  -6.446013270547778898e-15
2.850000000000000089e+00  1.241773975782514139e+00  1.241774084627765173e+00  -3.449335496741761834e-05  1.330163107183178317e+00  1.318692882947114509e+00
2.850000000000000089e+00  -2.130492888931061833e-12  -1.337529124042886809e-13  -1.440042980002215321e-14  1.775685921760346475e-16  -6.437659641040836326e-15
2.860000000000000320e+00  1.240738728573526961e+00  1.240738861944333360e+00  -3.421293347770276635e-05  1.329972721306439842e+00  1.318619021064362018e+00
2.860000000000000320e+00  -2.126874241235576148e-12  -1.334968846134836381e-13  -1.438006821032583082e-14  1.833112075874432535e-16  -6.443065128434121438e-15
2.870000000000000107e+00  1.239712436103538540e+00  1.239712544335974886e+00  -3.392516271127657911e-05  1.329784995887292043e+00  1.318546305030270815e+00
2.870000000000000107e+00  -2.123325155561183754e-12  -1.331986716924732563e-13  -1.437340297955187876e-14  1.823698990352150877e-16  -6.434816636504015894e-15
2.879999999999999893e+00  1.238694983435059571e+00  1.238695068056144377e+00  -3.365490129518958418e-05  1.329599983307363065e+00  1.318474555615260613e+00
2.879999999999999893e+00  -2.120018118839026941e-12  -1.332626674890213732e-13  -1.437367547466573254e-14  1.793397851116115026e-16  -6.429572972725480040e-15
2.890000000000000124e+00  1.237686152159326758e+00  1.237686239580685799e+00  -3.338126831636360487e-05  1.329417576219758201e+00  1.318403846905618293e+00
2.890000000000000124e+00  -2.116285679046428202e-12  -1.330724947485756597e-13  -1.434426433371792285e-14  1.872641667508671643e-16  -6.428613463054328533e-15
2.900000000000000355e+00  1.236685900171474284e+00  1.236685986966135076e+00  -3.312404070487881557e-05  1.329237775261733256e+00  1.318334158314483195e+00
2.900000000000000355e+00  -2.113134033840964755e-12  -1.328031059639204388e-13  -1.433321849742813526e-14  1.809924731316880189e-16  -6.428289325465054310e-15
2.910000000000000142e+00  1.235694165933121980e+00  1.235694283044129094e+00  -3.289662969385165889e-05  1.329060511318888471e+00  1.318265402897538463e+00
2.910000000000000142e+00  -2.109533669739634459e-12  -1.325935598304475975e-13  -1.433127498658860232e-14  1.749465795922315241e-16  -6.428448097045068364e-15
2.919999999999999929e+00  1.234710801141493786e+00  1.234710856845889770e+00  -3.261159864831713993e-05  1.328885786971295113e+00  1.318197518786905942e+00
2.919999999999999929e+00  -2.106213238329238891e-12  -1.321815093894756467e-13  -1.432332036946428706e-14  1.745222333782959556e-16  -6.428251473550976912e-15
2.929999999999999716e+00  1.233735613946512322e+00  1.233735719794824215e+00  -3.234128785169036057e-05  1.328713474134059602e+00  1.318130625430861347e+00
2.929999999999999716e+00  -2.103049272101950505e-12  -1.321141709627231209e-13  -1.430892360294557738e-14  1.768890792098932555e-16  -6.426072977831946130e-15
2.939999999999999947e+00  1.232768650859230153e+00  1.232768746411487815e+00  -3.213031000870716024e-05  1.328543560195032613e+00  1.318064653380200291e+00
2.939999999999999947e+00  -2.099434135870171503e-12  -1.318942833708204884e-13  -1.429112026008111871e-14  1.876833172489494730e-16  -6.428930009180606353e-15
2.950000000000000178e+00  1.231809663153463630e+00  1.231809791141142973e+00  -3.184548649300806661e-05  1.328376056654617665e+00  1.317999607469245049e+00
2.950000000000000178e+00  -2.096384525307867280e-12  -1.316569492180005163e-13  -1.427947826760873952e-14  1.813947795201803857e-16  -6.429233794149236248e-15
2.959999999999999964e+00  1.230858660466040755e+00  1.230858779463282371e+00  -3.159873736759605039e-05  1.328210879901485564e+00  1.317935450623489713e+00
2.959999999999999964e+00  -2.093080128613195471e-12  -1.314166123955613268e-13  -1.426967028486862365e-14  1.785553696958329171e-16  -6.427940721908900557e-15
2.969999999999999751e+00  1.229915519825294901e+00  1.229915560668905394e+00  -3.136481008711354627e-05  1.328047931204650034e+00  1.317872063750598732e+00
2.969999999999999751e+00  -2.089975960060441656e-12  -1.312691104011729048e-13  -1.421205685477120807e-14  1.724853764741244675e-16  -6.429003697525037525e-15
2.979999999999999982e+00  1.228980059488932630e+00  1.228980161682346139e+00  -3.110568852687483200e-05  1.327887251991631157e+00  1.317809597780302378e+00
2.979999999999999982e+00  -2.086716008573261287e-12  -1.311297489569059865e-13  -1.424354421627131990e-14  1.795187770227447034e-16  -6.429302312349882674e-15
2.990000000000000213e+00  1.228052303108105647e+00  1.228052378751754548e+00  -3.088119348208206554e-05  1.327728865428316141e+00  1.317747966959957884e+00
2.990000000000000213e+00  -2.083741723396152884e-12  -1.308833138245682049e-13  -1.423250589398892384e-14  1.760999549050004888e-16  -6.427789126285490288e-15
3.000000000000000000e+00  1.227132059965641009e+00  1.227132134533831742e+00  -3.063951218274879135e-05  1.327572509905805775e+00  1.317687172438914311e+00
3.000000000000000000e+00  -2.080336039195698580e-12  -1.306810772183549883e-13  -1.415819899173822086e-14  1.760520718927532090e-16  -6.427310062420375828e-15
