0.010000000000000  0.802832424928348  0.949507798565212  0.076548811724574  0.730242995134686  0.571626984899297
0.010000000000000  0.745406214559081  0.455588404601795  -0.201154566899028  0.100581112372683  -0.005881027023507
0.020000000000000  0.805433952695259  0.954784112545044  0.068295671954486  0.731827201278126  0.588291987009621
0.020000000000000  0.741420395973585  0.449068064280759  -0.195550549646376  0.098050486245248  -0.005590854922021
0.030000000000000  0.808493528541177  0.958862761887252  0.061773187875841  0.733125064137825  0.602199455135875
0.030000000000000  0.736981896417605  0.443676818090761  -0.191330721229315  0.095818208819780  -0.006686306160725
0.040000000000000  0.812083938409982  0.962125853523883  0.056453457401723  0.734232623071999  0.614018348166149
0.040000000000000  0.732017616138746  0.439023343116377  -0.187952614795514  0.093787551323131  -0.008404487636704
0.050000000000000  0.816119250965147  0.964823973990771  0.052004788045155  0.735203241381077  0.624178773137654
0.050000000000000  0.726613944323381  0.434860999780561  -0.185087891696382  0.091905343426788  -0.010293664034473
0.060000000000000  0.820382520607654  0.967119152571337  0.048205420648308  0.736069180319787  0.632998480904788
0.060000000000000  0.720987340887766  0.431035721022769  -0.182538873395451  0.090138402532989  -0.012108560503595
0.070000000000000  0.824696672182548  0.969116268443749  0.044903207795997  0.736851166349268  0.640725839221256
0.070000000000000  0.715314777234782  0.427452950721287  -0.180192049477781  0.088466018836316  -0.013743396622419
0.080000000000000  0.828959836089267  0.970882564092473  0.041994139738021  0.737563686999151  0.647559555961892
0.080000000000000  0.709698080420480  0.424056407487356  -0.177987373468158  0.086874129812039  -0.015179250366879
0.090000000000000  0.833117531920634  0.972463950463482  0.039402845291787  0.738217357833172  0.653656114599666
0.090000000000000  0.704191716233747  0.420809933081240  -0.175890604759214  0.085351434267650  -0.016423621775106
0.100000000000000  0.837143001377238  0.973893328507365  0.037073985220859  0.738820123310434  0.659138148651284
0.100000000000000  0.698822215444703  0.417688749876530  -0.173880652598296  0.083890165429451  -0.017500945838630
0.110000000000000  0.841024847370158  0.975195275535715  0.034965283036323  0.739378465256165  0.664101837967304
0.110000000000000  0.693600865361721  0.414674873171806  -0.171943337350317  0.082483830636194  -0.018431650455123
0.120000000000000  0.844760533405428  0.976388713917547  0.033043979260546  0.739897536287736  0.668623259916661
0.120000000000000  0.688530310078053  0.411754690177650  -0.170068698932179  0.081126724191142  -0.019233300200751
0.130000000000000  0.848352279930974  0.977488440272041  0.031284180528615  0.740381562740729  0.672763459962610
0.130000000000000  0.683608431238602  0.408917682745669  -0.168249326372057  0.079815401854571  -0.019925588434201
0.140000000000000  0.851804810103944  0.978506363169550  0.029664951265106  0.740834062017708  0.676571950619912
0.140000000000000  0.678830342201105  0.406155466560949  -0.166479505584284  0.078545273225053  -0.020521794206648
0.150000000000000  0.855124059699419  0.979452161407478  0.028169110408006  0.741258097301923  0.680089400633859
0.150000000000000  0.674190080640064  0.403461125730707  -0.164754641929698  0.077313793402795  -0.021034427866281
0.160000000000000  0.858316512400116  0.980333872701820  0.026782760995044  0.741656205762299  0.683349552663676
0.160000000000000  0.669681156294096  0.400829060642117  -0.163071117194005  0.076118244373661  -0.021474600670922
0.170000000000000  0.861388918535263  0.981158320364279  0.025493761591962  0.742030683850426  0.686380770726353
0.170000000000000  0.665296814606998  0.398254447040372  -0.161425830443727  0.074956181306860  -0.021848930205955
0.180000000000000  0.864347669725447  0.981931121178129  0.024292093982108  0.742383473068603  0.689207031813294
0.180000000000000  0.661030695321041  0.395733309431893  -0.159816187423194  0.073825605396970  -0.022168024335310
0.190000000000000  0.867198978437874  0.982657218170287  0.023169218455852  0.742716250452978  0.691848846901885
0.190000000000000  0.656876419381276  0.393262021440592  -0.158240008772735  0.072724130623171  -0.022436362111632
0.200000000000000  0.869948929111564  0.983340879048527  0.022117703965044  0.743030624370487  0.694323901493425
0.200000000000000  0.652828163096022  0.390837637740222  -0.156695375728989  0.071651034614099  -0.022660127540241
0.210000000000000  0.872602906362878  0.983985676044814  0.021131103573121  0.743327871840896  0.696647469293109
0.210000000000000  0.648880192946089  0.388457489854484  -0.155180599255930  0.070604366606685  -0.022843239563137
0.220000000000000  0.875166182912543  0.984594913107590  0.020203763343848  0.743609325123100  0.698832995766764
0.220000000000000  0.645027464488591  0.386119154863656  -0.153694175277137  0.069583410140536  -0.022991721236220
0.230000000000000  0.877643624040304  0.985171430800857  0.019330739153508  0.743875948212536  0.700892166287970
0.230000000000000  0.641264957223235  0.383820578966239  -0.152234831020284  0.068586026598903  -0.023108867319966
0.240000000000000  0.880039695899784  0.985717743775768  0.018507681607887  0.744128833613338  0.702835377085416
0.240000000000000  0.637588230384568  0.381559885375534  -0.150801366366198  0.067611971112199  -0.023196817896460
0.250000000000000  0.882358692468679  0.986236143468984  0.017730587464570  0.744368935028135  0.704671861789874
0.250000000000000  0.633992980965788  0.379335348454678  -0.149392675931820  0.066659237656155  -0.023258636983580
0.260000000000000  0.884604498003960  0.986728570316322  0.016996020915304  0.744596936326673  0.706409813182956
0.260000000000000  0.630475359617400  0.377145428465669  -0.148007815634684  0.065728239124945  -0.023298134505495
0.270000000000000  0.886780785442666  0.987196860833969  0.016300790467213  0.744813680456325  0.708056537817803
0.270000000000000  0.627031562190836  0.374988773737777  -0.146645871887769  0.064817264720456  -0.023315510669377
0.280000000000000  0.888890953235465  0.987642708998651  0.015642230173499  0.745019865104632  0.709618728868507
0.280000000000000  0.623658265806809  0.372864007753584  -0.145306088140412  0.063925905805668  -0.023315020955780
0.290000000000000  0.890938187688117  0.988067565314330  0.015017681257732  0.745216115988148  0.711102301568418
0.290000000000000  0.620352220300976  0.370770012559645  -0.143987651419671  0.063052763392376  -0.023297269031919
0.300000000000000  0.892925458191499  0.988472779336705  0.014424837865908  0.745403010474975  0.712512663620786
0.300000000000000  0.617110438405842  0.368705689155131  -0.142689890373037  0.062198054247132  -0.023263894411234
0.310000000000000  0.894855547702181  0.988859588721128  0.013861609965294  0.745581130975865  0.713854693483098
0.310000000000000  0.613930145035515  0.366670040442790  -0.141412150214424  0.061360402538364  -0.023216439074161
0.320000000000000  0.896731037322180  0.989229114962741  0.013326017985216  0.745750946403967  0.715132857241053
0.320000000000000  0.610808712006560  0.364662113408146  -0.140153822966613  0.060539921031315  -0.023156496382727
0.330000000000000  0.898554304492166  0.989582407455369  0.012816434639271  0.745912940489425  0.716351245721407
0.330000000000000  0.607743742254234  0.362681033348352  -0.138914339752347  0.059735499814506  -0.023085086058850
0.340000000000000  0.900327698592778  0.989920394210444  0.012331175925954  0.746067533887563  0.717513571947958
0.340000000000000  0.604732842845674  0.360726024882666  -0.137693199211885  0.058946801380490  -0.023002894371822
0.350000000000000  0.902053310657963  0.990243976680799  0.011868750556164  0.746215142856391  0.718623263989084
0.350000000000000  0.601773979453909  0.358796269917581  -0.136489859366518  0.058173164765245  -0.022911858037400
0.360000000000000  0.903733177787724  0.990553955701624  0.011427802465732  0.746356109534451  0.719683471649260
0.360000000000000  0.598865019892846  0.356891102930441  -0.135303867244959  0.057414586081331  -0.022811762430720
0.370000000000000  0.905369177927480  0.990851079628980  0.011007072997326  0.746490841515538  0.720697089590448
0.370000000000000  0.596004153348599  0.355009825636278  -0.134134789411112  0.056669998744619  -0.022704141523600
0.380000000000000  0.906963040735311  0.991136047585693  0.010605467655510  0.746619644173328  0.721666827297339
0.380000000000000  0.593189539047837  0.353151790481804  -0.132982203806928  0.055939417881846  -0.022589630903201
0.390000000000000  0.908516519553754  0.991409518773063  0.010221755174651  0.746742822318648  0.722595115482327
0.390000000000000  0.590419452201417  0.351316378237551  -0.131845666904486  0.055222568521504  -0.022469022972230
0.400000000000000  0.910031154992540  0.991672069584557  0.009855016836634  0.746860659709718  0.723484275806422
0.400000000000000  0.587692371399283  0.349503090501698  -0.130724807371653  0.054518441695938  -0.022341548137518
0.410000000000000  0.911508424552823  0.991924274808371  0.009504323771142  0.746973434376692  0.724336424972577
0.410000000000000  0.585006688765317  0.347711324460953  -0.129619289139307  0.053827346950679  -0.022210283758994
0.420000000000000  0.912949744590832  0.992166650836864  0.009168809772799  0.747081412266972  0.725153567235695
0.420000000000000  0.582361070160781  0.345940609773009  -0.128528738603060  0.053148378615298  -0.022073675371071
0.430000000000000  0.914356469690820  0.992399691459589  0.008847667441786  0.747184796244106  0.725937540276458
0.430000000000000  0.579754100713141  0.344190353239201  -0.127452834391752  0.052481617648471  -0.021933516305622
0.440000000000000  0.915729840582994  0.992623859868236  0.008540140324799  0.747283837641411  0.726690064366125
0.440000000000000  0.577184531413537  0.342460235690460  -0.126391253737956  0.051826841167566  -0.021789339957307
0.450000000000000  0.917071078241013  0.992839575617683  0.008245523166921  0.747378741994299  0.727412742339844
0.450000000000000  0.574651151071106  0.340749699912053  -0.125343691070566  0.051183200574747  -0.021641796114858
0.460000000000000  0.918381268572703  0.993047249447626  0.007963154053889  0.747469713868328  0.728107092181063
0.460000000000000  0.572152803939894  0.339058366881004  -0.124309841388551  0.050550880917754  -0.021491673116717
0.470000000000000  0.919661564482582  0.993247258952079  0.007692420648454  0.747556935443413  0.728774509728531
0.470000000000000  0.569688349624308  0.337385813736407  -0.123289427367907  0.049929431556225  -0.021338388250261
0.480000000000000  0.920912917771702  0.993439956919122  0.007432737801748  0.747640588223012  0.729416315969564
0.480000000000000  0.567256796200419  0.335731654418508  -0.122282182024733  0.049318476561339  -0.021183304917446
0.490000000000000  0.922136345829784  0.993625682662908  0.007183560162575  0.747720842443503  0.730033751128455
0.490000000000000  0.564857127814004  0.334095444088226  -0.121287828617137  0.048718159458147  -0.021026353415087
0.500000000000000  0.923332768874439  0.993804747175674  0.006944378783657  0.747797853192855  0.730627976820667
0.500000000000000  0.562488413506228  0.332476927354729  -0.120306130423966  0.048127731821462  -0.020867334119367
0.510000000000000  0.924503048276003  0.993977453748547  0.006714709766499  0.747871772219576  0.731200086759940
0.510000000000000  0.560149720199916  0.330875714515755  -0.119336821561751  0.047547267145856  -0.020707105907102
0.520000000000000  0.925648065837705  0.994144081952832  0.006494205234599  0.747942743984488  0.731751098052043
0.520000000000000  0.557840208451276  0.329291447117570  -0.118379692538521  0.046976548243668  -0.020545304522460
0.530000000000000  0.926768600967133  0.994304896928923  0.006282214009045  0.748010878188392  0.732282002257709
0.530000000000000  0.555559064878754  0.327723857653748  -0.117434469727611  0.046415020279053  -0.020383289600717
0.540000000000000  0.927865415835443  0.994460148532649  0.006078451926505  0.748076351122860  0.732793697233006
0.540000000000000  0.553305501857524  0.326172508152570  -0.116500945367157  0.045862972803090  -0.020219576392728
0.550000000000000  0.928939271791525  0.994610112066987  0.005882542188276  0.748139251988838  0.733287043148696
0.550000000000000  0.551078742527856  0.324637222360151  -0.115578927896204  0.045319665059059  -0.020056210288791
0.560000000000000  0.929990844552965  0.994754939310165  0.005694123221354  0.748199701346241  0.733762863106949
0.560000000000000  0.548878093241868  0.323117692099403  -0.114668182875447  0.044785370492127  -0.019891900529240
0.570000000000000  0.931020798134362  0.994894881327286  0.005512857666784  0.748257804843193  0.734221924891466
0.570000000000000  0.546702861312202  0.321613543557568  -0.113768507713082  0.044259455754687  -0.019727130162740
0.580000000000000  0.932029780375509  0.995030141452091  0.005338422901811  0.748313675621388  0.734664943274454
0.580000000000000  0.544552408688540  0.320124618160947  -0.112879716470492  0.043742146896392  -0.019562625521186
0.590000000000000  0.933018460047252  0.995160913717122  0.005170515145811  0.748367399169558  0.735092621288410
0.590000000000000  0.542426058783298  0.318650548237000  -0.112001610342285  0.043233064921295  -0.019397458886183
0.600000000000000  0.933987349278736  0.995287375529327  0.005008843785930  0.748419074677792  0.735505609941766
0.600000000000000  0.540323231337851  0.317191180386789  -0.111134006718727  0.042731839987699  -0.019232564268030
0.610000000000000  0.934937037531056  0.995409704269431  0.004853139660129  0.748468795886667  0.735904524942608
0.610000000000000  0.538243338237303  0.315746130943549  -0.110276717653934  0.042238558769435  -0.019068181874088
0.620000000000000  0.935868067121559  0.995528067092072  0.004703141891309  0.748516631242200  0.736289952281524
0.620000000000000  0.536185824334878  0.314315333351820  -0.109429569735794  0.041753290265473  -0.018903758325424
0.630000000000000  0.936780963598860  0.995642612723516  0.004558771901523  0.748562683880692  0.736662454287088
0.630000000000000  0.534150124368754  0.312898393376993  -0.108592386395891  0.041275659690329  -0.018740060353035
0.640000000000000  0.937676233847052  0.995753500050415  0.004419439944733  0.748607005428779  0.737022548546365
0.640000000000000  0.532135768237833  0.311495162791361  -0.107765005458138  0.040805084699440  -0.018576731334193
0.650000000000000  0.938554350955607  0.995860864733978  0.004285119195304  0.748649682024722  0.737370743737208
0.650000000000000  0.530142261930155  0.310105332774657  -0.106947264947642  0.040341888471401  -0.018413948967058
0.660000000000000  0.939415780800527  0.995964846871958  0.004155593719032  0.748690785661751  0.737707519819166
0.660000000000000  0.528169073179703  0.308728838791846  -0.106139000488342  0.039885728364794  -0.018251639734261
0.670000000000000  0.940260950114692  0.996065571628770  0.004030667566438  0.748730375388930  0.738033331426558
0.670000000000000  0.526215792066778  0.307365360358781  -0.105340053151231  0.039436786941247  -0.018090075762053
0.680000000000000  0.941090313180131  0.996163164138512  0.003910146695379  0.748768514800396  0.738348610092134
0.680000000000000  0.524281928390616  0.306014676376939  -0.104550275339825  0.038994392773710  -0.017929499762160
0.690000000000000  0.941904256533879  0.996257744515050  0.003793852986864  0.748805267026027  0.738653765921925
0.690000000000000  0.522367118387476  0.304676665559228  -0.103769517530602  0.038558763262565  -0.017769716206902
0.700000000000000  0.942703186972683  0.996349421222594  0.003681610221234  0.748840687040421  0.738949197160230
0.700000000000000  0.520470881875967  0.303351067991241  -0.102997630970883  0.038129820263341  -0.017610684541308
0.710000000000000  0.943487502036068  0.996438303633700  0.003573255953228  0.748874830096293  0.739235268642691
0.710000000000000  0.518592884293334  0.302037717256470  -0.102234485846693  0.037707211558367  -0.017452580284610
0.720000000000000  0.944257546420239  0.996524493321097  0.003468634993464  0.748907745794153  0.739512347829554
0.720000000000000  0.516732684677883  0.300736418960340  -0.101479934442757  0.037290795553416  -0.017295404121761
0.730000000000000  0.945013685467671  0.996608085541369  0.003367676655412  0.748939482881233  0.739780744252262
0.730000000000000  0.514889944756430  0.299447023333837  -0.100733824667757  0.036880784469201  -0.017139255753055
0.740000000000000  0.945756284606088  0.996689181454699  0.003270061024000  0.748970094945664  0.740040838244580
0.740000000000000  0.513064302041028  0.298169320383604  -0.099996064435950  0.036476750823134  -0.016984131775081
0.750000000000000  0.946485625803396  0.996767868567948  0.003175752009367  0.748999600095235  0.740292911882353
0.750000000000000  0.511255389923656  0.296903173238373  -0.099266488556421  0.036078526692155  -0.016830098243676
0.760000000000000  0.947202075785073  0.996844229893009  0.003084621224752  0.749028082299882  0.740537261642235
0.760000000000000  0.509462914541861  0.295648343065857  -0.098544994717493  0.035686433053715  -0.016677479436692
0.770000000000000  0.947905918946462  0.996918349001554  0.002996542403851  0.749055567587157  0.740774169904432
0.770000000000000  0.507686498761346  0.294404718336972  -0.097831440043776  0.035299796230579  -0.016525844086427
0.780000000000000  0.948597464788620  0.996990306841690  0.002911402242025  0.749082096971577  0.741003909181604
0.780000000000000  0.505925864709854  0.293172112215726  -0.097125720244968  0.034918983571420  -0.016375198707293
0.790000000000000  0.949277000633962  0.997060173378120  0.002829083120052  0.749107701483679  0.741226740246372
0.790000000000000  0.504180733725347  0.291950469990374  -0.096427706204774  0.034543562051686  -0.016225768142473
0.800000000000000  0.949944817993636  0.997128025711203  0.002749477113361  0.749132415458506  0.741442912137268
0.800000000000000  0.502450747138928  0.290739435748968  -0.095737280938831  0.034173632642217  -0.016077465538841
0.810000000000000  0.950601164495983  0.997193933642731  0.002672482575714  0.749156280889674  0.741652660933627
0.810000000000000  0.500735670743465  0.289539008725876  -0.095054331405732  0.033808792392658  -0.015930290368219
0.820000000000000  0.951246314798935  0.997257960139243  0.002598005165951  0.749179325236095  0.741856210874114
0.820000000000000  0.499035199380983  0.288349030002328  -0.094378752565445  0.033449433504602  -0.015784780210280
0.830000000000000  0.951880520181864  0.997320171082452  0.002525947833629  0.749201589412786  0.742053780465310
0.830000000000000  0.497349094503632  0.287169333343145  -0.093710431775840  0.033094999593838  -0.015639847802559
0.840000000000000  0.952504034834228  0.997380627962116  0.002456221174987  0.749223089669659  0.742245583779857
0.840000000000000  0.495677063273544  0.285999739465574  -0.093049261499111  0.032745904482458  -0.015496586303727
0.850000000000000  0.953117100703468  0.997439390202157  0.002388735324988  0.749243861984517  0.742431821446710
0.850000000000000  0.494018882945872  0.284840181182301  -0.092395130340532  0.032401352585932  -0.015354755878780
0.860000000000000  0.953719925542202  0.997496512436964  0.002323409191370  0.749263941236611  0.742612679000011
0.860000000000000  0.492374309767678  0.283690438887064  -0.091747945797588  0.032061999952390  -0.015214229417741
0.870000000000000  0.954312757422132  0.997552049792088  0.002260153154512  0.749283339823059  0.742788347358033
0.870000000000000  0.490743087443476  0.282550472817279  -0.091107603417097  0.031727185470189  -0.015074510743341
0.880000000000000  0.954895806526408  0.997606056109156  0.002198895656622  0.749302091754288  0.742958997413395
0.880000000000000  0.489124990748075  0.281420060968361  -0.090473998073384  0.031396960090046  -0.014936305757091
0.890000000000000  0.955469281569661  0.997658577570514  0.002139563605323  0.749320217230970  0.743124802731287
0.890000000000000  0.487519776291483  0.280299146370366  -0.089847042323974  0.031071551280053  -0.014799415867989
0.900000000000000  0.956033386322827  0.997709667907068  0.002082091519743  0.749337738590776  0.743285926079202
0.900000000000000  0.485927291761104  0.279187613412815  -0.089226636915019  0.030750578666166  -0.014663505910144
0.910000000000000  0.956588342880120  0.997759368738044  0.002026409679116  0.749354687285000  0.743442523272350
0.910000000000000  0.484347286248584  0.278085219246475  -0.088612692243200  0.030434058105499  -0.014529180105714
0.920000000000000  0.957134304508823  0.997807727036320  0.001972457257205  0.749371080993302  0.743594748603951
0.920000000000000  0.482779532197613  0.276992001144965  -0.088005112665491  0.030121745808752  -0.014396349488068
0.930000000000000  0.957671506889788  0.997854783973380  0.001920169295905  0.749386927576624  0.743742741686155
0.930000000000000  0.481223865906490  0.275907713872429  -0.087403801826359  0.029813959822413  -0.014264432246349
0.940000000000000  0.958200091229449  0.997900583427483  0.001869491665622  0.749402265303083  0.743886641929511
0.940000000000000  0.479680071460321  0.274832335026985  -0.086808692760095  0.029510132132310  -0.014134074585947
0.950000000000000  0.958720238093145  0.997945162997910  0.001820364818873  0.749417103149709  0.744026581009264
0.950000000000000  0.478147962080442  0.273765702964529  -0.086219673346131  0.029210506034484  -0.014004561086162
0.960000000000000  0.959232147135643  0.997988532297630  0.001772733729941  0.749431460329002  0.744162690780634
0.960000000000000  0.476627391985979  0.272707682191145  -0.085636676061448  0.028915077223474  -0.013876544917925
0.970000000000000  0.959735973943756  0.998030789441700  0.001726548250964  0.749445354313987  0.744295097403374
0.970000000000000  0.475118122282796  0.271658222519181  -0.085059614986125  0.028623485541003  -0.013750026750594
0.980000000000000  0.960231874049384  0.998071938175017  0.001681756722054  0.749458797123452  0.744423914320801
0.980000000000000  0.473620036207697  0.270617162767980  -0.084488401432532  0.028335832723653  -0.013624446339120
0.990000000000000  0.960720020906202  0.998112013459166  0.001638312044174  0.749471815580654  0.744549261241497
0.990000000000000  0.472132898811334  0.269584430897755  -0.083922959548267  0.028052239760371  -0.013500564974616
1.000000000000000  0.961200554473133  0.998151047880039  0.001596168551582  0.749484418461943  0.744671240871133
1.000000000000000  0.470656625821409  0.268559955683342  -0.083363208521257  0.027772249212376  -0.013377545817062
1.010000000000000  0.961673637779992  0.998189094085672  0.001555271782455  0.749496624864813  0.744789964403032
1.010000000000000  0.469191012819271  0.267543518070458  -0.082809078838114  0.027495887593269  -0.013255889392983
1.020000000000000  0.962139418403936  0.998226118366982  0.001515604778534  0.749508438871313  0.744905538477748
1.020000000000000  0.467735866264079  0.266535162931037  -0.082260480552505  0.027223276817926  -0.013135511037510
1.030000000000000  0.962598033625599  0.998262216385732  0.001477100552005  0.749519887650398  0.745018052328831
1.030000000000000  0.466291116351048  0.265534660633765  -0.081717351257657  0.026954401513922  -0.013016435337059
1.040000000000000  0.963049617529438  0.998297393373947  0.001439730838116  0.749530973859556  0.745127608991965
1.040000000000000  0.464856526313885  0.264542031107200  -0.081179612602462  0.026688957974535  -0.012898229237020
1.050000000000000  0.963494315057962  0.998331678756348  0.001403391943346  0.749541709477422  0.745234275885780
1.050000000000000  0.463432021183918  0.263557104814315  -0.080647186057540  0.026426884786948  -0.012781618598804
1.060000000000000  0.963932266931809  0.998365096979798  0.001368174200421  0.749552112094927  0.745338184729011
1.060000000000000  0.462017424573813  0.262579772055476  -0.080120011807691  0.026168640135246  -0.012666029226177
1.070000000000000  0.964363581281439  0.998397674937335  0.001333979661233  0.749562191875551  0.745439393535366
1.070000000000000  0.460612605513756  0.261609981140138  -0.079598014964268  0.025913254412266  -0.012552029076701
1.080000000000000  0.964788396472948  0.998429437115451  0.001300773271023  0.749571965828857  0.745537988558957
1.080000000000000  0.459217443802433  0.260647703164271  -0.079081126275955  0.025661549254159  -0.012438584487090
1.090000000000000  0.965206835967624  0.998460408256551  0.001268519896604  0.749581433349329  0.745634046709742
1.090000000000000  0.457831773076076  0.259692730331941  -0.078569280548846  0.025412991419942  -0.012326745839999
1.100000000000000  0.965619020542486  0.998490610786527  0.001237195563178  0.749590611040732  0.745727650287401
1.100000000000000  0.456455501399773  0.258745032337833  -0.078062411633642  0.025167511538268  -0.012215708973791
1.110000000000000  0.966025055202459  0.998520068228841  0.001206762986583  0.749599511375609  0.745818865935432
1.110000000000000  0.455088465820142  0.257804539091499  -0.077560455163971  0.024925493574735  -0.012106068085028
1.120000000000000  0.966425077845061  0.998548799038604  0.001177196807274  0.749608139179851  0.745907773960279
1.120000000000000  0.453730593600794  0.256871092792455  -0.077063338989740  0.024686286596357  -0.011997797988064
1.130000000000000  0.966819184076800  0.998576828266126  0.001148464886815  0.749616503489284  0.745994428749414
1.130000000000000  0.452381711787865  0.255944726224165  -0.076571008079182  0.024450170177138  -0.011890440114732
1.140000000000000  0.967207476146187  0.998604172697794  0.001120547224738  0.749624615779186  0.746078908594833
1.140000000000000  0.451041724079747  0.255025276641718  -0.076083401573534  0.024217294011626  -0.011784381876259
1.150000000000000  0.967590080858409  0.998630852728391  0.001093410595505  0.749632481331690  0.746161268570057
1.150000000000000  0.449710537098406  0.254112657656606  -0.075600455180254  0.023987143127593  -0.011679252344561
1.160000000000000  0.967967083927141  0.998656889102229  0.001067036500242  0.749640115872735  0.746241583431443
1.160000000000000  0.448387999664391  0.253206846124269  -0.075122110335437  0.023759889033455  -0.011575613052777
1.170000000000000  0.968338589346833  0.998682298187332  0.001041391856129  0.749647521865403  0.746319899564331
1.170000000000000  0.447074036210643  0.252307726595476  -0.074648303151093  0.023535699876639  -0.011472759558733
1.180000000000000  0.968704700762799  0.998707098129160  0.001016465732886  0.749654702270361  0.746396286555520
1.180000000000000  0.445768513733520  0.251415213903465  -0.074178982126819  0.023314290618162  -0.011371081727355
1.190000000000000  0.969065519801740  0.998731305345119  0.000992221700337  0.749661675218007  0.746470784536612
1.190000000000000  0.444471344338901  0.250529254713405  -0.073714095488765  0.023095498896786  -0.011270054752944
1.200000000000000  0.969421137610930  0.998754937645446  0.000968649813603  0.749668438220587  0.746543465007306
1.200000000000000  0.443182430555344  0.249649766638399  -0.073253573438856  0.022879673525022  -0.011170478366346
1.210000000000000  0.969771637390400  0.998778010190502  0.000945719220630  0.749675005719026  0.746614363288552
1.210000000000000  0.441901661592619  0.248776653442897  -0.072797369049060  0.022666085014929  -0.011072141606211
1.220000000000000  0.970117127607440  0.998800538048453  0.000923420815407  0.749681377421462  0.746683547503537
1.220000000000000  0.440628926601351  0.247909893719268  -0.072345425660325  0.022455573103343  -0.010974740187073
1.230000000000000  0.970457683129649  0.998822538792863  0.000901725915253  0.749687562886234  0.746751051158516
1.230000000000000  0.439364146841002  0.247049429820365  -0.071897691616136  0.022247639938775  -0.010878148832454
1.240000000000000  0.970793382391223  0.998844042230173  0.000880619632523  0.749693566474982  0.746816933576352
1.240000000000000  0.438107217875775  0.246195110807786  -0.071454114169690  0.022042044296195  -0.010782754377402
1.250000000000000  0.971124332519131  0.998865025762928  0.000860085255098  0.749699402174886  0.746881229399429
1.250000000000000  0.436858060523294  0.245346879931872  -0.071014640816399  0.021839213689228  -0.010688601390939
1.260000000000000  0.971450601952090  0.998885522074759  0.000840099013666  0.749705059519892  0.746943989355249
1.260000000000000  0.435616567539161  0.244504788980655  -0.070579218988983  0.021638713061760  -0.010595301367334
1.270000000000000  0.971772282374970  0.998905544771455  0.000820650000391  0.749710561864754  0.747005255833984
1.270000000000000  0.434382655749994  0.243668598970206  -0.070147802504206  0.021440769172139  -0.010502973897191
1.280000000000000  0.972089437206035  0.998925105307295  0.000801718401158  0.749715905254280  0.747065070305412
1.280000000000000  0.433156248259393  0.242838344583421  -0.069720335886187  0.021245224982007  -0.010411249087332
1.290000000000000  0.972402153518730  0.998944218706342  0.000783295554693  0.749721093917136  0.747123471807000
1.290000000000000  0.431937256566336  0.242013999497211  -0.069296779973633  0.021051973113074  -0.010321007063261
1.300000000000000  0.972710507092957  0.998962894054245  0.000765352834203  0.749726131430269  0.747180500529101
1.300000000000000  0.430725609132338  0.241195397267676  -0.068877077278727  0.020861139574722  -0.010231648774093
1.310000000000000  0.973014575443521  0.998981144721015  0.000747891448547  0.749731026098924  0.747236192869556
1.310000000000000  0.429521189964901  0.240382525538208  -0.068461189040411  0.020672603877559  -0.010143153320424
1.320000000000000  0.973314421755926  0.998998981757143  0.000730883059486  0.749735780826223  0.747290583099718
1.320000000000000  0.428323937403278  0.239575332877932  -0.068049063567409  0.020486232877741  -0.010055538862806
1.330000000000000  0.973610129758413  0.999016415907985  0.000714326653090  0.749740408430984  0.747343709949020
1.330000000000000  0.427133762194420  0.238773751198937  -0.067640655657844  0.020302101812634  -0.009969207474470
1.340000000000000  0.973901757399567  0.999033458252168  0.000698197477857  0.749744897103036  0.747395602679103
1.340000000000000  0.425950597956563  0.237977679853144  -0.067235924534015  0.020120377013196  -0.009883816028465
1.350000000000000  0.974189376185477  0.999050118027521  0.000682494055105  0.749749263585384  0.747446303798518
1.350000000000000  0.424774391360183  0.237187115326615  -0.066834820929964  0.019940588427791  -0.009798858614805
1.360000000000000  0.974473055258642  0.999066406393242  0.000667189610833  0.749753507937378  0.747495833763144
1.360000000000000  0.423605024708943  0.236402009762589  -0.066437305745775  0.019762954197555  -0.009715059716932
1.370000000000000  0.974752862695641  0.999082331502276  0.000652288220693  0.749757632359192  0.747544238074735
1.370000000000000  0.422442447847633  0.235622281143255  -0.066043329919386  0.019587545899441  -0.009632090125516
1.380000000000000  0.975028856190225  0.999097904200716  0.000637763394871  0.749761645195025  0.747591528215958
1.380000000000000  0.421286601394785  0.234847800927095  -0.065652857149228  0.019414103478069  -0.009550277330225
1.390000000000000  0.975301105150335  0.999113132837635  0.000623618325111  0.749765547370785  0.747637752672313
1.390000000000000  0.420137385165300  0.234078647402104  -0.065265843583516  0.019242776435837  -0.009468746266087
1.400000000000000  0.975569662368002  0.999128026391903  0.000609829001243  0.749769341931839  0.747682920064531
1.400000000000000  0.418994747665949  0.233314623909585  -0.064882252175741  0.019073617688190  -0.009388556946775
1.410000000000000  0.975834603866187  0.999142593352987  0.000596396329797  0.749773024563269  0.747727079460969
1.410000000000000  0.417858616615341  0.232555802573252  -0.064502033363243  0.018906111990065  -0.009308955668709
1.420000000000000  0.976095968534271  0.999156841585371  0.000583298880753  0.749776615513792  0.747770238520428
1.420000000000000  0.416728949461274  0.231802081012298  -0.064125156204941  0.018740679354380  -0.009230639257298
1.430000000000000  0.976353831092752  0.999170780931156  0.000570538391482  0.749780098280985  0.747812440086201
1.430000000000000  0.415605619978662  0.231053399360366  -0.063751577814305  0.018577231937371  -0.009152586514097
1.440000000000000  0.976608243686291  0.999184416626642  0.000558094066226  0.749783493883701  0.747853691124335
1.440000000000000  0.414488629132482  0.230309711800336  -0.063381257947795  0.018415756450364  -0.009075891236628
1.450000000000000  0.976859255782751  0.999197757935750  0.000545964937166  0.749786792172141  0.747894032239192
1.450000000000000  0.413377870179527  0.229570970818302  -0.063014163412822  0.018255944960142  -0.008999738014186
1.460000000000000  0.977106935087912  0.999210813011620  0.000534137720899  0.749790006364444  0.747933470788564
1.460000000000000  0.412273314312525  0.228837139269688  -0.062650253363098  0.018098120651366  -0.008924187806979
1.470000000000000  0.977351316521800  0.999223586924600  0.000522608107248  0.749793128887967  0.747972049894940
1.470000000000000  0.411174889806506  0.228108103448287  -0.062289491531096  0.017942072715618  -0.008849842957855
1.480000000000000  0.977592468154046  0.999236087801092  0.000511363949473  0.749796172327182  0.748009772076114
1.480000000000000  0.410082527896451  0.227383873040614  -0.061931841301761  0.017787804904140  -0.008776126588488
1.490000000000000  0.977830438116744  0.999248322230025  0.000500397173147  0.749799128553430  0.748046676006677
1.490000000000000  0.408996158275218  0.226664365818752  -0.061577266856718  0.017635294105323  -0.008703108864864
1.500000000000000  0.978065270781471  0.999260297230774  0.000489702254364  0.749802013936975  0.748082767937983
1.500000000000000  0.407915741117411  0.225949589378853  -0.061225735831387  0.017484547540335  -0.008630681451708
1.510000000000000  0.978297023784743  0.999272019145963  0.000479270375771  0.749804810911314  0.748118076950674
1.510000000000000  0.406841214672823  0.225239497968128  -0.060877208131272  0.017335513228632  -0.008559479601544
1.520000000000000  0.978525744350428  0.999283492199633  0.000469091521030  0.749807541458085  0.748152618872391
1.520000000000000  0.405772521452592  0.224533996862478  -0.060531652754561  0.017188191048637  -0.008488758265867
1.530000000000000  0.978751475070972  0.999294725803333  0.000459162732895  0.749810202899624  0.748186417650021
1.530000000000000  0.404709593295315  0.223833017381025  -0.060189033551810  0.017042481718611  -0.008418977902664
1.540000000000000  0.978974268771572  0.999305723360675  0.000449479063952  0.749812788094492  0.748219487399831
1.540000000000000  0.403652426859667  0.223136568060724  -0.059849319951200  0.016898482769205  -0.008349720673041
1.550000000000000  0.979194163856543  0.999316491575988  0.000440024232326  0.749815307011020  0.748251849890058
1.550000000000000  0.402600889646569  0.222444548335274  -0.059512477692772  0.016756086733885  -0.008281209572466
1.560000000000000  0.979411216553856  0.999327035955527  0.000430804674694  0.749817751066001  0.748283520736243
1.560000000000000  0.401555007842956  0.221756974773676  -0.059178475932421  0.016615252879504  -0.008213677086162
1.570000000000000  0.979625462731121  0.999337361313158  0.000421801594404  0.749820144293007  0.748314512798204
1.570000000000000  0.400514676076560  0.221073818819476  -0.058847281993431  0.016475913305345  -0.008146559277872
1.580000000000000  0.979836946603564  0.999347473269858  0.000413021651349  0.749822465552779  0.748344850151656
1.580000000000000  0.399479852292766  0.220394971815756  -0.058518862401105  0.016338265485575  -0.008080175518971
1.590000000000000  0.980045715379061  0.999357376674890  0.000404444234922  0.749824737575857  0.748374539467100
1.590000000000000  0.398450512936616  0.219720459380477  -0.058193190865060  0.016202089049320  -0.008014333314810
1.600000000000000  0.980251803390360  0.999367077133421  0.000396082085235  0.749826932450559  0.748403610708011
1.600000000000000  0.397426581408185  0.219050093245347  -0.057870230855786  0.016067355614389  -0.007949323840822
1.610000000000000  0.980455259618637  0.999376579415840  0.000387906245766  0.749829092547372  0.748432061084801
1.610000000000000  0.396408022158070  0.218384029324243  -0.057549953386715  0.015934242204479  -0.007885056706942
1.620000000000000  0.980656119593744  0.999385887372631  0.000379935976100  0.749831173980767  0.748459928895787
1.620000000000000  0.395394778260528  0.217722155221027  -0.057232330795738  0.015802580823802  -0.007821646031542
1.630000000000000  0.980854424127852  0.999395006559169  0.000372143966926  0.749833223817228  0.748487200043220
1.630000000000000  0.394386812743894  0.217064386572069  -0.056917333585580  0.015672257684168  -0.007758593728237
1.640000000000000  0.981050211101259  0.999403940350039  0.000364547576350  0.749835199927663  0.748513918129361
1.640000000000000  0.393384045728099  0.216410675596344  -0.056604935409674  0.015543452655375  -0.007696211236647
1.650000000000000  0.981243521504341  0.999412694109908  0.000357118527597  0.749837145423234  0.748540065904226
1.650000000000000  0.392386489165780  0.215761060276887  -0.056295101730794  0.015416042104559  -0.007634539935150
1.660000000000000  0.981434389213533  0.999421272142123  0.000349873817254  0.749839024004191  0.748565690155743
1.660000000000000  0.391394059983476  0.215115456448114  -0.055987809399000  0.015290107024560  -0.007573560966733
1.670000000000000  0.981622858502475  0.999429676925795  0.000342788839026  0.749840870175926  0.748590772276242
1.670000000000000  0.390406710044827  0.214473800153462  -0.055683026294753  0.015165363661301  -0.007513108242755
1.680000000000000  0.981808952917989  0.999437914320536  0.000335878479849  0.749842656425937  0.748615353766335
1.680000000000000  0.389424420645575  0.213836146835104  -0.055380730708697  0.015042149706423  -0.007453316100535
1.690000000000000  0.981992721289424  0.999445987165403  0.000329118349662  0.749844409311243  0.748639417365770
1.690000000000000  0.388447116620343  0.213202342907818  -0.055080886646434  0.014920135617565  -0.007393976762509
1.700000000000000  0.982174186383738  0.999453899517055  0.000322522063477  0.749846109307485  0.748663001763589
1.700000000000000  0.387474789334015  0.212572450375902  -0.054783477147295  0.014799491797153  -0.007335675140712
1.710000000000000  0.982353390599869  0.999461655161449  0.000316072080013  0.749847775228343  0.748686095764925
1.710000000000000  0.386507380868763  0.211946331186363  -0.054488471485677  0.014680113752124  -0.007277772556985
1.720000000000000  0.982530367213769  0.999469257669325  0.000309776352385  0.749849389558705  0.748708734806108
1.720000000000000  0.385544834276950  0.211324021145581  -0.054195846868356  0.014562048732804  -0.007220275550995
1.730000000000000  0.982705147926960  0.999476710649345  0.000303551872939  0.749850973467492  0.748730893894078
1.730000000000000  0.384587127166820  0.210705535352521  -0.053905585555639  0.014445232615028  -0.007163487945671
1.740000000000000  0.982877764238049  0.999484016983264  0.000297538841418  0.749852513043912  0.748752626427936
1.740000000000000  0.383634225165188  0.210090716627647  -0.053617642320185  0.014329689309543  -0.007107283550244
1.750000000000000  0.983048246526283  0.999491180837622  0.000291666105085  0.749854016043576  0.748773914497920
1.750000000000000  0.382686074903721  0.209479565609712  -0.053331994692493  0.014215263251717  -0.007051564531448
1.760000000000000  0.983216634054380  0.999498204723587  0.000285924083115  0.749855479524146  0.748794780659176
1.760000000000000  0.381742642227583  0.208872123417971  -0.053048630983551  0.014102277133841  -0.006996397526640
1.770000000000000  0.983382946688764  0.999505091525518  0.000280312568336  0.749856904785488  0.748815227585156
1.770000000000000  0.380803876968299  0.208268289455821  -0.052767517967682  0.013990266280185  -0.006942035486481
1.780000000000000  0.983547225503251  0.999511845155071  0.000274827035196  0.749858306354887  0.748835271678859
1.780000000000000  0.379869754652031  0.207668023066873  -0.052488637529628  0.013879491430840  -0.006887969368200
1.790000000000000  0.983709484786291  0.999518468254083  0.000269468815371  0.749859664075369  0.748854916475557
1.790000000000000  0.378940238313349  0.207071322258104  -0.052211958633456  0.013769961121023  -0.006834534393392
1.800000000000000  0.983869771737434  0.999524963633331  0.000264222664994  0.749860991383583  0.748874173982573
1.800000000000000  0.378015282914488  0.206478170114186  -0.051937470298588  0.013661569208489  -0.006781644607168
1.810000000000000  0.984028108609404  0.999531334347272  0.000259102783189  0.749862275133904  0.748893054581504
1.810000000000000  0.377094850342576  0.205888500841994  -0.051665140196796  0.013554202255066  -0.006729317596877
1.820000000000000  0.984184517728018  0.999537582972059  0.000254088074974  0.749863544581448  0.748911557779908
1.820000000000000  0.376178929544819  0.205302315627857  -0.051394944755527  0.013448110020819  -0.006677528467278
1.830000000000000  0.984339034102932  0.999543712260844  0.000249195053820  0.749864769985104  0.748929704656419
1.830000000000000  0.375267448773359  0.204719512756158  -0.051126868664156  0.013343028472506  -0.006626111309440
1.840000000000000  0.984491680594255  0.999549724728870  0.000244400018347  0.749865981580419  0.748947487496186
1.840000000000000  0.374360384680833  0.204140136897431  -0.050860883869372  0.013239031167871  -0.006575222255404
1.850000000000000  0.984642489500334  0.999555623253402  0.000239722246339  0.749867142138530  0.748964937286249
1.850000000000000  0.373457709222477  0.203564108936534  -0.050596968330039  0.013136152814034  -0.006525029829345
1.860000000000000  0.984791482731648  0.999561410143068  0.000235134174908  0.749868296100093  0.748982034602344
1.860000000000000  0.372559388096220  0.202991479962222  -0.050335109098526  0.013034296843181  -0.006475341612624
1.870000000000000  0.984938685897663  0.999567087827583  0.000230659722679  0.749869401305593  0.748998815713532
1.870000000000000  0.371665376632462  0.202422117360456  -0.050075273707611  0.012933476953264  -0.006425928959012
1.880000000000000  0.985084124885525  0.999572658470960  0.000226270967611  0.749870501790246  0.749015260708036
1.880000000000000  0.370775658412238  0.201856037910349  -0.049817444874398  0.012833767655466  -0.006377016127366
1.890000000000000  0.985227825507325  0.999578124470304  0.000221991229244  0.749871554338897  0.749031400567605
1.890000000000000  0.369890187652197  0.201293240301009  -0.049561609337866  0.012735072156599  -0.006328753772631
1.900000000000000  0.985369815225586  0.999583488242587  0.000217794171919  0.749872602420603  0.749047216010028
1.900000000000000  0.369008934458284  0.200733624282417  -0.049307738821032  0.012637280297497  -0.006280828274303
1.910000000000000  0.985510114632173  0.999588752442429  0.000213698451538  0.749873607350821  0.749062745790005
1.910000000000000  0.368131853110975  0.200177213307399  -0.049055809857203  0.012540683643444  -0.006233494340671
1.920000000000000  0.985648752307302  0.999593918364360  0.000209679453562  0.749874606865223  0.749077964303202
1.920000000000000  0.367258936276388  0.199623974785757  -0.048805810801977  0.012444915603927  -0.006186707787718
1.930000000000000  0.985785745015032  0.999598988987023  0.000205757476921  0.749875563812704  0.749092908948918
1.930000000000000  0.366390140971446  0.199073875246439  -0.048557721730911  0.012350140777543  -0.006140188803486
1.940000000000000  0.985921117855283  0.999603965056883  0.000201910115359  0.749876516604434  0.749107557603523
1.940000000000000  0.365525439431115  0.198526895050687  -0.048311517780276  0.012256295784586  -0.006094119414882
1.950000000000000  0.986054900437401  0.999608849737589  0.000198157329023  0.749877431680106  0.749121938825810
1.950000000000000  0.364664794467727  0.197983004820309  -0.048067182048809  0.012163450273849  -0.006048551512545
1.960000000000000  0.986187104524828  0.999613644436452  0.000194472473487  0.749878339165502  0.749136039683875
1.960000000000000  0.363808159309642  0.197442159881604  -0.047824698178699  0.012071615826169  -0.006003360429617
1.970000000000000  0.986317758047144  0.999618351964826  0.000190877491385  0.749879211618737  0.749149888414721
1.970000000000000  0.362955545295385  0.196904355732260  -0.047584041796622  0.011980662328266  -0.005958808322966
1.980000000000000  0.986446884781251  0.999622972609924  0.000187350561648  0.749880077577526  0.749163465528661
1.980000000000000  0.362106897433068  0.196369566325389  -0.047345202915259  0.011890499595445  -0.005914574223914
1.990000000000000  0.986574499293620  0.999627509294937  0.000183902662762  0.749880910784460  0.749176799415522
1.990000000000000  0.361262180983642  0.195837778486720  -0.047108155317875  0.011801372430413  -0.005870709410841
2.000000000000000  0.986700626451639  0.999631963526893  0.000180525195148  0.749881737434902  0.749189875576333
2.000000000000000  0.360421392816284  0.195308897791934  -0.046872885839335  0.011713008449628  -0.005827269158033
