1.010000000000000009e+00  3.061768119449704173e+01  3.647484000823840056e+00  -7.892421967618575840e-01  1.574164174811648831e+00  2.893487590818453192e+00
1.010000000000000009e+00  -1.642538099875320012e-01  -6.940086123191717069e-03  1.535076620548147218e-02  -4.372777687833284688e-05  3.383870323852677942e-03
1.020000000000000018e+00  2.457322754577989343e+01  3.154958306355493569e+00  -4.680888589671384215e-01  1.556012557493956061e+00  2.561920158883384424e+00
1.020000000000000018e+00  -1.652440398256899423e-01  -7.057602099490567320e-03  1.550156979372359356e-02  -5.609237233361596964e-05  3.418980338923183204e-03
1.030000000000000027e+00  2.060282801930060614e+01  2.882349094573003256e+00  -3.152111461048207053e-01  1.542031767880588600e+00  2.378521400374159267e+00
1.030000000000000027e+00  -1.662706686205826234e-01  -7.174946164444409233e-03  1.565563581039787835e-02  -6.924630937898967886e-05  3.454332957818606609e-03
1.040000000000000036e+00  1.822133104409960325e+01  2.724580765548574757e+00  -2.420968418860602323e-01  1.530624091702272871e+00  2.263855165505772593e+00
1.040000000000000036e+00  -1.673086020240180938e-01  -7.294950618191731011e-03  1.581026446452666809e-02  -8.348838589933293974e-05  3.489533121548871186e-03
1.050000000000000044e+00  1.650773241484324316e+01  2.616722504906654478e+00  -2.018224956716037910e-01  1.520732751744292122e+00  2.180386818910713398e+00
1.050000000000000044e+00  -1.683525208102019388e-01  -7.419642185772167345e-03  1.596506631020945532e-02  -9.855569219585635921e-05  3.524798908288384602e-03
1.060000000000000053e+00  1.503586755608499814e+01  2.530653168857924129e+00  -1.747246109545988746e-01  1.511892014463435574e+00  2.112430093747821758e+00
1.060000000000000053e+00  -1.693852992599985119e-01  -7.544541789844800769e-03  1.611946449758069194e-02  -1.144576747963421681e-04  3.559780385593125374e-03
1.070000000000000062e+00  1.373369425118061216e+01  2.457908068396761347e+00  -1.544489819366353933e-01  1.503888711171202264e+00  2.054879076150480266e+00
1.070000000000000062e+00  -1.704066414009172969e-01  -7.672602059785729040e-03  1.627375709567200832e-02  -1.309508233724443471e-04  3.594504275170717911e-03
1.080000000000000071e+00  1.259800904396845489e+01  2.395050575468516296e+00  -1.385715129801627366e-01  1.496574700125337110e+00  2.005291542728375731e+00
1.080000000000000071e+00  -1.714177652092091220e-01  -7.800851087116704614e-03  1.642827898408493956e-02  -1.486723047775528883e-04  3.629327900097512050e-03
1.090000000000000080e+00  1.161377220156519918e+01  2.339899333728840958e+00  -1.257017257149708189e-01  1.489843605042653119e+00  1.961992458123571481e+00
1.090000000000000080e+00  -1.724180746907983119e-01  -7.931525368258139294e-03  1.658256049534880677e-02  -1.659057507833461287e-04  3.663935887016966930e-03
1.100000000000000089e+00  1.076160101223330656e+01  2.290895488329782292e+00  -1.149801162593295095e-01  1.483609884130501655e+00  1.923777678824621695e+00
1.100000000000000089e+00  -1.734083863142701631e-01  -8.062219614874008289e-03  1.673511207468727710e-02  -1.842752226631771961e-04  3.698390128731188220e-03
1.110000000000000098e+00  1.002221813278796958e+01  2.246923167903764451e+00  -1.058567948839242712e-01  1.477811392342115004e+00  1.889760681233271455e+00
1.110000000000000098e+00  -1.743895881034329964e-01  -8.195175857501001485e-03  1.688852181869826205e-02  -2.025501206668334220e-04  3.732737915175365906e-03
1.120000000000000107e+00  9.378044903001407917e+00  2.207126106019771772e+00  -9.796464610695707065e-02  1.472395523751750535e+00  1.859216246470144274e+00
1.120000000000000107e+00  -1.753599245844494892e-01  -8.329913625175126499e-03  1.704180565577051443e-02  -2.220965968789956335e-04  3.766902625225498902e-03
1.129999999999999893e+00  8.813950120434284941e+00  2.170849716718148859e+00  -9.104256632729097742e-02  1.467319216133126991e+00  1.831643172361051342e+00
1.129999999999999893e+00  -1.763222054355830515e-01  -8.465225897293008825e-03  1.719481426779526090e-02  -2.403416958663973091e-04  3.801034489308907638e-03
1.140000000000000124e+00  8.317321467788037381e+00  2.137575476805444463e+00  -8.490732510574804104e-02  1.462546829611680588e+00  1.806594617941367664e+00
1.140000000000000124e+00  -1.772749798775910546e-01  -8.601964809318747573e-03  1.734762276194732472e-02  -2.598240524249728622e-04  3.834862003919026208e-03
1.149999999999999911e+00  7.877717327635179956e+00  2.106888040836818465e+00  -7.942080621859441691e-02  1.458051345254237186e+00  1.783721419291195875e+00
1.149999999999999911e+00  -1.782205332185932134e-01  -8.739619728931355067e-03  1.750002979486128818e-02  -2.806499413492424821e-04  3.868533084244729636e-03
1.159999999999999920e+00  7.486390021769072867e+00  2.078453395322857666e+00  -7.447545110859017659e-02  1.453803959364228016e+00  1.762732218984105925e+00
1.159999999999999920e+00  -1.791571200501539951e-01  -8.878419976292011018e-03  1.765209162083516276e-02  -3.024939445843699559e-04  3.902190875171740458e-03
1.169999999999999929e+00  7.136187295374234019e+00  2.051994381616901730e+00  -6.999016545358370534e-02  1.449783038406717850e+00  1.743415988896489077e+00
1.169999999999999929e+00  -1.800858612606064668e-01  -9.018865434239006773e-03  1.780420091509320527e-02  -3.217221673288417350e-04  3.935622884257194976e-03
1.179999999999999938e+00  6.821176159607955647e+00  2.027281301274745040e+00  -6.590032935504090694e-02  1.445972457849921566e+00  1.725539092578192379e+00
1.179999999999999938e+00  -1.810078088325800250e-01  -9.160356328210895668e-03  1.795534248662273777e-02  -3.425811559474301049e-04  3.968938298231194928e-03
1.189999999999999947e+00  6.536611180285525791e+00  2.004120269922724962e+00  -6.215417152450532917e-02  1.442352084954127811e+00  1.708969662321803806e+00
1.189999999999999947e+00  -1.819221986377337341e-01  -9.303117726136452686e-03  1.810671062410784682e-02  -3.636893542068309060e-04  4.002017234585708572e-03
1.199999999999999956e+00  6.278320048424738786e+00  1.982350954417575029e+00  -5.870913658684683706e-02  1.438908474824710737e+00  1.693575648630151198e+00
1.199999999999999956e+00  -1.828287718307297360e-01  -9.447118067338493297e-03  1.825766240074772409e-02  -3.851619649999360462e-04  4.034657061873780926e-03
1.209999999999999964e+00  6.042906700165175948e+00  1.961832566227828423e+00  -5.552815767663119018e-02  1.435626569919618678e+00  1.679189456920733292e+00
1.209999999999999964e+00  -1.837268114245221573e-01  -9.592751962753250441e-03  1.840829599820453105e-02  -4.061564806818740436e-04  4.067333506543979738e-03
1.219999999999999973e+00  5.827575129856278124e+00  1.942445494937508066e+00  -5.258208534675080925e-02  1.432497335990817966e+00  1.665743654559044273e+00
1.219999999999999973e+00  -1.846171414377133224e-01  -9.738933224139538491e-03  1.855863762088994992e-02  -4.282276610872992606e-04  4.100116053169622354e-03
1.229999999999999982e+00  5.629871392966807164e+00  1.924086280456244635e+00  -4.984429431378125525e-02  1.429511347532949950e+00  1.653134103833021840e+00
1.229999999999999982e+00  -1.855009177841506207e-01  -9.886464506634981553e-03  1.870876579281992649e-02  -4.503385472374166199e-04  4.132465844719712678e-03
1.239999999999999991e+00  5.447770425356011970e+00  1.906662787093691636e+00  -4.729468900802210468e-02  1.426655092941281566e+00  1.641292928152191299e+00
1.239999999999999991e+00  -1.863774905545846072e-01  -1.003514839407726456e-02  1.885844038162469080e-02  -4.732197034753582443e-04  4.164533763184818937e-03
1.250000000000000000e+00  5.279515455036907667e+00  1.890097746581238747e+00  -4.491482378110529111e-02  1.423922927591940724e+00  1.630150121561613430e+00
1.250000000000000000e+00  -1.872464487990306847e-01  -1.018494238606729684e-02  1.900783691841342535e-02  -4.955569032083495529e-04  4.196489281788173820e-03
1.260000000000000009e+00  5.123591570108253279e+00  1.874321170781092949e+00  -4.268796225664509003e-02  1.421304353131176645e+00  1.619636562381508327e+00
1.260000000000000009e+00  -1.881082822519544451e-01  -1.033564699092189010e-02  1.915679587948066961e-02  -5.184898375920621305e-04  4.228089175203675332e-03
1.270000000000000018e+00  4.978707984153334820e+00  1.859269044882368771e+00  -4.060097119563073342e-02  1.418796340046277304e+00  1.609701912321072959e+00
1.270000000000000018e+00  -1.889614179576860897e-01  -1.048685972590051620e-02  1.930538210778217842e-02  -5.417918387639053535e-04  4.259744882462612736e-03
1.280000000000000027e+00  4.843734510650362424e+00  1.844887648884731890e+00  -3.863973031926445922e-02  1.416389126347393113e+00  1.600309595595860168e+00
1.280000000000000027e+00  -1.898075354386932201e-01  -1.064051323163842273e-02  1.945363108267968849e-02  -5.654760139580661260e-04  4.291158823845897530e-03
1.290000000000000036e+00  4.717689132551869946e+00  1.831127797327462225e+00  -3.679595253992604814e-02  1.414078225566985036e+00  1.591413602810290095e+00
1.290000000000000036e+00  -1.906460603444200819e-01  -1.079454921536901653e-02  1.960168091780349967e-02  -5.886504926574387397e-04  4.322231803026377328e-03
1.300000000000000044e+00  4.599714012802998298e+00  1.817945703993000928e+00  -3.505807429433868000e-02  1.411855907602708404e+00  1.582977393278069300e+00
1.300000000000000044e+00  -1.914769052245140768e-01  -1.094949419771898760e-02  1.974914388488087022e-02  -6.121831378976816396e-04  4.353004116362857445e-03
1.310000000000000053e+00  4.489081914447154986e+00  1.805299735167452457e+00  -3.341918865943943606e-02  1.409721096304501486e+00  1.574957683279518239e+00
1.310000000000000053e+00  -1.923018454563403534e-01  -1.110566460345608839e-02  1.989619182200863534e-02  -6.359592906599598194e-04  4.383719675058461718e-03
1.320000000000000062e+00  4.385118425152969124e+00  1.793156090870165364e+00  -3.186974591902839993e-02  1.407664553625907589e+00  1.567329010788762300e+00
1.320000000000000062e+00  -1.931182370810125837e-01  -1.126280679900982552e-02  2.004282099513925511e-02  -6.601952737996796827e-04  4.414307468845746207e-03
1.330000000000000071e+00  4.287252864523645179e+00  1.781481250470999367e+00  -3.040379922168748653e-02  1.405685370966455627e+00  1.560067543331879580e+00
1.330000000000000071e+00  -1.939285740907662758e-01  -1.142113665190323465e-02  2.018903165665422716e-02  -6.844046085529020829e-04  4.444529267464858435e-03
1.340000000000000080e+00  4.194957804883236108e+00  1.770244904528264884e+00  -2.901542288266852759e-02  1.403780499567413020e+00  1.553143889904977870e+00
1.340000000000000080e+00  -1.947293282749207322e-01  -1.158046783693534101e-02  2.033484097386497810e-02  -7.090822961371978650e-04  4.474648923633361974e-03
1.350000000000000089e+00  4.107739422587027178e+00  1.759422291574486152e+00  -2.769909575954305342e-02  1.401943832943431723e+00  1.546539420442765156e+00
1.350000000000000089e+00  -1.955255648087683706e-01  -1.174083057672543895e-02  2.048018376706026850e-02  -7.345078719858122440e-04  4.504268836826197386e-03
1.359999999999999876e+00  4.025245959941928575e+00  1.748986561157681585e+00  -2.644960448767750411e-02  1.400171735251962923e+00  1.540227132146279043e+00
1.359999999999999876e+00  -1.963130208019293055e-01  -1.190200171641674423e-02  2.062504944527551384e-02  -7.590528466503432270e-04  4.533911822399150360e-03
1.370000000000000107e+00  3.947052729010664951e+00  1.738915685947332701e+00  -2.526285108970849694e-02  1.398461930681125009e+00  1.534193153556040468e+00
1.370000000000000107e+00  -1.970934888134275864e-01  -1.206438746775887437e-02  2.076948361017518299e-02  -7.845109837885111403e-04  4.563274003554051994e-03
1.379999999999999893e+00  3.872862748355434537e+00  1.729188791403098335e+00  -2.413377452630109318e-02  1.396811763910701831e+00  1.528414595610531501e+00
1.379999999999999893e+00  -1.978678048345906548e-01  -1.222675556359027228e-02  2.091342288148795303e-02  -8.089385484778555124e-04  4.592489100677110692e-03
1.390000000000000124e+00  3.802379801304260454e+00  1.719788620944227020e+00  -2.305979480350591262e-02  1.395216029460751406e+00  1.522885744301176736e+00
1.390000000000000124e+00  -1.986341631876002156e-01  -1.239075670081416641e-02  2.105687013968097696e-02  -8.343906319900895596e-04  4.621390725837670743e-03
1.399999999999999911e+00  3.735310839547244299e+00  1.710695740874832671e+00  -2.203629926805926800e-02  1.393675360100177674e+00  1.517586555066465559e+00
1.399999999999999911e+00  -1.993924478447137993e-01  -1.255604170588639490e-02  2.119974657794813921e-02  -8.601041011699894767e-04  4.649698171856231355e-03
1.410000000000000142e+00  3.671426594785716535e+00  1.701893911376763713e+00  -2.106157511111076894e-02  1.392185982019025658e+00  1.512497382542454361e+00
1.410000000000000142e+00  -2.001439560522563499e-01  -1.272201574479764341e-02  2.134141346980649931e-02  -8.861801145206849029e-04  4.678250222243662826e-03
1.419999999999999929e+00  3.610489869281228614e+00  1.693368323004124321e+00  -2.013180464196107078e-02  1.390744561093539611e+00  1.507616860713597351e+00
1.419999999999999929e+00  -2.008886117900929580e-01  -1.288903944268633001e-02  2.148150359246492683e-02  -9.125896913025899337e-04  4.706545628536118464e-03
1.429999999999999938e+00  3.552345902157542312e+00  1.685105533353304486e+00  -1.924365881590218985e-02  1.389351980245921325e+00  1.502930900529247937e+00
1.429999999999999938e+00  -2.016262865015798489e-01  -1.305697289231456774e-02  2.162507433891336719e-02  -9.379396076848456332e-04  4.734302594923023300e-03
1.439999999999999947e+00  3.496767915519087389e+00  1.677091763067468433e+00  -1.839496511456602951e-02  1.388002748491877769e+00  1.498431323330659648e+00
1.439999999999999947e+00  -2.023568980614486035e-01  -1.322603209403493477e-02  2.176598139611739952e-02  -9.642423828541968334e-04  4.762074903719937247e-03
1.449999999999999956e+00  3.443582958930261562e+00  1.669316163517830409e+00  -1.758507826971102139e-02  1.386696140535782273e+00  1.494094354006734848e+00
1.449999999999999956e+00  -2.030808907407305741e-01  -1.339526221142221113e-02  2.190638060252015143e-02  -9.902651747378810043e-04  4.789296746551596762e-03
1.459999999999999964e+00  3.392643504125399723e+00  1.661766018557516045e+00  -1.681083325076283483e-02  1.385431725013813287e+00  1.489922066518033050e+00
1.459999999999999964e+00  -2.037983987601389990e-01  -1.356576705295728033e-02  2.204623799569720849e-02  -1.016764171644202186e-03  4.816717152467786534e-03
1.469999999999999973e+00  3.343810159936756676e+00  1.654431008175100803e+00  -1.606946458585196275e-02  1.384204082313775563e+00  1.485906715960592761e+00
1.469999999999999973e+00  -2.045079756698323648e-01  -1.373762894997677432e-02  2.218557147258832032e-02  -1.044250609814501018e-03  4.843551622539243873e-03
1.479999999999999982e+00  3.296979023398109998e+00  1.647301479270341318e+00  -1.535894781995171716e-02  1.383016545918756668e+00  1.482038625465295523e+00
1.479999999999999982e+00  -2.052113089401571833e-01  -1.390965761568544248e-02  2.232434503731352271e-02  -1.070724376125542499e-03  4.870144854472902018e-03
1.489999999999999991e+00  3.252006856598431028e+00  1.640369189538008365e+00  -1.467937460659515456e-02  1.381864882212947343e+00  1.478308504488908381e+00
1.489999999999999991e+00  -2.059080260884046665e-01  -1.408283871158206441e-02  2.246255718357047931e-02  -1.098564915937183528e-03  4.896586962522930797e-03
1.500000000000000000e+00  3.208755395518539721e+00  1.633624062659237763e+00  -1.402885914375795462e-02  1.380746909422114310e+00  1.474705666340680565e+00
1.500000000000000000e+00  -2.065975181125997429e-01  -1.425687695918797550e-02  2.260022673233339288e-02  -1.124911689733831821e-03  4.922772368317970479e-03
1.510000000000000009e+00  3.167194951987878593e+00  1.627058528184423425e+00  -1.340511342747502041e-02  1.379662465079176892e+00  1.471234548357855054e+00
1.510000000000000009e+00  -2.072801699030554501e-01  -1.443193576382138278e-02  2.273735614901746180e-02  -1.152883960960804366e-03  4.948898683837681112e-03
1.520000000000000018e+00  3.127198718536455146e+00  1.620664760671052917e+00  -1.280526583377536616e-02  1.378609907780679711e+00  1.467877068022042764e+00
1.520000000000000018e+00  -2.079563657979172364e-01  -1.460764343895241089e-02  2.287383078684155496e-02  -1.180146482079647008e-03  4.974357132601112813e-03
1.530000000000000027e+00  3.088644979448738503e+00  1.614435919943653763e+00  -1.223152721185459882e-02  1.377589348989357587e+00  1.464644484954031212e+00
1.530000000000000027e+00  -2.086255738287014494e-01  -1.478393701893193288e-02  2.300970362908892619e-02  -1.207411583632800323e-03  4.999775382221516296e-03
1.540000000000000036e+00  3.051479940702685578e+00  1.608366707822332708e+00  -1.167887836491803867e-02  1.376597575059966161e+00  1.461507672831357407e+00
1.540000000000000036e+00  -2.092883539917576863e-01  -1.496126007797753121e-02  2.314425286592566855e-02  -1.234442623410769713e-03  5.025113463421049254e-03
1.550000000000000044e+00  3.015651958079020645e+00  1.602447751045390500e+00  -1.114959278766070386e-02  1.375633390886992213e+00  1.458485175688783331e+00
1.550000000000000044e+00  -2.099441200800148954e-01  -1.513939970243607241e-02  2.327892459585933702e-02  -1.263074282748744004e-03  5.049749960195804022e-03
1.560000000000000053e+00  2.981084797557193689e+00  1.596675518206322808e+00  -1.063948993672095451e-02  1.374696581085689484e+00  1.455559516021248889e+00
1.560000000000000053e+00  -2.105935998459636249e-01  -1.531821810884132287e-02  2.341306343912086599e-02  -1.291074497819177935e-03  5.074349164705727055e-03
1.570000000000000062e+00  2.947682149614304858e+00  1.591041359312619585e+00  -1.015092902597643058e-02  1.373786792125868184e+00  1.452731051812723440e+00
1.570000000000000062e+00  -2.112363902496801615e-01  -1.549775224634278824e-02  2.354658153305100310e-02  -1.319476133370911519e-03  5.098782871755802582e-03
1.580000000000000071e+00  2.915403067898072464e+00  1.585543128020914461e+00  -9.681749682004333127e-03  1.372901453892247270e+00  1.449990423187410116e+00
1.580000000000000071e+00  -2.118725737113439367e-01  -1.567820555223968515e-02  2.367949048153244682e-02  -1.346977680094174623e-03  5.123207074127278382e-03
1.589999999999999858e+00  2.884199116299376531e+00  1.580174224762189494e+00  -9.228316221854448304e-03  1.372042540014243972e+00  1.447341203036158319e+00
1.589999999999999858e+00  -2.125021788996057648e-01  -1.585960859874120665e-02  2.381179906447291120e-02  -1.375158295027101296e-03  5.146944724183311060e-03
1.600000000000000089e+00  2.854010721449283139e+00  1.574929513760371158e+00  -8.794318947863973696e-03  1.371204530576497937e+00  1.444769501770027720e+00
1.600000000000000089e+00  -2.131253164697528568e-01  -1.604144863917247865e-02  2.394348568315341624e-02  -1.404109036069689509e-03  5.170433189008449837e-03
1.609999999999999876e+00  2.824813778752006677e+00  1.569805763637882601e+00  -8.376156797032643930e-03  1.370391428041763726e+00  1.442278561485807575e+00
1.609999999999999876e+00  -2.137421976187439954e-01  -1.622472214376733182e-02  2.407458591058877009e-02  -1.432745746525521113e-03  5.193739460917390360e-03
1.620000000000000107e+00  2.796515408713453610e+00  1.564797906349832068e+00  -7.974181400821275800e-03  1.369600363930432385e+00  1.439867109243426091e+00
1.620000000000000107e+00  -2.143523035528182297e-01  -1.640726515594378640e-02  2.420504858345146060e-02  -1.460974445236851160e-03  5.216827810594515391e-03
1.629999999999999893e+00  2.769086902020781338e+00  1.559901665471056909e+00  -7.588022386956896903e-03  1.368826949874516918e+00  1.437520123905835279e+00
1.629999999999999893e+00  -2.149564599092366468e-01  -1.659215621343095373e-02  2.433484653420069782e-02  -1.489369243340643578e-03  5.239605806321656623e-03
1.640000000000000124e+00  2.742501701977951178e+00  1.555112865718108361e+00  -7.216115486947636236e-03  1.368078060998886958e+00  1.435247555555027699e+00
1.640000000000000124e+00  -2.155540484629957232e-01  -1.677683270824652934e-02  2.446405197672315082e-02  -1.518085057148454986e-03  5.262159525221021816e-03
1.649999999999999911e+00  2.716733175033234637e+00  1.550427494405129725e+00  -6.859151691201465818e-03  1.367347830976265222e+00  1.433041121499056603e+00
1.649999999999999911e+00  -2.161453173038487274e-01  -1.696224158419032402e-02  2.459261294985357060e-02  -1.547744847315457584e-03  5.284817045847267636e-03
1.660000000000000142e+00  2.691708204103030688e+00  1.545843694999154083e+00  -6.514515094030551810e-03  1.366635899243167973e+00  1.430898783988747258e+00
1.660000000000000142e+00  -2.167305063377955587e-01  -1.714824846986551937e-02  2.472052900824808774e-02  -1.576501605619395896e-03  5.306885758074808557e-03
1.669999999999999929e+00  2.667414922103120922e+00  1.541356278468624108e+00  -6.181694038340093851e-03  1.365942958606835012e+00  1.428822202066408975e+00
1.669999999999999929e+00  -2.173093825432341197e-01  -1.733504680018183031e-02  2.484783250912276156e-02  -1.605289659084574438e-03  5.328710057583285753e-03
1.680000000000000160e+00  2.643815111303680965e+00  1.536964080005705835e+00  -5.861079997726741445e-03  1.365266738271602387e+00  1.426803083793548144e+00
1.680000000000000160e+00  -2.178823383506019173e-01  -1.752256049136587460e-02  2.497446621559927180e-02  -1.635013802266715999e-03  5.349821008136190770e-03
1.689999999999999947e+00  2.620899153179785834e+00  1.532661891626159845e+00  -5.554425651718402322e-03  1.364609838000975683e+00  1.424838543257983092e+00
1.689999999999999947e+00  -2.184490671627367930e-01  -1.771052801276568056e-02  2.510050209566487903e-02  -1.664152445546629444e-03  5.371470223822449874e-03
1.700000000000000178e+00  2.598614679019660478e+00  1.528447677620422329e+00  -5.257417903680712198e-03  1.363967577163994749e+00  1.422932665968574817e+00
1.700000000000000178e+00  -2.190098375249802665e-01  -1.789921344905614706e-02  2.522585843736267763e-02  -1.692999132511224802e-03  5.392390050910855770e-03
1.709999999999999964e+00  2.576932839706115974e+00  1.524317368678845597e+00  -4.971243170989128428e-03  1.363344254453999982e+00  1.421079845256778773e+00
1.709999999999999964e+00  -2.195646212075540726e-01  -1.808844353598905788e-02  2.535054360903380224e-02  -1.722464412254352123e-03  5.412923906462085988e-03
1.719999999999999973e+00  2.555858396298208213e+00  1.520270253816283113e+00  -4.695095230288283059e-03  1.362732061911870129e+00  1.419279816871246158e+00
1.719999999999999973e+00  -2.201132787415627790e-01  -1.827839970014928303e-02  2.547461419526508841e-02  -1.751867671855086156e-03  5.433645275647824846e-03
1.729999999999999982e+00  2.535335612075648726e+00  1.516301780518369169e+00  -4.429633406361868295e-03  1.362139127278404471e+00  1.417526398172910262e+00
1.729999999999999982e+00  -2.206559244348451909e-01  -1.846884098904541874e-02  2.559800604785667302e-02  -1.781462056990854026e-03  5.453767789558083834e-03
1.739999999999999991e+00  2.515351637133037777e+00  1.512410471739047857e+00  -4.174547436295519484e-03  1.361560087295424770e+00  1.415817275495906413e+00
1.739999999999999991e+00  -2.211927575623338915e-01  -1.866023545819607554e-02  2.572078962816376144e-02  -1.811266846683947523e-03  5.474171746290945606e-03
1.750000000000000000e+00  2.495888816002072907e+00  1.508594592251123911e+00  -3.927094191123452899e-03  1.360993580282426452e+00  1.414152898423576499e+00
1.750000000000000000e+00  -2.217238051456272840e-01  -1.885173142051000533e-02  2.584286699149772673e-02  -1.840881717461426148e-03  5.493725673803240284e-03
1.760000000000000009e+00  2.476920582729179365e+00  1.504851417922522749e+00  -3.690359271014022249e-03  1.360442601365223769e+00  1.412539265887125195e+00
1.760000000000000009e+00  -2.222492300733151516e-01  -1.904387047902476177e-02  2.596428280558517321e-02  -1.871012234800070034e-03  5.512961947022887443e-03
1.770000000000000018e+00  2.458442678636755474e+00  1.501177478693990430e+00  -3.462856263198219563e-03  1.359904619022692884e+00  1.410968530170532587e+00
1.770000000000000018e+00  -2.227685866952592575e-01  -1.923663050500790464e-02  2.608505929966075873e-02  -1.900373898366246317e-03  5.532311180697746522e-03
1.780000000000000027e+00  2.440423394253743439e+00  1.497572564904983361e+00  -3.242168287229878036e-03  1.359376943366219281e+00  1.409436338687946710e+00
1.780000000000000027e+00  -2.232824784544413244e-01  -1.943008939824723488e-02  2.620515357922637012e-02  -1.930348723769275548e-03  5.551298003798277314e-03
1.790000000000000036e+00  2.422852638015529081e+00  1.494032928312385211e+00  -3.028454593920531981e-03  1.358864131895086702e+00  1.407947178669292754e+00
1.790000000000000036e+00  -2.237906042640441795e-01  -1.962396991591576836e-02  2.632455421808880744e-02  -1.960004869112769166e-03  5.569869453708742313e-03
1.800000000000000044e+00  2.405719926024997513e+00  1.490558100925502671e+00  -2.823978270761339556e-03  1.358363851549397427e+00  1.406492854997765107e+00
1.800000000000000044e+00  -2.242928881800744234e-01  -1.981809537776600683e-02  2.644332994760780278e-02  -1.990263869433725463e-03  5.588713193162342385e-03
1.810000000000000053e+00  2.388979927775618961e+00  1.487146475145538993e+00  -2.625576601222229245e-03  1.357873895296650701e+00  1.405077104647458608e+00
1.810000000000000053e+00  -2.247899908363865662e-01  -2.001294977466699931e-02  2.656142752577058883e-02  -2.020477762640231906e-03  5.606844397656685075e-03
1.820000000000000062e+00  2.372650113750366607e+00  1.483794293374456563e+00  -2.434206186152765034e-03  1.357396033961374648e+00  1.403694849270602285e+00
1.820000000000000062e+00  -2.252813701103093258e-01  -2.020810070619599372e-02  2.667884625495779705e-02  -2.050788301103226990e-03  5.624975580567959099e-03
1.830000000000000071e+00  2.356710589312659643e+00  1.480502152859301424e+00  -2.251798525238804440e-03  1.356928904866162355e+00  1.402353692562529952e+00
1.830000000000000071e+00  -2.257674724019928525e-01  -2.040398373253885997e-02  2.679559554489576237e-02  -2.080533014025557487e-03  5.642582671662843552e-03
1.839999999999999858e+00  2.341129291300642290e+00  1.477267436694199132e+00  -2.074046697222911313e-03  1.356473621159029364e+00  1.401039008646611572e+00
1.839999999999999858e+00  -2.262477963772348000e-01  -2.060022443269343348e-02  2.691171953951019755e-02  -2.110655302652128529e-03  5.660320738166246812e-03
1.850000000000000089e+00  2.325927920745070043e+00  1.474087948001232773e+00  -1.903118865100806613e-03  1.356027040548521079e+00  1.399761709645417573e+00
1.850000000000000089e+00  -2.267231811553060417e-01  -2.079703153546950262e-02  2.702711740850448352e-02  -2.141641467050776210e-03  5.677183862164536521e-03
1.859999999999999876e+00  2.311064014373002351e+00  1.470962128598122920e+00  -1.738092040920891784e-03  1.355591947000397202e+00  1.398514869245945258e+00
1.859999999999999876e+00  -2.271926677531856398e-01  -2.099416684308917647e-02  2.714186110839263491e-02  -2.171859790515002359e-03  5.694261998896332777e-03
1.870000000000000107e+00  2.296540197685868812e+00  1.467890255019242529e+00  -1.580476311278730152e-03  1.355165906260949127e+00  1.397296238109642763e+00
1.870000000000000107e+00  -2.276573633157469578e-01  -2.119179205856369305e-02  2.725593862363247244e-02  -2.202234321543216494e-03  5.711150140781273699e-03
1.879999999999999893e+00  2.282318088814421664e+00  1.464869612006261201e+00  -1.429069884229400896e-03  1.354748013707123944e+00  1.396102526800035992e+00
1.879999999999999893e+00  -2.281168178383616851e-01  -2.138995942884142770e-02  2.736926188223260878e-02  -2.232444875088251957e-03  5.727852537999011950e-03
1.890000000000000124e+00  2.268433181335977267e+00  1.461898761018705972e+00  -1.281543896249052843e-03  1.354343482671111376e+00  1.394951529301752924e+00
1.890000000000000124e+00  -2.285708288574496705e-01  -2.158834064487736779e-02  2.748198181216960842e-02  -2.262822173378194884e-03  5.744014853640400098e-03
1.899999999999999911e+00  2.254837508771624144e+00  1.458976636498652280e+00  -1.140213589770572387e-03  1.353945307149033273e+00  1.393816984185499264e+00
1.899999999999999911e+00  -2.290198286092474667e-01  -2.178724907349513865e-02  2.759412417842579957e-02  -2.293511854448315734e-03  5.759840895207868350e-03
1.910000000000000142e+00  2.241541527341447626e+00  1.456102203169496345e+00  -1.003774593186460267e-03  1.353556417382905108e+00  1.392711867049205132e+00
1.910000000000000142e+00  -2.294638422509743536e-01  -2.198677410644594293e-02  2.770550657283915238e-02  -2.323753655542479257e-03  5.775903100286861047e-03
1.919999999999999929e+00  2.228517873650041281e+00  1.453272962788577427e+00  -8.726059250297201787e-04  1.353176651008524134e+00  1.391628388239629199e+00
1.919999999999999929e+00  -2.299022899879597237e-01  -2.218628237010848714e-02  2.781617819929238164e-02  -2.354717590090073254e-03  5.791249196040570979e-03
1.930000000000000160e+00  2.215775820499274129e+00  1.450490542043706865e+00  -7.459233198346738349e-04  1.352804558814975966e+00  1.390570806232607648e+00
1.930000000000000160e+00  -2.303362671235229253e-01  -2.238650195438552509e-02  2.792620665385996126e-02  -2.384126778818634884e-03  5.806750801461313394e-03
1.939999999999999947e+00  2.203298221450816108e+00  1.447751346977954601e+00  -6.232196699295193543e-04  1.352440120363698872e+00  1.389541482171490427e+00
1.939999999999999947e+00  -2.307650164142572013e-01  -2.258683475341639879e-02  2.803553365623919283e-02  -2.415342227730599145e-03  5.822016690504194791e-03
1.950000000000000178e+00  2.191067959449290115e+00  1.445054579792451221e+00  -5.070607088734830660e-04  1.352083917275348490e+00  1.388531953535463437e+00
1.950000000000000178e+00  -2.311890358999885708e-01  -2.278751967703654402e-02  2.814421345802925467e-02  -2.445408746702348868e-03  5.836825559321190404e-03
1.959999999999999964e+00  2.179093859779091868e+00  1.442400189752506057e+00  -3.939229299205083273e-04  1.351734484740307662e+00  1.387549503215976587e+00
1.959999999999999964e+00  -2.316079417565526932e-01  -2.298874364601189227e-02  2.825220109836710722e-02  -2.475561043997792643e-03  5.851555326737423179e-03
1.969999999999999973e+00  2.167348449498105900e+00  1.439787269444769979e+00  -2.861106640537620753e-04  1.351395961755467390e+00  1.386587348577513090e+00
1.969999999999999973e+00  -2.320221554412741916e-01  -2.319035640617663624e-02  2.835953261960993954e-02  -2.506844251119910716e-03  5.865979373886665016e-03
1.979999999999999982e+00  2.155837981904818790e+00  1.437213621559344290e+00  -1.799448738279843876e-04  1.351062315667045599e+00  1.385647594336489874e+00
1.979999999999999982e+00  -2.324318552273130778e-01  -2.339198183401616088e-02  2.846612562659170398e-02  -2.536899047985513578e-03  5.880124861547098014e-03
1.989999999999999991e+00  2.144548005762174192e+00  1.434677932893367869e+00  -7.875887863385876500e-05  1.350732536327419631e+00  1.384728086897760280e+00
1.989999999999999991e+00  -2.328366991103010264e-01  -2.359441219260700537e-02  2.857212051303565856e-02  -2.567836851348981320e-03  5.894147493662349468e-03
2.000000000000000000e+00  2.133490020752123684e+00  1.432181203684543602e+00  1.749665456867279326e-05  1.350413591845127659e+00  1.383833535339775933e+00
2.000000000000000000e+00  -2.332364476753323590e-01  -2.379668960651806428e-02  2.867740717415039747e-02  -2.598890525736030632e-03  5.907842763072990167e-03
2.009999999999999787e+00  2.122408850206770836e+00  1.429726450477196265e+00  1.169880580371243130e-04  1.350100182149604588e+00  1.382947196276458568e+00
2.009999999999999787e+00  -2.336308202248815469e-01  -2.400021900193889321e-02  2.878262797374498902e-02  -2.629029737890142826e-03  5.921368348870470477e-03
2.020000000000000018e+00  2.111767945614031916e+00  1.427303432656106708e+00  2.065408436172783135e-04  1.349793138960874606e+00  1.382086481728462157e+00
2.020000000000000018e+00  -2.340218853811533439e-01  -2.420336047681554900e-02  2.888708191096337266e-02  -2.659631378141846803e-03  5.934617877417891485e-03
2.030000000000000249e+00  2.101329513369565305e+00  1.424915762751694404e+00  2.930262738713830875e-04  1.349493481668613271e+00  1.381243862108474163e+00
2.030000000000000249e+00  -2.344084172078726991e-01  -2.440685395908585853e-02  2.899034684716153207e-02  -2.690221347138699315e-03  5.947792955166231188e-03
2.040000000000000036e+00  2.091086875267880174e+00  1.422562631769206387e+00  3.761017090348831027e-04  1.349199210022894890e+00  1.380421426805249485e+00
2.040000000000000036e+00  -2.347904879278971124e-01  -2.461062545716838357e-02  2.909294712446018963e-02  -2.720809139962088175e-03  5.960559259094555529e-03
2.049999999999999822e+00  2.081034622009807045e+00  1.420243309325763592e+00  4.559222810678739343e-04  1.348910302938865380e+00  1.379615474605769609e+00
2.049999999999999822e+00  -2.351681178553446383e-01  -2.481463683822865418e-02  2.919486755632154373e-02  -2.751387697115026398e-03  5.973139116619230471e-03
2.060000000000000053e+00  2.071167484032517159e+00  1.417956913435419519e+00  5.326567772688051497e-04  1.348627739985408969e+00  1.378825340961315149e+00
2.060000000000000053e+00  -2.355413391422747360e-01  -2.501889497658068770e-02  2.929612098680788729e-02  -2.782003914676423051e-03  5.985622458967942983e-03
2.070000000000000284e+00  2.061480390604295110e+00  1.415702663272703221e+00  6.062701986547474990e-04  1.348352601391119343e+00  1.378054995689553586e+00
2.070000000000000284e+00  -2.359102629132400208e-01  -2.522341442195371458e-02  2.939671218372821512e-02  -2.812593123357687297e-03  5.997833320259382539e-03
2.080000000000000071e+00  2.051968420992053233e+00  1.413480012037745981e+00  6.770490087442630062e-04  1.348081012941734214e+00  1.377298805811193683e+00
2.080000000000000071e+00  -2.362749221839922920e-01  -2.542817530109079543e-02  2.949664123067688784e-02  -2.843166122711848764e-03  6.009871009267642172e-03
2.089999999999999858e+00  2.042626672359391549e+00  1.411288124527356969e+00  7.450877782345021946e-04  1.347813545938138402e+00  1.376558327569918250e+00
2.089999999999999858e+00  -2.366353078269886612e-01  -2.563315266172919854e-02  2.959591004861512886e-02  -2.873694127102477403e-03  6.021643629289363808e-03
2.100000000000000089e+00  2.033450737736192337e+00  1.409126463848562771e+00  8.104748480976878278e-04  1.347554991889054143e+00  1.375834767504540146e+00
2.100000000000000089e+00  -2.369915278304225437e-01  -2.583838783830527674e-02  2.969454878283245974e-02  -2.904245441473829459e-03  6.033220448176779271e-03
2.110000000000000320e+00  2.024436051334820519e+00  1.406994200972245590e+00  8.730386458165452328e-04  1.347299744223481532e+00  1.375124257700353292e+00
2.110000000000000320e+00  -2.373436175047894392e-01  -2.604386090449407540e-02  2.979265569558478891e-02  -2.934765442795583823e-03  6.044715803637856766e-03
2.120000000000000107e+00  2.015578499361040166e+00  1.404890914206840424e+00  9.329098210537338943e-04  1.347048940920509752e+00  1.374428915404076079e+00
2.120000000000000107e+00  -2.376915648043312346e-01  -2.624949499624172969e-02  2.989002150471770092e-02  -2.965265365173053169e-03  6.055820450826310264e-03
2.129999999999999893e+00  2.006873866158537023e+00  1.402815750007658346e+00  9.902358153821111224e-04  1.346804366311077139e+00  1.373747072588505480e+00
2.129999999999999893e+00  -2.380354458969039799e-01  -2.645528846318966065e-02  2.998672597986004607e-02  -2.995738049426321936e-03  6.067108468448267899e-03
2.140000000000000124e+00  1.998318290578473100e+00  1.400768288645731552e+00  1.045121138936190444e-03  1.346563707471612581e+00  1.373080448314176305e+00
2.140000000000000124e+00  -2.383753104948395651e-01  -2.666134303260738261e-02  3.008279621563159784e-02  -3.026198827144610526e-03  6.078010719109627757e-03
2.150000000000000355e+00  1.989907763804699137e+00  1.398747823481113262e+00  1.097686309061275765e-03  1.346328064748961051e+00  1.372427159283508447e+00
2.150000000000000355e+00  -2.387112096879472345e-01  -2.686756806251931404e-02  3.017821357916671693e-02  -3.056614343215358076e-03  6.088580618584527038e-03
2.160000000000000142e+00  1.981638695680637108e+00  1.396753913213441889e+00  1.147921685902018440e-03  1.346097076480918808e+00  1.371786164777089256e+00
2.160000000000000142e+00  -2.390432141027715729e-01  -2.707395495072325090e-02  3.027298976988692172e-02  -3.087037947879789357e-03  6.098994878112384832e-03
2.169999999999999929e+00  1.973507471898409582e+00  1.394785829467584559e+00  1.195897521891551045e-03  1.345870358805503875e+00  1.371158134361571523e+00
2.169999999999999929e+00  -2.393712576135875736e-01  -2.728053145431352453e-02  3.036712020553819849e-02  -3.117478585386135315e-03  6.109240684705974367e-03
2.179999999999999716e+00  1.965510597680083293e+00  1.392843184602856832e+00  1.241723515932006451e-03  1.345648421405716499e+00  1.370542693836094728e+00
2.179999999999999716e+00  -2.396954888222287972e-01  -2.748726344633979288e-02  3.046060787706285009e-02  -3.147805584038709803e-03  6.119291775357194041e-03
2.189999999999999947e+00  1.957644885444254301e+00  1.390925488353468742e+00  1.285597028448603367e-03  1.345429984474371343e+00  1.369938552441711810e+00
2.189999999999999947e+00  -2.400159130318200718e-01  -2.769414126449210728e-02  3.055345343980364267e-02  -3.178126389395630191e-03  6.129156169900507045e-03
2.200000000000000178e+00  1.949906960254278010e+00  1.389032115200975248e+00  1.327369128376865463e-03  1.345215437932834712e+00  1.369347088790867417e+00
2.200000000000000178e+00  -2.403326141577444286e-01  -2.790114836510031171e-02  3.064566780735791113e-02  -3.208423778316982222e-03  6.138879761195648044e-03
2.209999999999999964e+00  1.942293759376302553e+00  1.387162668991891001e+00  1.367231038813942947e-03  1.345006275749293989e+00  1.368767186337462194e+00
2.209999999999999964e+00  -2.406455831273112689e-01  -2.810828703257598274e-02  3.073724078208595750e-02  -3.238688032703329611e-03  6.148294362544826086e-03
2.219999999999999751e+00  1.934802217303748240e+00  1.385316542824044372e+00  1.405240400241233477e-03  1.344799925072891256e+00  1.368198275012957765e+00
2.219999999999999751e+00  -2.409548927947703922e-01  -2.831557218888981070e-02  3.082817946297175885e-02  -3.268907435234780223e-03  6.157613669363737330e-03
2.229999999999999982e+00  1.927429410140213406e+00  1.383493466083925316e+00  1.441340020714252084e-03  1.344598656306203566e+00  1.367641944903184692e+00
2.229999999999999982e+00  -2.412605895520214816e-01  -2.852295909987525094e-02  3.091848823551224604e-02  -3.299110711391106676e-03  6.166762561154337519e-03
2.240000000000000213e+00  1.920172595227868761e+00  1.381692854452686969e+00  1.475697336529508677e-03  1.344400168714861454e+00  1.367092666519220456e+00
2.240000000000000213e+00  -2.415626901860505049e-01  -2.873045988726598277e-02  3.100816694751080960e-02  -3.329254508105061738e-03  6.175704914056168171e-03
2.250000000000000000e+00  1.913028815834805441e+00  1.379914289170917963e+00  1.508270761351735269e-03  1.344206230257197543e+00  1.366555225921689321e+00
2.250000000000000000e+00  -2.418612508476071787e-01  -2.893807186492320174e-02  3.109722863917332991e-02  -3.359377916156924826e-03  6.184452862584288724e-03
2.259999999999999787e+00  1.905995705262816253e+00  1.378157334846144888e+00  1.539194984451168176e-03  1.344012797883179067e+00  1.366029590898304225e+00
2.259999999999999787e+00  -2.421563346653788917e-01  -2.914575556425607478e-02  3.118565754744454313e-02  -3.389441390941549948e-03  6.193030180913550176e-03
2.270000000000000018e+00  1.899070545151500866e+00  1.376421511830516531e+00  1.566838279050484627e-03  1.343826528400402065e+00  1.365512080768830128e+00
2.270000000000000018e+00  -2.424475914162805834e-01  -2.935355116383193269e-02  3.127346751087167059e-02  -3.419457440113737867e-03  6.201444542224709977e-03
2.280000000000000249e+00  1.892250750489858468e+00  1.374706593574363866e+00  1.594467977082016444e-03  1.343642248510570125e+00  1.365006512605654976e+00
2.280000000000000249e+00  -2.427357817612939006e-01  -2.956139999870142920e-02  3.136065787572761554e-02  -3.449466287913316442e-03  6.209677002436242432e-03
2.290000000000000036e+00  1.885533954275217638e+00  1.373012047794872403e+00  1.620679165565878151e-03  1.343461291739658892e+00  1.364507562194651857e+00
2.290000000000000036e+00  -2.430205960071366023e-01  -2.976935274112862614e-02  3.144723010921400552e-02  -3.479397980580833938e-03  6.217763658306174612e-03
2.299999999999999822e+00  1.878917861880162077e+00  1.371337593367102148e+00  1.645364458007474249e-03  1.343283868962338090e+00  1.364020312065190810e+00
2.299999999999999822e+00  -2.433020749316571196e-01  -2.997734510429771876e-02  3.153318897973640678e-02  -3.509262949952907107e-03  6.225576592823967026e-03
2.310000000000000053e+00  1.872400220880507948e+00  1.369682766651882933e+00  1.668706900497750204e-03  1.343110766715108984e+00  1.363539381108063386e+00
2.310000000000000053e+00  -2.435802809367227373e-01  -3.018540495315565064e-02  3.161853952961184849e-02  -3.539103376215546604e-03  6.233379393870697172e-03
2.320000000000000284e+00  1.865978671306915082e+00  1.368047213947349183e+00  1.690543032242481985e-03  1.342937920025278675e+00  1.363069311240358461e+00
2.320000000000000284e+00  -2.438552094964624162e-01  -3.039349766176252174e-02  3.170327268004728694e-02  -3.568911781540839989e-03  6.240946018344351032e-03
2.330000000000000071e+00  1.859651185235920323e+00  1.366430585002525566e+00  1.711106707106060769e-03  1.342770824800640694e+00  1.362606244965713920e+00
2.330000000000000071e+00  -2.441269260400323882e-01  -3.060163551321611400e-02  3.178740315300827846e-02  -3.598648421839545364e-03  6.248338661587249376e-03
2.339999999999999858e+00  1.853415731856552284e+00  1.364832554925734076e+00  1.730371434563497896e-03  1.342606318491710082e+00  1.362152770322473394e+00
2.339999999999999858e+00  -2.443955056475567433e-01  -3.080983892361212340e-02  3.187093505401231847e-02  -3.628329279425912546e-03  6.255608052931571628e-03
2.350000000000000089e+00  1.847270150461505445e+00  1.363252815616113667e+00  1.748347324288261097e-03  1.342443080029709357e+00  1.361706740201482857e+00
2.350000000000000089e+00  -2.446609330019575701e-01  -3.101802902814429150e-02  3.195385824431710292e-02  -3.657943138596353450e-03  6.262617109641710478e-03
2.360000000000000320e+00  1.841212649724730754e+00  1.361690949288357544e+00  1.765138295988382105e-03  1.342283089935507157e+00  1.361269663452310263e+00
2.360000000000000320e+00  -2.449232751064480684e-01  -3.122626816508842357e-02  3.203619004323571967e-02  -3.687524125930430330e-03  6.269587127230469292e-03
2.370000000000000107e+00  1.835241218264580976e+00  1.360146677145548155e+00  1.780726622869350118e-03  1.342127699291970178e+00  1.360842131993063919e+00
2.370000000000000107e+00  -2.451825366671236406e-01  -3.143451961507495729e-02  3.211792668567515358e-02  -3.717057554736724612e-03  6.276376628877589070e-03
2.379999999999999893e+00  1.829354063528880081e+00  1.358619717304579311e+00  1.795217382819858272e-03  1.341974479707983559e+00  1.360419168447480898e+00
2.379999999999999893e+00  -2.454388342909190612e-01  -3.164278740910581728e-02  3.219906841424556576e-02  -3.746497985820829157e-03  6.282987516761706637e-03
2.390000000000000124e+00  1.823549327826961441e+00  1.357109700333646751e+00  1.808556946074923056e-03  1.341823531093141897e+00  1.360003355683257809e+00
2.390000000000000124e+00  -2.456921002683133404e-01  -3.185102045422669170e-02  3.227961565185342996e-02  -3.775889724797587554e-03  6.289435269396070893e-03
2.400000000000000355e+00  1.817825377889679572e+00  1.355616415328303015e+00  1.820765693944561767e-03  1.341674487418365036e+00  1.359595933877964402e+00
2.400000000000000355e+00  -2.459424664065318344e-01  -3.205927725060154360e-02  3.235957685982179116e-02  -3.805239621088696289e-03  6.295741085387884794e-03
2.410000000000000142e+00  1.812180332496255986e+00  1.354139490804024071e+00  1.832016883451121833e-03  1.341529600892942931e+00  1.359195768407455374e+00
2.410000000000000142e+00  -2.461899190924541625e-01  -3.226751256134889612e-02  3.243895503695826826e-02  -3.834510727676154751e-03  6.301937912405297659e-03
2.419999999999999929e+00  1.806612745419465593e+00  1.352678619609949395e+00  1.842258953737983818e-03  1.341384810094743862e+00  1.358802651932998540e+00
2.419999999999999929e+00  -2.464345108224078040e-01  -3.247573421487053719e-02  3.251775381564588757e-02  -3.863712769549332293e-03  6.307897356489733376e-03
2.429999999999999716e+00  1.801120868762648763e+00  1.351233630722180612e+00  1.851505354279736008e-03  1.341243249703154339e+00  1.358416809318945262e+00
2.429999999999999716e+00  -2.466762682815877572e-01  -3.268390207932453384e-02  3.259598126075258923e-02  -3.892856404818734184e-03  6.313810503855599165e-03
2.439999999999999947e+00  1.795703270679758878e+00  1.349804199703545482e+00  1.859748441149393101e-03  1.341105596552371271e+00  1.358036676344866578e+00
2.439999999999999947e+00  -2.469152349511397615e-01  -3.289205935601495490e-02  3.267362250507131055e-02  -3.921954795775506319e-03  6.319592295272680182e-03
2.450000000000000178e+00  1.790358374730809610e+00  1.348390070645424377e+00  1.867179266167910690e-03  1.340968925499368858e+00  1.357663849245143384e+00
2.450000000000000178e+00  -2.471514399869723100e-01  -3.310018001101327351e-02  3.275069702507277941e-02  -3.950959898024186678e-03  6.325195219565982185e-03
2.459999999999999964e+00  1.785084731720291584e+00  1.346990958989975340e+00  1.873654871860256071e-03  1.340836541401568605e+00  1.357297095100522544e+00
2.459999999999999964e+00  -2.473849355891518664e-01  -3.330824791949458380e-02  3.282719780539243570e-02  -3.979891045082672996e-03  6.330675372962613068e-03
2.469999999999999751e+00  1.779880747750133052e+00  1.345606651472751158e+00  1.879352056700491456e-03  1.340703715297822729e+00  1.356936827064537665e+00
2.469999999999999751e+00  -2.476157732206014650e-01  -3.351626550585676267e-02  3.290312851297921837e-02  -4.008795314853763614e-03  6.335961742423346088e-03
2.479999999999999982e+00  1.774745272359413040e+00  1.344236853886491057e+00  1.884151050050300851e-03  1.340575462062048029e+00  1.356583243900455260e+00
2.479999999999999982e+00  -2.478439121590052530e-01  -3.372422830294939666e-02  3.297850225983745692e-02  -4.037571569306508401e-03  6.341133927539432946e-03
2.490000000000000213e+00  1.769676859072035313e+00  1.342881379910050521e+00  1.888209707251435870e-03  1.340447953299477080e+00  1.356233825501077517e+00
2.490000000000000213e+00  -2.480694589526123706e-01  -3.393216120517662804e-02  3.305331696645316675e-02  -4.066340804551149546e-03  6.346167631222421335e-03
2.500000000000000000e+00  1.764674050631847679e+00  1.341539935662414029e+00  1.891444834868580890e-03  1.340322499540439694e+00  1.355889967121790329e+00
2.500000000000000000e+00  -2.482924230984221992e-01  -3.413997706399973797e-02  3.312756699738989008e-02  -4.095003623095005985e-03  6.351102261691887740e-03
2.509999999999999787e+00  1.759735783768724193e+00  1.340212353724009819e+00  1.893908954985633461e-03  1.340199927407319080e+00  1.355554072456799153e+00
2.509999999999999787e+00  -2.485128598549708467e-01  -3.434774462660871580e-02  3.320126816776707013e-02  -4.123588028647096060e-03  6.355869639285471884e-03
2.520000000000000018e+00  1.754860697175874895e+00  1.338898347216010976e+00  1.895754041806497862e-03  1.340079691699414433e+00  1.355222500041616929e+00
2.520000000000000018e+00  -2.487307458744724697e-01  -3.455542537418859750e-02  3.327441437571576621e-02  -4.152113487775110912e-03  6.360574334699276022e-03
2.530000000000000249e+00  1.750047518065644514e+00  1.337597716571200523e+00  1.896806332620246246e-03  1.339960810163695726e+00  1.354896980802842821e+00
2.530000000000000249e+00  -2.489461704398419628e-01  -3.476303621025893936e-02  3.334701036283733988e-02  -4.180543088498689386e-03  6.365038020214708325e-03
2.540000000000000036e+00  1.745295117289557218e+00  1.336310279429152148e+00  1.897205836807047815e-03  1.339843678304555530e+00  1.354576258268973543e+00
2.540000000000000036e+00  -2.491591630084878939e-01  -3.497054579695199616e-02  3.341906568627672769e-02  -4.208932940986565008e-03  6.369462319773200321e-03
2.549999999999999822e+00  1.740602311305427641e+00  1.335035843100340180e+00  1.896945721125071907e-03  1.339728939894551552e+00  1.354261246668273966e+00
2.549999999999999822e+00  -2.493697168810437848e-01  -3.517796202708129566e-02  3.349057529731321731e-02  -4.237214634849051365e-03  6.373735682647319045e-03
2.560000000000000053e+00  1.735968036023191496e+00  1.333774139716749962e+00  1.896146037553609774e-03  1.339615672239495181e+00  1.353950102314283921e+00
2.560000000000000053e+00  -2.495779327367073086e-01  -3.538528022986087845e-02  3.356155059332443374e-02  -4.265430093215227814e-03  6.377889632596445146e-03
2.570000000000000284e+00  1.731391048794874710e+00  1.332525032215069460e+00  1.894596894652336065e-03  1.339503337921856385e+00  1.353645789142090106e+00
2.570000000000000284e+00  -2.497837702651792280e-01  -3.559246852875208589e-02  3.363197894850949304e-02  -4.293589233675842998e-03  6.381877401179902876e-03
2.580000000000000071e+00  1.726870448422105131e+00  1.331288270150263076e+00  1.892490846227050166e-03  1.339394284647893674e+00  1.353345140094830867e+00
2.580000000000000071e+00  -2.499873045462866483e-01  -3.579956771445784447e-02  3.370188053841427500e-02  -4.321626738598149942e-03  6.385838184661873917e-03
2.589999999999999858e+00  1.722405097868504598e+00  1.330063669791015757e+00  1.889851286772198120e-03  1.339285505532421094e+00  1.353050157712719415e+00
2.589999999999999858e+00  -2.501885510266567691e-01  -3.600652736017517092e-02  3.377125452507226400e-02  -4.349610398231673614e-03  6.389665496908558673e-03
2.600000000000000089e+00  1.717993946081310952e+00  1.328851048833062709e+00  1.886626053850497167e-03  1.339180744378042354e+00  1.352759193478477062e+00
2.600000000000000089e+00  -2.503875438443651236e-01  -3.621339888994362655e-02  3.384010119913274939e-02  -4.377488497025017189e-03  6.393415425638759864e-03
2.610000000000000320e+00  1.713636060591291477e+00  1.327650217961499957e+00  1.882897879681288229e-03  1.339075374988234035e+00  1.352473742840953008e+00
2.610000000000000320e+00  -2.505842940388877116e-01  -3.642011336972743318e-02  3.390841787884989883e-02  -4.405321948306673008e-03  6.396909329825839485e-03
2.620000000000000107e+00  1.709330429167180254e+00  1.326461003144015383e+00  1.878659805747534637e-03  1.338973855037172811e+00  1.352191701852833772e+00
2.620000000000000107e+00  -2.507788900467662896e-01  -3.662670950749252752e-02  3.397621703794910519e-02  -4.433066875276003849e-03  6.400384541551562556e-03
2.629999999999999893e+00  1.705076115156145100e+00  1.325283265347174666e+00  1.873879211836389095e-03  1.338873042248883038e+00  1.351916237202119175e+00
2.629999999999999893e+00  -2.509712897750351335e-01  -3.683315921348260386e-02  3.404349811890015898e-02  -4.460709289251685306e-03  6.403717551625498494e-03
2.640000000000000124e+00  1.700872196847624362e+00  1.324116835107614243e+00  1.868648182376144232e-03  1.338771457473599158e+00  1.351643059806317826e+00
2.640000000000000124e+00  -2.511615879530600948e-01  -3.703946758234673287e-02  3.411026485003691711e-02  -4.488271498417351069e-03  6.406923110938600452e-03
2.650000000000000355e+00  1.696717630427018397e+00  1.322961405821835301e+00  1.862944218387308296e-03  1.338674579383547281e+00  1.351374212159244026e+00
2.650000000000000355e+00  -2.513497885160374534e-01  -3.724562225706750523e-02  3.417651893392572443e-02  -4.515762733831141240e-03  6.410058278724539704e-03
2.660000000000000142e+00  1.692611837034444289e+00  1.321817037784149163e+00  1.856811406073233511e-03  1.338578574322087267e+00  1.351110171085379230e+00
2.660000000000000142e+00  -2.515359083550008368e-01  -3.745164124136043937e-02  3.424226819784879916e-02  -4.543168770255734401e-03  6.413118401762951670e-03
2.669999999999999929e+00  1.688553792861734237e+00  1.320683362824313756e+00  1.850269131249119734e-03  1.338484127653210010e+00  1.350850685358784942e+00
2.669999999999999929e+00  -2.517199730868015517e-01  -3.765748269383005498e-02  3.430750381568771490e-02  -4.570473699060939587e-03  6.415979292099138753e-03
2.679999999999999716e+00  1.684542610748667624e+00  1.319560317622212375e+00  1.843304442157778743e-03  1.338390416875568478e+00  1.350595367879203756e+00
2.679999999999999716e+00  -2.519020272420031126e-01  -3.786319318729690353e-02  3.437224767586964658e-02  -4.597721981031699379e-03  6.418833657155231798e-03
2.689999999999999947e+00  1.680577578722818322e+00  1.318447764812151313e+00  1.835916459475834487e-03  1.338298340181480750e+00  1.350342642731707787e+00
2.689999999999999947e+00  -2.520820916647806831e-01  -3.806870125471057548e-02  3.443648756152054707e-02  -4.624862174705257623e-03  6.421453057495418726e-03
2.700000000000000178e+00  1.676657880369118558e+00  1.317345542821090953e+00  1.828159576566280170e-03  1.338207667023581404e+00  1.350095166379654099e+00
2.700000000000000178e+00  -2.522602153508108902e-01  -3.827406898525344270e-02  3.450023290593386138e-02  -4.651921808957459881e-03  6.424095469059643015e-03
2.709999999999999964e+00  1.672782597660242843e+00  1.316253475485494429e+00  1.820050455749220404e-03  1.338118410327441943e+00  1.349851402307284509e+00
2.709999999999999964e+00  -2.524363795461734283e-01  -3.847925262848019695e-02  3.456348463008165894e-02  -4.678939474180632274e-03  6.426622838734741272e-03
2.719999999999999751e+00  1.668951112012645233e+00  1.315171377548621567e+00  1.811582309992807414e-03  1.338031051365510704e+00  1.349610086094517714e+00
2.719999999999999751e+00  -2.526106337974122207e-01  -3.868425948940767273e-02  3.462624711533257571e-02  -4.705813217416809913e-03  6.429071157629695499e-03
2.729999999999999982e+00  1.665162586858560445e+00  1.314099187101163801e+00  1.802763600315149999e-03  1.337945088151523798e+00  1.349373718807322042e+00
2.729999999999999982e+00  -2.527830349955340616e-01  -3.888904850457376022e-02  3.468852190624603649e-02  -4.732602875425873101e-03  6.431288580624139328e-03
2.740000000000000213e+00  1.661416393276480274e+00  1.313036785251011418e+00  1.793646391409590372e-03  1.337859324523350102e+00  1.349140742939176629e+00
2.740000000000000213e+00  -2.529535971776396552e-01  -3.909368914468994843e-02  3.475031915871468202e-02  -4.759306365373472403e-03  6.433579623748575393e-03
2.750000000000000000e+00  1.657711773806263444e+00  1.311983928085044271e+00  1.784184245844057642e-03  1.337775913761126256e+00  1.348911327426815854e+00
2.750000000000000000e+00  -2.531223070914427331e-01  -3.929810131708190435e-02  3.481163493807223897e-02  -4.785930240009061976e-03  6.435729706300574726e-03
2.759999999999999787e+00  1.654047938919756433e+00  1.310940553372533124e+00  1.774455906102671496e-03  1.337693004029730348e+00  1.348683765683705182e+00
2.759999999999999787e+00  -2.532892529059312392e-01  -3.950237404926801310e-02  3.487247248915284481e-02  -4.812451640756387761e-03  6.437835426750360135e-03
2.770000000000000018e+00  1.650424375476136740e+00  1.309906502250992588e+00  1.764419045186123650e-03  1.337612685974606697e+00  1.348461222924355774e+00
2.770000000000000018e+00  -2.534543854553644171e-01  -3.970640508787935674e-02  3.493283768636289838e-02  -4.838890931906814075e-03  6.439743904898431737e-03
2.780000000000000249e+00  1.646840292488044089e+00  1.308881629162609972e+00  1.754111889762203624e-03  1.337532199293903545e+00  1.348240612003868355e+00
2.780000000000000249e+00  -2.536177674299345264e-01  -3.991022504991961761e-02  3.499272879677060855e-02  -4.865216902353641792e-03  6.441616990233267614e-03
2.790000000000000036e+00  1.643295130162862439e+00  1.307865934279732301e+00  1.743503702271041646e-03  1.337452442376741324e+00  1.348025800021361409e+00
2.790000000000000036e+00  -2.537794680553586701e-01  -4.011383367731053556e-02  3.505215431048870622e-02  -4.891474842267151679e-03  6.443303861500271346e-03
2.799999999999999822e+00  1.639788109618342204e+00  1.306859110264423807e+00  1.732704752308148128e-03  1.337375473826712069e+00  1.347812263454194470e+00
2.799999999999999822e+00  -2.539394414696107827e-01  -4.031725807208082907e-02  3.511111972962799310e-02  -4.917635299227951506e-03  6.444990834727049034e-03
2.810000000000000053e+00  1.636318679303521595e+00  1.305861161302831697e+00  1.721632094429819716e-03  1.337298370031861916e+00  1.347601166370981485e+00
2.810000000000000053e+00  -2.540977606559512436e-01  -4.052045984352271174e-02  3.516962257359049215e-02  -4.943706965262029129e-03  6.446628315170399581e-03
2.820000000000000284e+00  1.632886319596594138e+00  1.304871932870002027e+00  1.710299368451952519e-03  1.337223693267971747e+00  1.347396127666258048e+00
2.820000000000000284e+00  -2.542544401058854930e-01  -4.072344207609335243e-02  3.522766857305337229e-02  -4.969697051803834142e-03  6.448141004810808985e-03
2.830000000000000071e+00  1.629490346262070011e+00  1.303891302606694502e+00  1.698765301626906695e-03  1.337148825875739577e+00  1.347191080496031645e+00
2.830000000000000071e+00  -2.544094735326882795e-01  -4.092620850174202157e-02  3.528525593652647591e-02  -4.995549767588092216e-03  6.449625421042270990e-03
2.839999999999999858e+00  1.626130166933956733e+00  1.302919162791133845e+00  1.687013965066741158e-03  1.337075766737832794e+00  1.346991092315219296e+00
2.839999999999999858e+00  -2.545629165418562545e-01  -4.112871462465438749e-02  3.534239012209296205e-02  -5.021342643487858304e-03  6.450917413015455626e-03
2.850000000000000089e+00  1.622805253733464514e+00  1.301955342687559414e+00  1.675060188292226779e-03  1.337003884303697765e+00  1.346792329124687937e+00
2.850000000000000089e+00  -2.547147623536807348e-01  -4.133100230288947602e-02  3.539908002724813374e-02  -5.047049139369930160e-03  6.452202669700396465e-03
2.860000000000000320e+00  1.619515046368251943e+00  1.300999839770076383e+00  1.662912179172403807e-03  1.336932895243637676e+00  1.346597442259918953e+00
2.860000000000000320e+00  -2.548650979894842017e-01  -4.153308312172523942e-02  3.545532570729632849e-02  -5.072637404930802063e-03  6.453440770222917955e-03
2.870000000000000107e+00  1.616258968434511001e+00  1.300052464329721769e+00  1.650567514279692536e-03  1.336862718837459774e+00  1.346403963357452049e+00
2.870000000000000107e+00  -2.550138745751026614e-01  -4.173489787570960202e-02  3.551112515097974015e-02  -5.098153832350793557e-03  6.454545905286046548e-03
2.879999999999999893e+00  1.613036523058347438e+00  1.299113128903190084e+00  1.638096912373683892e-03  1.336793975350517805e+00  1.346214461864599921e+00
2.879999999999999893e+00  -2.551611506959606257e-01  -4.193647530521046884e-02  3.556648737874985866e-02  -5.123570409810929149e-03  6.455579184901333312e-03
2.890000000000000124e+00  1.609847100229711669e+00  1.298181743629857055e+00  1.625418697736931602e-03  1.336725770145769321e+00  1.346027745463553416e+00
2.890000000000000124e+00  -2.553069445806176452e-01  -4.213780540351143300e-02  3.562141170072723184e-02  -5.148882143012012413e-03  6.456548712488685560e-03
2.900000000000000355e+00  1.606690300616523626e+00  1.297258175314964346e+00  1.612608756804608749e-03  1.336658436106792136e+00  1.345843534917721129e+00
2.900000000000000355e+00  -2.554512368195316352e-01  -4.233891510378700457e-02  3.567590635456654308e-02  -5.174108621661677176e-03  6.457432852788880240e-03
2.910000000000000142e+00  1.603565559734485113e+00  1.296342340167883522e+00  1.599604640534697895e-03  1.336592543739723693e+00  1.345662310299494679e+00
2.910000000000000142e+00  -2.555941268204092731e-01  -4.253973452372804276e-02  3.572996582033212409e-02  -5.199223274860886868e-03  6.458251942811715773e-03
2.919999999999999929e+00  1.600472417333453024e+00  1.295434152528182947e+00  1.586496340365940467e-03  1.336527591776370594e+00  1.345482909012375883e+00
2.919999999999999929e+00  -2.557355681677180304e-01  -4.274031931265076523e-02  3.578360042316365563e-02  -5.224250833091803603e-03  6.458974559776065050e-03
2.929999999999999716e+00  1.597410333792454784e+00  1.294533553211824284e+00  1.573276686683308927e-03  1.336463152959235900e+00  1.345306919648043387e+00
2.929999999999999716e+00  -2.558756378208967286e-01  -4.294063717657653489e-02  3.583680543352648490e-02  -5.249175959462337726e-03  6.459719859328139080e-03
2.939999999999999947e+00  1.594378902508126306e+00  1.293640344649845897e+00  1.559885267249277400e-03  1.336400002863996628e+00  1.345131596493974957e+00
2.939999999999999947e+00  -2.560143025672058092e-01  -4.314070839195911083e-02  3.588959562415683369e-02  -5.274015173866719586e-03  6.460353265878349127e-03
2.950000000000000178e+00  1.591377605731873146e+00  1.292754554395055155e+00  1.546352258570970160e-03  1.336337440985081004e+00  1.344960481255972340e+00
2.950000000000000178e+00  -2.561516130180122031e-01  -4.334048248388010921e-02  3.594196716875443232e-02  -5.298759529508867416e-03  6.460830582899618202e-03
2.959999999999999964e+00  1.588406094902552468e+00  1.291875959720789169e+00  1.532783271334355393e-03  1.336275873129189051e+00  1.344790940123905765e+00
2.959999999999999964e+00  -2.562875983062991581e-01  -4.354003124323185814e-02  3.599392496993716883e-02  -5.323393523673336514e-03  6.461263209733253410e-03
2.969999999999999751e+00  1.585463794374468272e+00  1.291004563224980917e+00  1.519069867957601253e-03  1.336216162458842005e+00  1.344623075936300705e+00
2.969999999999999751e+00  -2.564222628646787294e-01  -4.373929742910639962e-02  3.604546979049935707e-02  -5.347947910480210787e-03  6.461791569575797700e-03
2.979999999999999982e+00  1.582550359016918762e+00  1.290140242635333001e+00  1.505275928973381222e-03  1.336155361930137619e+00  1.344459018749588175e+00
2.979999999999999982e+00  -2.565556091602849142e-01  -4.393829611660557410e-02  3.609660254211771030e-02  -5.372397864860434247e-03  6.462188302655491601e-03
2.990000000000000213e+00  1.579665284637465028e+00  1.289282908414585815e+00  1.491387240520646203e-03  1.336096213131713784e+00  1.344297395498667225e+00
2.990000000000000213e+00  -2.566876826062020056e-01  -4.413701482193888026e-02  3.614733148402941160e-02  -5.396761746834510820e-03  6.462401237977838386e-03
3.000000000000000000e+00  1.576808214823415266e+00  1.288432390797107807e+00  1.476668874789806123e-03  1.336038110717687077e+00  1.344135527601896252e+00
3.000000000000000000e+00  -2.568184834890847035e-01  -4.433544269015796818e-02  3.619765476880165700e-02  -5.420992605471991466e-03  6.462669005258298016e-03
