0.010000000000000  0.821971620074002  0.956472548968448  0.065508718960883  0.743504557669800  0.612461595865949
0.010000000000000  0.725966550640486  0.450291019657318  -0.197247283009102  0.099726336882574  -0.014943267277826
0.020000000000000  0.823552182839648  0.959003963847493  0.061488497971498  0.744729846849066  0.620729709311917
0.020000000000000  0.723002740988539  0.446127682565699  -0.194164011001444  0.097560718527387  -0.015241877925635
0.030000000000000  0.825234486807161  0.961353728846963  0.057742748015131  0.745837303411655  0.628508294377653
0.030000000000000  0.719941890042057  0.442129071997386  -0.191243291154684  0.095523584754312  -0.015609990993545
0.040000000000000  0.827031280370756  0.963535231914918  0.054255357271000  0.746842812325971  0.635816171696735
0.040000000000000  0.716771349689737  0.438282788557218  -0.188469899533295  0.093598956455789  -0.016025878750125
0.050000000000000  0.828949620342290  0.965560475490143  0.051011352963205  0.747759373643612  0.642671392164227
0.050000000000000  0.713483879162589  0.434578036548894  -0.185830465736219  0.091773802383105  -0.016470250516892
0.060000000000000  0.830994124276642  0.967439598781962  0.047997985058348  0.748597392583332  0.649091531934575
0.060000000000000  0.710074983630985  0.431006268219018  -0.183315351098718  0.090037743802496  -0.016931387257243
0.070000000000000  0.833163006364977  0.969183398786744  0.045199467988916  0.749366200073065  0.655099663556046
0.070000000000000  0.706546274154693  0.427557735596777  -0.180912786634048  0.088381300391750  -0.017396917866153
0.080000000000000  0.835459334531755  0.970799478615905  0.042604103149660  0.750072660528841  0.660718671062965
0.080000000000000  0.702895023769131  0.424226490380669  -0.178617074211864  0.086797533416418  -0.017867485607310
0.090000000000000  0.837892357104495  0.972294015493682  0.040202431726416  0.750721956660126  0.665967229629670
0.090000000000000  0.699111571992553  0.421008302692332  -0.176424554915545  0.085281177875116  -0.018345578970731
0.100000000000000  0.840445695433772  0.973678299557349  0.037978452152507  0.751321126023665  0.670867257624164
0.100000000000000  0.695212505850435  0.417892922701905  -0.174322889720032  0.083824942984551  -0.018814817486223
0.110000000000000  0.843096227865105  0.974963072446922  0.035916507439910  0.751876267662605  0.675441859211058
0.110000000000000  0.691221014321038  0.414870919814825  -0.172300963294959  0.082422940459272  -0.019265067202703
0.120000000000000  0.845819539297151  0.976157637479603  0.034002282644107  0.752392392731877  0.679714162972013
0.120000000000000  0.687161484234886  0.411934302472427  -0.170349749013686  0.081069960406356  -0.019687179602149
0.130000000000000  0.848591776263569  0.977270324497577  0.032222862153778  0.752873637334001  0.683706354496266
0.130000000000000  0.683057653684172  0.409076053178367  -0.168461915709495  0.079761880831757  -0.020077846510769
0.140000000000000  0.851390745410146  0.978308498426446  0.030566503883512  0.753323503159637  0.687439654357163
0.140000000000000  0.678931763922046  0.406290275931031  -0.166631375667225  0.078494991370951  -0.020434175022330
0.150000000000000  0.854196790172196  0.979278723355917  0.029022551533938  0.753744990079447  0.690934054953298
0.150000000000000  0.674803549352359  0.403571734284274  -0.164853061763932  0.077266475673299  -0.020755956387484
0.160000000000000  0.856992831577844  0.980186847427299  0.027581438471509  0.754140655387951  0.694208101721156
0.160000000000000  0.670689918273163  0.400915816808786  -0.163122703593697  0.076073465358200  -0.021043436011032
0.170000000000000  0.859764548771653  0.981035775497385  0.026237269645767  0.754512733186401  0.697278317311621
0.170000000000000  0.666605384487941  0.398320835466825  -0.161440379136322  0.074913833130902  -0.021306310128857
0.180000000000000  0.862498657037637  0.981827962601560  0.024985041215276  0.754863163974703  0.700160122275712
0.180000000000000  0.662563036477179  0.395785586314437  -0.159806607697925  0.073785542564782  -0.021554603312085
0.190000000000000  0.865185164046187  0.982569700623875  0.023815495774078  0.755193680961400  0.702868763932485
0.190000000000000  0.658572943308355  0.393304621602947  -0.158215357329681  0.072686673077037  -0.021783493292115
0.200000000000000  0.867817443761391  0.983266174946852  0.022720748287760  0.755505831912890  0.705417749218013
0.200000000000000  0.654641690814911  0.390873511199112  -0.156662003720696  0.071615626465411  -0.021989483139902
0.210000000000000  0.870390950531965  0.983921676141832  0.021694042575787  0.755800961166096  0.707819276460295
0.210000000000000  0.650773774584428  0.388488762720137  -0.155142913892071  0.070571100551977  -0.022171458420493
0.220000000000000  0.872903162253468  0.984539950445017  0.020729500689743  0.756080308117613  0.710084364999284
0.220000000000000  0.646971745075207  0.386147355394548  -0.153655278868763  0.069551693181114  -0.022328611040445
0.230000000000000  0.875352753622067  0.985124127942945  0.019821953577450  0.756344951432872  0.712223071277257
0.230000000000000  0.643236902997021  0.383846678279471  -0.152196778078626  0.068556157662641  -0.022461501169752
0.240000000000000  0.877739230500186  0.985676984263546  0.018966836670204  0.756595905108512  0.714244553316016
0.240000000000000  0.639569625882211  0.381584668089970  -0.150765557477707  0.067583567425929  -0.022570831524482
0.250000000000000  0.880062892276859  0.986200952000909  0.018160037072637  0.756834089403089  0.716157237703270
0.250000000000000  0.635969661803321  0.379359310195620  -0.149360019614312  0.066632856823619  -0.022657671327639
0.260000000000000  0.882324574310611  0.986698218246555  0.017397923220054  0.757060303311696  0.717968745866881
0.260000000000000  0.632436151441767  0.377168945934100  -0.147978850164886  0.065703109387113  -0.022723149213406
0.270000000000000  0.884525351146341  0.987170684543713  0.016677205407086  0.757275308799891  0.719686092520823
0.270000000000000  0.628967981661230  0.375012049617545  -0.146620918216324  0.064793477148713  -0.022768626154314
0.280000000000000  0.886666720610418  0.987620100461850  0.015994916268203  0.757479807202985  0.721315707423587
0.280000000000000  0.625563654834428  0.372887278128634  -0.145285239744518  0.063903136809979  -0.022795352401924
0.290000000000000  0.888750097010398  0.988048019139035  0.015348364959176  0.757674420788837  0.722863485225253
0.290000000000000  0.622221707543380  0.370793366798778  -0.143970910598801  0.063031459730856  -0.022804766501186
0.300000000000000  0.890777241317528  0.988455860176358  0.014735091353689  0.757859746090425  0.724334828244289
0.300000000000000  0.618940336513853  0.368729183887000  -0.142677171490715  0.062177841178630  -0.022798216033012
0.310000000000000  0.892749828978764  0.988844921900883  0.014152883599950  0.758036328297667  0.725734673227376
0.310000000000000  0.615717887388288  0.366693752186668  -0.141403307106088  0.061341404042799  -0.022776714362241
0.320000000000000  0.894669652179121  0.989216365160017  0.013599696633810  0.758204658309614  0.727067601144658
0.320000000000000  0.612552531194587  0.364686036315621  -0.140148681060721  0.060521860145274  -0.022741688520203
0.330000000000000  0.896538438134851  0.989571267956064  0.013073693777056  0.758365201808712  0.728337768641231
0.330000000000000  0.609442485012773  0.362705184838076  -0.138912708051459  0.059718434331628  -0.022694064722930
0.340000000000000  0.898357982132429  0.989910626618577  0.012573137690690  0.758518417997558  0.729549074108307
0.340000000000000  0.606386020093422  0.360750363097832  -0.137694821920889  0.058930617048473  -0.022634802421688
0.350000000000000  0.900129952861519  0.990235334734357  0.012096481030856  0.758664686619069  0.730705062974699
0.350000000000000  0.603381386003290  0.358820830273987  -0.136494544226196  0.058157947399323  -0.022565004747439
0.360000000000000  0.901855998497996  0.990546243397573  0.011642268981853  0.758804385995515  0.731809027801569
0.360000000000000  0.600426846507739  0.356915830735055  -0.135311404091754  0.057400068504633  -0.022485649627824
0.370000000000000  0.903537802311059  0.990844118381070  0.011209165643120  0.758937877630290  0.732864011149787
0.370000000000000  0.597520810152824  0.355034696886834  -0.134144937716701  0.056656409102698  -0.022397361944366
0.380000000000000  0.905176879531885  0.991129672527244  0.010795947412469  0.759065466484150  0.733872814509332
0.380000000000000  0.594661674896066  0.353176797565234  -0.132994751981500  0.055926638071765  -0.022301018866549
0.390000000000000  0.906774785074194  0.991403577712693  0.010401461557181  0.759187466851391  0.734838063754428
0.390000000000000  0.591847924596781  0.351341535008787  -0.131860440811211  0.055210191788089  -0.022197329107202
0.400000000000000  0.908332928582509  0.991666445165997  0.010024658960338  0.759304183358717  0.735762173178893
0.400000000000000  0.589078047007993  0.349528276247813  -0.130741637638937  0.054506959191161  -0.022086982223542
0.410000000000000  0.909852771810648  0.991918859034440  0.009664550977192  0.759415862346579  0.736647402576201
0.410000000000000  0.586350609535798  0.347736581525774  -0.129637992716968  0.053816433187029  -0.021970715522450
0.420000000000000  0.911335635924547  0.992161342020737  0.009320218217357  0.759522767552249  0.737495842647140
0.420000000000000  0.583664256924707  0.345965898053635  -0.128549147489022  0.053138222266806  -0.021848717042638
0.430000000000000  0.912782798504052  0.992394403219636  0.008990810350360  0.759625128333940  0.738309455598298
0.430000000000000  0.581017712293717  0.344215704969797  -0.127474794551960  0.052472074611551  -0.021721931660750
0.440000000000000  0.914195538347754  0.992618510209117  0.008675533630744  0.759723179975224  0.739090066572518
0.440000000000000  0.578409649435307  0.342485531894724  -0.126414611030825  0.051817611032115  -0.021590482968842
0.450000000000000  0.915574979250918  0.992834104734439  0.008373645222320  0.759817132843999  0.739839367297761
0.450000000000000  0.575838976702267  0.340774988493874  -0.125368321403300  0.051174630951429  -0.021455126106475
0.460000000000000  0.916922308967679  0.993041591800916  0.008084453884216  0.759907180888506  0.740558969095154
0.460000000000000  0.573304415598905  0.339083601657965  -0.124335613971210  0.050542819217986  -0.021316132573409
0.470000000000000  0.918238592847633  0.993241358748239  0.007807311214949  0.759993519713481  0.741250343235777
0.470000000000000  0.570804921614056  0.337410998452947  -0.123316225497959  0.049921757089156  -0.021173949712043
0.480000000000000  0.919524881697568  0.993433775636898  0.007541597795794  0.760076316730660  0.741914906519973
0.480000000000000  0.568339447947002  0.335756747174189  -0.122309886807054  0.049311391790890  -0.021028718063627
0.490000000000000  0.920782120930208  0.993619169832892  0.007286754663229  0.760155732126537  0.742553949114973
0.490000000000000  0.565906929945180  0.334120484895965  -0.121316357349576  0.048711308737114  -0.020881196508521
0.500000000000000  0.922011321345116  0.993797869927097  0.007042239177653  0.760231947967603  0.743168713237544
0.500000000000000  0.563506469770132  0.332501853796421  -0.120335368667602  0.048121361380013  -0.020731321460161
0.510000000000000  0.923213345844321  0.993970180683390  0.006807547654850  0.760305094159135  0.743760349877237
0.510000000000000  0.561137114877800  0.330900516287344  -0.119366689106416  0.047541250883390  -0.020579407029850
0.520000000000000  0.924389083156098  0.994136382882719  0.006582204646848  0.760375310557628  0.744329952281330
0.520000000000000  0.558797977833505  0.329316104644997  -0.118410085068399  0.046970791624556  -0.020425909357312
0.530000000000000  0.925539356696040  0.994296748283491  0.006365768475960  0.760442737286395  0.744878534499027
0.530000000000000  0.556488159982514  0.327748354063075  -0.117465350855514  0.046409737145257  -0.020270865200998
0.540000000000000  0.926664963778748  0.994451535204794  0.006157818271906  0.760507497738610  0.745407069885811
0.540000000000000  0.554206909800114  0.326196885079669  -0.116532240733229  0.045857856062445  -0.020114578784756
0.550000000000000  0.927766673467119  0.994600976037260  0.005957950181598  0.760569708547421  0.745916471909138
0.550000000000000  0.551953448703354  0.324661449360866  -0.115610569697112  0.045315001574672  -0.019957208842356
0.560000000000000  0.928845216181344  0.994745302615492  0.005765792953719  0.760629498766893  0.746407593140140
0.560000000000000  0.549726967777036  0.323141708090709  -0.114700111119784  0.044780885593189  -0.019799181925196
0.570000000000000  0.929901294368183  0.994884738132377  0.005580994293902  0.760686955111833  0.746881230314100
0.570000000000000  0.547526801513611  0.321637427991894  -0.113800684478116  0.044255396430448  -0.019640347267204
0.580000000000000  0.930935563107516  0.995019475920095  0.005403225416321  0.760742193845595  0.747338180487301
0.580000000000000  0.545352228044792  0.320148281842481  -0.112912077284118  0.043738277239908  -0.019481036712728
0.590000000000000  0.931948685070377  0.995149719436768  0.005232157868195  0.760795321131353  0.747779155894046
0.590000000000000  0.543202613868425  0.318674062613480  -0.112034118057593  0.043229438620434  -0.019321497895224
0.600000000000000  0.932941276988252  0.995275647025105  0.005067506003473  0.760846424123538  0.748204841584689
0.600000000000000  0.541077302979102  0.317214472261648  -0.111166610928305  0.042728606715616  -0.019161604587667
0.610000000000000  0.933913927019296  0.995397436665586  0.004908972522183  0.760895576889293  0.748615896510303
0.610000000000000  0.538975688854631  0.315769290226554  -0.110309377778183  0.042235679866117  -0.019001612460315
0.620000000000000  0.934867205801454  0.995515254777355  0.004756298015601  0.760942885346991  0.749012930705503
0.620000000000000  0.536897185329795  0.314338211833845  -0.109462260961302  0.041750520420413  -0.018841760840946
0.630000000000000  0.935801637523492  0.995629259394601  0.004609229183165  0.760988405555546  0.749396531027841
0.630000000000000  0.534841224735693  0.312921094703618  -0.108625072262656  0.041272847523249  -0.018682024824106
0.640000000000000  0.936717772070150  0.995739598679955  0.004467517667169  0.761032213208089  0.749767248671015
0.640000000000000  0.532807301096748  0.311517638349072  -0.107797658854740  0.040802577189946  -0.018522378492471
0.650000000000000  0.937616132163867  0.995846418994015  0.004330938860823  0.761074401069610  0.750125618808379
0.650000000000000  0.530794836668280  0.310127642419355  -0.106979847446821  0.040339579177350  -0.018363330854790
0.660000000000000  0.938497151718804  0.995949856597231  0.004199275312797  0.761115019234431  0.750472135303120
0.660000000000000  0.528803347573115  0.308750907993311  -0.106171494120315  0.039883703283257  -0.018204511730575
0.670000000000000  0.939361349544552  0.996050042436076  0.004072318456808  0.761154147066394  0.750807274804976
0.670000000000000  0.526832349893162  0.307387220250557  -0.105372438839577  0.039434694875994  -0.018046411971430
0.680000000000000  0.940209145968619  0.996147096126893  0.003949866101898  0.761191828380300  0.751131492130743
0.680000000000000  0.524881390571078  0.306036341212049  -0.104582529919657  0.038992649082693  -0.017888817119557
0.690000000000000  0.941040985186603  0.996241140513111  0.003831737732762  0.761228147035069  0.751445225079034
0.690000000000000  0.522950033167511  0.304698088835185  -0.103801617088971  0.038557152298822  -0.017731836699491
0.700000000000000  0.941857270445979  0.996332289569819  0.003717754025653  0.761263143849451  0.751748878606235
0.700000000000000  0.521037819250794  0.303372271842434  -0.103029566322999  0.038128292075874  -0.017575544118185
0.710000000000000  0.942658427726604  0.996420644591981  0.003607745902238  0.761296884473939  0.752042846634082
0.710000000000000  0.519144332355063  0.302058711460615  -0.102266231828483  0.037705858940535  -0.017420041086871
0.720000000000000  0.943444843128348  0.996506315583763  0.003501560773876  0.761329404684006  0.752327492276168
0.720000000000000  0.517269182101939  0.300757213221949  -0.101511479603558  0.037289728825729  -0.017265352078591
0.730000000000000  0.944216858854031  0.996589397755061  0.003399027772388  0.761360761942527  0.752603189279951
0.730000000000000  0.515411937915888  0.299467600330232  -0.100765171864978  0.036879713346464  -0.017111609050211
0.740000000000000  0.944974871297985  0.996669983582822  0.003300012071905  0.761391001807321  0.752870271236887
0.740000000000000  0.513572250673272  0.298189684544218  -0.100027184064109  0.036475829453832  -0.016958747862254
0.750000000000000  0.945719218723767  0.996748168366851  0.003204368444038  0.761420163795003  0.753129063290415
0.750000000000000  0.511749774254719  0.296923294237666  -0.099297386881254  0.036077872279828  -0.016806834962793
0.760000000000000  0.946450222244551  0.996824035714189  0.003111963509015  0.761448306080651  0.753379872535880
0.760000000000000  0.509944156971368  0.295668245015189  -0.098575639965952  0.035685695470634  -0.016655822362090
0.770000000000000  0.947168229227647  0.996897666033577  0.003022677235758  0.761475455804748  0.753622983760991
0.770000000000000  0.508155032753961  0.294424432478772  -0.097861841576183  0.035299276226709  -0.016505915817052
0.780000000000000  0.947873517724054  0.996969139765648  0.002936379703364  0.761501653409597  0.753858697024447
0.780000000000000  0.506382078509404  0.293191609598442  -0.097155862699316  0.034918472912574  -0.016357134987710
0.790000000000000  0.948566453237184  0.997038532374323  0.002852963321801  0.761526931420802  0.754087271531854
0.790000000000000  0.504624998625401  0.291969707223213  -0.096457581058704  0.034543210925864  -0.016209290699010
0.800000000000000  0.949247271748707  0.997105917320229  0.002772309209568  0.761551332293383  0.754308969426533
0.800000000000000  0.502883461916591  0.290758495325970  -0.095766885463596  0.034173308136476  -0.016062663885951
0.810000000000000  0.949916290670135  0.997171364305674  0.002694313636555  0.761574897109379  0.754524041914252
0.810000000000000  0.501157170357988  0.289557881084031  -0.095083665297831  0.033808710755829  -0.015917130498719
0.820000000000000  0.950573758904346  0.997234937462625  0.002618868500460  0.761597648459140  0.754732713825183
0.820000000000000  0.499445852785591  0.288367670716930  -0.094407809539773  0.033449375002513  -0.015772681524275
0.830000000000000  0.951219975213865  0.997296702993301  0.002545896226448  0.761619620055355  0.754935223782900
0.830000000000000  0.497749211139745  0.287187751870016  -0.093739197734989  0.033095114376065  -0.015629501662354
0.840000000000000  0.951855160882946  0.997356721982164  0.002475285785256  0.761640847607071  0.755131789367883
0.840000000000000  0.496066977399596  0.286017977762267  -0.093077735672965  0.032745894233083  -0.015487426904720
0.850000000000000  0.952479604916901  0.997415051624022  0.002406959836063  0.761661365010379  0.755322611040131
0.850000000000000  0.494398923077497  0.284858182360483  -0.092423325681377  0.032401600758044  -0.015346487088728
0.860000000000000  0.953093517679549  0.997471750783558  0.002340825785936  0.761681180507436  0.755507899902033
0.860000000000000  0.492744746578520  0.283708288322621  -0.091775847308496  0.032062135761491  -0.015206909819081
0.870000000000000  0.953697137501144  0.997526872506899  0.002276811725437  0.761700330156326  0.755687836622625
0.870000000000000  0.491104215734553  0.282568056882560  -0.091135213664062  0.031727427596373  -0.015068406259002
0.880000000000000  0.954290716023776  0.997580471064427  0.002214834396423  0.761718840150840  0.755862604734354
0.880000000000000  0.489477089260809  0.281437476831594  -0.090501321633607  0.031397423474752  -0.014931202679278
0.890000000000000  0.954874454011392  0.997632592729172  0.002154815824221  0.761736724231506  0.756032387632920
0.890000000000000  0.487863163824797  0.280316371585477  -0.089874069351660  0.031071977523463  -0.014795192103651
0.900000000000000  0.955448559738096  0.997683287790128  0.002096692147564  0.761754022450682  0.756197346244924
0.900000000000000  0.486262162011711  0.279204619976259  -0.089253374397665  0.030751058758545  -0.014660392698680
0.910000000000000  0.956013252272086  0.997732602019994  0.002040386485143  0.761770740015924  0.756357651985192
0.910000000000000  0.484673904774598  0.278102057064896  -0.088639130194508  0.030434564341106  -0.014526858925915
0.920000000000000  0.956568743714169  0.997780582670557  0.001985834303616  0.761786915202751  0.756513454227758
0.920000000000000  0.483098171621278  0.277008608660809  -0.088031256831977  0.030122379196976  -0.014394418811473
0.930000000000000  0.957115212969372  0.997827269704793  0.001932970160082  0.761802560148002  0.756664898137290
0.930000000000000  0.481534717089993  0.275924158151902  -0.087429659244471  0.029814534264629  -0.014263438719291
0.940000000000000  0.957652848425321  0.997872704614468  0.001881739939066  0.761817695426291  0.756812143717114
0.940000000000000  0.479983369771280  0.274848548651547  -0.086834243138402  0.029510856961339  -0.014133591596430
0.950000000000000  0.958181854350017  0.997916926728859  0.001832091025261  0.761832331743474  0.756955306567279
0.950000000000000  0.478443945570847  0.273781752936675  -0.086244947902993  0.029211354626706  -0.014005029330737
0.960000000000000  0.958702393121531  0.997959975636115  0.001783962017599  0.761846504151641  0.757094535354003
0.960000000000000  0.476916257309019  0.272723543741813  -0.085661655446765  0.028915850344758  -0.013877695515901
0.970000000000000  0.959214637576238  0.998001887033136  0.001737305700299  0.761860214827388  0.757229950393352
0.970000000000000  0.475400088371386  0.271673895312795  -0.085084297518192  0.028624363916711  -0.013751553875727
0.980000000000000  0.959718785773503  0.998042698322182  0.001692059158619  0.761873478926260  0.757361685347756
0.980000000000000  0.473895302090887  0.270632662770988  -0.084512804302684  0.028336785716040  -0.013626645695928
0.990000000000000  0.960214960913041  0.998082441230299  0.001648181053977  0.761886322029330  0.757489851110409
0.990000000000000  0.472401659574741  0.269599764302050  -0.083947078713749  0.028053081332379  -0.013502961162387
1.000000000000000  0.960703354165152  0.998121150626867  0.001605623729548  0.761898745210150  0.757614563788436
1.000000000000000  0.470919027533309  0.268575074708598  -0.083387043145426  0.027773122214326  -0.013380552617857
1.010000000000000  0.961184113626302  0.998158857045462  0.001564339856800  0.761910787217340  0.757735931558742
1.010000000000000  0.469447257905577  0.267558495955162  -0.082832626077662  0.027496940537156  -0.013259320669928
1.020000000000000  0.961657397760217  0.998195591342917  0.001524283520156  0.761922444572433  0.757854061463247
1.020000000000000  0.467986150778054  0.266549920289296  -0.082283754287926  0.027224395840044  -0.013139327053940
1.030000000000000  0.962123345843797  0.998231383119167  0.001485415474644  0.761933732482354  0.757969051850661
1.030000000000000  0.466535558537075  0.265549297450762  -0.081740347195990  0.026955461131627  -0.013020578632415
1.040000000000000  0.962582103134807  0.998266261401872  0.001447698868145  0.761944658114755  0.758081003684707
1.040000000000000  0.465095317849210  0.264556484452810  -0.081202332565002  0.026690061301387  -0.012902929352248
1.050000000000000  0.963033818626622  0.998300252472166  0.001411085752013  0.761955240836477  0.758190012537469
1.050000000000000  0.463665329896586  0.263571359829027  -0.080669639906311  0.026428168831487  -0.012786585398971
1.060000000000000  0.963478629016022  0.998333384311045  0.001375544015325  0.761965505484614  0.758296171389046
1.060000000000000  0.462245381797908  0.262593900552917  -0.080142196368992  0.026169651006655  -0.012671367569938
1.070000000000000  0.963916660611020  0.998365681908005  0.001341034850503  0.761975441397492  0.758399551458518
1.070000000000000  0.460835351151930  0.261623951957266  -0.079619928451961  0.025914548610444  -0.012557352205446
1.080000000000000  0.964348043799695  0.998397168661226  0.001307531073280  0.761985071561381  0.758500256985826
1.080000000000000  0.459435119316814  0.260661476422066  -0.079102775411915  0.025662745091508  -0.012444504118379
1.090000000000000  0.964772911989130  0.998427870549378  0.001274993185743  0.761994407483309  0.758598364772725
1.090000000000000  0.458044545453465  0.259706351233841  -0.078590671285459  0.025414190000544  -0.012332833633815
1.100000000000000  0.965191387993650  0.998457809085006  0.001243400115179  0.762003467431075  0.758693947435849
1.100000000000000  0.456663479234998  0.258758503830901  -0.078083538720554  0.025168882385699  -0.012222269188881
1.110000000000000  0.965603591215117  0.998487007118418  0.001212711571549  0.762012240694655  0.758787092143234
1.110000000000000  0.455291784920976  0.257817859622357  -0.077581324282468  0.024926714460124  -0.012112915855305
1.120000000000000  0.966009639060836  0.998515485669576  0.001182902047580  0.762020749788389  0.758877861695709
1.120000000000000  0.453929366667767  0.256884286838654  -0.077083956537100  0.024687618949427  -0.012004653197739
1.130000000000000  0.966409644349515  0.998543265941700  0.001153935462014  0.762028998270864  0.758966331011639
1.130000000000000  0.452576082121314  0.255957739029182  -0.076591376224150  0.024451615221706  -0.011897555931086
1.140000000000000  0.966803727562119  0.998570367493984  0.001125792798636  0.762036989850365  0.759052566731818
1.140000000000000  0.451231801452438  0.255038118141395  -0.076103514911869  0.024218574747942  -0.011791594098464
1.150000000000000  0.967191995629460  0.998596810725440  0.001098439832822  0.762044751603533  0.759136633251987
1.150000000000000  0.449896431333334  0.254125384046536  -0.075620326719810  0.023988524389121  -0.011686725201004
1.160000000000000  0.967574546083253  0.998622614544877  0.001071856222606  0.762052269753513  0.759218602311866
1.160000000000000  0.448569814138476  0.253219415577950  -0.075141736523186  0.023761394195288  -0.011582991006081
1.170000000000000  0.967951489591048  0.998647795747528  0.001046009173681  0.762059570908649  0.759298525022473
1.170000000000000  0.447251874298073  0.252320145970201  -0.074667694124260  0.023537101639331  -0.011480318640129
1.180000000000000  0.968322940940574  0.998672373178932  0.001020891534296  0.762066654134081  0.759376470828959
1.180000000000000  0.445942489693196  0.251427506293593  -0.074198135867157  0.023315616647994  -0.011378705381762
1.190000000000000  0.968688982426244  0.998696362483034  0.000996451533315  0.762073528337697  0.759452486569306
1.190000000000000  0.444641559288659  0.250541394286868  -0.073733009137246  0.023096951136387  -0.011278165063877
1.200000000000000  0.969049717060133  0.998719780501034  0.000972709191012  0.762080197309393  0.759526640399826
1.200000000000000  0.443348969026765  0.249661785135633  -0.073272254837083  0.022880992905049  -0.011178706528148
1.210000000000000  0.969405240555184  0.998742643682045  0.000949602439812  0.762086670521152  0.759598959814158
1.210000000000000  0.442064632562946  0.248788565708226  -0.072815824724634  0.022667714128296  -0.011080312112979
1.220000000000000  0.969755649938454  0.998764967103326  0.000927152365662  0.762092957749626  0.759669528620597
1.220000000000000  0.440788420970162  0.247921664185993  -0.072363653125041  0.022457107080847  -0.010983003178428
1.230000000000000  0.970101030536325  0.998786765535734  0.000905292840340  0.762099049778354  0.759738371793780
1.230000000000000  0.439520248090379  0.247061051781080  -0.071915698606100  0.022249065501362  -0.010886646678594
1.240000000000000  0.970441480904601  0.998808053611542  0.000884043932052  0.762104972222330  0.759805569281229
1.240000000000000  0.438260014396272  0.246206601532304  -0.071471900337348  0.022043648900794  -0.010791339723154
1.250000000000000  0.970777064707919  0.998828845276008  0.000863363670713  0.762110709128150  0.759871133061641
1.250000000000000  0.437007632675080  0.245358286689148  -0.071032207367959  0.021840700247302  -0.010697059429012
1.260000000000000  0.971107898428204  0.998849153682431  0.000843251724026  0.762116293475884  0.759935138796414
1.260000000000000  0.435762990191868  0.244516006342317  -0.070596570786215  0.021640270226982  -0.010603776126189
1.270000000000000  0.971434044143893  0.998868992667932  0.000823668078612  0.762121714575711  0.759997602687816
1.270000000000000  0.434526035883059  0.243679732030544  -0.070164943528320  0.021442266072680  -0.010511512856677
1.280000000000000  0.971755588876972  0.998888374304427  0.000804618384689  0.762126976483935  0.760058588489957
1.280000000000000  0.433296652555077  0.242849363783342  -0.069737273594965  0.021246687269008  -0.010420172917049
1.290000000000000  0.972072612045830  0.998907310635988  0.000786071096470  0.762132075810573  0.760118130870366
1.290000000000000  0.432074748456150  0.242024865405053  -0.069313507799552  0.021053473348023  -0.010329825752031
1.300000000000000  0.972385192857207  0.998925814097143  0.000768020353402  0.762137037806612  0.760176262508131
1.300000000000000  0.430860235057244  0.241206129505310  -0.068893599127883  0.020862606975932  -0.010240476297518
1.310000000000000  0.972693409038598  0.998943896673408  0.000750440267980  0.762141859347939  0.760233036471037
1.310000000000000  0.429653058294991  0.240393159015235  -0.068477509691003  0.020674074193895  -0.010152055919233
1.320000000000000  0.972997328135798  0.998961567804826  0.000733319969017  0.762146540959664  0.760288462414234
1.320000000000000  0.428453091836371  0.239585839464132  -0.068065186137183  0.020487751066053  -0.010064541996407
1.330000000000000  0.973297033814751  0.998978840310155  0.000716660877192  0.762151090168396  0.760342613397118
1.330000000000000  0.427260296789803  0.238784133937299  -0.067656583101075  0.020303692452203  -0.009978030509613
1.340000000000000  0.973592592346031  0.998995723959460  0.000700436979229  0.762155527380223  0.760395499236189
1.340000000000000  0.426074585002953  0.237987988027056  -0.067251656518372  0.020121810274219  -0.009892366363361
1.350000000000000  0.973884068427128  0.999012228492392  0.000684638643765  0.762159829631792  0.760447165111266
1.350000000000000  0.424895844091697  0.237197316323842  -0.066850363974237  0.019942124035537  -0.009807645019918
1.360000000000000  0.974171539335100  0.999028363961336  0.000669249457226  0.762164014474336  0.760497631871617
1.360000000000000  0.423724053410413  0.236412073413328  -0.066452659523430  0.019764586487215  -0.009723854855666
1.370000000000000  0.974455059375148  0.999044140246569  0.000654263720754  0.762168076686405  0.760546958892202
1.370000000000000  0.422559092805056  0.235632195110096  -0.066058502037394  0.019589110701987  -0.009640853964694
1.380000000000000  0.974734713737284  0.999059566758028  0.000639660147202  0.762172034074361  0.760595134825725
1.380000000000000  0.421400914701713  0.234857653388506  -0.065667843602897  0.019415746953538  -0.009558893547138
1.390000000000000  0.975010556598058  0.999074652038540  0.000625437918353  0.762175861908782  0.760642231814462
1.390000000000000  0.420249429975483  0.234088359781881  -0.065280651697661  0.019244398157227  -0.009477714266192
1.400000000000000  0.975282641866836  0.999089405944198  0.000611573762986  0.762179608858229  0.760688239471398
1.400000000000000  0.419104572581889  0.233324281872948  -0.064896880302746  0.019075077191377  -0.009397359250204
1.410000000000000  0.975551049738208  0.999103835271280  0.000598069938415  0.762183228231495  0.760733231577409
1.410000000000000  0.417966280396492  0.232565347124445  -0.064516485435958  0.018907724706918  -0.009317925596749
1.420000000000000  0.975815825083058  0.999117949492060  0.000584898777358  0.762186773687581  0.760777185224422
1.420000000000000  0.416834495931764  0.231811513398632  -0.064139434713667  0.018742319293686  -0.009239264495453
1.430000000000000  0.976077042584279  0.999131756861567  0.000572068608485  0.762190195805885  0.760820167666155
1.430000000000000  0.415709090102510  0.231062740248152  -0.063765684911232  0.018578848781825  -0.009161487297655
1.440000000000000  0.976334742949464  0.999145263745287  0.000559547249932  0.762193547752017  0.760862190786628
1.440000000000000  0.414590094481033  0.230318949797043  -0.063395195854155  0.018417261207135  -0.009084527340141
1.450000000000000  0.976588995247253  0.999158479141667  0.000547359586595  0.762196787035861  0.760903271757547
1.450000000000000  0.413477376129096  0.229580100341942  -0.063027938308366  0.018257559427503  -0.009008384180227
1.460000000000000  0.976839850430821  0.999171410121308  0.000535465390888  0.762199957906361  0.760943433207147
1.460000000000000  0.412370875090471  0.228846151518571  -0.062663863271468  0.018099692927390  -0.008933039033322
1.470000000000000  0.977087367356095  0.999184062404593  0.000523881874043  0.762203026509435  0.760982700991086
1.470000000000000  0.411270580075928  0.228117043160223  -0.062302938657534  0.017943665298423  -0.008858496289971
1.480000000000000  0.977331595451627  0.999196444596378  0.000512582044977  0.762206026841370  0.761021118718447
1.480000000000000  0.410176384627364  0.227392712796188  -0.061945130049092  0.017789406970243  -0.008784757026712
1.490000000000000  0.977572589663542  0.999208562455122  0.000501563650149  0.762208939847511  0.761058681432308
1.490000000000000  0.409088216938376  0.226673148340743  -0.061590397514991  0.017636924958026  -0.008711732480160
1.500000000000000  0.977810408573507  0.999220423230607  0.000490820126716  0.762211771550108  0.761095432580805
1.500000000000000  0.408006051112463  0.225958271266415  -0.061238712407601  0.017486153378574  -0.008639506564256
1.510000000000000  0.978045089182477  0.999232032835005  0.000480345244283  0.762214529536222  0.761131378760339
1.510000000000000  0.406929808900803  0.225248059241493  -0.060890026688533  0.017337137274268  -0.008568017148642
1.520000000000000  0.978276682671322  0.999243397033129  0.000470121298447  0.762217228750771  0.761166543114527
1.520000000000000  0.405859442079307  0.224542448197468  -0.060544321913555  0.017189772925114  -0.008497344729238
1.530000000000000  0.978505253606434  0.999254522891328  0.000460151372226  0.762219836033248  0.761200943224665
1.530000000000000  0.404794907741157  0.223841382223057  -0.060201558823541  0.017044090077526  -0.008427382707122
1.540000000000000  0.978730830427036  0.999265415078245  0.000450420837861  0.762222374434521  0.761234608985294
1.540000000000000  0.403736118769039  0.223144842477043  -0.059861697714473  0.016900047974311  -0.008358144033381
1.550000000000000  0.978953471091791  0.999276080403969  0.000440931808731  0.762224853559673  0.761267540660766
1.550000000000000  0.402683042217167  0.222452792194507  -0.059524712420494  0.016757628989186  -0.008289612573876
1.560000000000000  0.979173218473032  0.999286523287224  0.000431662369379  0.762227266837254  0.761299781140159
1.560000000000000  0.401635619665550  0.221765132700324  -0.059190566062409  0.016616802423558  -0.008221826839851
1.570000000000000  0.979390122647056  0.999296749628580  0.000422613574408  0.762229618395493  0.761331306335474
1.570000000000000  0.400593806722729  0.221081864282017  -0.058859230085117  0.016477546372201  -0.008154744301150
1.580000000000000  0.979604221858022  0.999306764143367  0.000413797270186  0.762231897319489  0.761362192454443
1.580000000000000  0.399557534842248  0.220402933814433  -0.058530671599789  0.016339869644495  -0.008088366695611
1.590000000000000  0.979815561052590  0.999316573228153  0.000405186858595  0.762234149376010  0.761392397861918
1.590000000000000  0.398526771259017  0.219728320794155  -0.058204861470105  0.016203676132730  -0.008022671311828
1.600000000000000  0.980024179494944  0.999326179880871  0.000396789699036  0.762236309190682  0.761421987672900
1.600000000000000  0.397501451255073  0.219057939572991  -0.057881767777550  0.016069035091224  -0.007957598466524
1.610000000000000  0.980230129114892  0.999335590709911  0.000388587754982  0.762238443164822  0.761450930963621
1.610000000000000  0.396481516412770  0.218391783873113  -0.057561358970993  0.015935857941102  -0.007893274909849
1.620000000000000  0.980433442807398  0.999344809294609  0.000380584602343  0.762240477141997  0.761479288446667
1.620000000000000  0.395466949856281  0.217729804088192  -0.057243604702031  0.015804151754741  -0.007829596220732
1.630000000000000  0.980634162549213  0.999353840345568  0.000372769442303  0.762242514835679  0.761507034821462
1.630000000000000  0.394457659546399  0.217071955413761  -0.056928479161534  0.015673905441907  -0.007766550124509
1.640000000000000  0.980832328341833  0.999362688361831  0.000365141439556  0.762244436711940  0.761534219173185
1.640000000000000  0.393453635978773  0.216418203476398  -0.056615951745473  0.015545087236216  -0.007704185787957
1.650000000000000  0.981027977737395  0.999371357601999  0.000357688749901  0.762246367438795  0.761560820919438
1.650000000000000  0.392454840688309  0.215768488970291  -0.056305989991500  0.015417671748329  -0.007642483471236
1.660000000000000  0.981221155989232  0.999379852211803  0.000350413839429  0.762248203376733  0.761586889185465
1.660000000000000  0.391461188206613  0.215122812345654  -0.055998573516900  0.015291623755563  -0.007581357010254
1.670000000000000  0.981411896687212  0.999388176505186  0.000343306360055  0.762250031164765  0.761612408473477
1.670000000000000  0.390472649096844  0.214481099655167  -0.055693670706753  0.015166955442441  -0.007520881681244
1.680000000000000  0.981600227277087  0.999396334148144  0.000336362630708  0.762251783678402  0.761637398749013
1.680000000000000  0.389489177992623  0.213843334334525  -0.055391249490360  0.015043677936027  -0.007461109806568
1.690000000000000  0.981786200098134  0.999404329037207  0.000329574239117  0.762253522464953  0.761661893637845
1.690000000000000  0.388510741825559  0.213209489589472  -0.055091290694592  0.014921690008009  -0.007401859300196
1.700000000000000  0.981969835730302  0.999412164966310  0.000322949228796  0.762255180602157  0.761685872393214
1.700000000000000  0.387537285240827  0.212579492732788  -0.054793765215075  0.014801068427588  -0.007343245018110
1.710000000000000  0.982151174475388  0.999419845425918  0.000316475650116  0.762256811782391  0.761709364137305
1.710000000000000  0.386568787043131  0.211953332731989  -0.054498644100900  0.014681669101547  -0.007285178622553
1.720000000000000  0.982330257743962  0.999427374577316  0.000310153698331  0.762258409758975  0.761732363495426
1.720000000000000  0.385605170562082  0.211330963970022  -0.054205898899880  0.014563588073650  -0.007227779710360
1.730000000000000  0.982507110511906  0.999434755564594  0.000303983749011  0.762259956989375  0.761754925906705
1.730000000000000  0.384646431846790  0.210712367547125  -0.053915512853265  0.014446775025375  -0.007170872752999
1.740000000000000  0.982681768781596  0.999441991193806  0.000297943951362  0.762261485983923  0.761777008965032
1.740000000000000  0.383692488841021  0.210097499807103  -0.053627455473012  0.014331213307681  -0.007114614196208
1.750000000000000  0.982854266631946  0.999449085230016  0.000292058551295  0.762262956382627  0.761798669976661
1.750000000000000  0.382743339784335  0.209486305536383  -0.053341703459218  0.014216874838056  -0.007058923986242
1.760000000000000  0.983024638338855  0.999456041010778  0.000286293023720  0.762264402180373  0.761819879011356
1.760000000000000  0.381798920694352  0.208878779409818  -0.053058228064985  0.014103746069819  -0.007003796940015
1.770000000000000  0.983192907643458  0.999462861280461  0.000280667975980  0.762265812594132  0.761840678396109
1.770000000000000  0.380859198493277  0.208274874914490  -0.052777011625153  0.013991794272992  -0.006949250566057
1.780000000000000  0.983359108896166  0.999469549497444  0.000275165818786  0.762267169070116  0.761861051551961
1.780000000000000  0.379924139404235  0.207674559608825  -0.052498024179795  0.013881069456887  -0.006895207679496
1.790000000000000  0.983523271283313  0.999476108322106  0.000269780463182  0.762268509894545  0.761881025443733
1.790000000000000  0.378993699638192  0.207077811789370  -0.052221244311631  0.013771485028004  -0.006841699367802
1.800000000000000  0.983685425904867  0.999482541105859  0.000264520667160  0.762269812838420  0.761900598831671
1.800000000000000  0.378067837354278  0.206484593025807  -0.051946653500278  0.013663047084693  -0.006788744587845
1.810000000000000  0.983845607218115  0.999488849837378  0.000259380182443  0.762271071418343  0.761919799699435
1.810000000000000  0.377146539876745  0.205894849177242  -0.051674221952512  0.013555753439132  -0.006736331551765
1.820000000000000  0.984003836177325  0.999495037783838  0.000254345171344  0.762272324992788  0.761938603446579
1.820000000000000  0.376229729207072  0.205308574423216  -0.051403930945698  0.013449587606048  -0.006684449517202
1.830000000000000  0.984160143482710  0.999501107658635  0.000249432586587  0.762273524359683  0.761957051065546
1.830000000000000  0.375317397553180  0.204725751336957  -0.051135752109113  0.013344510891933  -0.006633059578731
1.840000000000000  0.984314556644622  0.999507061859577  0.000244628833484  0.762274734677715  0.761975132631410
1.840000000000000  0.374409512703084  0.204146312546335  -0.050869669246132  0.013240551779854  -0.006582204348840
1.850000000000000  0.984467109087821  0.999512903164863  0.000239932015101  0.762275869380125  0.761992865259992
1.850000000000000  0.373506016917038  0.203570249792389  -0.050605663004354  0.013137636202947  -0.006531855093064
1.860000000000000  0.984617819756301  0.999518633454763  0.000235332807930  0.762277019139250  0.762010245324891
1.860000000000000  0.372606904895169  0.202997523027203  -0.050343705279518  0.013035803103940  -0.006481976299752
1.870000000000000  0.984766711372765  0.999524255768293  0.000230847219738  0.762278083375401  0.762027301199846
1.870000000000000  0.371712103007105  0.202428110237484  -0.050083779897050  0.012935012698219  -0.006432609178291
1.880000000000000  0.984913821949868  0.999529772743334  0.000226451448555  0.762279196020961  0.762044019845186
1.880000000000000  0.370821628083977  0.201861981703533  -0.049825861073798  0.012835267033290  -0.006383743870214
1.890000000000000  0.985059171174570  0.999535185913064  0.000222156483190  0.762280198249847  0.762060416960539
1.890000000000000  0.369935392837663  0.201299103931628  -0.049569933835000  0.012736536737973  -0.006335375290853
1.900000000000000  0.985202781811612  0.999540497894549  0.000217950005207  0.762281260053105  0.762076501960356
1.900000000000000  0.369053407390999  0.200739448440380  -0.049315970775422  0.012638802678330  -0.006287460533114
1.910000000000000  0.985344681931732  0.999545710828631  0.000213836410736  0.762282223111850  0.762092274840168
1.910000000000000  0.368175617966589  0.200183003684576  -0.049063957982178  0.012542098315080  -0.006240026614530
1.920000000000000  0.985484896805767  0.999550826243316  0.000209812985471  0.762283216106759  0.762107755785458
1.920000000000000  0.367301978608949  0.199629699841557  -0.048813870710646  0.012446373848730  -0.006193019276728
1.930000000000000  0.985623448666430  0.999555847222018  0.000205868921349  0.762284155957324  0.762122920274326
1.930000000000000  0.366432497887582  0.199079560294504  -0.048565692733947  0.012351601072967  -0.006146516652361
1.940000000000000  0.985760357161748  0.999560775548738  0.000202009337177  0.762285105727920  0.762137833058885
1.940000000000000  0.365567111802147  0.198532525549376  -0.048319403704862  0.012257794425248  -0.006100450892745
1.950000000000000  0.985895652383385  0.999565612867085  0.000198240886476  0.762285989863831  0.762152429241173
1.950000000000000  0.364705804042802  0.197988578126849  -0.048074985340244  0.012164953509706  -0.006054816653910
1.960000000000000  0.986029348292839  0.999570361164906  0.000194549055888  0.762286873670248  0.762166769366893
1.960000000000000  0.363848521263631  0.197447695253773  -0.047832420455630  0.012073033513631  -0.006009665045740
1.970000000000000  0.986161477839573  0.999575022467555  0.000190932185613  0.762287741037657  0.762180812755524
1.970000000000000  0.362995264900356  0.196909828453132  -0.047591682188400  0.011982034063525  -0.005964961946931
1.980000000000000  0.986292054642996  0.999579598789864  0.000187409804586  0.762288582410329  0.762194627343760
1.980000000000000  0.362145981346687  0.196375001250196  -0.047352761440002  0.011891957199311  -0.005920673974471
1.990000000000000  0.986421103067972  0.999584091341645  0.000183941030863  0.762289416088634  0.762208153593703
1.990000000000000  0.361300672472620  0.195843133280992  -0.047115635708723  0.011802774589942  -0.005876834196401
2.000000000000000  0.986548646199634  0.999588502416690  0.000180569012505  0.762290216915731  0.762221456955408
2.000000000000000  0.360459273955205  0.195314232631509  -0.046880288048798  0.011714470346580  -0.005833405584078
