1.010000000000000009e+00  3.069169308525049900e+01  3.920810466794722782e+00  -7.350586764013514740e-01  1.585861667838770250e+00  2.894974344463240090e+00
1.010000000000000009e+00  -6.463972254098017123e-01  -6.640329155107245473e-02  9.655480418513126550e-02  -7.654925311213256478e-03  2.868919076512066457e-02
1.020000000000000018e+00  2.464791924773800602e+01  3.428961727196893072e+00  -4.145272980895936543e-01  1.567845546062051509e+00  2.563393431988081339e+00
1.020000000000000018e+00  -6.471601575435015352e-01  -6.710432579449046586e-02  9.704959020967370009e-02  -7.883304378514699451e-03  2.879556792920956454e-02
1.030000000000000027e+00  2.067759500896212899e+01  3.157026537124364207e+00  -2.623066622414843563e-01  1.553993247698680857e+00  2.379994473228422169e+00
1.030000000000000027e+00  -6.480564301901455826e-01  -6.781800133882227855e-02  9.754832447842523568e-02  -8.120020495340662947e-03  2.889962264262824210e-02
1.040000000000000036e+00  1.829618303844991800e+01  2.999952290334320537e+00  -1.899123765617917459e-01  1.542712298689231654e+00  2.265320576547664277e+00
1.040000000000000036e+00  -6.489860225757846379e-01  -6.854515108456299410e-02  9.804913727976576066e-02  -8.363350556926496537e-03  2.900083076715587183e-02
1.050000000000000044e+00  1.658277590175451977e+01  2.892759000139344838e+00  -1.503757655599468335e-01  1.532948215977884665e+00  2.181827238218915443e+00
1.050000000000000044e+00  -6.499084125056888706e-01  -6.928218347840565949e-02  9.854678643024039619e-02  -8.613598148096368590e-03  2.909995969222378687e-02
1.060000000000000053e+00  1.511109058608273870e+01  2.807305483596520546e+00  -1.240412111686394342e-01  1.524232788564998442e+00  2.113882375137775771e+00
1.060000000000000053e+00  -6.507526792616930011e-01  -7.002578701285835927e-02  9.903812424585961560e-02  -8.868736744598093580e-03  2.919628839811050369e-02
1.070000000000000062e+00  1.380899269869432544e+01  2.735124443063884137e+00  -1.045387615014243127e-01  1.516358253918007826e+00  2.056319535217662864e+00
1.070000000000000062e+00  -6.515201580348437549e-01  -7.077193320424969569e-02  9.952378060838919238e-02  -9.128189960548205306e-03  2.929034434981225843e-02
1.080000000000000071e+00  1.267332158153305244e+01  2.672787147232321470e+00  -8.945707313798226257e-02  1.509168676117090158e+00  2.006724314442451362e+00
1.080000000000000071e+00  -6.522150774943766827e-01  -7.151935483067119181e-02  1.000009832849152874e-01  -9.389729952071879104e-03  2.938172474239331144e-02
1.090000000000000080e+00  1.168922335808441026e+01  2.618104454000360182e+00  -7.739043025428017641e-02  1.502559847890641009e+00  1.963431342173485694e+00
1.090000000000000080e+00  -6.528454819528080044e-01  -7.227038575954851385e-02  1.004739488607448994e-01  -9.655261392099490081e-03  2.947089216477649654e-02
1.100000000000000089e+00  1.083693652612027236e+01  2.569536617477091500e+00  -6.747937079560470397e-02  1.496449424758349744e+00  1.925206929418126434e+00
1.100000000000000089e+00  -6.534171389408277575e-01  -7.302519105632897245e-02  1.009376682582534546e-01  -9.921170410341129120e-03  2.955757283417803638e-02
1.110000000000000098e+00  1.009752489483337712e+01  2.525956991859493073e+00  -5.917487814859028611e-02  1.490773701244020089e+00  1.891169158365209713e+00
1.110000000000000098e+00  -6.539308175583578020e-01  -7.377912132359484843e-02  1.013962388973604217e-01  -1.018830464092146393e-02  2.964214108096052680e-02
1.120000000000000107e+00  9.453207953387712692e+00  2.486519124506604950e+00  -5.210105389787975799e-02  1.485479377989286975e+00  1.860626293122730646e+00
1.120000000000000107e+00  -6.544011347778049270e-01  -7.453484318942188436e-02  1.018480751171257082e-01  -1.045789854665435392e-02  2.972439747533939247e-02
1.129999999999999893e+00  8.888944325814629011e+00  2.450564481018804308e+00  -4.600192227549555063e-02  1.480522350405413912e+00  1.833050061849832879e+00
1.129999999999999893e+00  -6.548237286897561349e-01  -7.529273638977158900e-02  1.022940914931178419e-01  -1.072743746713511470e-02  2.980460421102493207e-02
1.140000000000000124e+00  8.392155964361144527e+00  2.417579452473292534e+00  -4.069152265447376071e-02  1.475869721043531868e+00  1.807984138133733154e+00
1.140000000000000124e+00  -6.552063012137148146e-01  -7.604746934972010652e-02  1.027338757906510885e-01  -1.099552867959840974e-02  2.988205410673983042e-02
1.149999999999999911e+00  7.952310318888014429e+00  2.387154782695037003e+00  -3.602596618865927525e-02  1.471493083281610659e+00  1.785116429611081745e+00
1.149999999999999911e+00  -6.555500772363439532e-01  -7.680384544048504680e-02  1.031677187041570715e-01  -1.126745223032388221e-02  2.995804538754154311e-02
1.159999999999999920e+00  7.560724533683957027e+00  2.358953035112813179e+00  -3.190241938102147262e-02  1.467363067744225535e+00  1.764129442905755463e+00
1.159999999999999920e+00  -6.558570359418434137e-01  -7.755786251906357509e-02  1.035954126768784261e-01  -1.153669546251992820e-02  3.003134157715192654e-02
1.169999999999999929e+00  7.210236576636299688e+00  2.332695786867901244e+00  -2.823810022696179520e-02  1.463459362791696305e+00  1.744792833510781849e+00
1.169999999999999929e+00  -6.561281749896263893e-01  -7.831242559582976548e-02  1.040170585389851299e-01  -1.180689646992417671e-02  3.010282049093093715e-02
1.179999999999999938e+00  6.895003367331851152e+00  2.308159033160696705e+00  -2.496642015548844115e-02  1.459762910511290590e+00  1.726926170496347446e+00
1.179999999999999938e+00  -6.563673803810130547e-01  -7.906584815687377199e-02  1.044332314672299644e-01  -1.207667270026519316e-02  3.017222995014567921e-02
1.189999999999999947e+00  6.610125512667488046e+00  2.285150219700016194e+00  -2.203436947354178027e-02  1.456256094614469365e+00  1.710351975942987712e+00
1.189999999999999947e+00  -6.565760243657782214e-01  -7.981848082255246779e-02  1.048436370067913070e-01  -1.234486638337218938e-02  3.023965219837321250e-02
1.199999999999999956e+00  6.351534540389810246e+00  2.263510366731116275e+00  -1.939756472380539318e-02  1.452926032283012869e+00  1.694934957475762394e+00
1.199999999999999956e+00  -6.567566065254240026e-01  -8.056958249949483508e-02  1.052486149188196912e-01  -1.261290003080356784e-02  3.030496217447142815e-02
1.209999999999999964e+00  6.115767022018077981e+00  2.243094115235685582e+00  -1.702161738005678396e-02  1.449757256237540037e+00  1.680550331889240967e+00
1.209999999999999964e+00  -6.569072322271332087e-01  -8.132037530341888754e-02  1.056483280249311124e-01  -1.288128496300498631e-02  3.036824079626199158e-02
1.219999999999999973e+00  5.900100857618015837e+00  2.223789075673639815e+00  -1.487418521203539429e-02  1.446738989481566096e+00  1.667100817651328004e+00
1.219999999999999973e+00  -6.570293304950569624e-01  -8.206921543325375323e-02  1.060423780051701209e-01  -1.314701761220269001e-02  3.042954119748875197e-02
1.229999999999999982e+00  5.702031176969192927e+00  2.205489376639201193e+00  -1.293145175115973343e-02  1.443861620833763570e+00  1.654478076813332699e+00
1.229999999999999982e+00  -6.571298481406507852e-01  -8.281793022096120560e-02  1.064308304015435108e-01  -1.341413223416828941e-02  3.048912248449064943e-02
1.239999999999999991e+00  5.519585982744542818e+00  2.188105522695583005e+00  -1.116948173179781525e-02  1.441114783361103102e+00  1.642631143409856831e+00
1.239999999999999991e+00  -6.572054736171158984e-01  -8.356392558135627979e-02  1.068139460577580274e-01  -1.367911443273421568e-02  3.054688124653048842e-02
1.250000000000000000e+00  5.350959847771807887e+00  2.171558858907908007e+00  -9.573060333342039291e-03  1.438490600151223875e+00  1.631476993562554378e+00
1.250000000000000000e+00  -6.572574977200881241e-01  -8.430858801524268586e-02  1.071925855193262000e-01  -1.394354444674491059e-02  3.060269055116972975e-02
1.260000000000000009e+00  5.194654698995419650e+00  2.155780634594472556e+00  -8.122785340049934813e-03  1.435978713135288132e+00  1.620964833865128574e+00
1.260000000000000009e+00  -6.572855576285295820e-01  -8.505254316441904217e-02  1.075654198758676933e-01  -1.420636501593278492e-02  3.065638461319011160e-02
1.270000000000000018e+00  5.049383057434173594e+00  2.140707627248878531e+00  -6.802987138768486208e-03  1.433576551939161892e+00  1.611032066681823860e+00
1.270000000000000018e+00  -6.572915409600718073e-01  -8.579400817032606374e-02  1.079332475697755839e-01  -1.446913043636121471e-02  3.070876307732181565e-02
1.280000000000000027e+00  4.913915774371250933e+00  2.126288872748077985e+00  -5.605453926726668319e-03  1.431273709690230378e+00  1.601638259639898587e+00
1.280000000000000027e+00  -6.572792106991736105e-01  -8.653326023870638872e-02  1.082958855033642476e-01  -1.473030114629017909e-02  3.075955487092820601e-02
1.290000000000000036e+00  4.787461004738163162e+00  2.112474237230935969e+00  -4.515631984623668174e-03  1.429066010609099990e+00  1.592741315807701286e+00
1.290000000000000036e+00  -6.572461070811133066e-01  -8.727047002253200680e-02  1.086533278353290222e-01  -1.499005976110389868e-02  3.080792279292088320e-02
1.300000000000000044e+00  4.669069003371358662e+00  2.099219747982832729e+00  -3.524522259261143355e-03  1.426946835391132318e+00  1.584297179978336301e+00
1.300000000000000044e+00  -6.571951761351442212e-01  -8.800797588847440733e-02  1.090060761163361563e-01  -1.524908062343735202e-02  3.085480302132857788e-02
1.310000000000000053e+00  4.558027486414489182e+00  2.086487681241894876e+00  -2.622733175052910457e-03  1.424912981445829230e+00  1.576271165271169616e+00
1.310000000000000053e+00  -6.571258141227286353e-01  -8.874181314019323474e-02  1.093532089475706542e-01  -1.550709483922740016e-02  3.090049239765402245e-02
1.320000000000000062e+00  4.453636632334740497e+00  2.074240559606185030e+00  -1.804706394461107546e-03  1.422957574076866516e+00  1.568636603728375212e+00
1.320000000000000062e+00  -6.570389785488699452e-01  -8.947393268456392545e-02  1.096960997860718379e-01  -1.576396636836652210e-02  3.094426640976705167e-02
1.330000000000000071e+00  4.355301000761036434e+00  2.062447515918537366e+00  -1.061907483660789759e-03  1.421078080943110944e+00  1.561370408525412090e+00
1.330000000000000071e+00  -6.569354246575705991e-01  -9.020384642622138183e-02  1.100337414134242853e-01  -1.601894306605478047e-02  3.098629163508115347e-02
1.340000000000000080e+00  4.262521007056600197e+00  2.051079802823339460e+00  -3.882406768798783020e-04  1.419270352338351859e+00  1.554442838689540363e+00
1.340000000000000080e+00  -6.568172120934971936e-01  -9.093216242453434905e-02  1.103668444875230137e-01  -1.627350304401975478e-02  3.102701977081967488e-02
1.350000000000000089e+00  4.174885300791580711e+00  2.040112122427123698e+00  2.208568539577709933e-04  1.417530353799621334e+00  1.547833880319256394e+00
1.350000000000000089e+00  -6.566831172518962090e-01  -9.165798899449834058e-02  1.106951660440286950e-01  -1.652636973255428021e-02  3.106590456159374902e-02
1.359999999999999876e+00  4.091898950998304585e+00  2.029518621960218816e+00  7.731708339521583054e-04  1.415853678027854112e+00  1.541518716262003652e+00
1.359999999999999876e+00  -6.565351599554224427e-01  -9.238157348492380405e-02  1.110187817611610894e-01  -1.677861943200431583e-02  3.110340934992339434e-02
1.370000000000000107e+00  4.013254294853533466e+00  2.019276380539054117e+00  1.270372123940647323e-03  1.414239490406536515e+00  1.535478553568227378e+00
1.370000000000000107e+00  -6.563730274609055337e-01  -9.310312710753444743e-02  1.113377306516491333e-01  -1.702878379150096766e-02  3.113958618637080455e-02
1.379999999999999893e+00  3.938564221722775649e+00  2.009369386332215068e+00  1.718843141887874560e-03  1.412682469193878854e+00  1.529703034804309469e+00
1.379999999999999893e+00  -6.561983602563683515e-01  -9.382237098343779169e-02  1.116522137537192261e-01  -1.727720525517306704e-02  3.117432970931344194e-02
1.390000000000000124e+00  3.867604176013633932e+00  1.999773913221476018e+00  2.120838850346775956e-03  1.411180197039689777e+00  1.524174288195542459e+00
1.390000000000000124e+00  -6.560108123721183349e-01  -9.453903299693931783e-02  1.119616428252068197e-01  -1.752563607851498340e-02  3.120747764194320428e-02
1.399999999999999911e+00  3.800074925131089021e+00  1.990477052727121832e+00  2.482470328979323026e-03  1.409731152975305157e+00  1.518875338946170439e+00
1.399999999999999911e+00  -6.558124958938000848e-01  -9.525379112191734166e-02  1.122669129149878042e-01  -1.777081133077318409e-02  3.123927761286116045e-02
1.410000000000000142e+00  3.735696455508120462e+00  1.981460672990739580e+00  2.803452790930137037e-03  1.408332303524604479e+00  1.513786515062896854e+00
1.410000000000000142e+00  -6.556019051070609560e-01  -9.596515912561455475e-02  1.125677112754248643e-01  -1.801616047717391478e-02  3.126959598482192959e-02
1.419999999999999929e+00  3.674270478362235970e+00  1.972711537759003653e+00  3.088915540705386951e-03  1.406980692630170893e+00  1.508907499475221625e+00
1.419999999999999929e+00  -6.553816730346422315e-01  -9.667481005706106412e-02  1.128643942649551202e-01  -1.825928567373813483e-02  3.129847016479825328e-02
1.429999999999999938e+00  3.615588195681808781e+00  1.964216118007811707e+00  3.341524069547819990e-03  1.405676704237184493e+00  1.504219550388862681e+00
1.429999999999999938e+00  -6.551506976502536883e-01  -9.738282303178652510e-02  1.131566679633897732e-01  -1.850165958305138858e-02  3.132653643746641237e-02
1.439999999999999947e+00  3.559490850803520345e+00  1.955959225424369619e+00  3.562259731204196495e-03  1.404414017322529018e+00  1.499711033134794258e+00
1.439999999999999947e+00  -6.549097703581042706e-01  -9.808762830387349196e-02  1.134445568094540890e-01  -1.874280806196115812e-02  3.135292720185955950e-02
1.449999999999999956e+00  3.505791265633984466e+00  1.947933204160767540e+00  3.757650393427139357e-03  1.403194988651628394e+00  1.495374446983287031e+00
1.449999999999999956e+00  -6.546600187275054550e-01  -9.879014718010850626e-02  1.137283873706652210e-01  -1.898229961721720205e-02  3.137827981687324463e-02
1.459999999999999964e+00  3.454344508895197841e+00  1.940124191942028231e+00  3.922939551799797114e-03  1.402014910772678702e+00  1.491205552221882558e+00
1.459999999999999964e+00  -6.544022336393739980e-01  -9.949009743644156301e-02  1.140079048316223753e-01  -1.921985414925486690e-02  3.140222898982403255e-02
1.469999999999999973e+00  3.404983063756463757e+00  1.932522882115899510e+00  4.067270207596188937e-03  1.400873338338705532e+00  1.487187514678947498e+00
1.469999999999999973e+00  -6.541363096840572267e-01  -1.001879824432409527e-01  1.142831416940863348e-01  -1.945513549942035070e-02  3.142502088306742269e-02
1.479999999999999982e+00  3.357625575343688773e+00  1.925122939403654199e+00  4.186487768807997320e-03  1.399767617627701410e+00  1.483319908347366711e+00
1.479999999999999982e+00  -6.538631511862916801e-01  -1.008823208023535561e-01  1.145545212323674372e-01  -1.969032338276732741e-02  3.144678937080946923e-02
1.489999999999999991e+00  3.312102528178193062e+00  1.917910867890920024e+00  4.287466329506065855e-03  1.398699265701111694e+00  1.479587750688394765e+00
1.489999999999999991e+00  -6.535828816305164768e-01  -1.015751237602005863e-01  1.148217954035263416e-01  -1.992329092367051135e-02  3.146728257700925901e-02
1.500000000000000000e+00  3.268330423342300950e+00  1.910881569408181324e+00  4.367174380474066024e-03  1.397661592582602141e+00  1.475988642139563600e+00
1.500000000000000000e+00  -6.532953572583024560e-01  -1.022646239459924916e-01  1.150850421560480202e-01  -2.015510813289012049e-02  3.148704877306707228e-02
1.510000000000000009e+00  3.226225549921978963e+00  1.904024706621447960e+00  4.428471389658510116e-03  1.396657622173073543e+00  1.472518016800522744e+00
1.510000000000000009e+00  -6.530004297001393843e-01  -1.029518793204761279e-01  1.153444352328608646e-01  -2.038539924307958273e-02  3.150497259068485434e-02
1.520000000000000018e+00  3.185673618216931402e+00  1.897334726218800949e+00  4.475355476439839275e-03  1.395684097929535294e+00  1.469169941732541007e+00
1.520000000000000018e+00  -6.527012098865563328e-01  -1.036362760809380751e-01  1.155999990182458581e-01  -2.061469436611673700e-02  3.152221302566582395e-02
1.530000000000000027e+00  3.146585527141267491e+00  1.890804103994125462e+00  4.504211846491034538e-03  1.394741628852609994e+00  1.465927525556868449e+00
1.530000000000000027e+00  -6.523949119594455448e-01  -1.043163051315592060e-01  1.158518033199301411e-01  -2.084183166249309327e-02  3.153857471999577111e-02
1.540000000000000036e+00  3.108882683524716306e+00  1.884427591835586835e+00  4.521693422851085983e-03  1.393826692567236236e+00  1.462800777672499608e+00
1.540000000000000036e+00  -6.520834919641932403e-01  -1.049948654217872090e-01  1.160994073452454589e-01  -2.106722453291731689e-02  3.155347467638214276e-02
1.550000000000000044e+00  3.072558267317325509e+00  1.878199027760955930e+00  4.525265333125070601e-03  1.392940347009656854e+00  1.459778085718843599e+00
1.550000000000000044e+00  -6.517690478081208383e-01  -1.056710898564323931e-01  1.163436953479391606e-01  -2.129135925461556056e-02  3.156747083822841748e-02
1.560000000000000053e+00  3.037462453698006826e+00  1.872110787233534301e+00  4.517923471955870296e-03  1.392080294439104859e+00  1.456853201515679874e+00
1.560000000000000053e+00  -6.514487627190475028e-01  -1.063441796592874272e-01  1.165841188408917733e-01  -2.151346183270874679e-02  3.158105573440406211e-02
1.570000000000000062e+00  3.003539693854517356e+00  1.866159801451177547e+00  4.496870562693860290e-03  1.391242295339689239e+00  1.454023204972954453e+00
1.570000000000000062e+00  -6.511254580884283660e-01  -1.070153685212721778e-01  1.168209270104182962e-01  -2.173512986765735455e-02  3.159298849291547473e-02
1.580000000000000071e+00  2.970705971017358227e+00  1.860340004176972428e+00  4.468388607313304034e-03  1.390429902571873155e+00  1.451279299405176859e+00
1.580000000000000071e+00  -6.507976582733997484e-01  -1.076832224529285092e-01  1.170541122459054367e-01  -2.195460929277437412e-02  3.160415137131056262e-02
1.589999999999999858e+00  2.938987019172484505e+00  1.854647887633094516e+00  4.429316325637939339e-03  1.389643150142387817e+00  1.448629077320334524e+00
1.589999999999999858e+00  -6.504674226688302863e-01  -1.083486736446435811e-01  1.172836925179077117e-01  -2.217303846994367333e-02  3.161450569145762834e-02
1.600000000000000089e+00  2.908254221632530445e+00  1.849075428911880703e+00  4.381722697598062002e-03  1.388878305437377891e+00  1.446059183954276017e+00
1.600000000000000089e+00  -6.501331728347179428e-01  -1.090117015690179048e-01  1.175097573521778627e-01  -2.238950570523701167e-02  3.162417125737659873e-02
1.609999999999999876e+00  2.878483891686589580e+00  1.843622056027112821e+00  4.328677379659823937e-03  1.388135141399360339e+00  1.443570831444040525e+00
1.609999999999999876e+00  -6.497966530734846646e-01  -1.096714081031102683e-01  1.177325073955827611e-01  -2.260469943342691135e-02  3.163284086827278241e-02
1.620000000000000107e+00  2.849673183274899380e+00  1.838281184923019396e+00  4.265646887189607911e-03  1.387413318174307353e+00  1.441159728485960301e+00
1.620000000000000107e+00  -6.494578314335770486e-01  -1.103290287177935841e-01  1.179518078453352242e-01  -2.281810578868048722e-02  3.164033529400844813e-02
1.629999999999999893e+00  2.821728667393907486e+00  1.833050154746565852e+00  4.197552439419524432e-03  1.386710411400173815e+00  1.438814213991757907e+00
1.629999999999999893e+00  -6.491153140808749722e-01  -1.109833136075764892e-01  1.181676148550961786e-01  -2.303009739855332860e-02  3.164727634347930252e-02
1.640000000000000124e+00  2.794630561591114670e+00  1.827926307848367626e+00  4.122345588173237027e-03  1.386028229930287958e+00  1.436549869896408094e+00
1.640000000000000124e+00  -6.487714873725066722e-01  -1.116355556756179618e-01  1.183803910076521582e-01  -2.324038738510769697e-02  3.165318216636725523e-02
1.649999999999999911e+00  2.768327290921873463e+00  1.822902794143381522e+00  4.041867916656933721e-03  1.385363375361027050e+00  1.434342947104960908e+00
1.649999999999999911e+00  -6.484266292749849558e-01  -1.122841711339334081e-01  1.185894749538484449e-01  -2.344893888665533499e-02  3.165856346000672783e-02
1.660000000000000142e+00  2.742785013236230363e+00  1.817980168968757360e+00  3.956015268950769867e-03  1.384719369879914508e+00  1.432206221715284444e+00
1.660000000000000142e+00  -6.480803170445194050e-01  -1.129306102171519083e-01  1.187960971317189446e-01  -2.365709549158390157e-02  3.166317642844707070e-02
1.669999999999999929e+00  2.717966299754879689e+00  1.813152539094932347e+00  3.866295093542955127e-03  1.384091422904012880e+00  1.430128956942036345e+00
1.669999999999999929e+00  -6.477322428919264352e-01  -1.135739001090239342e-01  1.189990302551020562e-01  -2.386285518229036562e-02  3.166733952994349455e-02
1.680000000000000160e+00  2.693846017861975639e+00  1.808416427780881630e+00  3.771692374183429133e-03  1.383481810719191962e+00  1.428112199013598538e+00
1.680000000000000160e+00  -6.473821966245034698e-01  -1.142142812754965431e-01  1.191986719039862391e-01  -2.406672245428265189e-02  3.167026230400982190e-02
1.689999999999999947e+00  2.670417088430066421e+00  1.803773625920378709e+00  3.674791147612101530e-03  1.382886895592604581e+00  1.426154998086325287e+00
1.689999999999999947e+00  -6.470337226895985783e-01  -1.148519406294395140e-01  1.193953582281123971e-01  -2.426922313319579416e-02  3.167286717138018126e-02
1.700000000000000178e+00  2.647617470403249129e+00  1.799215381986701168e+00  3.573367728023182574e-03  1.382306206957835792e+00  1.424249716325162396e+00
1.700000000000000178e+00  -6.466828740039740619e-01  -1.154873037072563918e-01  1.195890795710160132e-01  -2.447082495298336102e-02  3.167463188127883633e-02
1.709999999999999964e+00  2.625439123182627732e+00  1.794742704997271510e+00  3.466037615667258431e-03  1.381744235271558541e+00  1.422400129669601609e+00
1.709999999999999964e+00  -6.463314988755419765e-01  -1.161194006619064578e-01  1.197796601061118654e-01  -2.467048751894906911e-02  3.167614191394962919e-02
1.719999999999999973e+00  2.603857232097714913e+00  1.790353545517581191e+00  3.361167305778062567e-03  1.381193848554940873e+00  1.420601760322170115e+00
1.719999999999999973e+00  -6.459809258024030720e-01  -1.167487728788027396e-01  1.199672194262734054e-01  -2.486844367242635467e-02  3.167603276637742660e-02
1.729999999999999982e+00  2.582815270448747036e+00  1.786040860421949095e+00  3.253374371515085905e-03  1.380658988566180412e+00  1.418855124644299304e+00
1.729999999999999982e+00  -6.456287765184368643e-01  -1.173750015865574620e-01  1.201517619710395501e-01  -2.506539170528354621e-02  3.167573163320414054e-02
1.739999999999999991e+00  2.562331164105378090e+00  1.781807809921636343e+00  3.142824654863447115e-03  1.380139876065659799e+00  1.417148734619469330e+00
1.739999999999999991e+00  -6.452777488315827314e-01  -1.179989425353898114e-01  1.203335741350357035e-01  -2.526048882580766985e-02  3.167504546579669178e-02
1.750000000000000000e+00  2.542381073091449561e+00  1.777648939741168332e+00  3.029145966141096394e-03  1.379632123411030920e+00  1.415493693889221971e+00
1.750000000000000000e+00  -6.449269247788889103e-01  -1.186197242833536281e-01  1.205125837257284283e-01  -2.545390524932367171e-02  3.167349552355591680e-02
1.760000000000000009e+00  2.522919560762535873e+00  1.773563831240722033e+00  2.917373728788915516e-03  1.379138503508577251e+00  1.413884507004094626e+00
1.760000000000000009e+00  -6.445767949668876895e-01  -1.192382621951890015e-01  1.206887005565284998e-01  -2.564669264380636804e-02  3.167130655588301646e-02
1.770000000000000018e+00  2.503960061745035937e+00  1.769550825288960905e+00  2.799986582251669590e-03  1.378656456694274723e+00  1.412315915004056510e+00
1.770000000000000018e+00  -6.442276308852913358e-01  -1.198529840102004473e-01  1.208618450492097846e-01  -2.583710631577496031e-02  3.166923207112115612e-02
1.780000000000000027e+00  2.485468490519464169e+00  1.765606533745039952e+00  2.682403318491871635e-03  1.378185959029501584e+00  1.410786610039043154e+00
1.780000000000000027e+00  -6.438787750248691211e-01  -1.204657709038288865e-01  1.210325679346494626e-01  -2.602649792587541366e-02  3.166601345586073091e-02
1.790000000000000036e+00  2.467418259800621794e+00  1.761728257010072296e+00  2.563954573100209883e-03  1.377727826785904996e+00  1.409301848085431574e+00
1.790000000000000036e+00  -6.435295402847562851e-01  -1.210754266335942048e-01  1.212003363714114906e-01  -2.621374719948255105e-02  3.166224645034831919e-02
1.800000000000000044e+00  2.449791242627610277e+00  1.757917929543151736e+00  2.444729676945107261e-03  1.377281123779469763e+00  1.407846076259389179e+00
1.800000000000000044e+00  -6.431836641155210810e-01  -1.216823736058213062e-01  1.213656215159249485e-01  -2.640017397740090921e-02  3.165791839854525946e-02
1.810000000000000053e+00  2.432600474582862660e+00  1.754169071761681131e+00  2.325468497333171847e-03  1.376845901428651597e+00  1.406439495543019280e+00
1.810000000000000053e+00  -6.428379677869154873e-01  -1.222867868422558568e-01  1.215282500679446820e-01  -2.658440626684743791e-02  3.165382818520257047e-02
1.820000000000000062e+00  2.415792463767330034e+00  1.750484593221240281e+00  2.206222518850383535e-03  1.376421237736011216e+00  1.405061004708256789e+00
1.820000000000000062e+00  -6.424939243444084402e-01  -1.228877974923131278e-01  1.216880092285935050e-01  -2.676810512717209267e-02  3.164856262948001486e-02
1.830000000000000071e+00  2.399387730763421267e+00  1.746857814536702636e+00  2.086678439895194720e-03  1.376006410601247731e+00  1.403716197756869732e+00
1.830000000000000071e+00  -6.421501912480221952e-01  -1.234858800351677083e-01  1.218455083476863016e-01  -2.694988567509892796e-02  3.164272609617801990e-02
1.839999999999999858e+00  2.383360661702948136e+00  1.743293312637814285e+00  1.965362554364042530e-03  1.375601988471611525e+00  1.402406941801363827e+00
1.839999999999999858e+00  -6.418094022757251382e-01  -1.240819715342614121e-01  1.220005009859446571e-01  -2.713008469296274150e-02  3.163675580236235962e-02
1.850000000000000089e+00  2.367684402474409922e+00  1.739784694395057674e+00  1.843990603081831214e-03  1.375205313193483825e+00  1.401135131432681868e+00
1.850000000000000089e+00  -6.414695035530956213e-01  -1.246745529933961233e-01  1.221530420897801311e-01  -2.730908757658068176e-02  3.163060899114822355e-02
1.859999999999999876e+00  2.352370353342836395e+00  1.736331677778415905e+00  1.725007993494009906e-03  1.374822159384933240e+00  1.399887535894256629e+00
1.859999999999999876e+00  -6.411313874350896835e-01  -1.252649182255077542e-01  1.223031646714792392e-01  -2.748610943282503438e-02  3.162333165228614629e-02
1.870000000000000107e+00  2.337390126886133235e+00  1.732932924149109821e+00  1.605332162017057002e-03  1.374445154459112750e+00  1.398677547641016927e+00
1.870000000000000107e+00  -6.407935378281902628e-01  -1.258518016502325476e-01  1.224505629982359789e-01  -2.766275616601576726e-02  3.161602620216064086e-02
1.879999999999999893e+00  2.322726793529996669e+00  1.729588160451513756e+00  1.489586324652063254e-03  1.374078001891658962e+00  1.397489814589119250e+00
1.879999999999999893e+00  -6.404600557097690494e-01  -1.264361977269490567e-01  1.225957456745316865e-01  -2.783736762787136776e-02  3.160874315889372621e-02
1.890000000000000124e+00  2.308384931656034755e+00  1.726296728735257080e+00  1.371432918378309718e-03  1.373718443944369261e+00  1.396334690914452281e+00
1.890000000000000124e+00  -6.401274262242812041e-01  -1.270181298673724590e-01  1.227387481916918238e-01  -2.801027301309710893e-02  3.160033541127615919e-02
1.899999999999999911e+00  2.294348191892890299e+00  1.723055336269958993e+00  1.252920046763274925e-03  1.373367982856306346e+00  1.395210003541715427e+00
1.899999999999999911e+00  -6.397967984041379452e-01  -1.275969754970781023e-01  1.228791930034664331e-01  -2.818148287164212729e-02  3.159164482602261348e-02
1.910000000000000142e+00  2.280622536514871790e+00  1.719865960487591661e+00  1.138323149516576316e-03  1.373026408022195666e+00  1.394105888161846662e+00
1.910000000000000142e+00  -6.394696450829979728e-01  -1.281731925698524899e-01  1.230176483145494909e-01  -2.835173228059884032e-02  3.158364147081349493e-02
1.919999999999999929e+00  2.267167811262859267e+00  1.716722180567696210e+00  1.019768838648214132e-03  1.372691731229956691e+00  1.393026233965189098e+00
1.919999999999999929e+00  -6.391432968254292524e-01  -1.287466902963644022e-01  1.231535553039753428e-01  -2.852073261249221670e-02  3.157364827024600196e-02
1.930000000000000160e+00  2.253981546647651157e+00  1.713627129809998095e+00  9.062944098762425182e-04  1.372363740817816202e+00  1.391980930070285449e+00
1.930000000000000160e+00  -6.388195296764301867e-01  -1.293173771390774551e-01  1.232874123571276043e-01  -2.868822472126120182e-02  3.156445165661059260e-02
1.939999999999999947e+00  2.241072345091762674e+00  1.710579386847117078e+00  7.938419073245280011e-04  1.372044043807725711e+00  1.390952840731280338e+00
1.939999999999999947e+00  -6.384994155159614548e-01  -1.298842412157939497e-01  1.234190038168453685e-01  -2.885436950762398922e-02  3.155448764412893681e-02
1.950000000000000178e+00  2.228420921865963855e+00  1.707576874503869302e+00  6.816872719895769595e-04  1.371731604039073460e+00  1.389949568391270596e+00
1.950000000000000178e+00  -6.381801675276720376e-01  -1.304498695783330997e-01  1.235486877464924693e-01  -2.901887528188751286e-02  3.154395079388394585e-02
1.959999999999999964e+00  2.216039032099610395e+00  1.704617088868274566e+00  5.690482065696458869e-04  1.371425605641638068e+00  1.388971332813717430e+00
1.959999999999999964e+00  -6.378631478851101155e-01  -1.310125435191049348e-01  1.236760178656471088e-01  -2.918284264216963741e-02  3.153376880147751304e-02
1.969999999999999973e+00  2.203885647953656157e+00  1.701701843251695934e+00  4.603464788954930720e-04  1.371129632889297234e+00  1.388010779911584835e+00
1.969999999999999973e+00  -6.375500219865434248e-01  -1.315722088623659802e-01  1.238013588065031700e-01  -2.934459900634200924e-02  3.152325000418132461e-02
1.979999999999999982e+00  2.191979798652693212e+00  1.698829585702928524e+00  3.468623798528365498e-04  1.370836416362928523e+00  1.387074167500039978e+00
1.979999999999999982e+00  -6.372391887094076557e-01  -1.321291375249613875e-01  1.239247934050732997e-01  -2.950482099724482943e-02  3.151196618066587352e-02
1.989999999999999991e+00  2.180298431443431717e+00  1.695996696310697160e+00  2.408415417879949949e-04  1.370550271066999670e+00  1.386163639151575033e+00
1.989999999999999991e+00  -6.369292948386207076e-01  -1.326838771394070193e-01  1.240461321065170208e-01  -2.966437777491170991e-02  3.150058222718521428e-02
2.000000000000000000e+00  2.168851971896882169e+00  1.693208767426081174e+00  1.326200988254130908e-04  1.370271417335536146e+00  1.385269317358979402e+00
2.000000000000000000e+00  -6.366256210112137826e-01  -1.332353702844330801e-01  1.241654715922377722e-01  -2.982176814623205274e-02  3.148900001622656486e-02
2.009999999999999787e+00  2.157294311020571786e+00  1.690459126047005434e+00  4.376724298317188899e-05  1.369998904320448130e+00  1.384392311150837607e+00
2.009999999999999787e+00  -6.363227306457007737e-01  -1.337851840949397519e-01  1.242829047172408496e-01  -2.997864571260444588e-02  3.147748390033167087e-02
2.020000000000000018e+00  2.146275205981972523e+00  1.687747714385998021e+00  -5.604914791725035261e-05  1.369732388212341112e+00  1.383536643437013769e+00
2.020000000000000018e+00  -6.360226646985603915e-01  -1.343315307245512846e-01  1.243981102108122627e-01  -3.013389481443373707e-02  3.146531920492545709e-02
2.030000000000000249e+00  2.135462684577822401e+00  1.685074340207179944e+00  -1.591271772069767498e-04  1.369470893559992186e+00  1.382700344357783884e+00
2.030000000000000249e+00  -6.357251356746591586e-01  -1.348752859152657635e-01  1.245116382675456185e-01  -3.028778648847185728e-02  3.145329956138964711e-02
2.040000000000000036e+00  2.124850691987195006e+00  1.682438482510350219e+00  -2.609048225768496876e-04  1.369214197274346567e+00  1.381882655861386144e+00
2.040000000000000036e+00  -6.354304917835370548e-01  -1.354163183692002892e-01  1.246232804585236248e-01  -3.044035985546211798e-02  3.144069702571283820e-02
2.049999999999999822e+00  2.114433725825689780e+00  1.679839405709675049e+00  -3.613031833696427053e-04  1.368963832329746610e+00  1.381081621391296199e+00
2.049999999999999822e+00  -6.351387586250281103e-01  -1.359546507120887593e-01  1.247330567032303300e-01  -3.059169615143464416e-02  3.142812789010196450e-02
2.060000000000000053e+00  2.104206543281899489e+00  1.677276229081807513e+00  -4.602262316818414578e-04  1.368719011367560690e+00  1.380298203161553161e+00
2.060000000000000053e+00  -6.348498845625463183e-01  -1.364903965733192948e-01  1.248410535985854386e-01  -3.074172416527143348e-02  3.141487682120247538e-02
2.070000000000000284e+00  2.094164054167705569e+00  1.674748149316558354e+00  -5.578432542528329041e-04  1.368479632997600559e+00  1.379532281977368990e+00
2.070000000000000284e+00  -6.345638651201795932e-01  -1.370235907704156764e-01  1.249477103170562181e-01  -3.089048776334413215e-02  3.140190515211349620e-02
2.080000000000000071e+00  2.084301325899514445e+00  1.672254758169800848e+00  -6.539951732644003202e-04  1.368245394892188216e+00  1.378780381907064978e+00
2.080000000000000071e+00  -6.342808967177161472e-01  -1.375540593695833147e-01  1.250521533960982090e-01  -3.103783814257021767e-02  3.138872662449410100e-02
2.089999999999999858e+00  2.074613477890104640e+00  1.669795102907945417e+00  -7.487495924566670014e-04  1.368013807725261932e+00  1.378046726259709143e+00
2.089999999999999858e+00  -6.340007578582558256e-01  -1.380819819471925669e-01  1.251548663024342756e-01  -3.118408128880201247e-02  3.137534685524989708e-02
2.100000000000000089e+00  2.065096061271522121e+00  1.667368780359765879e+00  -8.420625588063564149e-04  1.367789347562593738e+00  1.377327423503913906e+00
2.100000000000000089e+00  -6.337236822821984417e-01  -1.386072135406347383e-01  1.252558613716122093e-01  -3.132895125846905937e-02  3.136165477458996431e-02
2.110000000000000320e+00  2.055744504800682826e+00  1.664974873173068914e+00  -9.339409735859838246e-04  1.367567738137775990e+00  1.376622430832334709e+00
2.110000000000000320e+00  -6.334495600263585491e-01  -1.391299341738736484e-01  1.253551807844782984e-01  -3.147261331390049932e-02  3.134771092927979286e-02
2.120000000000000107e+00  2.046554703621478843e+00  1.662613072828877048e+00  -1.024382551961106058e-03  1.367352017792057506e+00  1.375932547368406755e+00
2.120000000000000107e+00  -6.331784506422903913e-01  -1.396500862798902565e-01  1.254528340016424492e-01  -3.161497474838066701e-02  3.133383327909933236e-02
2.129999999999999893e+00  2.037522410811265061e+00  1.660282478359751179e+00  -1.113377433566112296e-03  1.367141217173200474e+00  1.375257711378957026e+00
2.129999999999999893e+00  -6.329103304413981057e-01  -1.401675172851266360e-01  1.255488369615646860e-01  -3.175626959269631233e-02  3.131950537096972464e-02
2.140000000000000124e+00  2.028643751622656755e+00  1.657982737174558796e+00  -1.200909451234487280e-03  1.366933124584611470e+00  1.374594721873785508e+00
2.140000000000000124e+00  -6.326453258918058875e-01  -1.406826139799940423e-01  1.256432641760746038e-01  -3.189612071209591004e-02  3.130577399451844878e-02
2.150000000000000355e+00  2.019914714372244902e+00  1.655713062374728928e+00  -1.286927028583278315e-03  1.366729494583229343e+00  1.373946848266868859e+00
2.150000000000000355e+00  -6.323832379492936306e-01  -1.411950243423631401e-01  1.257360735789461448e-01  -3.203491557709325921e-02  3.129097632465244194e-02
2.160000000000000142e+00  2.011331638066890637e+00  1.653473154395185496e+00  -1.371514626561341765e-03  1.366532270192483578e+00  1.373312359039020381e+00
2.160000000000000142e+00  -6.321243774528955139e-01  -1.417049548090974775e-01  1.258273617365835151e-01  -3.217246587909372568e-02  3.127664165751922742e-02
2.169999999999999929e+00  2.002891054154649186e+00  1.651262106456596879e+00  -1.454549164726207794e-03  1.366337027334002308e+00  1.372689300860583383e+00
2.169999999999999929e+00  -6.318683960436223268e-01  -1.422125214957731532e-01  1.259171141973878250e-01  -3.230875181253212158e-02  3.126223158552940418e-02
2.179999999999999716e+00  1.994589269340977022e+00  1.649079634508709979e+00  -1.536237676051661893e-03  1.366145483915263137e+00  1.372078658027531262e+00
2.179999999999999716e+00  -6.316154372800275585e-01  -1.427173535717301545e-01  1.260053151927386095e-01  -3.244392186792099952e-02  3.124751496775060589e-02
2.189999999999999947e+00  1.986423104309943621e+00  1.646925324512608757e+00  -1.616280877003068578e-03  1.365957403717646512e+00  1.371480741650457080e+00
2.189999999999999947e+00  -6.313656963801645983e-01  -1.432198098325031810e-01  1.260920513411741828e-01  -3.257779733577870207e-02  3.123272535564872165e-02
2.200000000000000178e+00  1.978389209833710805e+00  1.644798426215339893e+00  -1.694961517964829051e-03  1.365772659671483202e+00  1.370894070732710412e+00
2.200000000000000178e+00  -6.311189238265335621e-01  -1.437196513724882385e-01  1.261773083929931816e-01  -3.271059758443961574e-02  3.121759688038183711e-02
2.209999999999999964e+00  1.970484514713637836e+00  1.642698554956484092e+00  -1.772071418715191055e-03  1.365593816591880172e+00  1.370319840831008884e+00
2.209999999999999964e+00  -6.308751782346408987e-01  -1.442170617839596269e-01  1.262611177541109186e-01  -3.284231337211529489e-02  3.120279048700166924e-02
2.219999999999999751e+00  1.962705920822779948e+00  1.640625135909382415e+00  -1.847614278032663759e-03  1.365416956394056358e+00  1.369756919888344138e+00
2.219999999999999751e+00  -6.306344846483147304e-01  -1.447120898398057964e-01  1.263435170533405150e-01  -3.297273121379018512e-02  3.118752195041346598e-02
2.229999999999999982e+00  1.955050555500820408e+00  1.638577787420986365e+00  -1.919867686831961545e-03  1.365243500822040934e+00  1.369204493970966885e+00
2.229999999999999982e+00  -6.303968560516035602e-01  -1.452044922543751504e-01  1.264244833827757042e-01  -3.310209367268368563e-02  3.117227796499147385e-02
2.240000000000000213e+00  1.947515486219336234e+00  1.636556080954630010e+00  -1.992564188597115843e-03  1.365073372051481382e+00  1.368662054314874421e+00
2.240000000000000213e+00  -6.301622078481796674e-01  -1.456945931308839814e-01  1.265040883885892031e-01  -3.323024100544069714e-02  3.115708716655876676e-02
2.250000000000000000e+00  1.940097823449594028e+00  1.634559573296004098e+00  -2.063935127931716684e-03  1.364906945965916440e+00  1.368131176162264095e+00
2.250000000000000000e+00  -6.299306534047230954e-01  -1.461822184592760365e-01  1.265823500699446991e-01  -3.335732889930853595e-02  3.114185674466868337e-02
2.259999999999999787e+00  1.932795162474479911e+00  1.632587776438440663e+00  -2.133857322913254584e-03  1.364744109470766853e+00  1.367609982982248562e+00
2.259999999999999787e+00  -6.297021802137396929e-01  -1.466674889530683590e-01  1.266592805529760668e-01  -3.348323333786040745e-02  3.112648336688308981e-02
2.270000000000000018e+00  1.925604660715371175e+00  1.630640289990761937e+00  -2.202374267705434208e-03  1.364583298818822232e+00  1.367098641022600702e+00
2.270000000000000018e+00  -6.294766405379521590e-01  -1.471502687908356477e-01  1.267348645828629272e-01  -3.360810646684320169e-02  3.111110295545968518e-02
2.280000000000000249e+00  1.918523912542705157e+00  1.628716670864688965e+00  -2.269627243490741214e-03  1.364425089715138872e+00  1.366596898898348567e+00
2.280000000000000249e+00  -6.292541077591964349e-01  -1.476306220246552670e-01  1.268091518442476251e-01  -3.373185906934039746e-02  3.109543056255695270e-02
2.290000000000000036e+00  1.911550511095166049e+00  1.626816412872600814e+00  -2.338115446064659153e-03  1.364271271774775363e+00  1.366103445897196345e+00
2.290000000000000036e+00  -6.290343807759093409e-01  -1.481086461052591452e-01  1.268821630137655365e-01  -3.385444087880284947e-02  3.107980572978594203e-02
2.299999999999999822e+00  1.904681930368889553e+00  1.624939414706403795e+00  -2.402616705702863981e-03  1.364119707753601585e+00  1.365620706462280953e+00
2.299999999999999822e+00  -6.288178395012785638e-01  -1.485842728082445718e-01  1.269539276910261749e-01  -3.397598601599038926e-02  3.106442632550696081e-02
2.310000000000000053e+00  1.897916010638391437e+00  1.623085083141560858e+00  -2.465668838527640405e-03  1.363971537535952239e+00  1.365147326572790920e+00
2.310000000000000053e+00  -6.286043610195629627e-01  -1.490575910322619324e-01  1.270244533632577111e-01  -3.409642354865272118e-02  3.104871122362132252e-02
2.320000000000000284e+00  1.891250344761593594e+00  1.621253024314011082e+00  -2.527533241784202245e-03  1.363825020390367015e+00  1.364682216701111006e+00
2.320000000000000284e+00  -6.283937877076877232e-01  -1.495284555416314665e-01  1.270937510900223555e-01  -3.421589842239891599e-02  3.103289576412146533e-02
2.330000000000000071e+00  1.884682896457894108e+00  1.619442880622576908e+00  -2.588024861767086043e-03  1.363682105873864181e+00  1.364225589212605838e+00
2.330000000000000071e+00  -6.281861271475732700e-01  -1.499969768007501925e-01  1.271618338306880203e-01  -3.433422462519220009e-02  3.101714689971546424e-02
2.339999999999999858e+00  1.878211568864837755e+00  1.617654368303880652e+00  -2.647226068974384283e-03  1.363541806515975674e+00  1.363776493653246602e+00
2.339999999999999858e+00  -6.279814972986605959e-01  -1.504632221705064499e-01  1.272287441732834479e-01  -3.445152513680516115e-02  3.100155317207656247e-02
2.350000000000000089e+00  1.871834192899923588e+00  1.615887130593331111e+00  -2.705180115745046965e-03  1.363402595765726977e+00  1.363336578002773969e+00
2.350000000000000089e+00  -6.277797524751056457e-01  -1.509271411116240580e-01  1.272944895247224706e-01  -3.456774976397836152e-02  3.098539174353906467e-02
2.360000000000000320e+00  1.865548970380818128e+00  1.614140725399768828e+00  -2.761838709494313093e-03  1.363266291650092610e+00  1.362904629793497024e+00
2.360000000000000320e+00  -6.275809559656309045e-01  -1.513888573252421543e-01  1.273590945944881592e-01  -3.468297272699571998e-02  3.097001241213734324e-02
2.370000000000000107e+00  1.859353810601182211e+00  1.612414812005537268e+00  -2.817281725234817985e-03  1.363133445324536286e+00  1.362479789434756006e+00
2.370000000000000107e+00  -6.273849766038015474e-01  -1.518485288824414359e-01  1.274225615527629085e-01  -3.479718760886441054e-02  3.095407662779733893e-02
2.379999999999999893e+00  1.853246909759959316e+00  1.610709194027265312e+00  -2.871445229253217352e-03  1.363003419194374732e+00  1.362063654942897495e+00
2.379999999999999893e+00  -6.271919448297407218e-01  -1.523056650361893083e-01  1.274849378827492552e-01  -3.491039931107953187e-02  3.093840045031591435e-02
2.390000000000000124e+00  1.847226392893624780e+00  1.609023428733784122e+00  -2.924434215418617033e-03  1.362874919655092887e+00  1.361653931091645120e+00
2.390000000000000124e+00  -6.270017823509934640e-01  -1.527604125449526784e-01  1.275461833868927752e-01  -3.502253975754843207e-02  3.092252205359559414e-02
2.400000000000000355e+00  1.841290573779547746e+00  1.607357248251574555e+00  -2.976305586931852348e-03  1.362747934149284523e+00  1.361251522253073443e+00
2.400000000000000355e+00  -6.268144211942208166e-01  -1.532129559619499481e-01  1.276063682114673137e-01  -3.513367108387843718e-02  3.090672783682686664e-02
2.410000000000000142e+00  1.835437542193988802e+00  1.605710342223403586e+00  -3.026897003163522143e-03  1.362624588739223430e+00  1.360856684538652273e+00
2.410000000000000142e+00  -6.266299239499473206e-01  -1.536632892718677312e-01  1.276654901001565701e-01  -3.524395800339519269e-02  3.089083528625417852e-02
2.419999999999999929e+00  1.829665823086422449e+00  1.604082298176068733e+00  -3.076314822758136058e-03  1.362502280687686751e+00  1.360468513826678771e+00
2.419999999999999929e+00  -6.264482496450388682e-01  -1.541112767071837475e-01  1.277235502010105883e-01  -3.535308751129528915e-02  3.087483593015503958e-02
2.429999999999999716e+00  1.823973629875571323e+00  1.602473012210180681e+00  -3.124621373804117169e-03  1.362381646515878897e+00  1.360088227675535943e+00
2.429999999999999716e+00  -6.262693575668178969e-01  -1.545572135292725968e-01  1.277806335038290664e-01  -3.546138218180827639e-02  3.085923473585648613e-02
2.439999999999999947e+00  1.818359516932012365e+00  1.600882038417137831e+00  -3.171792709083749717e-03  1.362264609438962992e+00  1.359712424206084291e+00
2.439999999999999947e+00  -6.260932206657319199e-01  -1.550008807537789912e-01  1.278366537274603365e-01  -3.556859987009597379e-02  3.084349820487293503e-02
2.450000000000000178e+00  1.812821851307786281e+00  1.599309188686960814e+00  -3.217782129119845652e-03  1.362149321309697569e+00  1.359346013380758222e+00
2.450000000000000178e+00  -6.259198828403618187e-01  -1.554422680229179954e-01  1.278916848228100200e-01  -3.567498812713376655e-02  3.082743576887078674e-02
2.459999999999999964e+00  1.807359155164852016e+00  1.597754096481856401e+00  -3.262756622898238534e-03  1.362036252586794394e+00  1.358984640662511678e+00
2.459999999999999964e+00  -6.257492270483251406e-01  -1.558815278179707664e-01  1.279457615441936535e-01  -3.578032139994091754e-02  3.081172078989749541e-02
2.469999999999999751e+00  1.801969750347822252e+00  1.596216590302734772e+00  -3.306718985902946245e-03  1.361924121022693557e+00  1.358627922882548411e+00
2.469999999999999751e+00  -6.255813665125147249e-01  -1.563186047389430455e-01  1.279988311864449502e-01  -3.588474654571549571e-02  3.079586085951836749e-02
2.479999999999999982e+00  1.796652546230287140e+00  1.594696248401928029e+00  -3.349548839432902464e-03  1.361814179872438801e+00  1.358279247116753741e+00
2.479999999999999982e+00  -6.254160977081764106e-01  -1.567534926627431324e-01  1.280509586434639968e-01  -3.598818576747708775e-02  3.078017703731936172e-02
2.490000000000000213e+00  1.791406036123825984e+00  1.593192980364769973e+00  -3.391252066606047916e-03  1.361705818485448249e+00  1.357936456598831443e+00
2.490000000000000213e+00  -6.252535760503977746e-01  -1.571862824193671071e-01  1.281021623280010902e-01  -3.609082540896657587e-02  3.076432858546114535e-02
2.500000000000000000e+00  1.786228697642674668e+00  1.591706363215277698e+00  -3.431971935866619250e-03  1.361600393074642756e+00  1.357598069302232480e+00
2.500000000000000000e+00  -6.250936847580894629e-01  -1.576168651699713652e-01  1.281524252626210225e-01  -3.619250017838493427e-02  3.074869961315541966e-02
2.509999999999999787e+00  1.781119460757508266e+00  1.590236310738778691e+00  -3.471671687927311428e-03  1.361497532275783628e+00  1.357267051022289728e+00
2.509999999999999787e+00  -6.249364764294945696e-01  -1.580453784833492081e-01  1.282018147210434167e-01  -3.629327358376110979e-02  3.073306027440231292e-02
2.520000000000000018e+00  1.776076908502106200e+00  1.588782382139788840e+00  -3.510271870333748351e-03  1.361394051907330205e+00  1.356939122224681826e+00
2.520000000000000018e+00  -6.247817559561612555e-01  -1.584716529981430033e-01  1.282502451659988663e-01  -3.639308249407890994e-02  3.071719772660611025e-02
2.530000000000000249e+00  1.771099736025208315e+00  1.587344471322224226e+00  -3.547964817257564379e-03  1.361294339594513403e+00  1.356619085457028140e+00
2.530000000000000249e+00  -6.246297154146458475e-01  -1.588959621817496726e-01  1.282978512465188237e-01  -3.649203928783617545e-02  3.070146453450352253e-02
2.540000000000000036e+00  1.766186792267615324e+00  1.585922324382119886e+00  -3.584666537338822984e-03  1.361194391459901842e+00  1.356303117384673351e+00
2.540000000000000036e+00  -6.244802022243294282e-01  -1.593181072211779237e-01  1.283445778902377044e-01  -3.659011793726341111e-02  3.068588906587560450e-02
2.549999999999999822e+00  1.761336858334921818e+00  1.584515743036064794e+00  -3.620404033296293483e-03  1.361096521850116980e+00  1.355993739070606274e+00
2.549999999999999822e+00  -6.243332468699269722e-01  -1.597382174696545531e-01  1.283904487080052281e-01  -3.668728414912902913e-02  3.067017963411423909e-02
2.560000000000000053e+00  1.756548821344785516e+00  1.583124445832269078e+00  -3.655078977511754673e-03  1.361000892896759851e+00  1.355687567974898533e+00
2.560000000000000053e+00  -6.241888894612730443e-01  -1.601562040117961716e-01  1.284354636085222046e-01  -3.678364350535145988e-02  3.065470269427968131e-02
2.570000000000000284e+00  1.751821420840410592e+00  1.581748215773521427e+00  -3.689005289986561215e-03  1.360906270378898997e+00  1.355388605616891784e+00
2.570000000000000284e+00  -6.240469733716742518e-01  -1.605721040857739368e-01  1.284796526825494611e-01  -3.687915506689443124e-02  3.063913051589874093e-02
2.580000000000000071e+00  1.747153692068623698e+00  1.580386804424116054e+00  -3.721964299956002226e-03  1.360813650973496269e+00  1.355093570264815028e+00
2.580000000000000071e+00  -6.239075453281981432e-01  -1.609861160538808567e-01  1.285230562515080888e-01  -3.697368725916194698e-02  3.062396468201770972e-02
2.589999999999999858e+00  1.742544498831233968e+00  1.579040024013100618e+00  -3.753983683324746412e-03  1.360723300980865913e+00  1.354803124100731893e+00
2.589999999999999858e+00  -6.237705785986660256e-01  -1.613979610740378934e-01  1.285656504280406620e-01  -3.706759676077031607e-02  3.060864580748387520e-02
2.600000000000000089e+00  1.737992731292409720e+00  1.577707642025576007e+00  -3.785156074801836190e-03  1.360633163167522364e+00  1.354517497685157945e+00
2.600000000000000089e+00  -6.236360632702233620e-01  -1.618078056586448876e-01  1.286074314435185217e-01  -3.716055008184993014e-02  3.059306852969696788e-02
2.610000000000000320e+00  1.733497431647751608e+00  1.576389425120916954e+00  -3.815425272011549462e-03  1.360544954327029155e+00  1.354236419577963257e+00
2.610000000000000320e+00  -6.235038735770492835e-01  -1.622155928369781730e-01  1.286484347065499634e-01  -3.725258125730257497e-02  3.057774651161095092e-02
2.620000000000000107e+00  1.729057553993117891e+00  1.575085210915017964e+00  -3.844834580915716671e-03  1.360457268121861629e+00  1.353959284662547224e+00
2.620000000000000107e+00  -6.233741711097846583e-01  -1.626214769073639765e-01  1.286886904123389075e-01  -3.734389074908273098e-02  3.056239512703888550e-02
2.629999999999999893e+00  1.724672125360806607e+00  1.573794867849626300e+00  -3.873459352034702707e-03  1.360371949308903261e+00  1.353688378256598712e+00
2.629999999999999893e+00  -6.232468380133440178e-01  -1.630253026502713198e-01  1.287281874330854781e-01  -3.743435067397882232e-02  3.054713835812414291e-02
2.640000000000000124e+00  1.720340208770479107e+00  1.572518154239263666e+00  -3.901216565041155243e-03  1.360288170273895814e+00  1.353420899431473146e+00
2.640000000000000124e+00  -6.231218576461411418e-01  -1.634271235260135735e-01  1.287669276528094209e-01  -3.752399118240479226e-02  3.053204213568035119e-02
2.650000000000000355e+00  1.716060857398705064e+00  1.571254697896412367e+00  -3.928138174820450940e-03  1.360204660846828562e+00  1.353156692878875189e+00
2.650000000000000355e+00  -6.229991593480881384e-01  -1.638269933454596372e-01  1.288049360120241404e-01  -3.761286641343608572e-02  3.051689324730977315e-02
2.660000000000000142e+00  1.711833032142249911e+00  1.570004624098281454e+00  -3.954185060013434144e-03  1.360123286563399425e+00  1.352897589965536884e+00
2.660000000000000142e+00  -6.228787437276108729e-01  -1.642249381661256835e-01  1.288422632066242857e-01  -3.770114919573153145e-02  3.050188455024176182e-02
2.669999999999999929e+00  1.707656064767077542e+00  1.568767468957676048e+00  -3.979508635081598078e-03  1.360043247602493510e+00  1.352642535033107496e+00
2.669999999999999929e+00  -6.227606322037213538e-01  -1.646208511935257912e-01  1.288788118030544938e-01  -3.778842276625204999e-02  3.048654292638453001e-02
2.679999999999999716e+00  1.703528930078475057e+00  1.567543181482815573e+00  -4.004088462300593038e-03  1.359963577770584298e+00  1.352391228885163610e+00
2.679999999999999716e+00  -6.226447889541484315e-01  -1.650149312691175651e-01  1.289147159465008352e-01  -3.787497372423487274e-02  3.047173604256725454e-02
2.689999999999999947e+00  1.699450870302775751e+00  1.566331593355932528e+00  -4.027940519088384075e-03  1.359886420335477464e+00  1.352143223005979333e+00
2.689999999999999947e+00  -6.225311895669963791e-01  -1.654070407747265381e-01  1.289499210804509466e-01  -3.796065177329599472e-02  3.045685230777710195e-02
2.700000000000000178e+00  1.695421040462669060e+00  1.565132537894229792e+00  -4.051033862096275334e-03  1.359809763396598425e+00  1.351900603691441383e+00
2.700000000000000178e+00  -6.224198490420931318e-01  -1.657972726609345526e-01  1.289844566375175361e-01  -3.804563436734553772e-02  3.044193330177494272e-02
2.709999999999999964e+00  1.691438492395644033e+00  1.563945747933830344e+00  -4.073354857604401941e-03  1.359735318360068446e+00  1.351659784637426309e+00
2.709999999999999964e+00  -6.223106325431165819e-01  -1.661855765451754896e-01  1.290183234221380648e-01  -3.812984578902967048e-02  3.042719528923963634e-02
2.719999999999999751e+00  1.687502567457052294e+00  1.562771054419129779e+00  -4.095001719193105266e-03  1.359660400515189993e+00  1.351424890059918171e+00
2.719999999999999751e+00  -6.222035555614310320e-01  -1.665719766229069032e-01  1.290515205764383999e-01  -3.821337021706594506e-02  3.041241018824178410e-02
2.729999999999999982e+00  1.683612402828919663e+00  1.561608393783417315e+00  -4.115930875134680283e-03  1.359587050596852809e+00  1.351192107672623655e+00
2.729999999999999982e+00  -6.220986534902179788e-01  -1.669565601063360549e-01  1.290841011193836763e-01  -3.829604796544749945e-02  3.039822027886175670e-02
2.740000000000000213e+00  1.679767339459907749e+00  1.560457623946683636e+00  -4.136139662878689921e-03  1.359514876809551964e+00  1.350963827189044508e+00
2.740000000000000213e+00  -6.219959849920340123e-01  -1.673391376218215376e-01  1.291160112747115341e-01  -3.837803860731336947e-02  3.038353671784979615e-02
2.750000000000000000e+00  1.675966580845453358e+00  1.559318410819495959e+00  -4.155702669571225555e-03  1.359443797805200971e+00  1.350737771105910090e+00
2.750000000000000000e+00  -6.218952799712302859e-01  -1.677199015297672624e-01  1.291473085322397407e-01  -3.845927189272568825e-02  3.036865043136095788e-02
2.759999999999999787e+00  1.672209306612345792e+00  1.558190716480664761e+00  -4.174549937896909063e-03  1.359373346329325161e+00  1.350516417337049413e+00
2.759999999999999787e+00  -6.217967058075954956e-01  -1.680989517748874840e-01  1.291780029599901014e-01  -3.853987594729479937e-02  3.035427560978838646e-02
2.770000000000000018e+00  1.668494955986663975e+00  1.557074343828650953e+00  -4.192786822402289060e-03  1.359305702570399177e+00  1.350297808342740380e+00
2.770000000000000018e+00  -6.217001695798132221e-01  -1.684760248662766635e-01  1.292080873703536081e-01  -3.861974273241353117e-02  3.034010088969726904e-02
2.780000000000000249e+00  1.664822726419763921e+00  1.555969129355659231e+00  -4.210349242533818065e-03  1.359237760627140190e+00  1.350082600906498786e+00
2.780000000000000249e+00  -6.216056395875142471e-01  -1.688513091294244484e-01  1.292375517854934819e-01  -3.869875484494600393e-02  3.032572893801205316e-02
2.790000000000000036e+00  1.661192018005005488e+00  1.554875069500784246e+00  -4.227340006851432186e-03  1.359170038213216358e+00  1.349871350413008431e+00
2.790000000000000036e+00  -6.215131852222908204e-01  -1.692246831039877775e-01  1.292664339474239310e-01  -3.877728126242097062e-02  3.031125609499438212e-02
2.799999999999999822e+00  1.657602032081384902e+00  1.553791789387807931e+00  -4.243616544087926157e-03  1.359105190211542080e+00  1.349661169737705224e+00
2.799999999999999822e+00  -6.214226791329700017e-01  -1.695963629138825535e-01  1.292947547675033504e-01  -3.885489699699840038e-02  3.029725455263684863e-02
2.810000000000000053e+00  1.654052179025586433e+00  1.552719273880905249e+00  -4.259340171440986755e-03  1.359039548999314340e+00  1.349455422605847499e+00
2.810000000000000053e+00  -6.213341397870348892e-01  -1.699662213087146101e-01  1.293225076805872842e-01  -3.893193036250786054e-02  3.028303395040919666e-02
2.820000000000000284e+00  1.650541898466188817e+00  1.551657416134919032e+00  -4.274492968327405634e-03  1.358976413108854198e+00  1.349254160236996736e+00
2.820000000000000284e+00  -6.212476143869103407e-01  -1.703344489751665025e-01  1.293497058147489998e-01  -3.900836780487060285e-02  3.026919493735982791e-02
2.830000000000000071e+00  1.647070482671864289e+00  1.550605986217628685e+00  -4.289037190571769187e-03  1.358913266807956655e+00  1.349052637610446581e+00
2.830000000000000071e+00  -6.211629598290697718e-01  -1.707006668378924785e-01  1.293763270091705941e-01  -3.908394274991033868e-02  3.025489879673744220e-02
2.839999999999999858e+00  1.643637308752947224e+00  1.549564900293030068e+00  -4.303008114974138376e-03  1.358851202799729485e+00  1.348857058370098505e+00
2.839999999999999858e+00  -6.210802308568716956e-01  -1.710651182630397726e-01  1.294023909415632223e-01  -3.915897943531421177e-02  3.024104631936079535e-02
2.850000000000000089e+00  1.640241826374914558e+00  1.548533873488829204e+00  -4.316431350521843235e-03  1.358790335378940117e+00  1.348663256578550351e+00
2.850000000000000089e+00  -6.209993131036659619e-01  -1.714279684470739196e-01  1.294279550153370761e-01  -3.923336904115515278e-02  3.022743174243999742e-02
2.860000000000000320e+00  1.636883423869977872e+00  1.547513012996780013e+00  -4.329283255022100402e-03  1.358730176294725700e+00  1.348472663071041966e+00
2.860000000000000320e+00  -6.209203176304280980e-01  -1.717889569599330701e-01  1.294529845463646411e-01  -3.930698891021311425e-02  3.021345003131187257e-02
2.870000000000000107e+00  1.633561499660089344e+00  1.546502056230185218e+00  -4.341622552436447124e-03  1.358670304243451366e+00  1.348284601366178226e+00
2.870000000000000107e+00  -6.208431742117729302e-01  -1.721482511740919652e-01  1.294774755904526120e-01  -3.938002471276702554e-02  3.019981246887148973e-02
2.879999999999999893e+00  1.630275542958075974e+00  1.545500865158598192e+00  -4.353363182515775781e-03  1.358611770240359506e+00  1.348098140658141819e+00
2.879999999999999893e+00  -6.207678532392093551e-01  -1.725057828892620770e-01  1.295014507349183386e-01  -3.945240571254415851e-02  3.018609295296981188e-02
2.890000000000000124e+00  1.627024916482956440e+00  1.544509333405349238e+00  -4.364636981749856620e-03  1.358554394947239841e+00  1.347915858079857809e+00
2.890000000000000124e+00  -6.206943402634450546e-01  -1.728616306840238537e-01  1.295249502972150857e-01  -3.952418551929548496e-02  3.017247357698873977e-02
2.900000000000000355e+00  1.623809177143599181e+00  1.543527317174563374e+00  -4.375358400693283439e-03  1.358497594471896219e+00  1.347735658651597168e+00
2.900000000000000355e+00  -6.206225514315105718e-01  -1.732158543692973451e-01  1.295479603016410353e-01  -3.959524983532736186e-02  3.015889480379517484e-02
2.910000000000000142e+00  1.620627720219249390e+00  1.542554685778886991e+00  -4.385640618481914665e-03  1.358441333581894561e+00  1.347558360065981731e+00
2.910000000000000142e+00  -6.205525616265163968e-01  -1.735683002698965305e-01  1.295704619824671888e-01  -3.966574848043824542e-02  3.014552161323556800e-02
2.919999999999999929e+00  1.617480072971344107e+00  1.541591394336595311e+00  -4.395392009213409251e-03  1.358387180866473365e+00  1.347383087729032480e+00
2.919999999999999929e+00  -6.204842933639891367e-01  -1.739190711872451445e-01  1.295924745751302898e-01  -3.973562970327071397e-02  3.013227064238567510e-02
2.929999999999999716e+00  1.614365685001253992e+00  1.540637314753622089e+00  -4.404631180889677367e-03  1.358330985356579035e+00  1.347210473689380850e+00
2.929999999999999716e+00  -6.204177948435125600e-01  -1.742680966254119557e-01  1.296140082340265232e-01  -3.980481646717903832e-02  3.011912507437525255e-02
2.939999999999999947e+00  1.611284084483395107e+00  1.539692200873388650e+00  -4.413454167038033393e-03  1.358276940720231973e+00  1.347039999449615832e+00
2.939999999999999947e+00  -6.203529289543735503e-01  -1.746155379504997773e-01  1.296350981894286158e-01  -3.987349581426757883e-02  3.010566871338701822e-02
2.950000000000000178e+00  1.608234726116980928e+00  1.538756122219613331e+00  -4.421844094350022014e-03  1.358224004589457135e+00  1.346872176896810824e+00
2.950000000000000178e+00  -6.202897572557581896e-01  -1.749613282362577349e-01  1.296557351722827101e-01  -3.994153308893866328e-02  3.009265594759259754e-02
2.959999999999999964e+00  1.605217266892962291e+00  1.537828783134106869e+00  -4.429684409233206055e-03  1.358171831360666104e+00  1.346706602373175521e+00
2.959999999999999964e+00  -6.202282206103992834e-01  -1.753054453549428293e-01  1.296759076217034734e-01  -4.000893752398293479e-02  3.007921583284173250e-02
2.969999999999999751e+00  1.602231081576064087e+00  1.536910172820411757e+00  -4.437136953934408407e-03  1.358120504841454634e+00  1.346543301696193184e+00
2.969999999999999751e+00  -6.201683677293212682e-01  -1.756479367885029064e-01  1.296956453137051435e-01  -4.007585885357323185e-02  3.006642718379212709e-02
2.979999999999999982e+00  1.599275796745636580e+00  1.536000167331067701e+00  -4.444126392320987828e-03  1.358069655396743514e+00  1.346382813137788625e+00
2.979999999999999982e+00  -6.201101153589302362e-01  -1.759888858618822161e-01  1.297149489900203678e-01  -4.014207810273007215e-02  3.005364149914670213e-02
2.990000000000000213e+00  1.596350885478241555e+00  1.535098640954862814e+00  -4.450708109557329623e-03  1.358018971208404757e+00  1.346223853286456107e+00
2.990000000000000213e+00  -6.200534211606815171e-01  -1.763280539800327895e-01  1.297337951283933921e-01  -4.020769981798133497e-02  3.004075384449710062e-02
3.000000000000000000e+00  1.593455981904023266e+00  1.534205509817965440e+00  -4.456865095634018892e-03  1.357969495657582737e+00  1.346067589250614871e+00
3.000000000000000000e+00  -6.199983453885393736e-01  -1.766657332476113951e-01  1.297522475487425386e-01  -4.027282383977959235e-02  3.002827418909409518e-02
