1.010000000000000009e+00  9.031830292344629640e+00  2.792468112536071079e+00  -5.512050938335568695e-01  1.479123843566277241e+00  2.099521960144552946e+00
1.010000000000000009e+00  -1.739826466382126402e-01  -5.786454693339188049e-03  1.443631565438177611e-02  -3.505254598832607815e-04  2.846321345069742492e-03
1.020000000000000018e+00  8.666521889972857551e+00  2.682061581500300385e+00  -4.788232616076351089e-01  1.461601271246944833e+00  2.023297003555322604e+00
1.020000000000000018e+00  -1.740852733906096406e-01  -5.998838956898886778e-03  1.457070025230872319e-02  -3.399043320291561532e-04  2.884970458742357191e-03
1.030000000000000027e+00  8.330417423292434620e+00  2.583754344634761946e+00  -4.151713184652431332e-01  1.446045347163350092e+00  1.955822112330324547e+00
1.030000000000000027e+00  -1.742706813275494981e-01  -6.216944238652465267e-03  1.470447803021230487e-02  -3.284127943221637480e-04  2.924996929448281380e-03
1.040000000000000036e+00  8.020466058877387283e+00  2.495957648431324838e+00  -3.590944637731773859e-01  1.432187621638549624e+00  1.895958078237969247e+00
1.040000000000000036e+00  -1.745213286825796350e-01  -6.421158833213473638e-03  1.483993110085230459e-02  -3.221827925137393800e-04  2.962307115334267271e-03
1.050000000000000044e+00  7.734004056215338707e+00  2.417329383527179854e+00  -3.096067864520514745e-01  1.419803687804116255e+00  1.842720649435498403e+00
1.050000000000000044e+00  -1.748375910572713410e-01  -6.624051119323137900e-03  1.497547704242012563e-02  -3.150808308275548919e-04  2.999251068056207892e-03
1.060000000000000053e+00  7.468593246425286658e+00  2.346721164494397271e+00  -2.658582600845363908e-01  1.408698973304901791e+00  1.795274406195086936e+00
1.060000000000000053e+00  -1.752052662872309874e-01  -6.815912629815291425e-03  1.511355771808310482e-02  -3.085224127803848360e-04  3.036458610805328751e-03
1.070000000000000062e+00  7.222250744614151508e+00  2.283141378540916921e+00  -2.271295742280909080e-01  1.398716353487353681e+00  1.752892814335007987e+00
1.070000000000000062e+00  -1.756240987076810589e-01  -7.016978383338443558e-03  1.524671318162072742e-02  -3.032561140137168820e-04  3.072356469208087359e-03
1.080000000000000071e+00  6.993101916021472242e+00  2.225743857471456533e+00  -1.928015098748631362e-01  1.389712500475498880e+00  1.714954884631665566e+00
1.080000000000000071e+00  -1.760853618732813597e-01  -7.207525663582203292e-03  1.537673502270063379e-02  -2.985015000385171646e-04  3.108401780608338605e-03
1.090000000000000080e+00  6.779580389320803313e+00  2.173795386840641886e+00  -1.623267756230671877e-01  1.381570253067461618e+00  1.680918643221312347e+00
1.090000000000000080e+00  -1.765837177588109874e-01  -7.391196258479111429e-03  1.551441396380097947e-02  -2.947567541620038645e-04  3.143554641880680345e-03
1.100000000000000089e+00  6.611577920274307907e+00  2.142393726812592103e+00  -1.492945874454254529e-01  1.375554688617172117e+00  1.661369605953219253e+00
1.100000000000000089e+00  -1.771838310719283660e-01  -7.557046871628072225e-03  1.565466930158202277e-02  -2.997496580543906886e-04  3.172987143629402151e-03
1.110000000000000098e+00  6.451172567173584227e+00  2.113754456184073760e+00  -1.380363838368997564e-01  1.370050111301356344e+00  1.643496837741213579e+00
1.110000000000000098e+00  -1.778130676932262455e-01  -7.718750728172941999e-03  1.579298102438665349e-02  -3.056603950253242163e-04  3.206048734160110714e-03
1.120000000000000107e+00  6.296828234892049458e+00  2.087173843830402387e+00  -1.280017256688879002e-01  1.364959548277515200e+00  1.626869327974655333e+00
1.120000000000000107e+00  -1.784705124836194479e-01  -7.878181858755221173e-03  1.593166993387689495e-02  -3.123746592367110386e-04  3.237575461087577322e-03
1.129999999999999893e+00  6.147992651947840059e+00  2.062368937684073256e+00  -1.190046554546988489e-01  1.360226589198733516e+00  1.611340076975746438e+00
1.129999999999999893e+00  -1.791517727594806597e-01  -8.037389061059671894e-03  1.607046231167051295e-02  -3.207354678906107481e-04  3.268735677658729522e-03
1.140000000000000124e+00  6.004258313321208185e+00  2.039115250726764916e+00  -1.108930800346965700e-01  1.355808577717212415e+00  1.596797044314002934e+00
1.140000000000000124e+00  -1.798528774217335868e-01  -8.195981672603930637e-03  1.620900888147467842e-02  -3.286217748493733271e-04  3.298495739413376260e-03
1.149999999999999911e+00  5.865383347468636543e+00  2.017230546635599975e+00  -1.035465448283342943e-01  1.351668094301304857e+00  1.583135196535316647e+00
1.149999999999999911e+00  -1.805705160387494901e-01  -8.355262044492099693e-03  1.635062957734726569e-02  -3.374828617354747040e-04  3.328943745059820269e-03
1.159999999999999920e+00  5.731184915930695567e+00  1.996564604518338282e+00  -9.686466054585329832e-02  1.347775661689459836e+00  1.570274277309551936e+00
1.159999999999999920e+00  -1.813027260586464184e-01  -8.512658691326384364e-03  1.648969337641027766e-02  -3.468947975534958372e-04  3.359244328028809790e-03
1.169999999999999929e+00  5.601517610781928447e+00  1.976991886322752023e+00  -9.076472900402911270e-02  1.344107503546642102e+00  1.558143543869690228e+00
1.169999999999999929e+00  -1.820472602316079158e-01  -8.671571341840629901e-03  1.662852422187697035e-02  -3.566082102069434434e-04  3.388772643955706432e-03
1.179999999999999938e+00  5.476273784226231456e+00  1.958405916010497627e+00  -8.518391483475164228e-02  1.340641378316913768e+00  1.546682389211398112e+00
1.179999999999999938e+00  -1.828011609168306850e-01  -8.829869722325306078e-03  1.677159788088555120e-02  -3.679366231056913072e-04  3.418539878730197934e-03
1.189999999999999947e+00  5.355337460627453083e+00  1.940719803635030827e+00  -8.005311757166279352e-02  1.337359593886488840e+00  1.535836729246014665e+00
1.189999999999999947e+00  -1.835652040418723763e-01  -8.987990647459330462e-03  1.691114474214714877e-02  -3.790002839888922948e-04  3.448090187831154285e-03
1.199999999999999956e+00  5.238619125064169602e+00  1.923855495827484940e+00  -7.532661557676630093e-02  1.334245533931283756e+00  1.525559417934802431e+00
1.199999999999999956e+00  -1.843364396314771392e-01  -9.146397045014676569e-03  1.705033922139621155e-02  -3.909833428105413677e-04  3.477432468689145573e-03
1.209999999999999964e+00  5.126017725209197629e+00  1.907746046050932121e+00  -7.096176575266041620e-02  1.331286823945690090e+00  1.515808349225223228e+00
1.209999999999999964e+00  -1.851211036814634225e-01  -9.303570151658198742e-03  1.718899135710025977e-02  -4.036859390492142374e-04  3.506622124200164947e-03
1.219999999999999973e+00  5.017430695520149087e+00  1.892333493321728621e+00  -6.691986345007054637e-02  1.328470846498099656e+00  1.506546254130299189e+00
1.219999999999999973e+00  -1.859509806427757928e-01  -9.455523962405329441e-03  1.732731374610723893e-02  -4.193798897265954562e-04  3.535582325549124771e-03
1.229999999999999982e+00  4.912770765314275145e+00  1.877565508090807800e+00  -6.317337497210662178e-02  1.325787305097130941e+00  1.497739186106064935e+00
1.229999999999999982e+00  -1.867810495280771976e-01  -9.607811307326985864e-03  1.746529786742787027e-02  -4.355196195188759667e-04  3.564302655682916043e-03
1.239999999999999991e+00  4.811910753375666872e+00  1.863396266079798691e+00  -5.969355765063322217e-02  1.323226409996666630e+00  1.489356327786144796e+00
1.239999999999999991e+00  -1.876088204908017421e-01  -9.760604488813513085e-03  1.760297153197627751e-02  -4.522754508372583970e-04  3.592794822440958935e-03
1.250000000000000000e+00  4.714751509782386663e+00  1.849786151759280406e+00  -5.645226144354995035e-02  1.320780281682160773e+00  1.481369644811026953e+00
1.250000000000000000e+00  -1.884352223228245304e-01  -9.914095568748766338e-03  1.774444288647470877e-02  -4.694916780481617202e-04  3.621019549579385099e-03
1.260000000000000009e+00  4.621179718481091214e+00  1.836698763348096008e+00  -5.342977995884674869e-02  1.318440104949110347e+00  1.473754049163261692e+00
1.260000000000000009e+00  -1.892579185877147074e-01  -1.006820508350138657e-02  1.788227100517002580e-02  -4.861025513521466390e-04  3.649135654994140054e-03
1.270000000000000018e+00  4.531073864887511071e+00  1.824100547852497423e+00  -5.060653553441370189e-02  1.316200413003755232e+00  1.466485439089986853e+00
1.270000000000000018e+00  -1.900763614358880194e-01  -1.022318171345603169e-02  1.801980707191529890e-02  -5.038170791479834598e-04  3.677052656285040300e-03
1.280000000000000027e+00  4.444321565926284023e+00  1.811961948426252356e+00  -4.796608079636664745e-02  1.314053733063748508e+00  1.459542904624608006e+00
1.280000000000000027e+00  -1.908899879253432574e-01  -1.037906056893573258e-02  1.815705659327488189e-02  -5.218880650791901665e-04  3.704718652877025953e-03
1.290000000000000036e+00  4.360804083388861940e+00  1.800256019345881864e+00  -4.549234863293132036e-02  1.311995154673639918e+00  1.452906871288543567e+00
1.290000000000000036e+00  -1.916983228842650266e-01  -1.053589066947937386e-02  1.829404419284108227e-02  -5.402106928911742934e-04  3.732195849417752065e-03
1.300000000000000044e+00  4.280401739005982975e+00  1.788957732060013628e+00  -4.317189118061224434e-02  1.310018915781106186e+00  1.446558534162449616e+00
1.300000000000000044e+00  -1.925009522263883555e-01  -1.069370557900103762e-02  1.843068522377531646e-02  -5.588924551886975678e-04  3.759441585273193276e-03
1.310000000000000053e+00  4.202988214430624758e+00  1.778044559245761436e+00  -4.099208896856248313e-02  1.308120773118146118e+00  1.440481789595484008e+00
1.310000000000000053e+00  -1.932976054935651722e-01  -1.085266397088384231e-02  1.856671258191032459e-02  -5.778033951120420397e-04  3.786914814396413753e-03
1.320000000000000062e+00  4.128463798847010757e+00  1.767495479308549111e+00  -3.893940119001620959e-02  1.306296090908912300e+00  1.434660460906998170e+00
1.320000000000000062e+00  -1.940882036301560809e-01  -1.101208155490215716e-02  1.870176776805115154e-02  -5.969825968987763076e-04  3.813843794355897820e-03
1.330000000000000071e+00  4.056712809404759312e+00  1.757291898691790921e+00  -3.702514112766838728e-02  1.304540851692987058e+00  1.429080393046235686e+00
1.330000000000000071e+00  -1.948719543131336440e-01  -1.117245123364756822e-02  1.883879737157917802e-02  -6.163961058471278953e-04  3.840612430642265096e-03
1.340000000000000080e+00  3.987619244760206350e+00  1.747414417051657454e+00  -3.520135796977998111e-02  1.302851413164114680e+00  1.423728576538202839e+00
1.340000000000000080e+00  -1.956496208295913086e-01  -1.133379497589824016e-02  1.897382943220020379e-02  -6.360205238433169761e-04  3.867158298945239103e-03
1.350000000000000089e+00  3.921078816410448198e+00  1.737848088900584953e+00  -3.348759627857072346e-02  1.301223977052169634e+00  1.418591298030272840e+00
1.350000000000000089e+00  -1.964207783380341188e-01  -1.149612767295392704e-02  1.910842246039395551e-02  -6.564726949120913702e-04  3.893473772128785981e-03
1.359999999999999876e+00  3.856981136985990766e+00  1.728577497556609943e+00  -3.186943699277684089e-02  1.299655833033765973e+00  1.413658440215343592e+00
1.359999999999999876e+00  -1.971854062447847555e-01  -1.165947389248450129e-02  1.924260277806041919e-02  -6.767800723819217268e-04  3.919615341965165811e-03
1.370000000000000107e+00  3.795227301285382548e+00  1.719588013479888655e+00  -3.034026957212065598e-02  1.298143904438085583e+00  1.408918738124780745e+00
1.370000000000000107e+00  -1.979434948781024495e-01  -1.182471001820388674e-02  1.937634562629851620e-02  -6.972873138516577640e-04  3.945489326097395555e-03
1.379999999999999893e+00  3.735710682636332880e+00  1.710866533037453729e+00  -2.889363186742694226e-02  1.296685196378486671e+00  1.404362079523280959e+00
1.379999999999999893e+00  -1.986948846944990577e-01  -1.198997458299953280e-02  1.950964252872153942e-02  -7.180438292253565891e-04  3.971200720491840919e-03
1.390000000000000124e+00  3.678345406516862148e+00  1.702400491622549472e+00  -2.752390718993834653e-02  1.295277240183014822e+00  1.399979158205758578e+00
1.390000000000000124e+00  -1.994401858416130491e-01  -1.215617739577034770e-02  1.964249252633661069e-02  -7.390152854890308376e-04  3.996683204817941260e-03
1.399999999999999911e+00  3.623031820473488818e+00  1.694178318736579536e+00  -2.622616224539747395e-02  1.293917393784128622e+00  1.395760608713836559e+00
1.399999999999999911e+00  -2.001782895261223216e-01  -1.232330396381829153e-02  1.977488103652265058e-02  -7.601761695051889589e-04  4.021923631720714098e-03
1.410000000000000142e+00  3.569685952737275958e+00  1.686189024002240577e+00  -2.499532255585627111e-02  1.292603287967260650e+00  1.391699146155289446e+00
1.410000000000000142e+00  -2.009096638222313824e-01  -1.249136478109527312e-02  1.990679708202555340e-02  -7.815333837192239841e-04  4.046943128810043255e-03
1.419999999999999929e+00  3.518220448730659644e+00  1.678422672259207049e+00  -2.382752315421962294e-02  1.291333836397253521e+00  1.387786091018655243e+00
1.419999999999999929e+00  -2.016344058015764884e-01  -1.266031373051216581e-02  2.003823370670022516e-02  -8.030952796713730635e-04  4.071622467887281438e-03
1.429999999999999938e+00  3.468556104316222299e+00  1.670869439809079537e+00  -2.271840706768579743e-02  1.290106205603838596e+00  1.384014494091312608e+00
1.429999999999999938e+00  -2.023525610939446995e-01  -1.283018007869419531e-02  2.016918595558263652e-02  -8.247992449672558735e-04  4.096426841973310751e-03
1.439999999999999947e+00  3.420608861283392255e+00  1.663520342650090411e+00  -2.166419490694025674e-02  1.288918400767229855e+00  1.380377907824608563e+00
1.439999999999999947e+00  -2.030641938832462023e-01  -1.300092983352287013e-02  2.029965163454970981e-02  -8.467211060961821190e-04  4.120807471461040983e-03
1.449999999999999956e+00  3.374309757158597822e+00  1.656366996530748370e+00  -2.066208216928376584e-02  1.287768498728040889e+00  1.376869630329563776e+00
1.449999999999999956e+00  -2.037688883260825312e-01  -1.317254286765450963e-02  2.042960689254470080e-02  -8.687293344863400435e-04  4.144962972238763754e-03
1.459999999999999964e+00  3.329589011608690363e+00  1.649401167812937441e+00  -1.970849160010089418e-02  1.286655600640057795e+00  1.373483420343352357e+00
1.459999999999999964e+00  -2.044671809851933697e-01  -1.334503090942436819e-02  2.055907684613389116e-02  -8.909634002629562843e-04  4.168922241759687175e-03
1.469999999999999973e+00  3.286370672064631293e+00  1.642615253390158125e+00  -1.880055639776254464e-02  1.285577916379431640e+00  1.370214411867338944e+00
1.469999999999999973e+00  -2.051589729910887061e-01  -1.351841768923515812e-02  2.069035372442680834e-02  -9.133716341110931225e-04  4.192625233135904850e-03
1.479999999999999982e+00  3.244595135633454586e+00  1.636002228770535361e+00  -1.793495340304711652e-02  1.284533162298040265e+00  1.367056520375050210e+00
1.479999999999999982e+00  -2.058441747797077892e-01  -1.369265015072730109e-02  2.081905830171612223e-02  -9.359507168041902858e-04  4.216097303890498083e-03
1.489999999999999991e+00  3.204198756299976303e+00  1.629555371179213896e+00  -1.710992038894977585e-02  1.283522342084882029e+00  1.364004958207576168e+00
1.489999999999999991e+00  -2.065228629956240014e-01  -1.386773148922489790e-02  2.094724452114096747e-02  -9.586364612851339118e-04  4.238642435601347458e-03
1.500000000000000000e+00  3.165122080184355813e+00  1.623268062170322379e+00  -1.632297360649269391e-02  1.282541016247889631e+00  1.361054908939512087e+00
1.500000000000000000e+00  -2.071950372497730897e-01  -1.404365752479870381e-02  2.107491734876846060e-02  -9.814753813442989028e-04  4.261641690582296249e-03
1.510000000000000009e+00  3.127309765996485247e+00  1.617135528599277006e+00  -1.557127691314076287e-02  1.281589431627689013e+00  1.358202672506940933e+00
1.510000000000000009e+00  -2.078609477746801437e-01  -1.422039963258039420e-02  2.120206385557397294e-02  -1.005495311830140182e-03  4.284431684429046427e-03
1.520000000000000018e+00  3.090705544588327136e+00  1.611149553054630923e+00  -1.485422698385787874e-02  1.280666089782509287e+00  1.355442870350052065e+00
1.520000000000000018e+00  -2.085202631957019104e-01  -1.439739655580787175e-02  2.132868774185944782e-02  -1.028722237545132145e-03  4.306976001129281251e-03
1.530000000000000027e+00  3.055260460133608191e+00  1.605305953693726195e+00  -1.416919400586223211e-02  1.279770053651350548e+00  1.352771513806559245e+00
1.530000000000000027e+00  -2.091732223089879383e-01  -1.457562209565713834e-02  2.145475913815337796e-02  -1.052090829587126741e-03  4.329301648816064052e-03
1.540000000000000036e+00  3.020926073605765261e+00  1.599599621671185412e+00  -1.351409783222149580e-02  1.278900254680411352e+00  1.350185567929229391e+00
1.540000000000000036e+00  -2.098198464511596972e-01  -1.475461146327176551e-02  2.158029183146307692e-02  -1.075657235218963059e-03  4.351434513725549458e-03
1.550000000000000044e+00  2.987653217626121460e+00  1.594025100502901138e+00  -1.288802995931840473e-02  1.278055825319773131e+00  1.347681181270493411e+00
1.550000000000000044e+00  -2.104600911924144890e-01  -1.493435835018003255e-02  2.170528415696136235e-02  -1.099270056516887806e-03  4.373321835431154270e-03
1.560000000000000053e+00  2.955401796647991297e+00  1.588578412107248372e+00  -1.228921057922024475e-02  1.277235796852294047e+00  1.345254998529396895e+00
1.560000000000000053e+00  -2.110940868425849881e-01  -1.511487296091324969e-02  2.182972020178440206e-02  -1.123059440626850147e-03  4.394952910107385868e-03
1.570000000000000062e+00  2.924124338222277686e+00  1.583254405517047214e+00  -1.171629213353110252e-02  1.276438580154046099e+00  1.342903866025135340e+00
1.570000000000000062e+00  -2.117211709247908968e-01  -1.529612068233607292e-02  2.195361030849042258e-02  -1.146965420037338035e-03  4.416370978681416481e-03
1.580000000000000071e+00  2.893784077120101994e+00  1.578048975188895531e+00  -1.116757651594561980e-02  1.275664366648014303e+00  1.340624384419281334e+00
1.580000000000000071e+00  -2.123425800857416668e-01  -1.547811973919734942e-02  2.207693698077081365e-02  -1.170939531516479448e-03  4.437549605908697181e-03
1.589999999999999858e+00  2.864343951996811022e+00  1.572958337126534545e+00  -1.064199955825140612e-02  1.274911368955043978e+00  1.338414013887653464e+00
1.589999999999999858e+00  -2.129578002532586389e-01  -1.566082610459735083e-02  2.219970907927707945e-02  -1.195037651615660224e-03  4.458530340946675885e-03
1.600000000000000089e+00  2.835765288936448858e+00  1.567978587352299336e+00  -1.013889494069359493e-02  1.274179601418901520e+00  1.336269939595896350e+00
1.600000000000000089e+00  -2.135669594485160583e-01  -1.584421684455078125e-02  2.232192781294150066e-02  -1.219352111868521327e-03  4.479250510376342476e-03
1.609999999999999876e+00  2.808012286890138043e+00  1.563105375865672997e+00  -9.656066812062515797e-03  1.273467318115349967e+00  1.334189122610781819e+00
1.609999999999999876e+00  -2.141698465900705173e-01  -1.602835071887069585e-02  2.244356539568906003e-02  -1.243645898722722798e-03  4.499735483102229594e-03
1.620000000000000107e+00  2.781056094189767069e+00  1.558336107396381287e+00  -9.193666671139879426e-03  1.272775296667084444e+00  1.332169909897448212e+00
1.620000000000000107e+00  -2.147667720894403942e-01  -1.621314389062978450e-02  2.256574458479812875e-02  -1.268127299416610398e-03  4.520045393345495377e-03
1.629999999999999893e+00  2.754861358487501022e+00  1.553666780273436743e+00  -8.750649322332364893e-03  1.272101645336832343e+00  1.330209254748365932e+00
1.629999999999999893e+00  -2.153576218413343901e-01  -1.639864644524172133e-02  2.268632697584590727e-02  -1.292659234987225680e-03  4.540065236106505253e-03
1.640000000000000124e+00  2.729401003495023570e+00  1.549094258736684493e+00  -8.324990519993333976e-03  1.271445610180427899e+00  1.328305088444860171e+00
1.640000000000000124e+00  -2.159423951711681167e-01  -1.658481390218192672e-02  2.280631711802428435e-02  -1.317338362903930360e-03  4.559839046698210829e-03
1.649999999999999911e+00  2.704645648261619684e+00  1.544615263022336205e+00  -7.916299299104805065e-03  1.270807245452022283e+00  1.326455312325897529e+00
1.649999999999999911e+00  -2.165212175528731242e-01  -1.677165885694623104e-02  2.292575352523875884e-02  -1.342017145220530949e-03  4.579404518282315095e-03
1.660000000000000142e+00  2.680565179880395110e+00  1.540227278767809072e+00  -7.524114755167248328e-03  1.270185940120671875e+00  1.324658103605275139e+00
1.660000000000000142e+00  -2.170941182279745862e-01  -1.695913679630560097e-02  2.304458841651808865e-02  -1.366866824773604883e-03  4.598720157340641101e-03
1.669999999999999929e+00  2.657137650480827951e+00  1.535927117005075004e+00  -7.147587885094996811e-03  1.269580570202622383e+00  1.322911186356758861e+00
1.669999999999999929e+00  -2.176610562441068375e-01  -1.714726501290975841e-02  2.316283781419248636e-02  -1.391798235460095512e-03  4.617819313220805633e-03
1.680000000000000160e+00  2.634336548478126261e+00  1.531712536486859122e+00  -6.786738444277004567e-03  1.268990706141813529e+00  1.321212791131783026e+00
1.680000000000000160e+00  -2.182222651490947352e-01  -1.733601211293706035e-02  2.328049550360451747e-02  -1.416731409705440647e-03  4.636683972966267400e-03
1.689999999999999947e+00  2.612140012150515389e+00  1.527580125428603441e+00  -6.439632796396235238e-03  1.268416487611274901e+00  1.319561483757502929e+00
1.689999999999999947e+00  -2.187775138205948211e-01  -1.752540623172302997e-02  2.339756030792857280e-02  -1.441869365737646902e-03  4.655281057942871684e-03
1.700000000000000178e+00  2.590521310101871144e+00  1.523527920711557293e+00  -6.106053409284687046e-03  1.267856614573545260e+00  1.317955007593907713e+00
1.700000000000000178e+00  -2.193269870782247333e-01  -1.771538876912214650e-02  2.351402719500401625e-02  -1.467002301907438522e-03  4.673709059832270932e-03
1.709999999999999964e+00  2.569457375450195702e+00  1.519553571958981220e+00  -5.785750090011695240e-03  1.267310940299783972e+00  1.316392133532543918e+00
1.709999999999999964e+00  -2.198706647285045002e-01  -1.790599524634934811e-02  2.362989700623397207e-02  -1.492208663804395208e-03  4.691864591283564229e-03
1.719999999999999973e+00  2.548937583335464385e+00  1.515654470515478636e+00  -5.477737529288166998e-03  1.266779287609569149e+00  1.314871096777108672e+00
1.719999999999999973e+00  -2.204086951728557453e-01  -1.809721277585579075e-02  2.374515751789004966e-02  -1.517596281687461079e-03  4.709788654658098039e-03
1.729999999999999982e+00  2.528935922341913667e+00  1.511828786077043851e+00  -5.181847822880569082e-03  1.266260762604425993e+00  1.313390582706463805e+00
1.729999999999999982e+00  -2.209410644868661233e-01  -1.828903044454128698e-02  2.385981978096698986e-02  -1.542874588077169928e-03  4.727507434555078270e-03
1.739999999999999991e+00  2.509435762542103099e+00  1.508074054871898051e+00  -4.897429904307627931e-03  1.265755192897028980e+00  1.311949576676697538e+00
1.739999999999999991e+00  -2.214677891009759203e-01  -1.848143997291340837e-02  2.397387476871696774e-02  -1.568376307402058467e-03  4.745007918486532361e-03
1.750000000000000000e+00  2.490418429849767801e+00  1.504388189292069633e+00  -4.623682131057701636e-03  1.265261531533100392e+00  1.310546077505698959e+00
1.750000000000000000e+00  -2.219888773586907726e-01  -1.867440677314823050e-02  2.408731434540946348e-02  -1.593853281772125707e-03  4.762256283297294779e-03
1.760000000000000009e+00  2.471867224625197590e+00  1.500769736709191005e+00  -4.360473502933765073e-03  1.264780785063161606e+00  1.309178690416619606e+00
1.760000000000000009e+00  -2.225044557437929615e-01  -1.886797249795061152e-02  2.420016017409193018e-02  -1.619353474987497710e-03  4.780043310412707136e-03
1.770000000000000018e+00  2.453763713489296450e+00  1.497216315066413284e+00  -4.107402413604117550e-03  1.264311240445814111e+00  1.307846943392654060e+00
1.770000000000000018e+00  -2.230145450096593374e-01  -1.906204322301250156e-02  2.431237536577969538e-02  -1.645014630241012354e-03  4.796918485836187962e-03
1.780000000000000027e+00  2.436095189800518757e+00  1.493726209465360499e+00  -3.863922603159912310e-03  1.263853235831466248e+00  1.306549230003718920e+00
1.780000000000000027e+00  -2.235191896230384612e-01  -1.925667966787967048e-02  2.442399408477637091e-02  -1.670689599799570629e-03  4.813561104873187446e-03
1.790000000000000036e+00  2.418846100850526426e+00  1.490297802505459845e+00  -3.629719925632759244e-03  1.263406030267446578e+00  1.305284050656949857e+00
1.790000000000000036e+00  -2.240183651592942971e-01  -1.945181396365680548e-02  2.453499017409678865e-02  -1.696475146217558266e-03  4.830045585340170256e-03
1.800000000000000044e+00  2.401999013649374959e+00  1.486928939667743199e+00  -3.404304887504679480e-03  1.262969093297827916e+00  1.304050860066951589e+00
1.800000000000000044e+00  -2.245121024710698687e-01  -1.964741516789520956e-02  2.464536519735554057e-02  -1.722188037772055813e-03  4.846236646075308130e-03
1.810000000000000053e+00  2.385544886245497320e+00  1.483618914729150751e+00  -3.187519905208010748e-03  1.262542795216426539e+00  1.302848727395178319e+00
1.810000000000000053e+00  -2.250014641306684604e-01  -1.984343461250587595e-02  2.475511719601308780e-02  -1.748112489664371133e-03  4.862244149723027320e-03
1.820000000000000062e+00  2.369468463816924775e+00  1.480365399468423160e+00  -2.978768439767395804e-03  1.262126322189512706e+00  1.301676027536779801e+00
1.820000000000000062e+00  -2.254846378548471253e-01  -2.003979985637507899e-02  2.486425110317105544e-02  -1.773955959777329464e-03  4.878027588839595197e-03
1.830000000000000071e+00  2.353755046374220505e+00  1.477167091625783968e+00  -2.778037065793414681e-03  1.261719975106115221e+00  1.300532301761581966e+00
1.830000000000000071e+00  -2.259625469827091226e-01  -2.023647873583068330e-02  2.497277646714318733e-02  -1.799942875060923583e-03  4.893608862411746863e-03
1.839999999999999858e+00  2.338396475441467892e+00  1.474022694576525350e+00  -2.584756034496166893e-03  1.261322927876586508e+00  1.299416759996476323e+00
1.839999999999999858e+00  -2.264352307275580567e-01  -2.043532788447534332e-02  2.508067662150809812e-02  -1.825939990928885336e-03  4.908954264647213961e-03
1.850000000000000089e+00  2.323379732403163533e+00  1.470930564366561777e+00  -2.398795233331085363e-03  1.260935062683455454e+00  1.298328030876265471e+00
1.850000000000000089e+00  -2.269026985197852564e-01  -2.063168825953312982e-02  2.518795815957722284e-02  -1.852001936353499766e-03  4.924080801032237886e-03
1.859999999999999876e+00  2.308694222231069126e+00  1.467889445120329706e+00  -2.219563546073103320e-03  1.260555781649664198e+00  1.297265238972827861e+00
1.859999999999999876e+00  -2.273651314702217763e-01  -2.082839969153548951e-02  2.529460070796721999e-02  -1.878059488081197485e-03  4.939024715587270187e-03
1.870000000000000107e+00  2.294327407720143874e+00  1.464898056703271445e+00  -2.047271949910996897e-03  1.260185195195689944e+00  1.296228209409522547e+00
1.870000000000000107e+00  -2.278223979483809392e-01  -2.102547734103852456e-02  2.540063041955995665e-02  -1.904183291343490396e-03  4.953728791270761711e-03
1.879999999999999893e+00  2.280271371544881909e+00  1.461955080160507237e+00  -1.881404174682518166e-03  1.259823107040799028e+00  1.295215622937584632e+00
1.879999999999999893e+00  -2.282747179296421292e-01  -2.122292707965492756e-02  2.550603036656754266e-02  -1.930386363487984584e-03  4.968231698165292975e-03
1.890000000000000124e+00  2.266516035285929487e+00  1.459059331144324512e+00  -1.721783596485027988e-03  1.259468953521735379e+00  1.294226849286117975e+00
1.890000000000000124e+00  -2.287218562425451518e-01  -2.142072091634750555e-02  2.561080708036283723e-02  -1.956106110381166871e-03  4.982504583544877796e-03
1.899999999999999911e+00  2.253050547672919901e+00  1.456209644176444717e+00  -1.568209566933509349e-03  1.259123252087471778e+00  1.293261165574300042e+00
1.899999999999999911e+00  -2.291641784174947849e-01  -2.161890282123971052e-02  2.571496863622578857e-02  -1.982317759465826099e-03  4.996595346230425783e-03
1.910000000000000142e+00  2.239868191709420753e+00  1.453404910283159213e+00  -1.420400158984190878e-03  1.258784685934101644e+00  1.292318296429865176e+00
1.910000000000000142e+00  -2.296014794646977220e-01  -2.181742111577960469e-02  2.581851254799169201e-02  -2.008379262406761925e-03  5.010472804477639208e-03
1.919999999999999929e+00  2.226958432919488917e+00  1.450644004882525318e+00  -1.278065525683610027e-03  1.258453638916310569e+00  1.291396325923648281e+00
1.919999999999999929e+00  -2.300339893138058922e-01  -2.201851826736236223e-02  2.592140799967944040e-02  -2.034735353482778827e-03  5.024207807212799359e-03
1.930000000000000160e+00  2.214313850227908276e+00  1.447925555694589805e+00  -1.141121110606848916e-03  1.258130006481826157e+00  1.290495989764790075e+00
1.930000000000000160e+00  -2.304616269886866908e-01  -2.221868111664779960e-02  2.602370168675889606e-02  -2.061054482777352915e-03  5.037671899124074315e-03
1.939999999999999947e+00  2.201925930493795036e+00  1.445250781889645619e+00  -1.007859906251708498e-03  1.257812983565766540e+00  1.289615960157629360e+00
1.939999999999999947e+00  -2.308847287297436934e-01  -2.242432183825679437e-02  2.612536327696892563e-02  -2.087245063308333128e-03  5.050908258150133001e-03
1.950000000000000178e+00  2.189787050374846444e+00  1.442614859231026614e+00  -8.808974544073006931e-04  1.257503309899835608e+00  1.288755803903321562e+00
1.950000000000000178e+00  -2.313027951012427696e-01  -2.262578870544569576e-02  2.622640495677864073e-02  -2.113647206898420020e-03  5.063969527597689257e-03
1.959999999999999964e+00  2.177889447371102793e+00  1.440018834640381495e+00  -7.588258739955719596e-04  1.257200209105814537e+00  1.287914894479343708e+00
1.959999999999999964e+00  -2.317162497747632388e-01  -2.282760142709387013e-02  2.632682377966068590e-02  -2.140024570765074879e-03  5.076823301039423697e-03
1.969999999999999973e+00  2.166229135920631599e+00  1.437461586771031419e+00  -6.415089550674039041e-04  1.256903672224592761e+00  1.287092861203281036e+00
1.969999999999999973e+00  -2.321249840049445790e-01  -2.302972054917243674e-02  2.642661872738738191e-02  -2.166376507737183266e-03  5.089472444639753235e-03
1.979999999999999982e+00  2.154796473573572069e+00  1.434942312270301779e+00  -5.285488492013713270e-04  1.256613607359994500e+00  1.286289048064479523e+00
1.979999999999999982e+00  -2.325290779597842250e-01  -2.323215253908793992e-02  2.652580067716005588e-02  -2.192769211841361088e-03  5.101943789951213226e-03
1.989999999999999991e+00  2.143584566991185714e+00  1.432459755823205949e+00  -4.197400286275708436e-04  1.256329195022245049e+00  1.285502911678732652e+00
1.989999999999999991e+00  -2.329286458821938910e-01  -2.343486387075455202e-02  2.662435230427786723e-02  -2.219109937881491579e-03  5.114182277005219213e-03
2.000000000000000000e+00  2.132590266245821375e+00  1.430013609380180961e+00  -3.153321420412049519e-04  1.256050812737694367e+00  1.284733645340881303e+00
2.000000000000000000e+00  -2.333235891937773532e-01  -2.363789520583499046e-02  2.672228074112329918e-02  -2.245502760385764685e-03  5.126243474227853980e-03
2.009999999999999787e+00  2.121803029040629784e+00  1.427603557038118254e+00  -2.144560051173319271e-04  1.255780880256720300e+00  1.283981201432126129e+00
2.009999999999999787e+00  -2.337145988902223359e-01  -2.384244647057578645e-02  2.682183736452483855e-02  -2.272974264951044265e-03  5.142060397784420367e-03
2.020000000000000018e+00  2.111218757355997067e+00  1.425227649291188170e+00  -1.181580842745111326e-04  1.255514315217266752e+00  1.283244939685527219e+00
2.020000000000000018e+00  -2.341008158427518582e-01  -2.404548396392443624e-02  2.691865865013615133e-02  -2.298199194901928699e-03  5.149493145046979414e-03
2.030000000000000249e+00  2.100832081484377056e+00  1.422885325070208040e+00  -2.545352827826915382e-05  1.255253350882754804e+00  1.282524601111637574e+00
2.030000000000000249e+00  -2.344825231672567345e-01  -2.424958689596826145e-02  2.701481472605273340e-02  -2.324599030609442174e-03  5.160993861283214024e-03
2.040000000000000036e+00  2.090637775067897941e+00  1.420575947716472998e+00  6.345648351344492302e-05  1.254997703381320440e+00  1.281819585471513312e+00
2.040000000000000036e+00  -2.348599093671392135e-01  -2.445397981815162700e-02  2.711035278663848427e-02  -2.350996568658558772e-03  5.172303312482418036e-03
2.049999999999999822e+00  2.080630119262896649e+00  1.418298999264976601e+00  1.493458041909563952e-04  1.254747197208577969e+00  1.281129505305251604e+00
2.049999999999999822e+00  -2.352329623715065099e-01  -2.465864765684175688e-02  2.720527396726234517e-02  -2.377386781885926226e-03  5.183399672060495789e-03
2.060000000000000053e+00  2.070804403617530376e+00  1.416053424510121728e+00  2.308915341567865064e-04  1.254501842723778404e+00  1.280453795503949221e+00
2.060000000000000053e+00  -2.356017234834291985e-01  -2.486358460615542554e-02  2.729957398482970796e-02  -2.403747918574339337e-03  5.194265395416119979e-03
2.070000000000000284e+00  2.061155916512071418e+00  1.413838802512915604e+00  3.094402036001053270e-04  1.254261463562833523e+00  1.279792506151778086e+00
2.070000000000000284e+00  -2.359662915841530262e-01  -2.506879152001082606e-02  2.739326525058865397e-02  -2.430107041223372732e-03  5.204956990955356133e-03
2.080000000000000071e+00  2.051679491632142138e+00  1.411654374774278464e+00  3.847122110678734101e-04  1.254025810689396003e+00  1.279144831565319773e+00
2.080000000000000071e+00  -2.363266440175575411e-01  -2.527425770383822171e-02  2.748630213266963634e-02  -2.456471885147637479e-03  5.215491090135526697e-03
2.089999999999999858e+00  2.042370472008649074e+00  1.409499624652802430e+00  4.568583412337874107e-04  1.253795159425063588e+00  1.278510360307388183e+00
2.089999999999999858e+00  -2.366829032440539715e-01  -2.547996789142097096e-02  2.757877667293437418e-02  -2.482861082378051698e-03  5.225855392822831291e-03
2.100000000000000089e+00  2.033225339133696519e+00  1.407373120898567809e+00  5.301602463317024380e-04  1.253569070841597188e+00  1.277889100767142905e+00
2.100000000000000089e+00  -2.370349210185229427e-01  -2.568587317319161178e-02  2.767060304895926567e-02  -2.509308463155224267e-03  5.236078997800319712e-03
2.110000000000000320e+00  2.024239188130183997e+00  1.405275608669192211e+00  5.972506668034498201e-04  1.253347535132290025e+00  1.277280335582278159e+00
2.110000000000000320e+00  -2.373829434765258872e-01  -2.589202868609877944e-02  2.776185780336339060e-02  -2.535749086968408506e-03  5.246135985508493249e-03
2.120000000000000107e+00  2.015407866998141007e+00  1.403205957332494425e+00  6.614940498273068781e-04  1.253130080562774751e+00  1.276684063440365113e+00
2.120000000000000107e+00  -2.377270363400423303e-01  -2.609838536574373563e-02  2.785250157825094885e-02  -2.562055718706601759e-03  5.256029325694133725e-03
2.129999999999999893e+00  2.006727619283995345e+00  1.401163431283227734e+00  7.231272203344584187e-04  1.252917131421359409e+00  1.276099772231576557e+00
2.129999999999999893e+00  -2.380671187551587353e-01  -2.630275119321315649e-02  2.794253131763510881e-02  -2.588393593724536146e-03  5.265728615036602278e-03
2.140000000000000124e+00  1.998194579360839995e+00  1.399147567035021522e+00  7.822307637726216151e-04  1.252708343098097421e+00  1.275527308673901405e+00
2.140000000000000124e+00  -2.384032941173170883e-01  -2.650914474958512498e-02  2.803196703070718124e-02  -2.614709469568321509e-03  5.275288696397595345e-03
2.150000000000000355e+00  1.989805104119543033e+00  1.397157699579994139e+00  8.387808118146260639e-04  1.252503656565105761e+00  1.274966064906376761e+00
2.150000000000000355e+00  -2.387355502011108410e-01  -2.671571148087305975e-02  2.812079737370807436e-02  -2.641004586608097782e-03  5.284658166072042640e-03
2.160000000000000142e+00  1.981555092269651208e+00  1.395193456736133486e+00  8.928070087034405480e-04  1.252302891099153159e+00  1.274416206450965428e+00
2.160000000000000142e+00  -2.390639799167617319e-01  -2.692234292055194211e-02  2.820900969635922045e-02  -2.667285276961250950e-03  5.293731865360307154e-03
2.169999999999999929e+00  1.973441931182304376e+00  1.393254158928959541e+00  9.446305753765698622e-04  1.252106013775497351e+00  1.273876979141920884e+00
2.169999999999999929e+00  -2.393886039217945627e-01  -2.712921628283270284e-02  2.829663685126582867e-02  -2.693533474930842608e-03  5.302723546149912259e-03
2.179999999999999716e+00  1.965461421653444951e+00  1.391339436049550571e+00  9.941333944657728891e-04  1.251912917959861815e+00  1.273348401293295851e+00
2.179999999999999716e+00  -2.397094744843699388e-01  -2.733622983749503521e-02  2.838366893139148556e-02  -2.719775944542646151e-03  5.311527611105981705e-03
2.189999999999999947e+00  1.957610666752731099e+00  1.389448744205607600e+00  1.041487121407831933e-03  1.251723529076800512e+00  1.272829978854625121e+00
2.189999999999999947e+00  -2.400266388023023223e-01  -2.754338099489298669e-02  2.847011071866240028e-02  -2.745973997425155133e-03  5.320182498387282521e-03
2.200000000000000178e+00  1.949886747347959304e+00  1.387581626444952532e+00  1.086702725336736140e-03  1.251537645900146156e+00  1.272321882398519621e+00
2.200000000000000178e+00  -2.403400752530693296e-01  -2.775066127876569394e-02  2.855595582863335383e-02  -2.772165398389980773e-03  5.328667266272013592e-03
2.209999999999999964e+00  1.942286396493443146e+00  1.385737636214724677e+00  1.129788482616459009e-03  1.251355456434152913e+00  1.271823570380483437e+00
2.209999999999999964e+00  -2.406499393896633365e-01  -2.795805697772610690e-02  2.864121168370746887e-02  -2.798318623850493125e-03  5.336992469966661545e-03
2.219999999999999751e+00  1.934807698106111751e+00  1.383916222433166476e+00  1.171001224304016623e-03  1.251176570166938617e+00  1.271334732293836867e+00
2.219999999999999751e+00  -2.409559584985896952e-01  -2.816557342523258456e-02  2.872587577225675648e-02  -2.824442910616120628e-03  5.345152713207901307e-03
2.229999999999999982e+00  1.927445895887372362e+00  1.382117123715369988e+00  1.210252150530350757e-03  1.251001053317968958e+00  1.270855183149169676e+00
2.229999999999999982e+00  -2.412586405668224465e-01  -2.837319161054623409e-02  2.880995078527445394e-02  -2.850541993762556459e-03  5.353139399191908510e-03
2.240000000000000213e+00  1.920198507739327987e+00  1.380339824625758549e+00  1.247682870134416734e-03  1.250828935470093883e+00  1.270384664168837219e+00
2.240000000000000213e+00  -2.415578105577687040e-01  -2.858091925131828887e-02  2.889345052451460644e-02  -2.876617206472031896e-03  5.360984981387151294e-03
2.250000000000000000e+00  1.913063943417082413e+00  1.378583822835407480e+00  1.283271412125207333e-03  1.250659777191794664e+00  1.269923170020480940e+00
2.250000000000000000e+00  -2.418534990483635072e-01  -2.878873136503519101e-02  2.897636173971935777e-02  -2.902648398564022791e-03  5.368669496304434574e-03
2.259999999999999787e+00  1.906038765671424828e+00  1.376848946975581800e+00  1.317152886216892225e-03  1.250493961941370413e+00  1.269470433355770034e+00
2.259999999999999787e+00  -2.421457804968069338e-01  -2.899662073006205668e-02  2.905869538390395621e-02  -2.928642897400801637e-03  5.376199348272492351e-03
2.270000000000000018e+00  1.899120992592226775e+00  1.375134553684919769e+00  1.349346105547397610e-03  1.250331192844640560e+00  1.269026090248583261e+00
2.270000000000000018e+00  -2.424346642101221638e-01  -2.920459800485776178e-02  2.914045338816096536e-02  -2.954607769872552581e-03  5.383599440919373258e-03
2.280000000000000249e+00  1.892307957621830905e+00  1.373440292031733456e+00  1.379883536881679890e-03  1.250171202087966948e+00  1.268589709113798536e+00
2.280000000000000249e+00  -2.427201643866384317e-01  -2.941264182055001314e-02  2.922163423195733162e-02  -2.980534910682841598e-03  5.390818948592834836e-03
2.290000000000000036e+00  1.885597167618470626e+00  1.371766020490306159e+00  1.408880958958541423e-03  1.250014336952643745e+00  1.268161823455260073e+00
2.290000000000000036e+00  -2.430023764976467771e-01  -2.962074397394902706e-02  2.930223780252117979e-02  -3.006423369742661222e-03  5.397888487521318446e-03
2.299999999999999822e+00  1.878986632428624182e+00  1.370111064089531761e+00  1.436239463472105708e-03  1.249860336146296991e+00  1.267741437888695977e+00
2.299999999999999822e+00  -2.432813183481746799e-01  -2.982891155141792830e-02  2.938226919420883210e-02  -3.032273854076450448e-03  5.404841644615077101e-03
2.310000000000000053e+00  1.872473711405626018e+00  1.368475191804210178e+00  1.462330649386014113e-03  1.249708810802247161e+00  1.267329039322633744e+00
2.310000000000000053e+00  -2.435569764202887288e-01  -3.003711542030174098e-02  2.946173409853567599e-02  -3.058077224260769000e-03  5.411639409338975248e-03
2.320000000000000284e+00  1.866056694824528961e+00  1.366858191489258578e+00  1.486822525282382535e-03  1.249560493193649480e+00  1.266923947426790154e+00
2.320000000000000284e+00  -2.438294764955533100e-01  -3.024536880748318612e-02  2.954063398385934486e-02  -3.083840534930493149e-03  5.418279616136945087e-03
2.330000000000000071e+00  1.859733193393421580e+00  1.365259589321208722e+00  1.509961746821754380e-03  1.249414534206672478e+00  1.266526178910364342e+00
2.330000000000000071e+00  -2.440988403438252852e-01  -3.045365489448731075e-02  2.961897395576287145e-02  -3.109563067216103427e-03  5.424766095965205537e-03
2.339999999999999858e+00  1.853501203905115524e+00  1.363679048376298164e+00  1.531749808653258072e-03  1.249271151038070071e+00  1.266135820588403904e+00
2.339999999999999858e+00  -2.443650896106455139e-01  -3.066196331620219331e-02  2.969674315287588323e-02  -3.135249041363308287e-03  5.431126536937336269e-03
2.350000000000000089e+00  1.847358635092982038e+00  1.362116335214063279e+00  1.552232874815410177e-03  1.249130436101383079e+00  1.265752160232693546e+00
2.350000000000000089e+00  -2.446281951763818463e-01  -3.087030615395158425e-02  2.977396246903650859e-02  -3.160870092156597977e-03  5.437358947905202022e-03
2.360000000000000320e+00  1.841303669440240709e+00  1.360571006331803057e+00  1.571513176490913540e-03  1.248992271769887585e+00  1.265375552674457671e+00
2.360000000000000320e+00  -2.448883031027152546e-01  -3.107864512728109735e-02  2.985061719618016529e-02  -3.186453947971235046e-03  5.443464334634828816e-03
2.370000000000000107e+00  1.835334632513835551e+00  1.359042888908711832e+00  1.589563893471560843e-03  1.248856466624935324e+00  1.265005628828335338e+00
2.370000000000000107e+00  -2.451453778841413689e-01  -3.128699936207179205e-02  2.992672008325537175e-02  -3.211994766811665514e-03  5.449402944951664551e-03
2.379999999999999893e+00  1.829449375791351695e+00  1.357531560754625222e+00  1.606338922929856795e-03  1.248722936500956227e+00  1.264642104654762234e+00
2.379999999999999893e+00  -2.453995223484805588e-01  -3.149534924830778987e-02  3.000227158618571158e-02  -3.237483909800276116e-03  5.455217147528945709e-03
2.390000000000000124e+00  1.823646327874352657e+00  1.356036854304032424e+00  1.622106549149981243e-03  1.248592146453727736e+00  1.264285054421448562e+00
2.390000000000000124e+00  -2.456507254067365476e-01  -3.170370710841931977e-02  3.007728187436817593e-02  -3.262920017493842195e-03  5.460914572100072917e-03
2.400000000000000355e+00  1.817923656117323539e+00  1.354558471332288461e+00  1.636728924887589313e-03  1.248463214896043505e+00  1.263934209288824606e+00
2.400000000000000355e+00  -2.458990199209554195e-01  -3.191204068680672523e-02  3.015174175011019544e-02  -3.288307200591922275e-03  5.466437732266071770e-03
2.410000000000000142e+00  1.812279724332427122e+00  1.353095978053218351e+00  1.650238839156561348e-03  1.248336661836252359e+00  1.263589392445988224e+00
2.410000000000000142e+00  -2.461444801051244635e-01  -3.212036234714446548e-02  3.022565301848405966e-02  -3.313641150388013656e-03  5.471867636082650144e-03
2.419999999999999929e+00  1.806712816904875840e+00  1.351649183103178942e+00  1.662740483353246758e-03  1.248212287199446768e+00  1.263250716158843323e+00
2.419999999999999929e+00  -2.463871024547573119e-01  -3.232865092562237086e-02  3.029902913434310424e-02  -3.338916725704077493e-03  5.477154984016574524e-03
2.429999999999999716e+00  1.801221675437938652e+00  1.350217933057499042e+00  1.674233474789821622e-03  1.248090037990288392e+00  1.262917826804929033e+00
2.429999999999999716e+00  -2.466269122007753722e-01  -3.253691302302123139e-02  3.037186171126469297e-02  -3.364134890209702355e-03  5.482334933434751534e-03
2.439999999999999947e+00  1.795804160284081519e+00  1.348801939581418141e+00  1.684249327145916769e-03  1.247969841399948709e+00  1.262590775608044336e+00
2.439999999999999947e+00  -2.468646088187333998e-01  -3.274514104492729644e-02  3.044415734184080166e-02  -3.389320025396158620e-03  5.487376800309862190e-03
2.450000000000000178e+00  1.790459322852116397e+00  1.347400800800019338e+00  1.693795588877473153e-03  1.247851856724948361e+00  1.262269264467222651e+00
2.450000000000000178e+00  -2.470989813500219789e-01  -3.295332649523808471e-02  3.051593116814893536e-02  -3.414437844789119936e-03  5.492286165282411758e-03
2.459999999999999964e+00  1.785185581931246546e+00  1.346014346823176222e+00  1.702422628617770127e-03  1.247735676319867926e+00  1.261952997276233779e+00
2.459999999999999964e+00  -2.473306917885372824e-01  -3.316144827330554101e-02  3.058717309095694559e-02  -3.439489556089303512e-03  5.497088794911064724e-03
2.469999999999999751e+00  1.779981538506199890e+00  1.344642404924767831e+00  1.710171091434571199e-03  1.247621547081094961e+00  1.261642240634792023e+00
2.469999999999999751e+00  -2.475597372375322458e-01  -3.336952581300924037e-02  3.065787747051929371e-02  -3.464487932319348928e-03  5.501756147743064318e-03
2.479999999999999982e+00  1.774845774564566270e+00  1.343284674107330767e+00  1.717085823083470443e-03  1.247509389773637345e+00  1.261336761050469102e+00
2.479999999999999982e+00  -2.477861640721930048e-01  -3.357754044761595419e-02  3.072806480544944610e-02  -3.489428007844019852e-03  5.506321557908089304e-03
2.490000000000000213e+00  1.769776720538947190e+00  1.341940888628230688e+00  1.723158860597214393e-03  1.247398965416427696e+00  1.261036271092532690e+00
2.490000000000000213e+00  -2.480100226804544672e-01  -3.378548075795963918e-02  3.079772432918717953e-02  -3.514307993897070048e-03  5.510754466648171146e-03
2.500000000000000000e+00  1.764773271583041092e+00  1.340610909403048723e+00  1.728436793545707522e-03  1.247290490122430651e+00  1.260740956002119662e+00
2.500000000000000000e+00  -2.482313277532466333e-01  -3.399336531774720810e-02  3.086688042429596920e-02  -3.539128212970199527e-03  5.515095162351490998e-03
2.509999999999999787e+00  1.759834182411052161e+00  1.339294415995203602e+00  1.732975246587835751e-03  1.247183742573332976e+00  1.260450533706656939e+00
2.509999999999999787e+00  -2.484501182510320261e-01  -3.420115725220034680e-02  3.093550614548665895e-02  -3.563884257975158398e-03  5.519309174078612656e-03
2.520000000000000018e+00  1.754958167166111416e+00  1.337991345076727789e+00  1.736748607050501861e-03  1.247078838622379671e+00  1.260164777767445399e+00
2.520000000000000018e+00  -2.486664653527321800e-01  -3.440886004342150195e-02  3.100361696192628982e-02  -3.588578743962789197e-03  5.523377623629310840e-03
2.530000000000000249e+00  1.750143863761138618e+00  1.336701320201930665e+00  1.739799410111811905e-03  1.246975649038722933e+00  1.259883801261077130e+00
2.530000000000000249e+00  -2.488803305416775191e-01  -3.461648805516370081e-02  3.107122955589576921e-02  -3.613213922919911170e-03  5.527368272403632155e-03
2.540000000000000036e+00  1.745390395185751675e+00  1.335424298310157631e+00  1.742134976905658364e-03  1.246874249245387478e+00  1.259607547611260259e+00
2.540000000000000036e+00  -2.490918063957067718e-01  -3.482401636279431473e-02  3.113833290801545223e-02  -3.637782587387228261e-03  5.531244590417094820e-03
2.549999999999999822e+00  1.740696298771910122e+00  1.334159856343334338e+00  1.743821481374043057e-03  1.246774403217020266e+00  1.259335627269746238e+00
2.549999999999999822e+00  -2.493008721234076797e-01  -3.503144254252252981e-02  3.120492772966804162e-02  -3.662284580638774933e-03  5.535015215031302560e-03
2.560000000000000053e+00  1.736060691133389344e+00  1.332907979513014540e+00  1.744935897243618788e-03  1.246676188964694010e+00  1.259068230218097773e+00
2.560000000000000053e+00  -2.495075952683506459e-01  -3.523875856765084497e-02  3.127101912176660087e-02  -3.686715523739336753e-03  5.538672546738676594e-03
2.570000000000000284e+00  1.731482245830604727e+00  1.331668469513874076e+00  1.745345574887393041e-03  1.246579465523360852e+00  1.258805087730969108e+00
2.570000000000000284e+00  -2.497119852029602294e-01  -3.544596772213461089e-02  3.133660874543846980e-02  -3.711083270612092200e-03  5.542232097500487953e-03
2.580000000000000071e+00  1.726960204365653340e+00  1.330441113419139176e+00  1.745134544174187664e-03  1.246484574434384429e+00  1.258546376821483959e+00
2.580000000000000071e+00  -2.499141062047895712e-01  -3.565305879227412961e-02  3.140171570988331551e-02  -3.735388729164790256e-03  5.545701567814309563e-03
2.589999999999999858e+00  1.722493389893163140e+00  1.329225679731650178e+00  1.744349598403195775e-03  1.246391018101076442e+00  1.258291501541066060e+00
2.589999999999999858e+00  -2.501139694225946730e-01  -3.586002769601173701e-02  3.146631220515026112e-02  -3.759618402540354509e-03  5.549036889937686290e-03
2.600000000000000089e+00  1.718080549006314683e+00  1.328021928405438423e+00  1.743012254159544703e-03  1.246299026016622014e+00  1.258040819969770574e+00
2.600000000000000089e+00  -2.503115721312271225e-01  -3.606686092008017097e-02  3.153042357889670327e-02  -3.783784168290171834e-03  5.552285116172117618e-03
2.610000000000000320e+00  1.713720938390965287e+00  1.326829748918475271e+00  1.741027920707356735e-03  1.246208414306411383e+00  1.257794294440188754e+00
2.610000000000000320e+00  -2.505069925183214807e-01  -3.627357558132525417e-02  3.159405474511721434e-02  -3.807880810784203263e-03  5.555434385315916046e-03
2.620000000000000107e+00  1.709413653560450053e+00  1.325649031903582076e+00  1.738615081455984097e-03  1.246119306567205376e+00  1.257551555835837220e+00
2.620000000000000107e+00  -2.507002504587604319e-01  -3.648014464997455936e-02  3.165719242199543926e-02  -3.831907360279940278e-03  5.558479610149102967e-03
2.629999999999999893e+00  1.705157690091319900e+00  1.324479055321708065e+00  1.738588476750765714e-03  1.246031555667377777e+00  1.257312594401273742e+00
2.629999999999999893e+00  -2.508912624966787019e-01  -3.668657789059234092e-02  3.171985406194763324e-02  -3.855865139900882532e-03  5.561429150202079619e-03
2.640000000000000124e+00  1.700952137238210149e+00  1.323320702067745991e+00  1.735326158066435951e-03  1.245945461330473014e+00  1.257077522500782862e+00
2.640000000000000124e+00  -2.510802835919927478e-01  -3.689286716248545150e-02  3.178203862987788453e-02  -3.879748538837546334e-03  5.564284773843297671e-03
2.650000000000000355e+00  1.696795869049473549e+00  1.322173273962190310e+00  1.731486759620932958e-03  1.245860512865171854e+00  1.256846010433950722e+00
2.650000000000000355e+00  -2.512672246446086000e-01  -3.709900407915475012e-02  3.184374578180913101e-02  -3.903557262096124525e-03  5.567049186005035288e-03
2.660000000000000142e+00  1.692688187873415240e+00  1.321036559217365847e+00  1.727219987926884720e-03  1.245776787117782280e+00  1.256618060224506728e+00
2.660000000000000142e+00  -2.514520999125114953e-01  -3.730497989971819084e-02  3.190498123356191873e-02  -3.927301560508134060e-03  5.569718955833802276e-03
2.669999999999999929e+00  1.688628320783476910e+00  1.319910408098372345e+00  1.722377404711759527e-03  1.245694656680728984e+00  1.256393667126218805e+00
2.669999999999999929e+00  -2.516349414286201958e-01  -3.751080044808884767e-02  3.196574462041981007e-02  -3.950977063469029993e-03  5.572286782218993650e-03
2.679999999999999716e+00  1.684615276868234313e+00  1.318794722722072876e+00  1.717319596535107689e-03  1.245613575608159884e+00  1.256172875312778769e+00
2.679999999999999716e+00  -2.518157903409730669e-01  -3.771645448055330890e-02  3.202603642923975563e-02  -3.974560617260647355e-03  5.574771832968394847e-03
2.689999999999999947e+00  1.680648150965341259e+00  1.317689345854894389e+00  1.711740140046558991e-03  1.245533867046538790e+00  1.255955506204037286e+00
2.689999999999999947e+00  -2.519946687085887760e-01  -3.792194676033118494e-02  3.208586980294698965e-02  -3.998082720827134118e-03  5.577177726965532045e-03
2.700000000000000178e+00  1.676726822349956292e+00  1.316594098625740950e+00  1.705785408514765011e-03  1.245455269631313033e+00  1.255741338495080184e+00
2.700000000000000178e+00  -2.521716238209633087e-01  -3.812725195246947918e-02  3.214523958583866137e-02  -4.021528141259000932e-03  5.579503280306097324e-03
2.709999999999999964e+00  1.672849548138752196e+00  1.315508920849114638e+00  1.699483148739784708e-03  1.245378034491077868e+00  1.255530443019506448e+00
2.709999999999999964e+00  -2.523466714966338675e-01  -3.833238437366442986e-02  3.220415508766387436e-02  -4.044899452429695508e-03  5.581723863455456680e-03
2.719999999999999751e+00  1.669016215362868039e+00  1.314433569286904468e+00  1.692734942027024738e-03  1.245301987573495861e+00  1.255322750019361333e+00
2.719999999999999751e+00  -2.525198089531596746e-01  -3.853733552721562428e-02  3.226261763925165199e-02  -4.068194222385135284e-03  5.583865997328740782e-03
2.729999999999999982e+00  1.665225661710946659e+00  1.313367851837140332e+00  1.685824209488907604e-03  1.245226933843937234e+00  1.255118182785945891e+00
2.729999999999999982e+00  -2.526910669020924760e-01  -3.874209776434424379e-02  3.232061484644677130e-02  -4.091413657929199310e-03  5.585910880574918025e-03
2.740000000000000213e+00  1.661477441859540383e+00  1.312311778759614800e+00  1.678498435615710443e-03  1.245153142837622129e+00  1.254916662066629884e+00
2.740000000000000213e+00  -2.528604951433154890e-01  -3.894667217840519502e-02  3.237816794596787284e-02  -4.114551908561026039e-03  5.587902919569565086e-03
2.750000000000000000e+00  1.657770916814627515e+00  1.311265192647182110e+00  1.670760400643489605e-03  1.245080479728283507e+00  1.254718338012075884e+00
2.750000000000000000e+00  -2.530281511349229961e-01  -3.915104520444271513e-02  3.243527494473180672e-02  -4.137624999495881362e-03  5.589771218101557970e-03
2.759999999999999787e+00  1.654105139495639865e+00  1.310227922945458756e+00  1.662772754005600873e-03  1.245008988234441949e+00  1.254522856900538885e+00
2.759999999999999787e+00  -2.531940071254592528e-01  -3.935522921479762265e-02  3.249194525093049291e-02  -4.160610190464320013e-03  5.591599433337313130e-03
2.770000000000000018e+00  1.650479467267666811e+00  1.309199875697831139e+00  1.654443392931849617e-03  1.244938416569762341e+00  1.254330195124586877e+00
2.770000000000000018e+00  -2.533581087316626457e-01  -3.955920068661176320e-02  3.254816614867406949e-02  -4.183506989957286315e-03  5.593331200336559839e-03
2.780000000000000249e+00  1.646893351153346563e+00  1.308180863696564167e+00  1.645894836625753661e-03  1.244869066490240872e+00  1.254140512571362942e+00
2.780000000000000249e+00  -2.535205089626942909e-01  -3.976297500749934044e-02  3.260396042626322738e-02  -4.206343090873865265e-03  5.594982029919148836e-03
2.790000000000000036e+00  1.643346282367486477e+00  1.307170770954207084e+00  1.637075126248490600e-03  1.244800635255130627e+00  1.253953566734477665e+00
2.790000000000000036e+00  -2.536811591335250138e-01  -3.996653165262771534e-02  3.265931271410093401e-02  -4.229094864669491471e-03  5.596558964114595192e-03
2.799999999999999822e+00  1.639837436524873127e+00  1.306169579782784362e+00  1.627950743805383575e-03  1.244733295863874822e+00  1.253769525953544406e+00
2.799999999999999822e+00  -2.538401578244532386e-01  -4.016987340027587672e-02  3.271423130117850214e-02  -4.251764628390497514e-03  5.598062748951027068e-03
2.810000000000000053e+00  1.636365976551501511e+00  1.305177072369926972e+00  1.618574181419606128e-03  1.244666756688684206e+00  1.253588051631086220e+00
2.810000000000000053e+00  -2.539974897724690539e-01  -4.037300253791895749e-02  3.276872639730953052e-02  -4.274359731374688387e-03  5.599504205589467265e-03
2.820000000000000284e+00  1.632931759263617888e+00  1.304193113797926573e+00  1.608924958634277286e-03  1.244601372724488453e+00  1.253409097990900500e+00
2.820000000000000284e+00  -2.541531696170723498e-01  -4.057590190549961034e-02  3.282278285319610578e-02  -4.296875928223919949e-03  5.600844019514883421e-03
2.830000000000000071e+00  1.629533666038106343e+00  1.303217679009814667e+00  1.599082122573149481e-03  1.244536966397505440e+00  1.253232967140712528e+00
2.830000000000000071e+00  -2.543072256934131303e-01  -4.077858433870893556e-02  3.287643049050870125e-02  -4.319314337275392823e-03  5.602139131162559016e-03
2.839999999999999858e+00  1.626171599107425481e+00  1.302250691956995832e+00  1.589079144439604994e-03  1.244473478370144992e+00  1.253059527443025178e+00
2.839999999999999858e+00  -2.544597302562251473e-01  -4.098102727560382075e-02  3.292965076553708292e-02  -4.341664893954821913e-03  5.603331873757999571e-03
2.850000000000000089e+00  1.622844546873420057e+00  1.301291834005354087e+00  1.578716205606894114e-03  1.244411018778771361e+00  1.252888242936741836e+00
2.850000000000000089e+00  -2.546106572174888227e-01  -4.118325100297427072e-02  3.298245123102866438e-02  -4.363936477893459731e-03  5.604482441119745806e-03
2.860000000000000320e+00  1.619552412029269917e+00  1.300341144069441457e+00  1.568245887619027770e-03  1.244349280473233010e+00  1.252719554564650117e+00
2.860000000000000320e+00  -2.547600075449469870e-01  -4.138523040005633036e-02  3.303483969929756070e-02  -4.386124171249947308e-03  5.605563381028799697e-03
2.870000000000000107e+00  1.616294802560955146e+00  1.299398497848793355e+00  1.557633819618838835e-03  1.244288454920043696e+00  1.252553454810399369e+00
2.870000000000000107e+00  -2.549081174933752747e-01  -4.158696833332133774e-02  3.308681029760596887e-02  -4.408241246972739377e-03  5.606572615818095073e-03
2.879999999999999893e+00  1.613070338267436732e+00  1.298463831316031714e+00  1.546739792807909917e-03  1.244228703245977563e+00  1.252389496562670956e+00
2.879999999999999893e+00  -2.550544812417764318e-01  -4.178846800307199627e-02  3.313837662566973541e-02  -4.430265111461318545e-03  5.607507940683764680e-03
2.890000000000000124e+00  1.609879105465561233e+00  1.297537082331757574e+00  1.535683880657945366e-03  1.244169580046729395e+00  1.252227874687093179e+00
2.890000000000000124e+00  -2.551993947787310479e-01  -4.198971617227258840e-02  3.318953297551213016e-02  -4.452215736056475137e-03  5.608381474156209912e-03
2.900000000000000355e+00  1.606720533439563336e+00  1.296617990541311549e+00  1.524494260323996236e-03  1.244111634003442157e+00  1.252068611808506482e+00
2.900000000000000355e+00  -2.553428245496758842e-01  -4.219072143728445218e-02  3.324029807204357395e-02  -4.474086102724882802e-03  5.609193134462064911e-03
2.910000000000000142e+00  1.603593778624723853e+00  1.295706623240653110e+00  1.513123320563674462e-03  1.244054277018716848e+00  1.251911572953976481e+00
2.910000000000000142e+00  -2.554848467234682730e-01  -4.239147309615429182e-02  3.329065601122208062e-02  -4.495858560457246730e-03  5.609945332269772322e-03
2.919999999999999929e+00  1.600498729239104412e+00  1.294802627309085796e+00  1.501621972330479445e-03  1.243997868386994776e+00  1.251756821056222213e+00
2.919999999999999929e+00  -2.556254289817400105e-01  -4.259196634749611021e-02  3.334061741759162395e-02  -4.517565588776317059e-03  5.610635759826232416e-03
2.929999999999999716e+00  1.597434902711763360e+00  1.293906163365904582e+00  1.489934465095209791e-03  1.243942296254659796e+00  1.251604167201392226e+00
2.929999999999999716e+00  -2.557646042150018562e-01  -4.279219277070574895e-02  3.339017550805233048e-02  -4.539185262300316284e-03  5.611246167681827046e-03
2.939999999999999947e+00  1.594401582050245292e+00  1.293017149566135338e+00  1.478115072761080045e-03  1.243887209432220642e+00  1.251453685808397776e+00
2.939999999999999947e+00  -2.559024819515894889e-01  -4.299215991567216510e-02  3.343934267850316028e-02  -4.560720188075122195e-03  5.611818663324052991e-03
2.950000000000000178e+00  1.591398522603527654e+00  1.292135282541727381e+00  1.466182862670534302e-03  1.243833005812183812e+00  1.251305309056297776e+00
2.950000000000000178e+00  -2.560389463489989859e-01  -4.319187178159321350e-02  3.348812571490826506e-02  -4.582171257040131701e-03  5.612331352947252938e-03
2.959999999999999964e+00  1.588425131349049391e+00  1.291260681024914980e+00  1.454142189600972791e-03  1.243779742432601143e+00  1.251158925671103095e+00
2.959999999999999964e+00  -2.561741110177664926e-01  -4.339131657878075171e-02  3.353651990722893855e-02  -4.603546578098730371e-03  5.612769150876495416e-03
2.969999999999999751e+00  1.585480804153619916e+00  1.290393101777811857e+00  1.441994931167960708e-03  1.243727184574151989e+00  1.251014607241481835e+00
2.969999999999999751e+00  -2.563079289173586517e-01  -4.359047631564044040e-02  3.358452612674067000e-02  -4.624822709081058414e-03  5.613162752266420696e-03
2.979999999999999982e+00  1.582565804822319455e+00  1.289532546091828547e+00  1.429710386862930848e-03  1.243675260413725114e+00  1.250872129683114231e+00
2.979999999999999982e+00  -2.564404783281720723e-01  -4.378936754487509214e-02  3.363215207300335186e-02  -4.646017693834516432e-03  5.613498363811086911e-03
2.990000000000000213e+00  1.579678870461397100e+00  1.288678835913499521e+00  1.417385045509191206e-03  1.243624231623211784e+00  1.250731835719274709e+00
2.990000000000000213e+00  -2.565717507002943099e-01  -4.398799209922708842e-02  3.367939686024732510e-02  -4.667141539063654476e-03  5.613762608092431883e-03
3.000000000000000000e+00  1.576820043995796006e+00  1.287832072199675659e+00  1.404913706103850992e-03  1.243573686087221741e+00  1.250593245224844052e+00
3.000000000000000000e+00  -2.567017749084142819e-01  -4.418632642216874240e-02  3.372627064858661067e-02  -4.688163616111457391e-03  5.613993091170388361e-03
