1.010000000000000009e+00  3.098115123130133597e+01  5.176851451836430584e+00  -6.938788653759491165e-01  1.703716603958243647e+00  2.906958892443460396e+00
1.010000000000000009e+00  -2.041044254474352115e+00  -2.445619937699385349e-01  2.873319521657209941e-01  -4.575618547735493813e-02  8.921405533674209298e-02
1.020000000000000018e+00  2.493288787628377889e+01  4.678264615679003313e+00  -3.763198025856535067e-01  1.686056106113936082e+00  2.575385966331217968e+00
1.020000000000000018e+00  -2.033339743074227712e+00  -2.459440652216720313e-01  2.877364259699652371e-01  -4.653462074687286787e-02  8.926870359349337036e-02
1.030000000000000027e+00  2.095824906013454836e+01  4.399747616582740051e+00  -2.270852599404944161e-01  1.672548424584975102e+00  2.391995287766547573e+00
1.030000000000000027e+00  -2.026116465914968856e+00  -2.473885059533139086e-01  2.881552343668494220e-01  -4.732529388767470202e-02  8.931935828652681764e-02
1.040000000000000036e+00  1.857247603418986515e+01  4.236265686609930192e+00  -1.576810581239167508e-01  1.661601919499669844e+00  2.277318804299937050e+00
1.040000000000000036e+00  -2.019127069745745295e+00  -2.488713166602450066e-01  2.885882562745735180e-01  -4.812592894188688630e-02  8.936817351798409526e-02
1.050000000000000044e+00  1.685493430425670169e+01  4.122744412750989795e+00  -1.211250776560661990e-01  1.652162627611556633e+00  2.193822374132179842e+00
1.050000000000000044e+00  -2.012231565476558348e+00  -2.503761873425120466e-01  2.890170292673523988e-01  -4.893656547050014016e-02  8.941385780343735767e-02
1.060000000000000053e+00  1.537878439525221808e+01  4.030973514279697412e+00  -9.770512868103958803e-02  1.643767450573579536e+00  2.125878559827504510e+00
1.060000000000000053e+00  -2.005295826339017484e+00  -2.518880405667653366e-01  2.894370094568066154e-01  -4.975163878694228298e-02  8.945660589039949873e-02
1.070000000000000062e+00  1.407224079395082583e+01  3.952500053921864875e+00  -8.106155578993842759e-02  1.636199952707733773e+00  2.068338394606518804e+00
1.070000000000000062e+00  -1.998317217338472451e+00  -2.534006594126483880e-01  2.898413587795644619e-01  -5.056988687227795265e-02  8.949669265961346376e-02
1.080000000000000071e+00  1.293180864611459313e+01  3.883913998681240543e+00  -6.873915267801394835e-02  1.629312312986382238e+00  2.018740923904832396e+00
1.080000000000000071e+00  -1.991322919600369667e+00  -2.549114273253519913e-01  2.902312858659740202e-01  -5.138688207771439920e-02  8.953397563723297647e-02
1.090000000000000080e+00  1.194254793347735699e+01  3.823036337594214462e+00  -5.935580720290283691e-02  1.622997050059585167e+00  1.975440502337319826e+00
1.090000000000000080e+00  -1.984340167626627016e+00  -2.564204343032439604e-01  2.906085465351793129e-01  -5.220143784290422889e-02  8.956987290977080907e-02
1.100000000000000089e+00  1.108578947285915639e+01  3.768347821421007104e+00  -5.202588647458568361e-02  1.617170785550154255e+00  1.937212362146315980e+00
1.100000000000000089e+00  -1.977396135285711676e+00  -2.579160202003531466e-01  2.909722559638998063e-01  -5.301038463682686969e-02  8.960227123596159471e-02
1.110000000000000098e+00  1.034132733993816444e+01  3.718730859902050323e+00  -4.621024981877969173e-02  1.611772487951511179e+00  1.903187586402695475e+00
1.110000000000000098e+00  -1.970508360008594861e+00  -2.594047742288005942e-01  2.913252174910052616e-01  -5.381439459573890416e-02  8.963280824149183479e-02
1.120000000000000107e+00  9.692187019137719517e+00  3.673354908906184768e+00  -4.151993402264696209e-02  1.606747410555837696e+00  1.872648235569842390e+00
1.120000000000000107e+00  -1.963696899174613542e+00  -2.608823179272222181e-01  2.916669253438015641e-01  -5.461262582137543092e-02  8.966121226308310099e-02
1.129999999999999893e+00  9.123261297207271525e+00  3.631558280927026150e+00  -3.771477739846020721e-02  1.602054100691633787e+00  1.845074488825391601e+00
1.129999999999999893e+00  -1.956965164430817694e+00  -2.623508379120336742e-01  2.919986899068955921e-01  -5.540139501320490156e-02  8.968831914803848671e-02
1.140000000000000124e+00  8.621706811780191160e+00  3.592843546699318047e+00  -3.458537124938909635e-02  1.597656977324813932e+00  1.820031371925440844e+00
1.140000000000000124e+00  -1.950329334420795702e+00  -2.638020469115479050e-01  2.923197947629946336e-01  -5.618070924757657264e-02  8.971216998430003864e-02
1.149999999999999911e+00  8.177074194523235917e+00  3.556790119494914304e+00  -3.200967601158824505e-02  1.593528816369598866e+00  1.797161112290204033e+00
1.149999999999999911e+00  -1.943789484410429980e+00  -2.652457619215607409e-01  2.926328952212385870e-01  -5.695355581061338490e-02  8.973442503381418023e-02
1.159999999999999920e+00  7.780853911642170218e+00  3.523072520430472032e+00  -2.988611113566316119e-02  1.589641159745447840e+00  1.776185851850718311e+00
1.159999999999999920e+00  -1.937352211416475178e+00  -2.666775893175046264e-01  2.929369318938550015e-01  -5.771753469393837294e-02  8.975401460684931387e-02
1.169999999999999929e+00  7.425849836149579275e+00  3.491423730830066408e+00  -2.812019763790423246e-02  1.585974205948107896e+00  1.756865157648375142e+00
1.169999999999999929e+00  -1.931027188414268458e+00  -2.680932011225822253e-01  2.932315650536076457e-01  -5.847093751393940553e-02  8.977258358880618738e-02
1.179999999999999938e+00  7.106151319886832241e+00  3.461610046290717779e+00  -2.665695000651147062e-02  1.582506243740114948e+00  1.739017866039948013e+00
1.179999999999999938e+00  -1.924816090136550528e+00  -2.695022654443625099e-01  2.935191478690648004e-01  -5.921518299608849456e-02  8.978928764183496947e-02
1.189999999999999947e+00  6.816926294417305243e+00  3.433440644918783313e+00  -2.544219544406377959e-02  1.579223761714530161e+00  1.722464672143845021e+00
1.189999999999999947e+00  -1.918716630527281808e+00  -2.708907903507884463e-01  2.937973684319507006e-01  -5.995033306953961166e-02  8.980342991376923101e-02
1.199999999999999956e+00  6.553990231709265757e+00  3.406759407404152284e+00  -2.442964134682750615e-02  1.576111061838429084e+00  1.707062502816484750e+00
1.199999999999999956e+00  -1.912732217201395635e+00  -2.722704695390159024e-01  2.940694627203336298e-01  -6.067596019843093935e-02  8.981653150986884659e-02
1.209999999999999964e+00  6.314103203015479338e+00  3.381416705145552370e+00  -2.360419372406515406e-02  1.573153099163316249e+00  1.692705368486238315e+00
1.209999999999999964e+00  -1.906861270220568727e+00  -2.736384435442474894e-01  2.943336280996501908e-01  -6.139186758412977507e-02  8.982767441276397202e-02
1.219999999999999973e+00  6.094349409809202811e+00  3.357298045448490420e+00  -2.292487110317284818e-02  1.570341407933554256e+00  1.679273505948232215e+00
1.219999999999999973e+00  -1.901104193190385372e+00  -2.749887380735801523e-01  2.945897656368178796e-01  -6.209684499162673038e-02  8.983636089302499128e-02
1.229999999999999982e+00  5.892329111772107275e+00  3.334301246812926500e+00  -2.237354937035059693e-02  1.567665722882903401e+00  1.666686640421466192e+00
1.229999999999999982e+00  -1.895461869282165202e+00  -2.763298777874245715e-01  2.948395097169015933e-01  -6.279497528911559545e-02  8.984438832547386733e-02
1.239999999999999991e+00  5.706003673511264473e+00  3.312326855778010781e+00  -2.192916263158285403e-02  1.565111648250731236e+00  1.654864675610044467e+00
1.239999999999999991e+00  -1.889931087437053403e+00  -2.776574361903170196e-01  2.950832359547643224e-01  -6.348237041656054624e-02  8.985073952578984113e-02
1.250000000000000000e+00  5.533568907499068601e+00  3.291307304140030254e+00  -2.157634761556196865e-02  1.562678284534591011e+00  1.643743152055116896e+00
1.250000000000000000e+00  -1.884513578171568726e+00  -2.789718672824840762e-01  2.953192337970544923e-01  -6.416084737796289017e-02  8.985480121814405641e-02
1.260000000000000009e+00  5.373632929809062375e+00  3.271168776555677837e+00  -2.129837580662263113e-02  1.560351495371763875e+00  1.633259610943929685e+00
1.260000000000000009e+00  -1.879211380430708900e+00  -2.802749205817623435e-01  2.955496117727412497e-01  -6.483072964379620051e-02  8.985706656018867255e-02
1.270000000000000018e+00  5.224786104267982623e+00  3.251844333473799864e+00  -2.108621749984042337e-02  1.558128555189678410e+00  1.623354704855943131e+00
1.270000000000000018e+00  -1.874015959514919727e+00  -2.815631575699260591e-01  2.957726209863459355e-01  -6.549129849388474200e-02  8.985957422708923392e-02
1.280000000000000027e+00  5.085939728247899971e+00  3.233278025754021456e+00  -2.093152911101077429e-02  1.555999545298016651e+00  1.613994553636535878e+00
1.280000000000000027e+00  -1.868928366161921595e+00  -2.828408877814644895e-01  2.959903693770867261e-01  -6.614140854400796243e-02  8.985952203902883295e-02
1.290000000000000036e+00  4.956144546992125477e+00  3.215429163957232106e+00  -2.081840042098767607e-02  1.553962326004866279e+00  1.605127421975828472e+00
1.290000000000000036e+00  -1.863954934936534080e+00  -2.841054321185870757e-01  2.962021708540230058e-01  -6.678453935927484986e-02  8.985775993646022419e-02
1.300000000000000044e+00  4.834494530345175178e+00  3.198240484940452433e+00  -2.074821199690375303e-02  1.552008925112731585e+00  1.596713661276532470e+00
1.300000000000000044e+00  -1.859086878917694641e+00  -2.853586157694763537e-01  2.964074733117582627e-01  -6.741782331902348990e-02  8.985515312671099597e-02
1.310000000000000053e+00  4.720309143937118534e+00  3.181678810060342144e+00  -2.071205181756751237e-02  1.550136623707254246e+00  1.588725710570020988e+00
1.310000000000000053e+00  -1.854322427251823502e+00  -2.865982396402970145e-01  2.966076306272743546e-01  -6.804195537282239914e-02  8.985111012859386959e-02
1.320000000000000062e+00  4.612850175351598914e+00  3.165701808265134698e+00  -2.070511009906860281e-02  1.548338388880535765e+00  1.581131073324903102e+00
1.320000000000000062e+00  -1.849662157607009583e+00  -2.878280397130627555e-01  2.968023805065362897e-01  -6.865852856996171316e-02  8.984583420916425478e-02
1.330000000000000071e+00  4.511596057397618154e+00  3.150277866388394798e+00  -2.072406196401404763e-02  1.546610514625212929e+00  1.573900620217600466e+00
1.330000000000000071e+00  -1.845103444589063724e+00  -2.890436939941521399e-01  2.969913634454789397e-01  -6.926725420998172678e-02  8.983907219794962096e-02
1.340000000000000080e+00  4.415970383196427207e+00  3.135368268250060098e+00  -2.076282922009946297e-02  1.544952337512895069e+00  1.567009683846700030e+00
1.340000000000000080e+00  -1.840638041382260726e+00  -2.902494194784456805e-01  2.971755075489205811e-01  -6.986706901752362531e-02  8.983249193742859351e-02
1.350000000000000089e+00  4.325550833545261042e+00  3.120961638363069390e+00  -2.080958213903942242e-02  1.543356582334255878e+00  1.560437425458984562e+00
1.350000000000000089e+00  -1.836278089999153096e+00  -2.914430400126937215e-01  2.973540175423920462e-01  -7.045760336054221473e-02  8.982344712245676766e-02
1.359999999999999876e+00  4.239914579516056214e+00  3.107018334528171444e+00  -2.087561261463333900e-02  1.541820831531998115e+00  1.554163175222699866e+00
1.359999999999999876e+00  -1.832011744661690811e+00  -2.926266020675745705e-01  2.975280995086365676e-01  -7.104126578923419810e-02  8.981364521293838665e-02
1.370000000000000107e+00  4.158695769586491231e+00  3.093521177119054499e+00  -2.095124807099144407e-02  1.540343083603617602e+00  1.548165986163623664e+00
1.370000000000000107e+00  -1.827841518218189742e+00  -2.937975485600214931e-01  2.976970507260741083e-01  -7.161697741511366400e-02  8.980297099765061075e-02
1.379999999999999893e+00  4.081513543043653769e+00  3.080446736057769641e+00  -2.103531720663946031e-02  1.538919337834306234e+00  1.542427028620953822e+00
1.379999999999999893e+00  -1.823766088557940090e+00  -2.949572167884785823e-01  2.978611258756124758e-01  -7.218393008703868907e-02  8.979104804134019346e-02
1.390000000000000124e+00  4.008120816080036342e+00  3.067769966518047120e+00  -2.112424991126574461e-02  1.537547405796670041e+00  1.536936317025846988e+00
1.390000000000000124e+00  -1.819776956467517914e+00  -2.961070080736374344e-01  2.980210540626808124e-01  -7.274335810731138996e-02  8.977815251872239832e-02
1.399999999999999911e+00  3.938219104417826966e+00  3.055472128287196387e+00  -2.121749597463818207e-02  1.536224023176253395e+00  1.531677361658456915e+00
1.399999999999999911e+00  -1.815874971031872898e+00  -2.972449057299508812e-01  2.981756889856524428e-01  -7.329567417511329008e-02  8.976439160836080511e-02
1.410000000000000142e+00  3.871585929391470948e+00  3.043539953142272658e+00  -2.131662089262162732e-02  1.534947549700804936e+00  1.526631348653862075e+00
1.410000000000000142e+00  -1.812062670567675671e+00  -2.983721550426752245e-01  2.983261218679065241e-01  -7.384064312101421002e-02  8.974978041695030884e-02
1.419999999999999929e+00  3.808021740026626745e+00  3.031954149778059548e+00  -2.141540626942212838e-02  1.533715623434570352e+00  1.521792650577308503e+00
1.419999999999999929e+00  -1.808335998744642348e+00  -2.994883661564723965e-01  2.984724163725915869e-01  -7.437764102828475776e-02  8.973342995178568149e-02
1.429999999999999938e+00  3.747238830329437498e+00  3.020702366117623328e+00  -2.151367666053482022e-02  1.532525910546810533e+00  1.517145681089843379e+00
1.429999999999999938e+00  -1.804692126026805843e+00  -3.005948682952092055e-01  2.986138884997747156e-01  -7.490838831816852561e-02  8.971665778735632424e-02
1.439999999999999947e+00  3.689125419744312850e+00  3.009767161934685298e+00  -2.160924197605460298e-02  1.531377221281837286e+00  1.512683066053939429e+00
1.439999999999999947e+00  -1.801128989422811522e+00  -3.016913768703182175e-01  2.987519248282313189e-01  -7.543133326960316243e-02  8.970021279707857120e-02
1.449999999999999956e+00  3.633448214572577495e+00  2.999142066602099366e+00  -2.171077997191760492e-02  1.530267233457631493e+00  1.508387143116946882e+00
1.449999999999999956e+00  -1.797650192133771752e+00  -3.027765264157668557e-01  2.988855166119979700e-01  -7.594613955787303528e-02  8.968163255532779488e-02
1.459999999999999964e+00  3.580143457841336918e+00  2.988794005565917455e+00  -2.180180319483138868e-02  1.529195503860958816e+00  1.504259277143232598e+00
1.459999999999999964e+00  -1.794241295432434935e+00  -3.038531925176378712e-01  2.990149785563515628e-01  -7.645584077648118204e-02  8.966307780224574975e-02
1.469999999999999973e+00  3.528984797520822170e+00  2.978733813980812162e+00  -2.189388567364343799e-02  1.528157405013728320e+00  1.500285633587685963e+00
1.469999999999999973e+00  -1.790912807963332076e+00  -3.049193944144795720e-01  2.991409858424352586e-01  -7.695830325326670496e-02  8.964316927477822272e-02
1.479999999999999982e+00  3.479853439352150080e+00  2.968942199957473882e+00  -2.198510698861148166e-02  1.527152186807604561e+00  1.496458720560950750e+00
1.479999999999999982e+00  -1.787660439110566379e+00  -3.059741002536949250e-01  2.992628571439339136e-01  -7.745241604003005875e-02  8.962297115010364745e-02
1.489999999999999991e+00  3.432692701819397563e+00  2.959411531888719082e+00  -2.206991363389709804e-02  1.526180341637103810e+00  1.492770823467166164e+00
1.489999999999999991e+00  -1.784484270297603592e+00  -3.070215600677138612e-01  2.993815416637478077e-01  -7.794211071152867820e-02  8.960150466878213926e-02
1.500000000000000000e+00  3.387333888910762258e+00  2.950122454210788447e+00  -2.215290144478424331e-02  1.525239572472576022e+00  1.489213134975082786e+00
1.500000000000000000e+00  -1.781374765876648114e+00  -3.080588200410152577e-01  2.994961519600337629e-01  -7.842346997133535502e-02  8.958085330729587126e-02
1.510000000000000009e+00  3.343675078835870451e+00  2.941070072677762326e+00  -2.223147453357316589e-02  1.524328159711296538e+00  1.485784908432572937e+00
1.510000000000000009e+00  -1.778333184694721014e+00  -3.090862282212885059e-01  2.996074997732163236e-01  -7.889937990880230290e-02  8.955895459321860930e-02
1.520000000000000018e+00  3.301642227424493647e+00  2.932256181363271708e+00  -2.230650744457421050e-02  1.523444862113980669e+00  1.482480147443898444e+00
1.520000000000000018e+00  -1.775369338686301646e+00  -3.101036174686632729e-01  2.997149153640006891e-01  -7.936899813718042984e-02  8.953654255201093370e-02
1.530000000000000027e+00  3.261148038170215813e+00  2.923655461000015165e+00  -2.236979958461220511e-02  1.522589949424295597e+00  1.479285656511112768e+00
1.530000000000000027e+00  -1.772461777396367788e+00  -3.111128144001320539e-01  2.998196897863690258e-01  -7.983251877284770759e-02  8.951277295200082973e-02
1.540000000000000036e+00  3.222075108791712328e+00  2.915271509731509170e+00  -2.243510931920657606e-02  1.521760943798130317e+00  1.476200051696562987e+00
1.540000000000000036e+00  -1.769625231769668794e+00  -3.121118636997835538e-01  2.999206308695427925e-01  -8.028906347957757983e-02  8.948897956171675272e-02
1.550000000000000044e+00  3.184391929539534871e+00  2.907090788326932351e+00  -2.249655817606327837e-02  1.520955695996767609e+00  1.473219237839229478e+00
1.550000000000000044e+00  -1.766851580875016481e+00  -3.131032791018633077e-01  3.000184839420429461e-01  -8.073957694038305655e-02  8.946436927194911792e-02
1.560000000000000053e+00  3.147996721477315685e+00  2.899098520251635502e+00  -2.254859028958191777e-02  1.520176349958444417e+00  1.470335773889915210e+00
1.560000000000000053e+00  -1.764133385664158116e+00  -3.140852919029304968e-01  3.001134086905341003e-01  -8.118432380906551171e-02  8.944109146820661271e-02
1.570000000000000062e+00  3.112832479140561048e+00  2.891306714833306479e+00  -2.259836219996979451e-02  1.519419530361238779e+00  1.467547172394138455e+00
1.570000000000000062e+00  -1.761482241001775417e+00  -3.150588435563964618e-01  3.002051593865390222e-01  -8.162422309026054479e-02  8.941534894337205275e-02
1.580000000000000071e+00  3.078858772394768017e+00  2.883703953136262488e+00  -2.264293279278727089e-02  1.518681951992974843e+00  1.464849204513339220e+00
1.580000000000000071e+00  -1.758893515604722957e+00  -3.160221727010419368e-01  3.002936408612256192e-01  -8.205697468175016107e-02  8.938984434604502205e-02
1.589999999999999858e+00  3.045991519601204178e+00  2.876270615209344239e+00  -2.268575209095189532e-02  1.517970468326586664e+00  1.462240322814926108e+00
1.589999999999999858e+00  -1.756356708325685467e+00  -3.169787859253922480e-01  3.003790808851121708e-01  -8.248417605107881412e-02  8.936263447056236320e-02
1.600000000000000089e+00  3.014195148568744820e+00  2.869007127130564605e+00  -2.271853830805359298e-02  1.517277580515763447e+00  1.459714556883207059e+00
1.600000000000000089e+00  -1.753874028722101075e+00  -3.179261008329178906e-01  3.004619703482490634e-01  -8.290614251090876186e-02  8.933720659165966804e-02
1.609999999999999876e+00  2.983406440338855159e+00  2.861914486231301957e+00  -2.275437438481373725e-02  1.516604759559918802e+00  1.457262768523501784e+00
1.609999999999999876e+00  -1.751450042753169623e+00  -3.188655077472371535e-01  3.005419902580247493e-01  -8.332320080000335527e-02  8.931067495963129765e-02
1.620000000000000107e+00  2.953590814043089097e+00  2.854984347793403821e+00  -2.278103210437272541e-02  1.515950840396452559e+00  1.454896761591221388e+00
1.620000000000000107e+00  -1.749081847931007516e+00  -3.197967303704374320e-01  3.006193342779390210e-01  -8.373419108290404422e-02  8.928376627695699952e-02
1.629999999999999893e+00  2.924673579344075236e+00  2.848207586011848758e+00  -2.279711406419852870e-02  1.515313474007264238e+00  1.452593204912271396e+00
1.629999999999999893e+00  -1.746767227847924930e+00  -3.207185060356732009e-01  3.006936982357785171e-01  -8.413917766706523194e-02  8.925547429824620682e-02
1.640000000000000124e+00  2.896654066752095691e+00  2.841576654903068100e+00  -2.280989194373968243e-02  1.514695284549850918e+00  1.450365967181476368e+00
1.640000000000000124e+00  -1.744496423473709701e+00  -3.216340113919355370e-01  3.007658026081160285e-01  -8.453881025340798105e-02  8.922982988583927355e-02
1.649999999999999911e+00  2.869471277857313485e+00  2.835104649097450746e+00  -2.282419572486971138e-02  1.514094502187558255e+00  1.448200468205482094e+00
1.649999999999999911e+00  -1.742287386653980086e+00  -3.225408987169341990e-01  3.008348445616512157e-01  -8.493363707078931124e-02  8.920053229564595121e-02
1.660000000000000142e+00  2.843106989703573451e+00  2.828760159190655266e+00  -2.283191155754323715e-02  1.513510509265995507e+00  1.446108936097423747e+00
1.660000000000000142e+00  -1.740116305970346833e+00  -3.234397358506551079e-01  3.009018133420615637e-01  -8.532416223414725220e-02  8.917272198725767485e-02
1.669999999999999929e+00  2.817476988363536439e+00  2.822562611608308458e+00  -2.283560428301805584e-02  1.512940594679369921e+00  1.444075075529130059e+00
1.669999999999999929e+00  -1.737996488631760039e+00  -3.243316089279223990e-01  3.009657171987207835e-01  -8.570827467189477689e-02  8.914493338202278405e-02
1.680000000000000160e+00  2.792593512859058880e+00  2.816496249679614206e+00  -2.282800012173517162e-02  1.512388612705425350e+00  1.442098259648011194e+00
1.680000000000000160e+00  -1.735925234457440292e+00  -3.252148066732395981e-01  3.010276129883753815e-01  -8.608789766576528668e-02  8.911503123975583751e-02
1.689999999999999947e+00  2.768419960578692773e+00  2.810557324133230228e+00  -2.282602819762764162e-02  1.511847647860758315e+00  1.440178517123845259e+00
1.689999999999999947e+00  -1.733901721230732385e+00  -3.260904725149287309e-01  3.010870421979561229e-01  -8.646323184467476219e-02  8.908668913248418697e-02
1.700000000000000178e+00  2.744941231647988644e+00  2.804746106246233328e+00  -2.281986545674886957e-02  1.511322853673870314e+00  1.438315142832422566e+00
1.700000000000000178e+00  -1.731923690017978190e+00  -3.269607110129705840e-01  3.011448830379842012e-01  -8.683351351724452605e-02  8.905851310218493300e-02
1.709999999999999964e+00  2.722095976730078970e+00  2.799055377285918134e+00  -2.280111747855123605e-02  1.510815118781754895e+00  1.436507467092055901e+00
1.709999999999999964e+00  -1.729987667881663693e+00  -3.278201375544202989e-01  3.011995530349024786e-01  -8.719885925446482777e-02  8.902819506704340302e-02
1.719999999999999973e+00  2.699849144254736988e+00  2.793479182735409960e+00  -2.278763242317740495e-02  1.510312699954460713e+00  1.434747929334323047e+00
1.719999999999999973e+00  -1.728088345494671607e+00  -3.286742993529868651e-01  3.012522081588930867e-01  -8.755974496588839195e-02  8.899975024895001585e-02
1.729999999999999982e+00  2.678254676646104837e+00  2.788018695039895078e+00  -2.275991198538723781e-02  1.509831233928844885e+00  1.433036713089812730e+00
1.729999999999999982e+00  -1.726233940631691999e+00  -3.295218416106301951e-01  3.013031617504726145e-01  -8.791412464173656294e-02  8.896896229749817753e-02
1.739999999999999991e+00  2.657199433749373618e+00  2.782677396625761190e+00  -2.273567370628825496e-02  1.509358409470445084e+00  1.431374532106811870e+00
1.739999999999999991e+00  -1.724427723998776418e+00  -3.303615844657597500e-01  3.013519578292920831e-01  -8.826487879239114376e-02  8.894227335737447948e-02
1.750000000000000000e+00  2.636682493631628876e+00  2.777433100106797781e+00  -2.271295785612335166e-02  1.508898269474473919e+00  1.429753746603582343e+00
1.750000000000000000e+00  -1.722648378710294859e+00  -3.311938846875733811e-01  3.013981137420841394e-01  -8.861305224900786759e-02  8.891032700580525638e-02
1.760000000000000009e+00  2.616739210714770003e+00  2.772307056536936098e+00  -2.267957207862786317e-02  1.508448403383214842e+00  1.428182796749377870e+00
1.760000000000000009e+00  -1.720923969560059774e+00  -3.320203474289514234e-01  3.014429515995600273e-01  -8.895448773618015725e-02  8.888144066975878221e-02
1.770000000000000018e+00  2.597281773537770899e+00  2.767279481817194409e+00  -2.264148324204475621e-02  1.508010847200522697e+00  1.426654858268588955e+00
1.770000000000000018e+00  -1.719228315310207034e+00  -3.328387401777124222e-01  3.014855622206814023e-01  -8.929280405610609539e-02  8.885144611563910999e-02
1.780000000000000027e+00  2.578313632153314661e+00  2.762345011152401941e+00  -2.260796185702029087e-02  1.507583564760467620e+00  1.425162808975737105e+00
1.780000000000000027e+00  -1.717566650270070161e+00  -3.336509097981108507e-01  3.015262607647808957e-01  -8.962719719055549372e-02  8.882140410557559651e-02
1.790000000000000036e+00  2.559826135687693682e+00  2.757510669947971671e+00  -2.256086256186610323e-02  1.507167122258582737e+00  1.423716193529445118e+00
1.790000000000000036e+00  -1.715944119239387833e+00  -3.344564599055985243e-01  3.015647251207819179e-01  -8.995526279368398770e-02  8.879138005994879901e-02
1.800000000000000044e+00  2.541783733141257162e+00  2.752775265454219245e+00  -2.251614386485980418e-02  1.506761317446728698e+00  1.422300593668326174e+00
1.800000000000000044e+00  -1.714362274769323458e+00  -3.352555378357853222e-01  3.016019292093710114e-01  -9.028080803363390527e-02  8.876340428860596266e-02
1.810000000000000053e+00  2.524200828519898909e+00  2.748118511092519256e+00  -2.246763711452252205e-02  1.506365353446491806e+00  1.420925034173241563e+00
1.810000000000000053e+00  -1.712803866945874054e+00  -3.360474401485122886e-01  3.016369098505627955e-01  -9.060283437146231245e-02  8.873196957848172861e-02
1.820000000000000062e+00  2.507025999436480301e+00  2.743556606951775390e+00  -2.241840002651569741e-02  1.505979627746717453e+00  1.419588171785520991e+00
1.820000000000000062e+00  -1.711280247983118841e+00  -3.368336411245582696e-01  3.016705488715166750e-01  -9.091879012896722512e-02  8.870273998375299840e-02
1.830000000000000071e+00  2.490261898851530376e+00  2.739081609040491916e+00  -2.236559234044351030e-02  1.505600814058323023e+00  1.418283615146938015e+00
1.830000000000000071e+00  -1.709794800973236883e+00  -3.376132237507677436e-01  3.017023715353154278e-01  -9.123201941986504304e-02  8.867311590059756554e-02
1.839999999999999858e+00  2.473889362448049134e+00  2.734708692576989009e+00  -2.230877792363109013e-02  1.505232196972448477e+00  1.417010699722291545e+00
1.839999999999999858e+00  -1.708354047226464001e+00  -3.383864160586328440e-01  3.017322407157330688e-01  -9.154023350298531869e-02  8.864068722528239963e-02
1.850000000000000089e+00  2.457909287288239764e+00  2.730401357258905648e+00  -2.225006449415067866e-02  1.504873632374934322e+00  1.415771997987294917e+00
1.850000000000000089e+00  -1.706933344707211475e+00  -3.391533111545302903e-01  3.017609709039348331e-01  -9.184649440955189315e-02  8.861150025617503534e-02
1.859999999999999876e+00  2.442314908262019468e+00  2.726160346547182201e+00  -2.219528735439648542e-02  1.504520572458323491e+00  1.414563187950685252e+00
1.859999999999999876e+00  -1.705527981490599032e+00  -3.399136420788890778e-01  3.017878939439088692e-01  -9.214675444420217243e-02  8.858228091696129791e-02
1.870000000000000107e+00  2.427060183812120187e+00  2.722018816145727271e+00  -2.213178574006156862e-02  1.504176138808682062e+00  1.413383843966885545e+00
1.870000000000000107e+00  -1.704173266094549666e+00  -3.406688801582773984e-01  3.018132570438514795e-01  -9.244473678072495648e-02  8.855227437194745921e-02
1.879999999999999893e+00  2.412164553051767690e+00  2.717953614702568910e+00  -2.206694797961155502e-02  1.503841173548764454e+00  1.412236339920979633e+00
1.879999999999999893e+00  -1.702845583532091922e+00  -3.414177804188647247e-01  3.018370286391612867e-01  -9.273807415760348949e-02  8.852263490719869399e-02
1.890000000000000124e+00  2.397589891243086413e+00  2.713952207138600858e+00  -2.200044430440269150e-02  1.503511720678271546e+00  1.411110898966804195e+00
1.890000000000000124e+00  -1.701534493827355998e+00  -3.421610527856510653e-01  3.018595718508690351e-01  -9.302810392483262802e-02  8.849357676741298473e-02
1.899999999999999911e+00  2.383352910425434068e+00  2.710025585645553292e+00  -2.193121607965105302e-02  1.503192728489825214e+00  1.410016972687556880e+00
1.899999999999999911e+00  -1.700259347771699847e+00  -3.428970035852648146e-01  3.018803422321520991e-01  -9.331408977653776748e-02  8.846198383799586118e-02
1.910000000000000142e+00  2.369420368114262043e+00  2.706176119377355249e+00  -2.186643825041789668e-02  1.502877378634505989e+00  1.408951489394751233e+00
1.910000000000000142e+00  -1.699017393148245514e+00  -3.436291276306939757e-01  3.018999675642841107e-01  -9.359585249879864843e-02  8.843446819705480522e-02
1.919999999999999929e+00  2.355811422437437130e+00  2.702382597304270995e+00  -2.179036090541069254e-02  1.502573457548925573e+00  1.407907857503127191e+00
1.919999999999999929e+00  -1.697788303626581285e+00  -3.443540438272577608e-01  3.019178572615041078e-01  -9.387675594821431879e-02  8.840312975095943049e-02
1.930000000000000160e+00  2.342458339251039412e+00  2.698666687493767924e+00  -2.171783534304839308e-02  1.502272918852540107e+00  1.406895208554867382e+00
1.930000000000000160e+00  -1.696596308043376133e+00  -3.450736469517320382e-01  3.019345040832834282e-01  -9.415244223372165600e-02  8.837276344169209263e-02
1.939999999999999947e+00  2.329431558353990184e+00  2.695010922673061859e+00  -2.164686409519046839e-02  1.501978854560019894e+00  1.405901347605981622e+00
1.939999999999999947e+00  -1.695424644693510619e+00  -3.457865828569387512e-01  3.019497262228793555e-01  -9.442399788498812008e-02  8.834408574541374737e-02
1.950000000000000178e+00  2.316653146179300737e+00  2.691418217788688949e+00  -2.156468766934669518e-02  1.501693157300128867e+00  1.404929900460978098e+00
1.950000000000000178e+00  -1.694276882656198469e+00  -3.464961748900989846e-01  3.019641215924008248e-01  -9.469269940641023009e-02  8.831463874955169935e-02
1.959999999999999964e+00  2.304154282789757424e+00  2.687897420727566544e+00  -2.148556732885864573e-02  1.501411141058837773e+00  1.403989791302688195e+00
1.959999999999999964e+00  -1.693159657243157090e+00  -3.471988229366775869e-01  3.019768214306228216e-01  -9.495853376556828707e-02  8.828508121227529593e-02
1.969999999999999973e+00  2.291903766340644300e+00  2.684429565278297680e+00  -2.141116312312030950e-02  1.501138457920946578e+00  1.403056677163742050e+00
1.969999999999999973e+00  -1.692064072150183840e+00  -3.478960531095687259e-01  3.019885612039480138e-01  -9.522178401170156015e-02  8.825624247098406983e-02
1.979999999999999982e+00  2.279901220388983241e+00  2.681031039125406856e+00  -2.133104674438721787e-02  1.500870624654597307e+00  1.402153769340570566e+00
1.979999999999999982e+00  -1.690996500781117406e+00  -3.485892208378639778e-01  3.019990637919369725e-01  -9.547923707970751295e-02  8.822692773946583245e-02
1.989999999999999991e+00  2.268150822908761022e+00  2.677688938473875790e+00  -2.125019370778108430e-02  1.500605286360916280e+00  1.401269977074868667e+00
1.989999999999999991e+00  -1.689952961512604546e+00  -3.492753442606704728e-01  3.020082264203016731e-01  -9.573500663463774263e-02  8.819787999201977868e-02
2.000000000000000000e+00  2.256638554079938963e+00  2.674393935911096865e+00  -2.116539806123698964e-02  1.500347746671546467e+00  1.400405615105259072e+00
2.000000000000000000e+00  -1.688919534710664028e+00  -3.499579606763566497e-01  3.020164800218024803e-01  -9.598778335202629020e-02  8.817074157258908418e-02
2.009999999999999787e+00  2.245087859249938589e+00  2.671160105063996149e+00  -2.108382392739546057e-02  1.500097210146457583e+00  1.399560412783025010e+00
2.009999999999999787e+00  -1.687917753947303368e+00  -3.506334150318387577e-01  3.020234100415479794e-01  -9.623737245076680047e-02  8.814077363890149286e-02
2.020000000000000018e+00  2.234028367665974457e+00  2.667979096181195775e+00  -2.099711922825213406e-02  1.499850726858006578e+00  1.398734852990570543e+00
2.020000000000000018e+00  -1.686933484014011997e+00  -3.513047948581455304e-01  3.020294079012331712e-01  -9.648385800350101071e-02  8.811236138371414395e-02
2.030000000000000249e+00  2.223186609679994152e+00  2.664851409903767454e+00  -2.091094959515493040e-02  1.499610001343949728e+00  1.397928675801163978e+00
2.030000000000000249e+00  -1.685970675490620296e+00  -3.519710423409321831e-01  3.020342303948585494e-01  -9.672716846705842197e-02  8.808447521115503331e-02
2.040000000000000036e+00  2.212556152682746635e+00  2.661775119649650634e+00  -2.082386281284196589e-02  1.499372398739326373e+00  1.397140469663684215e+00
2.040000000000000036e+00  -1.685027843693720939e+00  -3.526320791379068953e-01  3.020380442342762706e-01  -9.696757027045721511e-02  8.805561444567588936e-02
2.049999999999999822e+00  2.202131136318856264e+00  2.658749217235308659e+00  -2.073677557724266235e-02  1.499141962589854105e+00  1.396368569425511463e+00
2.049999999999999822e+00  -1.684104557083808018e+00  -3.532882783970920371e-01  3.020408710439712041e-01  -9.720503080640696680e-02  8.802804342751208155e-02
2.060000000000000053e+00  2.191905839430305480e+00  2.655773493872617852e+00  -2.064778752818516305e-02  1.498912799795284245e+00  1.395613646258410112e+00
2.060000000000000053e+00  -1.683201698509032784e+00  -3.539394148419335306e-01  3.020426417641772221e-01  -9.743959867451623680e-02  8.799928427717168544e-02
2.070000000000000284e+00  2.181874957600277387e+00  2.652845506477116366e+00  -2.055823329175268666e-02  1.498690444822779799e+00  1.394875531846519134e+00
2.070000000000000284e+00  -1.682317339053041705e+00  -3.545860539705683601e-01  3.020435894154374079e-01  -9.767117091230737014e-02  8.797208310361748218e-02
2.080000000000000071e+00  2.172033129259161033e+00  2.649965191630066386e+00  -2.046788115021681842e-02  1.498472503941119971e+00  1.394153137703328493e+00
2.080000000000000071e+00  -1.681452021784362705e+00  -3.552274998351629409e-01  3.020435238801323918e-01  -9.790003314998729778e-02  8.794458216388878480e-02
2.089999999999999858e+00  2.162375148564497529e+00  2.647130723409564013e+00  -2.037691175515200792e-02  1.498259048194443110e+00  1.393446969211622033e+00
2.089999999999999858e+00  -1.680604781784439838e+00  -3.558644216941777572e-01  3.020425819573122062e-01  -9.812613834917049971e-02  8.791702198253437128e-02
2.100000000000000089e+00  2.152896280911111848e+00  2.644342036396253981e+00  -2.028528065708785216e-02  1.498049758391688080e+00  1.392756059812064962e+00
2.100000000000000089e+00  -1.679775714720919133e+00  -3.564965500230755646e-01  3.020406930762868924e-01  -9.834955392143474029e-02  8.789058719739550884e-02
2.110000000000000320e+00  2.143591627393540477e+00  2.641597402920123017e+00  -2.019303570691052818e-02  1.497842526542530361e+00  1.392077938505795309e+00
2.110000000000000320e+00  -1.678964132744242610e+00  -3.571239853583167423e-01  3.020379633279750009e-01  -9.856984208307351114e-02  8.786218474074297680e-02
2.120000000000000107e+00  2.134456778860295501e+00  2.638895943665408694e+00  -2.010034943094631682e-02  1.497642340570863650e+00  1.391415173631887603e+00
2.120000000000000107e+00  -1.678169235615052379e+00  -3.577469676218524852e-01  3.020343360096753860e-01  -9.878775352605095872e-02  8.783581722423294824e-02
2.129999999999999893e+00  2.125487206580838784e+00  2.636237114684413463e+00  -2.000729189352412271e-02  1.497444945489491808e+00  1.390766649124896448e+00
2.129999999999999893e+00  -1.677391632625373941e+00  -3.583649414812716816e-01  3.020298845387692221e-01  -9.900331745708945697e-02  8.780827791322320941e-02
2.140000000000000124e+00  2.116678812493748563e+00  2.633619808519173322e+00  -1.991371313082412539e-02  1.497251188055708004e+00  1.390131455951994610e+00
2.140000000000000124e+00  -1.676630616681296537e+00  -3.589789785475719364e-01  3.020246871007666312e-01  -9.921577168396256141e-02  8.778280450359354781e-02
2.150000000000000355e+00  2.108027223311972786e+00  2.631042913303244468e+00  -1.981971107805507656e-02  1.497060223336098117e+00  1.389509078228536421e+00
2.150000000000000355e+00  -1.675885084684355153e+00  -3.595881883729652451e-01  3.020185943240003001e-01  -9.942586154822607991e-02  8.775551529694497477e-02
2.160000000000000142e+00  2.099528476029904223e+00  2.628506440281530132e+00  -1.972534893450442542e-02  1.496875461558479836e+00  1.388899927886673380e+00
2.160000000000000142e+00  -1.675156141658705744e+00  -3.601931571921093700e-01  3.020118364272770251e-01  -9.963356222011343633e-02  8.773010799226271805e-02
2.169999999999999929e+00  2.091179006200231338e+00  2.626007720790496602e+00  -1.963059702974040421e-02  1.496691918212011085e+00  1.388303105023802830e+00
2.169999999999999929e+00  -1.674441487901469072e+00  -3.607936993745867738e-01  3.020042680529614332e-01  -9.983850833112395406e-02  8.770412409965194778e-02
2.179999999999999716e+00  2.082974662586493331e+00  2.623547449872804194e+00  -1.953573643167326457e-02  1.496512888866389890e+00  1.387718475735267853e+00
2.179999999999999716e+00  -1.673742333215953781e+00  -3.613897797578121129e-01  3.019959321526299312e-01  -1.000412744988339320e-01  8.767781572271082791e-02
2.189999999999999947e+00  2.074912214022285983e+00  2.621124796343032415e+00  -1.944042785562523010e-02  1.496336909318485731e+00  1.387144796518685608e+00
2.189999999999999947e+00  -1.673058004840371815e+00  -3.619818114838428413e-01  3.019869870124474165e-01  -1.002412515627145728e-01  8.765289472523057901e-02
2.200000000000000178e+00  2.066987960148849890e+00  2.618738696751960582e+00  -1.934175225875613829e-02  1.496163122790624023e+00  1.386582875230942813e+00
2.200000000000000178e+00  -1.672388246259542521e+00  -3.625693481764105663e-01  3.019772365110398038e-01  -1.004391579096387543e-01  8.762706963621003098e-02
2.209999999999999964e+00  2.059198689173109553e+00  2.616388088341264684e+00  -1.924622120164307809e-02  1.495993784516991054e+00  1.386032949865479313e+00
2.209999999999999964e+00  -1.671732206775080387e+00  -3.631527336620905544e-01  3.019668439401946292e-01  -1.006346492146261706e-01  8.760158421821390151e-02
2.219999999999999751e+00  2.051540956149691119e+00  2.614073104868535502e+00  -1.915041883799431521e-02  1.495826918516804271e+00  1.385494065272259157e+00
2.219999999999999751e+00  -1.671090623483756366e+00  -3.637321098575517775e-01  3.019557884502983014e-01  -1.008275879192878088e-01  8.757652036516655469e-02
2.229999999999999982e+00  2.044011734077850750e+00  2.611792077653996902e+00  -1.905463930796235869e-02  1.495662577288508821e+00  1.384965498270453343e+00
2.229999999999999982e+00  -1.670462181034177984e+00  -3.643072741628643474e-01  3.019441132406658346e-01  -1.010184203749667775e-01  8.755149890073471441e-02
2.240000000000000213e+00  2.036608006400312032e+00  2.609544513498353258e+00  -1.895865006119967083e-02  1.495503546928724781e+00  1.384446635812842885e+00
2.240000000000000213e+00  -1.669846687779807048e+00  -3.648785121080690974e-01  3.019318169722188250e-01  -1.012069207024577366e-01  8.752758031794360960e-02
2.250000000000000000e+00  2.029326557286263100e+00  2.607330039155150825e+00  -1.886281188518508165e-02  1.495345972305646365e+00  1.383938837301767588e+00
2.250000000000000000e+00  -1.669244292645304828e+00  -3.654454946218007039e-01  3.019188316879193867e-01  -1.013932078059621711e-01  8.750197962509587146e-02
2.259999999999999787e+00  2.022164814321181225e+00  2.605147981027797766e+00  -1.876684150780424595e-02  1.495189974247648657e+00  1.383441086562342326e+00
2.259999999999999787e+00  -1.668654792972626089e+00  -3.660086383535558485e-01  3.019053537524010733e-01  -1.015771675112550065e-01  8.747833378437969154e-02
2.270000000000000018e+00  2.015119695688472490e+00  2.602997874764449993e+00  -1.867070548316398029e-02  1.495038153400641390e+00  1.382952312517147453e+00
2.270000000000000018e+00  -1.668077807484180664e+00  -3.665680963949392579e-01  3.018912790213413300e-01  -1.017590554585227069e-01  8.745493247886554355e-02
2.280000000000000249e+00  2.008188710391311638e+00  2.600878665675725010e+00  -1.857482277252949301e-02  1.494887656151920208e+00  1.382472762031215385e+00
2.280000000000000249e+00  -1.667512936497840492e+00  -3.671232622898156772e-01  3.018766006164674276e-01  -1.019389744891692207e-01  8.743081302993521708e-02
2.290000000000000036e+00  2.001369162715717742e+00  2.598789333019998704e+00  -1.847864970378694169e-02  1.494740906316794016e+00  1.382002632806191622e+00
2.290000000000000036e+00  -1.666959530525236266e+00  -3.676745331191153543e-01  3.018613115945094072e-01  -1.021165176588112455e-01  8.740709328751083973e-02
2.299999999999999822e+00  1.994658471569576319e+00  2.596730778523010930e+00  -1.838283402237528980e-02  1.494597316942131604e+00  1.381541679985584636e+00
2.299999999999999822e+00  -1.666418532052040380e+00  -3.682220840700361486e-01  3.018455276397315479e-01  -1.022919971691872432e-01  8.738323679361870155e-02
2.310000000000000053e+00  1.988054312824628633e+00  2.594701479048706627e+00  -1.828684386545618643e-02  1.494456229800390945e+00  1.381088696241892899e+00
2.310000000000000053e+00  -1.665888961481559738e+00  -3.687659650673982825e-01  3.018292486118403506e-01  -1.024653476528685214e-01  8.735968996783533003e-02
2.320000000000000284e+00  1.981554025839940669e+00  2.592700132397780965e+00  -1.819109501937791334e-02  1.494316890968593770e+00  1.380646249557289540e+00
2.320000000000000284e+00  -1.665369971931696336e+00  -3.693058929322931561e-01  3.018124558075052088e-01  -1.026370528851614505e-01  8.733656063111583379e-02
2.330000000000000071e+00  1.975155484666884398e+00  2.590727546901400391e+00  -1.809541445766768911e-02  1.494179163414620870e+00  1.380209847854628302e+00
2.330000000000000071e+00  -1.664862514226287615e+00  -3.698421709659838186e-01  3.017951431949661423e-01  -1.028063184404468533e-01  8.731396946868791309e-02
2.339999999999999858e+00  1.968856493445505285e+00  2.588782268405752429e+00  -1.799966451558389705e-02  1.494045585433456225e+00  1.379782012411830294e+00
2.339999999999999858e+00  -1.664365570888433954e+00  -3.703747740278979239e-01  3.017773225619536648e-01  -1.029735519311737457e-01  8.729111748640039359e-02
2.350000000000000089e+00  1.962654618969225107e+00  2.586864353381374215e+00  -1.790404250960349677e-02  1.493912090830101347e+00  1.379362697536318461e+00
2.350000000000000089e+00  -1.663879110553419860e+00  -3.709037950451442578e-01  3.017590919211097789e-01  -1.031393428825689851e-01  8.726868999548231809e-02
2.360000000000000320e+00  1.956547986926184368e+00  2.584972894797007648e+00  -1.780732022288952776e-02  1.493782704971954534e+00  1.378950915407124223e+00
2.360000000000000320e+00  -1.663403225648707018e+00  -3.714291644572578766e-01  3.017403893887605770e-01  -1.033027736286020737e-01  8.724704745267919392e-02
2.370000000000000107e+00  1.950534357604114977e+00  2.583107329514870987e+00  -1.771811017059299331e-02  1.493655476498514378e+00  1.378547133979870720e+00
2.370000000000000107e+00  -1.662936975544944573e+00  -3.719510052047212967e-01  3.017212053670467187e-01  -1.034643991261805507e-01  8.722531628380103541e-02
2.379999999999999893e+00  1.944611794274046845e+00  2.581268162796491072e+00  -1.762110813704912196e-02  1.493528224783448044e+00  1.378150480756205054e+00
2.379999999999999893e+00  -1.662481414262722224e+00  -3.724692898228530447e-01  3.017016095006934129e-01  -1.036240300191439978e-01  8.720324395604506229e-02
2.390000000000000124e+00  1.938778285641488797e+00  2.579453334206347481e+00  -1.752610524532573905e-02  1.493404578108472602e+00  1.377761203977902138e+00
2.390000000000000124e+00  -1.662035014886430018e+00  -3.729838685132971787e-01  3.016815373519168841e-01  -1.037822998576778399e-01  8.718089566872044838e-02
2.400000000000000355e+00  1.933032128249197790e+00  2.577663050921782162e+00  -1.743178400594827884e-02  1.493283206468405622e+00  1.377377928842947075e+00
2.400000000000000355e+00  -1.661597777047649105e+00  -3.734951553043150407e-01  3.016611400995450332e-01  -1.039380424276041825e-01  8.715956228577642628e-02
2.410000000000000142e+00  1.927371082299260685e+00  2.575897578622933892e+00  -1.733758498546144819e-02  1.493164112136798893e+00  1.377002781505970441e+00
2.410000000000000142e+00  -1.661170571489157144e+00  -3.740030412507581725e-01  3.016403482394090507e-01  -1.040923924734583617e-01  8.713802515969298890e-02
2.419999999999999929e+00  1.921793741964695990e+00  2.574155256126932301e+00  -1.724365262148535791e-02  1.493046332992623570e+00  1.376633850303959683e+00
2.419999999999999929e+00  -1.660752026132949810e+00  -3.745076559322474408e-01  3.016191543775636474e-01  -1.042447823132002238e-01  8.711759595203499851e-02
2.429999999999999716e+00  1.916298157941364488e+00  2.572436755349170046e+00  -1.715013945376375748e-02  1.492928715096082382e+00  1.376270881582278394e+00
2.429999999999999716e+00  -1.660342772418020640e+00  -3.750087483943052580e-01  3.015975611654950761e-01  -1.043956197297465360e-01  8.709651827264647261e-02
2.439999999999999947e+00  1.910882688010441699e+00  2.570741001920425539e+00  -1.705684955017883198e-02  1.492817256014701055e+00  1.375915011445779657e+00
2.439999999999999947e+00  -1.659942238677058146e+00  -3.755066306111167207e-01  3.015756534286865853e-01  -1.045448291831561072e-01  8.707683614796229987e-02
2.450000000000000178e+00  1.905545668419410310e+00  2.569067889124198256e+00  -1.696380540613822915e-02  1.492702889792795418e+00  1.375566088611785531e+00
2.450000000000000178e+00  -1.659550211628499472e+00  -3.760008647646966295e-01  3.015532784186060189e-01  -1.046919250488638209e-01  8.705575794937808753e-02
2.459999999999999964e+00  1.900285606229794366e+00  2.567416506852018721e+00  -1.687120529782390813e-02  1.492594173674707925e+00  1.375223231884601161e+00
2.459999999999999964e+00  -1.659166468122572180e+00  -3.764920688923595882e-01  3.015306344026974505e-01  -1.048376510315972565e-01  8.703552926524477096e-02
2.469999999999999751e+00  1.895100648716792957e+00  2.565787366119332003e+00  -1.677876805272893526e-02  1.492484751046738056e+00  1.374885275748588098e+00
2.469999999999999751e+00  -1.658791521885571996e+00  -3.769799336064645345e-01  3.015076172471853333e-01  -1.049814268290587549e-01  8.701496790454593677e-02
2.479999999999999982e+00  1.889989548669717356e+00  2.564178884510827316e+00  -1.668682853572484026e-02  1.492378474266186750e+00  1.374553610524274827e+00
2.479999999999999982e+00  -1.658423973088425152e+00  -3.774646444464199724e-01  3.014842953454282548e-01  -1.051238405817109811e-01  8.699605989680980755e-02
2.490000000000000213e+00  1.884950704179231940e+00  2.562591432481083675e+00  -1.659515764732964749e-02  1.492272623456297076e+00  1.374228920655922614e+00
2.490000000000000213e+00  -1.658064290867680146e+00  -3.779461125672660682e-01  3.014606391457061441e-01  -1.052643784366652513e-01  8.697589793958959703e-02
2.500000000000000000e+00  1.879982564999107764e+00  2.561024737512951788e+00  -1.650383476594247806e-02  1.492169389435902938e+00  1.373907715673783336e+00
2.500000000000000000e+00  -1.657712870143463135e+00  -3.784244236808174122e-01  3.014366477403347955e-01  -1.054035608852007533e-01  8.695582455728922966e-02
2.509999999999999787e+00  1.875083983266846888e+00  2.559478404697858256e+00  -1.641301756789079538e-02  1.492066561590636109e+00  1.373593269043664522e+00
2.509999999999999787e+00  -1.657369450659867294e+00  -3.788996361253672562e-01  3.014123782277956520e-01  -1.055409833808836906e-01  8.693612986960713718e-02
2.520000000000000018e+00  1.870253462298614444e+00  2.557951667826662501e+00  -1.632218873537917905e-02  1.491966206279248697e+00  1.373282896954785670e+00
2.520000000000000018e+00  -1.657032812588107973e+00  -3.793717098016420319e-01  3.013878448734077509e-01  -1.056769112888137352e-01  8.691705320136239310e-02
2.530000000000000249e+00  1.865489621625491257e+00  2.556444141961693006e+00  -1.623380714278820774e-02  1.491868085431665492e+00  1.372979694401011974e+00
2.530000000000000249e+00  -1.656703523609564410e+00  -3.798409160729520062e-01  3.013630480101319176e-01  -1.058112709210388136e-01  8.689829264790510654e-02
2.540000000000000036e+00  1.860791218388952117e+00  2.554955917371876772e+00  -1.614394610709090488e-02  1.491770626270399802e+00  1.372680360865383031e+00
2.540000000000000036e+00  -1.656381410826882838e+00  -3.803070197260216556e-01  3.013380047925813265e-01  -1.059441941802408971e-01  8.688043184679855591e-02
2.549999999999999822e+00  1.856156897561221708e+00  2.553486540777662128e+00  -1.605443538375372903e-02  1.491674770666712391e+00  1.372387113556502447e+00
2.549999999999999822e+00  -1.656066262209347384e+00  -3.807700638155721573e-01  3.013126705724375465e-01  -1.060754371573299909e-01  8.686208191089805908e-02
2.560000000000000053e+00  1.851585503015484191e+00  2.552035636748674285e+00  -1.596521544267747242e-02  1.491580283746726687e+00  1.372097433897945917e+00
2.560000000000000053e+00  -1.655758346112766732e+00  -3.812301816697493684e-01  3.012870878962076171e-01  -1.062053686545150755e-01  8.684331453628654773e-02
2.570000000000000284e+00  1.847075711478731952e+00  2.550603544077240326e+00  -1.587665738949952526e-02  1.491486719698253749e+00  1.371813727124731930e+00
2.570000000000000284e+00  -1.655457590841656002e+00  -3.816870676347174363e-01  3.012611553694622968e-01  -1.063338445426855461e-01  8.682477246102070223e-02
2.580000000000000071e+00  1.842626516867654329e+00  2.549188529910368928e+00  -1.578836070759798843e-02  1.491395838289306441e+00  1.371533548459254126e+00
2.580000000000000071e+00  -1.655162850795621088e+00  -3.821412917096133621e-01  3.012350453220286051e-01  -1.064607211946464460e-01  8.680673820726927947e-02
2.589999999999999858e+00  1.838236779364165630e+00  2.547791552322962172e+00  -1.570050159030404388e-02  1.491305499301064375e+00  1.371258773065576753e+00
2.589999999999999858e+00  -1.654874946554623527e+00  -3.825928211312264460e-01  3.012088543241777661e-01  -1.065864663752802977e-01  8.679058479399850978e-02
2.600000000000000089e+00  1.833905167627147614e+00  2.546411039094790052e+00  -1.561303796524714932e-02  1.491217258639350840e+00  1.370988258193182041e+00
2.600000000000000089e+00  -1.654592716592066637e+00  -3.830410202209791337e-01  3.011822332721449946e-01  -1.067104496967311023e-01  8.677184270193902260e-02
2.610000000000000320e+00  1.829630740948180012e+00  2.545048234640910678e+00  -1.552598545651647649e-02  1.491127986639761094e+00  1.370723532899182029e+00
2.610000000000000320e+00  -1.654317209307696324e+00  -3.834863563334073300e-01  3.011553627748789208e-01  -1.068332582257792707e-01  8.675423878211592499e-02
2.620000000000000107e+00  1.825412390971926646e+00  2.543702306154631110e+00  -1.543932409494127092e-02  1.491042118200855970e+00  1.370461695836275196e+00
2.620000000000000107e+00  -1.654048374396312138e+00  -3.839293731403808363e-01  3.011284592045120334e-01  -1.069546649712326547e-01  8.673813786304469808e-02
2.629999999999999893e+00  1.821249113034725475e+00  2.542372579965340051e+00  -1.535325612628928374e-02  1.490956824238461431e+00  1.370204429156795634e+00
2.629999999999999893e+00  -1.653785181517169356e+00  -3.843691684850332746e-01  3.011012280266741614e-01  -1.070746208510541669e-01  8.672057375708518145e-02
2.640000000000000124e+00  1.817139879490544896e+00  2.541058666041936309e+00  -1.526748062901791408e-02  1.490872952815192276e+00  1.369952798544131323e+00
2.640000000000000124e+00  -1.653527520471422596e+00  -3.848063099418468358e-01  3.010738455141218628e-01  -1.071935460178384536e-01  8.670353545036274534e-02
2.650000000000000355e+00  1.813083656893969664e+00  2.539760648000477961e+00  -1.518209765226128174e-02  1.490790205854884087e+00  1.369702416307116977e+00
2.650000000000000355e+00  -1.653275941657119219e+00  -3.852407286040434586e-01  3.010462383157152533e-01  -1.073110112333181404e-01  8.668691351582429039e-02
2.660000000000000142e+00  1.809079625698194693e+00  2.538479002324217415e+00  -1.509719964697401121e-02  1.490709261930618812e+00  1.369458559442038537e+00
2.660000000000000142e+00  -1.653030437176064682e+00  -3.856724193947621560e-01  3.010185370740529054e-01  -1.074271589795306875e-01  8.667080491954222421e-02
2.669999999999999929e+00  1.805126613900724042e+00  2.537211600447502047e+00  -1.501266883221809290e-02  1.490629086223308253e+00  1.369217134524777002e+00
2.669999999999999929e+00  -1.652789608809205335e+00  -3.861013308009346723e-01  3.009905045335374285e-01  -1.075419126346025961e-01  8.665421487135513412e-02
2.679999999999999716e+00  1.801223837480204537e+00  2.535959751783373406e+00  -1.492867324874138507e-02  1.490549152932014065e+00  1.368979377185994828e+00
2.679999999999999716e+00  -1.652554763552783967e+00  -3.865276494112129813e-01  3.009623968183531839e-01  -1.076554630605389279e-01  8.663852697075911935e-02
2.689999999999999947e+00  1.797370373222018314e+00  2.534722565061733768e+00  -1.484513930076762980e-02  1.490470967858876783e+00  1.368746011276493313e+00
2.689999999999999947e+00  -1.652325052202431532e+00  -3.869512036586097992e-01  3.009340787775612314e-01  -1.077677965689072537e-01  8.662190744143466459e-02
2.700000000000000178e+00  1.793565450469772671e+00  2.533500746200163967e+00  -1.476206951771995637e-02  1.490395045540237495e+00  1.368516987456868339e+00
2.700000000000000178e+00  -1.652101254238988792e+00  -3.873724699673283256e-01  3.009057016304968468e-01  -1.078789854851750774e-01  8.660687459756429007e-02
2.709999999999999964e+00  1.789807913591291211e+00  2.532292961801989151e+00  -1.467937055494259249e-02  1.490318867109531986e+00  1.368289838195250407e+00
2.709999999999999964e+00  -1.651882354435977085e+00  -3.877908861930474682e-01  3.008770927120598682e-01  -1.079885341453951930e-01  8.659063854924946291e-02
2.719999999999999751e+00  1.786097218826903976e+00  2.531098672418083062e+00  -1.459714298914845110e-02  1.490243689902988056e+00  1.368067702850789935e+00
2.719999999999999751e+00  -1.651667695127202240e+00  -3.882065049681697744e-01  3.008482419212658021e-01  -1.080972949688708828e-01  8.657495312901694606e-02
2.729999999999999982e+00  1.782432406695591443e+00  2.529918981304950965e+00  -1.451541460908047781e-02  1.490169766295843967e+00  1.367848728203524322e+00
2.729999999999999982e+00  -1.651458917439200480e+00  -3.886199423844017287e-01  3.008193938032226455e-01  -1.082049496510954084e-01  8.656083621762350466e-02
2.740000000000000213e+00  1.778812704663658151e+00  2.528753065424286461e+00  -1.443402767745329343e-02  1.490097114394993039e+00  1.367633499471327729e+00
2.740000000000000213e+00  -1.651254945914965688e+00  -3.890306338668511610e-01  3.007903617516118344e-01  -1.083110963558704537e-01  8.654520591972700294e-02
2.750000000000000000e+00  1.775237437616022040e+00  2.527600273179069212e+00  -1.435320818166568868e-02  1.490024928774680957e+00  1.367420376191282649e+00
2.750000000000000000e+00  -1.651055482840304123e+00  -3.894388861667866242e-01  3.007612462810946297e-01  -1.084161352873774936e-01  8.652919995029137445e-02
2.759999999999999787e+00  1.771705585266011740e+00  2.526461535854287010e+00  -1.427277153010630961e-02  1.489954786101858719e+00  1.367211664606623689e+00
2.759999999999999787e+00  -1.650861425129944715e+00  -3.898448062301526629e-01  3.007319675568164707e-01  -1.085202938274292955e-01  8.651535693187420439e-02
2.770000000000000018e+00  1.768216641778264320e+00  2.525334571349718615e+00  -1.419284951874066197e-02  1.489885120947925357e+00  1.367005880631100734e+00
2.770000000000000018e+00  -1.650670862185849019e+00  -3.902480815857382046e-01  3.007025651338469663e-01  -1.086232730398743046e-01  8.650147003217753539e-02
2.780000000000000249e+00  1.764769741567670858e+00  2.524220919479324809e+00  -1.411339105024141810e-02  1.489816632762665627e+00  1.366802642518434752e+00
2.780000000000000249e+00  -1.650484992066615142e+00  -3.906489620723530010e-01  3.006730259391602877e-01  -1.087247370662968171e-01  8.648686164024667333e-02
2.790000000000000036e+00  1.761364300187514775e+00  2.523120541071951717e+00  -1.403447277681503860e-02  1.489748002687960593e+00  1.366603391164912473e+00
2.790000000000000036e+00  -1.650304184348892145e+00  -3.910471875502035122e-01  3.006433164582359430e-01  -1.088255010699040182e-01  8.647234459632061054e-02
2.799999999999999822e+00  1.757999371262234378e+00  2.522032080838019219e+00  -1.395576867098113905e-02  1.489680130405628411e+00  1.366407166918099492e+00
2.799999999999999822e+00  -1.650127374595224072e+00  -3.914431885215291507e-01  3.006135639695822204e-01  -1.089250849275379407e-01  8.645820682549265612e-02
2.810000000000000053e+00  1.754674413868333005e+00  2.520956334114399233e+00  -1.387769220852581517e-02  1.489614797647082378e+00  1.366213186464236617e+00
2.810000000000000053e+00  -1.649955175244256944e+00  -3.918369824835056803e-01  3.005838057111640538e-01  -1.090235112095927494e-01  8.644426935910354270e-02
2.820000000000000284e+00  1.751388898945431816e+00  2.519892244027764683e+00  -1.380010676420519514e-02  1.489549242642935756e+00  1.366022490755595342e+00
2.820000000000000284e+00  -1.649786652785604435e+00  -3.922282931974083175e-01  3.005538270091696607e-01  -1.091213091177091199e-01  8.643090398237729399e-02
2.830000000000000071e+00  1.748141997269775372e+00  2.518840023428430275e+00  -1.372290092137539580e-02  1.489484622106855616e+00  1.365834095133834136e+00
2.830000000000000071e+00  -1.649622454282061668e+00  -3.926171008790664274e-01  3.005237627959177482e-01  -1.092175675199281715e-01  8.641666136332315507e-02
2.839999999999999858e+00  1.744933050874771796e+00  2.517800048362054177e+00  -1.364624231605509122e-02  1.489420469630912125e+00  1.365649715591828350e+00
2.839999999999999858e+00  -1.649462528153160745e+00  -3.930036119202057754e-01  3.004935853069471974e-01  -1.093128149348685518e-01  8.640344240872077641e-02
2.850000000000000089e+00  1.741761587103173081e+00  2.516770674294539489e+00  -1.357006473442992286e-02  1.489358480278833108e+00  1.365467282107388991e+00
2.850000000000000089e+00  -1.649305880938313651e+00  -3.933879687992255514e-01  3.004633867092977306e-01  -1.094071596862924434e-01  8.639007866293235693e-02
2.860000000000000320e+00  1.738626800275353101e+00  2.515753325009653540e+00  -1.349427557657317464e-02  1.489295669266035960e+00  1.365287362742346522e+00
2.860000000000000320e+00  -1.649153418992480802e+00  -3.937697808970544444e-01  3.004330605129038601e-01  -1.095003667458512853e-01  8.637679997647795815e-02
2.870000000000000107e+00  1.735528168788682546e+00  2.514746946961906815e+00  -1.341904705911972639e-02  1.489234814899843107e+00  1.365109999930170348e+00
2.870000000000000107e+00  -1.649004870011696600e+00  -3.941495721821671738e-01  3.004026412694343340e-01  -1.095929305740286352e-01  8.636383442984729708e-02
2.879999999999999893e+00  1.732465333729737766e+00  2.513752104849645175e+00  -1.334407974396676494e-02  1.489174553927737232e+00  1.364935481060949529e+00
2.879999999999999893e+00  -1.648860650479162082e+00  -3.945272205638898355e-01  3.003722341085213743e-01  -1.096842604720674741e-01  8.635162163753706821e-02
2.890000000000000124e+00  1.729437255082591163e+00  2.512767676360549540e+00  -1.326971831037405611e-02  1.489115316606937744e+00  1.364763741602198488e+00
2.890000000000000124e+00  -1.648719435536873501e+00  -3.949023302090712284e-01  3.003416775216819490e-01  -1.097745161570566896e-01  8.633818155395400762e-02
2.900000000000000355e+00  1.726443771470589583e+00  2.511793425624666565e+00  -1.319578137619153990e-02  1.489055950066971334e+00  1.364593976692119792e+00
2.900000000000000355e+00  -1.648581409844408929e+00  -3.952754321434516216e-01  3.003111129305315319e-01  -1.098640557345099689e-01  8.632593264977950209e-02
2.910000000000000142e+00  1.723484054499952789e+00  2.510830361443566972e+00  -1.312239648020031152e-02  1.488997916547538214e+00  1.364428321074871997e+00
2.910000000000000142e+00  -1.648447686204036700e+00  -3.956462687719166094e-01  3.002804424799616623e-01  -1.099526114139867117e-01  8.631341304253281610e-02
2.919999999999999929e+00  1.720557771735303776e+00  2.509877568143779047e+00  -1.304827251471625885e-02  1.488940860621226214e+00  1.364263307911350420e+00
2.919999999999999929e+00  -1.648317085207790411e+00  -3.960148772635780912e-01  3.002496920092446731e-01  -1.100402909063190604e-01  8.630147300438817393e-02
2.929999999999999716e+00  1.717664251201791004e+00  2.508934992024092203e+00  -1.297568734934718970e-02  1.488883253570941978e+00  1.364101665109615169e+00
2.929999999999999716e+00  -1.648190050773414184e+00  -3.963814651330418437e-01  3.002189140473666695e-01  -1.101268920882555458e-01  8.628948540522185517e-02
2.939999999999999947e+00  1.714803052990628185e+00  2.508002277234544941e+00  -1.290361181344108418e-02  1.488826423564254320e+00  1.363941319785488604e+00
2.939999999999999947e+00  -1.648066305567865708e+00  -3.967457773378396113e-01  3.001880929878700810e-01  -1.102124811497421364e-01  8.627731331771648637e-02
2.950000000000000178e+00  1.711973635448843956e+00  2.507079970877724051e+00  -1.283203426819137100e-02  1.488772521434694074e+00  1.363783401734895540e+00
2.950000000000000178e+00  -1.647945966395147233e+00  -3.971078969242622936e-01  3.001572040579114087e-01  -1.102972718401403762e-01  8.626517604961336794e-02
2.959999999999999964e+00  1.709175464509124609e+00  2.506167054593853916e+00  -1.276076370904859203e-02  1.488716964504792406e+00  1.363629115801490821e+00
2.959999999999999964e+00  -1.647828544408892482e+00  -3.974681948832765599e-01  3.001262852190815233e-01  -1.103810821396353781e-01  8.625380721935238526e-02
2.969999999999999751e+00  1.706408142958345087e+00  2.505264285519114953e+00  -1.269009566269830094e-02  1.488664037636850956e+00  1.363475518459670965e+00
2.969999999999999751e+00  -1.647715038362909112e+00  -3.978262911586790129e-01  3.000953495814961958e-01  -1.104645443989972220e-01  8.624206728366945462e-02
2.979999999999999982e+00  1.703671238392287179e+00  2.504370248833240886e+00  -1.261985125708680461e-02  1.488611158969986858e+00  1.363324369608999609e+00
2.979999999999999982e+00  -1.647603768490917275e+00  -3.981824366456288011e-01  3.000643490816706782e-01  -1.105465588394819454e-01  8.623103682761779076e-02
2.990000000000000213e+00  1.700964054443280027e+00  2.503485697205194871e+00  -1.255027128231052391e-02  1.488558399402393873e+00  1.363176039689407704e+00
2.990000000000000213e+00  -1.647495773580541112e+00  -3.985363696643574594e-01  3.000332897280135747e-01  -1.106279076547949103e-01  8.622001638477116980e-02
3.000000000000000000e+00  1.698286232816927921e+00  2.502611050366230216e+00  -1.248365296952376122e-02  1.488505545055543555e+00  1.363028528063317868e+00
3.000000000000000000e+00  -1.647391141463781850e+00  -3.988881709380133200e-01  3.000022341292074013e-01  -1.107081775411429270e-01  8.620858337480941103e-02
