0.010000000000000  0.204244529798929  0.277967271672617  0.032794051297763  0.360185708466014  0.483139752155216
0.010000000000000  0.145696726988034  0.034760540042311  -0.082091067824440  0.015019175755425  -0.040087397573346
0.020000000000000  0.233427504516778  0.311390726726578  0.032297455194314  0.394184327712049  0.502615079254828
0.020000000000000  0.169689760855874  0.041167536208856  -0.087455231547817  0.016058020703873  -0.035922157782062
0.030000000000000  0.256012784502666  0.337326011250608  0.030872127952197  0.419509877601152  0.518867616915261
0.030000000000000  0.186942303807066  0.045853885182058  -0.090926075448498  0.017097003097405  -0.033399528912616
0.040000000000000  0.273039449391164  0.356108247840631  0.029144389713963  0.438951951234744  0.532800930020286
0.040000000000000  0.198677850549609  0.048976521176159  -0.092777363320582  0.017970628602709  -0.031975835867445
0.050000000000000  0.286965285067466  0.370991269526758  0.027351924010750  0.455012930108209  0.545070185028247
0.050000000000000  0.207060609344254  0.051169049425386  -0.093876996925347  0.018710627791992  -0.031215745499221
0.060000000000000  0.299691847963893  0.384103252432477  0.025663357939000  0.469313432717829  0.556091537859926
0.060000000000000  0.213907425382048  0.053006018627145  -0.094702841883298  0.019370106842235  -0.030833673786418
0.070000000000000  0.311710214145420  0.396077730482847  0.024103026744501  0.482300481877444  0.566072064554247
0.070000000000000  0.219723477139008  0.054637917682543  -0.095380371345342  0.019962522771550  -0.030695337666111
0.080000000000000  0.323138532125364  0.407125590526747  0.022669708986375  0.494177925221157  0.575157027839722
0.080000000000000  0.224709753420268  0.056106298975915  -0.095941890683802  0.020492606093399  -0.030720836415528
0.090000000000000  0.334037783331114  0.417396092574445  0.021351137435006  0.505099875927088  0.583464907216442
0.090000000000000  0.229026069950664  0.057435782770853  -0.096398705447421  0.020966082710359  -0.030828757793192
0.100000000000000  0.344442985139658  0.427000761893916  0.020137663650328  0.515189895310446  0.591096519052861
0.100000000000000  0.232802018768744  0.058647069387573  -0.096764913932502  0.021387650505667  -0.030982105867919
0.110000000000000  0.354381424323316  0.436029394539558  0.019017727622419  0.524549759655183  0.598137406580168
0.110000000000000  0.236143364307211  0.059752977068058  -0.097049203683816  0.021762974997992  -0.031150046908134
0.120000000000000  0.363885513530483  0.444553649730194  0.017980475040302  0.533264597761450  0.604658549035506
0.120000000000000  0.239127619576821  0.060765569933304  -0.097257983734846  0.022094239801424  -0.031310978939995
0.130000000000000  0.372984540673375  0.452633345061151  0.017016951777699  0.541406028824176  0.610719776262870
0.130000000000000  0.241813440225299  0.061694819164952  -0.097398882928531  0.022388511233609  -0.031452537342379
0.140000000000000  0.381709796626376  0.460317142753451  0.016119741646110  0.549034647859365  0.616371739318729
0.140000000000000  0.244244678323646  0.062549241287347  -0.097478842544622  0.022647413016403  -0.031568408055501
0.150000000000000  0.390089938979380  0.467646068620833  0.015282332573449  0.556202173452275  0.621657588063435
0.150000000000000  0.246456892720509  0.063336170828225  -0.097503918253124  0.022874464401267  -0.031656863128155
0.160000000000000  0.398150303112973  0.474654372517671  0.014499175622929  0.562953028168078  0.626614406986214
0.160000000000000  0.248477684696256  0.064061768067657  -0.097479896934605  0.023072900809414  -0.031717294498514
0.170000000000000  0.405914476176844  0.481371086987113  0.013765504444573  0.569325524150466  0.631273892157893
0.170000000000000  0.250328952004410  0.064731726115695  -0.097411913533520  0.023244740489516  -0.031751562286515
0.180000000000000  0.413403672838009  0.487822078155692  0.013076985728009  0.575352799514642  0.635663746973618
0.180000000000000  0.252029918294396  0.065351009055592  -0.097304472735682  0.023392451928190  -0.031759652765766
0.190000000000000  0.420637287812840  0.494029119791356  0.012429967447813  0.581064127798709  0.639807778345572
0.190000000000000  0.253596022019941  0.065924260003410  -0.097161454894380  0.023517844530063  -0.031745311002731
0.200000000000000  0.427633129338661  0.500011167824123  0.011821076681197  0.586485019678906  0.643727035839103
0.200000000000000  0.255039895663599  0.066454688009301  -0.096986570552460  0.023623327521885  -0.031708380117289
0.210000000000000  0.434405904785192  0.505784698904506  0.011247419030096  0.591638079540849  0.647439792965356
0.210000000000000  0.256372968304633  0.066945596258579  -0.096782792687610  0.023709902906984  -0.031651311299234
0.220000000000000  0.440970343252223  0.511365259217386  0.010706313183846  0.596543461152968  0.650962500279877
0.220000000000000  0.257604972185811  0.067400301211982  -0.096553005165871  0.023779111748948  -0.031575125882951
0.230000000000000  0.447338796784417  0.516764732618853  0.010195425784136  0.601218929444602  0.654309482327630
0.230000000000000  0.258744400331993  0.067821206531418  -0.096299567105129  0.023832276042119  -0.031483128391180
0.240000000000000  0.453523173053889  0.521996155936026  0.009712589181121  0.605680815938045  0.657493747967598
0.240000000000000  0.259798721235960  0.068210925677912  -0.096024978418261  0.023871488233851  -0.031375132646511
0.250000000000000  0.459533771072863  0.527069326038589  0.009255824761384  0.609943490159232  0.660526818494777
0.250000000000000  0.260774087342639  0.068571524679969  -0.095731050123469  0.023896210638183  -0.031253117934741
0.260000000000000  0.465379976528247  0.531994367114765  0.008823490749733  0.614020015725817  0.663419031056184
0.260000000000000  0.261676820650292  0.068904682774188  -0.095419607187791  0.023908549983544  -0.031118148206722
0.270000000000000  0.471069772081090  0.536779585261640  0.008413829117993  0.617922373435800  0.666179883266848
0.270000000000000  0.262511445286712  0.069212770270747  -0.095092334870761  0.023909011014425  -0.030971692597082
0.280000000000000  0.476612030900673  0.541432119462582  0.008025525615850  0.621661331772238  0.668817861547798
0.280000000000000  0.263283509972217  0.069497341893697  -0.094750602551807  0.023898712900396  -0.030815094580939
0.290000000000000  0.482014271493726  0.545959821171390  0.007657135773158  0.625246755566530  0.671340725652650
0.290000000000000  0.263996613883399  0.069759441650311  -0.094395800317108  0.023878418261690  -0.030648527387114
0.300000000000000  0.487283118013444  0.550368885953813  0.007307456954852  0.628687670053355  0.673755604210754
0.300000000000000  0.264654760919367  0.070000582388191  -0.094029237194742  0.023848462221661  -0.030473635068272
0.310000000000000  0.492424651695424  0.554665686310812  0.006975370343840  0.631992338656895  0.676068848392315
0.310000000000000  0.265261422169705  0.070222114573489  -0.093652022979307  0.023809989160217  -0.030290635171568
0.320000000000000  0.497444318099840  0.558855547502918  0.006659786044849  0.635168479467283  0.678286592141646
0.320000000000000  0.265819931488649  0.070425137424148  -0.093265102799781  0.023763512295784  -0.030100961015856
0.330000000000000  0.502348927874119  0.562943611805911  0.006359727327660  0.638223173020390  0.680414123014198
0.330000000000000  0.266333141533865  0.070610751817041  -0.092869422499767  0.023709418209314  -0.029904833210406
0.340000000000000  0.507141732520371  0.566934100369840  0.006074342166415  0.641162935280611  0.682456574564859
0.340000000000000  0.266803417239073  0.070779749809930  -0.092465846016725  0.023648447031753  -0.029702988417250
0.350000000000000  0.511828473848510  0.570831970391460  0.005802757320669  0.643993793419248  0.684418602171723
0.350000000000000  0.267233490894921  0.070933383361396  -0.092055195379163  0.023580809250817  -0.029496180241758
0.360000000000000  0.516413363399378  0.574641374774921  0.005544186321778  0.646721246368913  0.686304493703692
0.360000000000000  0.267625618269921  0.071072409374439  -0.091638096959945  0.023507218730677  -0.029284667517847
0.370000000000000  0.520899822252305  0.578365665251771  0.005297987303187  0.649350587633525  0.688118310456536
0.370000000000000  0.267981925820332  0.071197670960910  -0.091215361442583  0.023428057572036  -0.029070070416954
0.380000000000000  0.525292418195362  0.582008464130131  0.005063339301590  0.651886819416146  0.689863722195593
0.380000000000000  0.268304249684668  0.071309599104890  -0.090787525599386  0.023344159845397  -0.028851154407956
0.390000000000000  0.529594308052591  0.585573067617252  0.004839706189360  0.654334263994491  0.691544234205458
0.390000000000000  0.268594476632088  0.071409377252248  -0.090355194483812  0.023254942645209  -0.028629630129760
0.400000000000000  0.533809434967244  0.589062793281253  0.004626542660209  0.656697340720196  0.693163029053151
0.400000000000000  0.268854106391209  0.071497226316541  -0.089918789421343  0.023161302708253  -0.028405577984174
0.410000000000000  0.537940401073405  0.592480450266196  0.004423191969088  0.658979893694407  0.694723159412536
0.410000000000000  0.269084966742174  0.071573847591716  -0.089478848146556  0.023063124743173  -0.028178799731008
0.420000000000000  0.541990500743186  0.595828504807109  0.004229222072710  0.661185728964712  0.696227454236649
0.420000000000000  0.269288329053094  0.071640006224884  -0.089035828307462  0.022962112708067  -0.027950469468794
0.430000000000000  0.545962434731581  0.599109975680439  0.004044069106380  0.663318198508351  0.697678578405554
0.430000000000000  0.269465557261174  0.071696273639230  -0.088590138211257  0.022857114958415  -0.027720185205764
0.440000000000000  0.549858840972660  0.602326819820442  0.003867346113611  0.665380888254111  0.699078955694021
0.440000000000000  0.269617925540506  0.071742939421013  -0.088142115879262  0.022748767457206  -0.027488955506733
0.450000000000000  0.553682024163186  0.605481636243202  0.003698618989820  0.667376559818968  0.700430992524455
0.450000000000000  0.269746783121497  0.071780509217705  -0.087692238446745  0.022637596734310  -0.027256804438402
0.460000000000000  0.557435099715803  0.608576383408403  0.003537482446291  0.669308338747080  0.701736849652515
0.460000000000000  0.269853261502413  0.071809662429137  -0.087240705358908  0.022523253708345  -0.027023785501741
0.470000000000000  0.561119177190121  0.611613177450090  0.003383484673170  0.671178926168113  0.702998624461632
0.470000000000000  0.269938016756172  0.071830358029631  -0.086787939602291  0.022406738924502  -0.026790490756060
0.480000000000000  0.564737861999071  0.614593917347197  0.003236379346663  0.672990785393706  0.704218157936407
0.480000000000000  0.270002612229944  0.071843772511636  -0.086334069416837  0.022287777694457  -0.026556517703902
0.490000000000000  0.568292160540958  0.617520904165591  0.003095790304268  0.674746572766471  0.705397396460494
0.490000000000000  0.270047249234420  0.071849487406913  -0.085879505704315  0.022166663945968  -0.026322475421391
0.500000000000000  0.571784492579086  0.620395330571620  0.002961357673302  0.676448385539202  0.706538035811765
0.500000000000000  0.270073665137318  0.071848190260165  -0.085424432027251  0.022044081282608  -0.026089193668891
0.510000000000000  0.575216005236771  0.623218879300644  0.002832828749602  0.678098621014270  0.707641711496537
0.510000000000000  0.270082057817232  0.071840179318364  -0.084969097653835  0.021918713409043  -0.025855428856531
0.520000000000000  0.578589375853528  0.625993443732279  0.002709890598541  0.679699136437181  0.708709976518562
0.520000000000000  0.270073419232960  0.071825736041977  -0.084513789192912  0.021792721610221  -0.025622104002941
0.530000000000000  0.581906611153212  0.628720878583047  0.002592341549767  0.681252108464055  0.709744261289156
0.530000000000000  0.270048471997123  0.071805511467831  -0.084058532823717  0.021664294147641  -0.025389577072847
0.540000000000000  0.585167895020698  0.631401297327493  0.002479820561790  0.682759379312631  0.710746012482631
0.540000000000000  0.270008030421738  0.071779244625887  -0.083603581323970  0.021535453104630  -0.025157889449350
0.550000000000000  0.588376291990228  0.634037725028556  0.002372179518378  0.684222603906917  0.711716504045569
0.550000000000000  0.269952774132866  0.071747727962911  -0.083149294474732  0.021405338355432  -0.024926631930152
0.560000000000000  0.591531761065385  0.636630078010382  0.002269133983206  0.685643558097843  0.712657012786255
0.560000000000000  0.269882773317500  0.071710672895511  -0.082695544978570  0.021273859880191  -0.024696694478876
0.570000000000000  0.594636711946644  0.639180204386723  0.002170540825801  0.687023785877619  0.713568755390659
0.570000000000000  0.269799480049346  0.071668790433152  -0.082242503802179  0.021141450021141  -0.024467159900931
0.580000000000000  0.597692031177106  0.641689448187961  0.002076092709263  0.688364902667117  0.714452797380229
0.580000000000000  0.269702806078990  0.071622312986129  -0.081790608098768  0.021008928362896  -0.024239209520178
0.590000000000000  0.600700269544974  0.644158531133672  0.001985686633035  0.689668316617699  0.715310258136297
0.590000000000000  0.269593737727666  0.071571177079713  -0.081339699051441  0.020875021385367  -0.024012337447573
0.600000000000000  0.603661437403417  0.646588957324580  0.001899118416772  0.690935371564326  0.716142096062966
0.600000000000000  0.269472606061896  0.071515666994450  -0.080889969976319  0.020740627144911  -0.023786948515541
0.610000000000000  0.606576341211875  0.648981385485069  0.001816180409215  0.692167463740681  0.716949341802840
0.610000000000000  0.269339352149901  0.071456187634456  -0.080441597493342  0.020605780482085  -0.023562751923599
0.620000000000000  0.609446748482130  0.651337475190697  0.001736754486744  0.693365770457981  0.717732891752285
0.620000000000000  0.269195247991727  0.071392738636022  -0.079994629443695  0.020470813360149  -0.023339903185909
0.630000000000000  0.612274667448759  0.653657667768370  0.001660660516389  0.694531470398294  0.718493665392726
0.630000000000000  0.269040542707235  0.071325557070903  -0.079549145646190  0.020335460664366  -0.023118565916754
0.640000000000000  0.615059656495069  0.655943298314907  0.001587669380051  0.695665859834765  0.719232474924049
0.640000000000000  0.268875921545222  0.071254935699748  -0.079105333879108  0.020199524801597  -0.022898905497706
0.650000000000000  0.617803543339255  0.658194596656322  0.001517814372635  0.696769907872112  0.719950117478682
0.650000000000000  0.268700969701717  0.071180901702283  -0.078663156157303  0.020063777731966  -0.022680747384926
0.660000000000000  0.620507540127467  0.660412837540620  0.001450812948314  0.697844689961892  0.720647412545573
0.660000000000000  0.268516433587542  0.071103412294187  -0.078222759854131  0.019927510478516  -0.022464458138910
0.670000000000000  0.623171814149603  0.662598833922972  0.001386606609489  0.698891290346253  0.721324999836956
0.670000000000000  0.268322962557005  0.071023138128408  -0.077784168764039  0.019791563580072  -0.022249416673449
0.680000000000000  0.625798361152368  0.664753211356867  0.001325054646093  0.699910624369863  0.721983601718942
0.680000000000000  0.268120589476535  0.070939734290542  -0.077347441043584  0.019655879104285  -0.022036515484291
0.690000000000000  0.628386949544968  0.666877408435836  0.001266070668020  0.700903519607025  0.722623963066702
0.690000000000000  0.267910145078649  0.070853480097985  -0.076912797769787  0.019519651315230  -0.021824955020782
0.700000000000000  0.630939477859508  0.668971334786375  0.001209473124892  0.701870967699542  0.723246680319209
0.700000000000000  0.267691415117652  0.070764745345178  -0.076480081011474  0.019383968047783  -0.021615404938950
0.710000000000000  0.633455401823898  0.671036312101504  0.001155222074349  0.702813805588457  0.723852362323581
0.710000000000000  0.267464313282570  0.070673447357199  -0.076049456403290  0.019248202816177  -0.021407500035184
0.720000000000000  0.635937524990266  0.673072604953849  0.001103199004854  0.703732710923769  0.724441556854068
0.720000000000000  0.267230219375591  0.070579701273190  -0.075620958027532  0.019113085298003  -0.021201440215390
0.730000000000000  0.638384482294697  0.675080715963765  0.001053303787325  0.704628656493583  0.725014890408861
0.730000000000000  0.266988943026076  0.070483811254543  -0.075194532012287  0.018978287210890  -0.020997321646821
0.740000000000000  0.640798852772016  0.677061874598198  0.001005437543633  0.705502226889737  0.725572856370148
0.740000000000000  0.266740517668997  0.070385502399328  -0.074770458589499  0.018843791605098  -0.020795061795956
0.750000000000000  0.643179731437523  0.679016632651849  0.000959516481504  0.706354218883150  0.726115998953074
0.750000000000000  0.266485622119360  0.070285331488359  -0.074348479796122  0.018709423868175  -0.020594549862437
0.760000000000000  0.645528544079474  0.680945041248945  0.000915488701047  0.707185266202144  0.726644796830745
0.760000000000000  0.266223856890216  0.070182982576423  -0.073928859119863  0.018575528365042  -0.020395858349153
0.770000000000000  0.647846311815339  0.682848155759213  0.000873238880771  0.707996106716509  0.727159714607001
0.770000000000000  0.265956178614100  0.070079109633420  -0.073511441070557  0.018442245210555  -0.020199201847242
0.780000000000000  0.650133342626241  0.684726361274825  0.000832695244909  0.708787345117116  0.727661237599219
0.780000000000000  0.265682846830988  0.069973287993117  -0.073096423650407  0.018309649510740  -0.020004129124367
0.790000000000000  0.652390572805482  0.686580111471605  0.000793787625446  0.709559525532230  0.728149783482884
0.790000000000000  0.265402972971654  0.069865656953566  -0.072683725517621  0.018177166843851  -0.019811508062648
0.800000000000000  0.654618411823028  0.688410097365774  0.000756465675758  0.710313314585353  0.728625774706012
0.800000000000000  0.265118199773395  0.069756459445401  -0.072273383172092  0.018045529356945  -0.019620423190914
0.810000000000000  0.656817582665767  0.690216997170952  0.000720648586271  0.711049194877706  0.729089618485486
0.810000000000000  0.264827540195067  0.069645811721521  -0.071865437611995  0.017914551994411  -0.019431271996547
0.820000000000000  0.658988314029920  0.692000964747926  0.000686278306101  0.711767813775474  0.729541691481757
0.820000000000000  0.264531995132339  0.069533632799677  -0.071459899106857  0.017783150792195  -0.019244335830304
0.830000000000000  0.661131285223695  0.693762254943741  0.000653336102483  0.712469549601113  0.729982391166386
0.830000000000000  0.264231653453964  0.069420342428699  -0.071056803983827  0.017653308833316  -0.019058612807666
0.840000000000000  0.663247029550895  0.695502253893415  0.000621660323159  0.713155064923890  0.730412026270409
0.840000000000000  0.263926466783826  0.069305625536437  -0.070656178624055  0.017524190789454  -0.018875192234784
0.850000000000000  0.665336529582952  0.697220407916476  0.000591268182553  0.713824718337469  0.730830972082141
0.850000000000000  0.263616602161530  0.069189568616680  -0.070257983074121  0.017395406840902  -0.018693559296504
0.860000000000000  0.667399532866360  0.698918050343347  0.000562131927340  0.714479071691937  0.731239566347778
0.860000000000000  0.263302286785300  0.069072495561253  -0.069862273829771  0.017267342106839  -0.018513998088042
0.870000000000000  0.669437132878231  0.700594990161627  0.000534125717422  0.715118470204307  0.731638124825155
0.870000000000000  0.262983735370582  0.068954056440975  -0.069469011895164  0.017140113993095  -0.018336104784183
0.880000000000000  0.671450141070472  0.702251383942548  0.000507256223571  0.715743427986949  0.732026974000377
0.880000000000000  0.262661286298428  0.068835035030359  -0.069078240192473  0.017013231800079  -0.018159877602574
0.890000000000000  0.673437938822582  0.703888097013265  0.000481478024056  0.716354312030529  0.732406332988928
0.890000000000000  0.262334387628461  0.068714703760261  -0.068689928207809  0.016887512211798  -0.017986120048024
0.900000000000000  0.675402597965455  0.705505423652732  0.000456710229278  0.716951557942456  0.732776635566698
0.900000000000000  0.262004156371672  0.068593591425754  -0.068304126573502  0.016762465503096  -0.017813763913537
0.910000000000000  0.677341990270827  0.707104302516599  0.000432957020271  0.717535551249791  0.733137956899955
0.910000000000000  0.261670119009333  0.068471539534369  -0.067920729204661  0.016638335780017  -0.017643317682517
0.920000000000000  0.679259650043396  0.708683771870667  0.000410166309943  0.718106663555875  0.733490711908454
0.920000000000000  0.261332514751560  0.068348746407040  -0.067539846542686  0.016514883635054  -0.017474733922757
0.930000000000000  0.681153501062578  0.710245747303608  0.000388250567119  0.718665309305789  0.733835134552807
0.930000000000000  0.260991490552308  0.068225047559462  -0.067161576852137  0.016391867688591  -0.017307962593994
0.940000000000000  0.683025457481059  0.711789351427322  0.000367237732069  0.719211646881429  0.734171395891698
0.940000000000000  0.260647110923102  0.068100847627865  -0.066785668055687  0.016269819053102  -0.017143232838106
0.950000000000000  0.684875522852284  0.713315308374212  0.000347064215029  0.719746248600123  0.734499835194560
0.950000000000000  0.260299519876204  0.067975796526796  -0.066412272363385  0.016148297922931  -0.016979852188471
0.960000000000000  0.686704019168616  0.714823787599085  0.000327694509729  0.720269261081284  0.734820614017722
0.960000000000000  0.259948912791647  0.067850201056984  -0.066041383663293  0.016028007334066  -0.016818532237704
0.970000000000000  0.688510761489510  0.716315952702808  0.000309100932773  0.720781157259231  0.735133956959652
0.970000000000000  0.259595797588425  0.067723996622827  -0.065672994748661  0.015908578682747  -0.016658775849717
0.980000000000000  0.690297176670269  0.717790712218673  0.000291293346869  0.721282112392636  0.735440112346463
0.980000000000000  0.259239501139601  0.067597214326778  -0.065306978521833  0.015789611453630  -0.016500960429342
0.990000000000000  0.692062994381302  0.719249652512407  0.000274166320406  0.721772465115012  0.735739241807281
0.990000000000000  0.258880705658257  0.067470066611160  -0.064943521395634  0.015671766299511  -0.016344571556218
1.000000000000000  0.693808140585250  0.720692205773166  0.000257727133408  0.722252606881641  0.736031562004071
1.000000000000000  0.258519476943249  0.067342169733592  -0.064582539208767  0.015554520938407  -0.016189999111600
1.010000000000000  0.695533684571323  0.722116967532889  0.000241951237827  0.722722584025221  0.736317253325107
1.010000000000000  0.258155470657767  0.067214102993963  -0.064223962283804  0.015438348871711  -0.016037450442745
1.020000000000000  0.697240144236763  0.723528452087481  0.000226827353493  0.723182832754782  0.736596558579601
1.020000000000000  0.257789157792222  0.067085572527173  -0.063867859167177  0.015322869923660  -0.015886369578137
1.030000000000000  0.698927549642958  0.724924777237173  0.000212289101995  0.723633574734596  0.736869604136050
1.030000000000000  0.257420538274349  0.066956677001533  -0.063514197542319  0.015208228350367  -0.015737032609858
1.040000000000000  0.700596169724136  0.726306100392672  0.000198342942262  0.724075042028851  0.737136567403679
1.040000000000000  0.257049735766187  0.066827441375653  -0.063162969685990  0.015094457772796  -0.015589333638429
1.050000000000000  0.702246303499434  0.727672791760956  0.000184942982197  0.724507497632640  0.737397612179338
1.050000000000000  0.256676800665893  0.066697897485576  -0.062814164093983  0.014981501044646  -0.015443330331917
1.060000000000000  0.703878316191460  0.729025007877077  0.000172120275066  0.724931182579815  0.737652934512533
1.060000000000000  0.256301839929163  0.066568092128206  -0.062467773332479  0.014869381785632  -0.015298765519172
1.070000000000000  0.705492529652632  0.730363065400345  0.000159784741681  0.725346271037645  0.737902608491187
1.070000000000000  0.255924969648078  0.066438034511490  -0.062123790299473  0.014758119645889  -0.015155965555834
1.080000000000000  0.707089147568939  0.731687199159452  0.000147989623978  0.725752998615334  0.738146912371829
1.080000000000000  0.255546227556607  0.066307776462782  -0.061782199325663  0.014647716702917  -0.015014651141569
1.090000000000000  0.708668534811599  0.732997570453939  0.000136626325896  0.726151607555699  0.738385903712773
1.090000000000000  0.255165697520403  0.066177305956814  -0.061442994998293  0.014538141884732  -0.014875050579732
1.100000000000000  0.710230904013999  0.734294466159403  0.000125763174817  0.726542282976030  0.738619724679512
1.100000000000000  0.254783472369118  0.066046687565662  -0.061106158836228  0.014429410602356  -0.014736930180222
1.110000000000000  0.711776617730889  0.735578091327836  0.000115317507242  0.726925230602030  0.738848515227183
1.110000000000000  0.254399614542002  0.065915924486619  -0.060771690863776  0.014321491293529  -0.014600451170849
1.120000000000000  0.713305830033633  0.736848700752650  0.000105298910917  0.727300708007597  0.739072474977480
1.120000000000000  0.254014220309909  0.065785034736529  -0.060439558348978  0.014214437927380  -0.014465460254250
1.130000000000000  0.714818915864642  0.738106474567159  0.000095697746024  0.727668779852959  0.739291649882081
1.130000000000000  0.253627309013122  0.065654040510425  -0.060109772275661  0.014108245246772  -0.014331818308369
1.140000000000000  0.716316045543649  0.739351605227860  0.000086513541467  0.728029692730526  0.739506211552828
1.140000000000000  0.253239015431446  0.065522984079347  -0.059782307877795  0.014002886826698  -0.014199939580075
1.150000000000000  0.717797536388657  0.740584313117529  0.000077667333272  0.728383644904549  0.739716289326043
1.150000000000000  0.252849327725102  0.065391850146795  -0.059457152938694  0.013898327078802  -0.014069417193161
1.160000000000000  0.719263577835696  0.741804793675904  0.000069237824889  0.728730714930216  0.739921946931936
1.160000000000000  0.252458393892311  0.065260689794944  -0.059134294840927  0.013794632181088  -0.013940389642624
1.170000000000000  0.720714486844977  0.743013246023746  0.000061089936657  0.729071187636025  0.740123335727690
1.170000000000000  0.252066207829318  0.065129526284005  -0.058813721375547  0.013691809230609  -0.013812771720639
1.180000000000000  0.722150430530071  0.744209869544610  0.000053336434866  0.729405150555184  0.740320603398778
1.180000000000000  0.251672859884081  0.064998342621981  -0.058495420385041  0.013589767032989  -0.013686578829212
1.190000000000000  0.723571628573279  0.745394825460539  0.000045884085431  0.729732780125436  0.740513747774393
1.190000000000000  0.251278412431517  0.064867193228923  -0.058179377146591  0.013488580728867  -0.013561760149526
1.200000000000000  0.724978360494906  0.746568303151328  0.000038746005143  0.730054243492070  0.740702978609937
1.200000000000000  0.250882907896258  0.064736065945431  -0.057865578186054  0.013388186626090  -0.013438444931457
1.210000000000000  0.726370810692082  0.747730494772969  0.000031907184220  0.730369650965380  0.740888342064273
1.210000000000000  0.250486418828523  0.064604990029268  -0.057554007098286  0.013288617388342  -0.013316530597139
1.220000000000000  0.727749247444984  0.748881547848352  0.000025356910513  0.730679177994128  0.741069973589616
1.220000000000000  0.250088977107464  0.064473974771682  -0.057244656437284  0.013189896761530  -0.013195882663269
1.230000000000000  0.729113792658453  0.750021656971617  0.000019079900580  0.730982931313941  0.741247874708642
1.230000000000000  0.249690669962630  0.064343050013584  -0.056937502309603  0.013091955517708  -0.013076591375543
1.240000000000000  0.730464721093168  0.751150968049808  0.000013097529413  0.731281090686515  0.741422273590014
1.240000000000000  0.249291492316368  0.064212226098393  -0.056632535885033  0.012994826190001  -0.012958768418779
1.250000000000000  0.731802223218332  0.752269606924910  0.000007349133544  0.731573738352214  0.741593157732501
1.250000000000000  0.248891559606262  0.064081484975530  -0.056329744606752  0.012898552769456  -0.012842139730433
1.260000000000000  0.733126498572987  0.753377823668489  0.000001861849520  0.731861063100975  0.741760648270593
1.260000000000000  0.248490867183581  0.063950880711961  -0.056029106915610  0.012803039974459  -0.012726785420599
1.270000000000000  0.734437716061138  0.754475710161811  -0.000003433317812  0.732143123238208  0.741924800010442
1.270000000000000  0.248089491773869  0.063820383968133  -0.055730617656848  0.012708305433083  -0.012612826814748
1.280000000000000  0.735736093371716  0.755563421704040  -0.000008437748192  0.732420063570570  0.742085737323852
1.280000000000000  0.247687464461880  0.063690060612820  -0.055434255479607  0.012614385216192  -0.012500126148148
1.290000000000000  0.737021838119408  0.756641150707372  -0.000013276489606  0.732692044809335  0.742243547153663
1.290000000000000  0.247284838185381  0.063559867323815  -0.055140009159412  0.012521191997328  -0.012388695733536
1.300000000000000  0.738295061777156  0.757708981982690  -0.000017888189175  0.732959088349952  0.742398227482960
1.300000000000000  0.246881640861515  0.063429863841711  -0.054847858932299  0.012428873409759  -0.012278432023754
1.310000000000000  0.739556009487620  0.758767102341082  -0.000022277202343  0.733221383049336  0.742549947844516
1.310000000000000  0.246477933221876  0.063300030226100  -0.054557797423932  0.012337294895776  -0.012169468991586
1.320000000000000  0.740804846677771  0.759815618915064  -0.000026471120405  0.733478995662893  0.742698729432518
1.320000000000000  0.246073737277639  0.063170370959944  -0.054269804646906  0.012246515472661  -0.012061659027408
1.330000000000000  0.742041741456539  0.760854744998751  -0.000030481812247  0.733732067478869  0.742844600434775
1.330000000000000  0.245669119588760  0.063040951620273  -0.053983866489400  0.012156438412253  -0.011955188911760
1.340000000000000  0.743266855127225  0.761884468274949  -0.000034315362891  0.733980676240755  0.742987730519353
1.340000000000000  0.245264105237610  0.062911679099512  -0.053699964878752  0.012067174388514  -0.011849766414379
1.350000000000000  0.744480331813201  0.762905056632403  -0.000037971769958  0.734224889699741  0.743128109451613
1.350000000000000  0.244858710198850  0.062782642141841  -0.053418096660071  0.011978663648132  -0.011745458343858
1.360000000000000  0.745682392062797  0.763916594607882  -0.000041473413664  0.734464886690770  0.743265818340824
1.360000000000000  0.244452991868352  0.062653857248501  -0.053138233515706  0.011890919430587  -0.011642437911954
1.370000000000000  0.746873164559408  0.764919166633628  -0.000044804501588  0.734700695505099  0.743400951857064
1.370000000000000  0.244046990442754  0.062525276703038  -0.052860366444182  0.011803891203397  -0.011540538249151
1.380000000000000  0.748052790774519  0.765912968951627  -0.000047967830470  0.734932414654708  0.743533514430935
1.380000000000000  0.243640728143714  0.062396940259829  -0.052584480189484  0.011717619562374  -0.011439734132849
1.390000000000000  0.749221460760324  0.766898074751444  -0.000050994414295  0.735160131203227  0.743663616563422
1.390000000000000  0.243234247416293  0.062268843317054  -0.052310560601905  0.011632097995308  -0.011340091616718
1.400000000000000  0.750379282377673  0.767874618577258  -0.000053892154442  0.735383945027107  0.743791278068833
1.400000000000000  0.242827571965946  0.062141023020442  -0.052038593106679  0.011547269744806  -0.011241497967867
1.410000000000000  0.751526442872149  0.768842717075540  -0.000056627563352  0.735603981600355  0.743916588779934
1.410000000000000  0.242420737700983  0.062013443514577  -0.051768559055748  0.011463182616088  -0.011144062299819
1.420000000000000  0.752663104469191  0.769802479063817  -0.000059244070072  0.735820237608888  0.744039556673532
1.420000000000000  0.242013776965529  0.061886138227632  -0.051500449099139  0.011379845548433  -0.011047604494761
1.430000000000000  0.753789347977799  0.770754007195829  -0.000061714776673  0.736032846231975  0.744160314235940
1.430000000000000  0.241606727465054  0.061759111715342  -0.051234246511808  0.011297199026771  -0.010952245867812
1.440000000000000  0.754905343439434  0.771697498012896  -0.000064078187673  0.736241893785597  0.744278836288008
1.440000000000000  0.241199586115028  0.061632345432375  -0.050969937033666  0.011215252284769  -0.010857992335300
1.450000000000000  0.756011231374135  0.772632919183454  -0.000066309644826  0.736447419531644  0.744395210720109
1.450000000000000  0.240792436066456  0.061505874635000  -0.050707501844258  0.011134024621070  -0.010764650404798
1.460000000000000  0.757107159293436  0.773560467604716  -0.000068436100638  0.736649477684462  0.744509442970399
1.460000000000000  0.240385248743669  0.061379686412081  -0.050446935788171  0.011053487002912  -0.010672420106326
1.470000000000000  0.758193236558585  0.774480225324504  -0.000070453912444  0.736848220163714  0.744621649851152
1.470000000000000  0.239978090552542  0.061253810663896  -0.050188214320902  0.010973662853290  -0.010581129133774
1.480000000000000  0.759269620816271  0.775392285858703  -0.000072364281229  0.737043670229188  0.744731803274638
1.480000000000000  0.239570957070063  0.061128215719642  -0.049931327472451  0.010894509141851  -0.010491021076681
1.490000000000000  0.760336411142903  0.776296758325574  -0.000074179552150  0.737235881501219  0.744840002293708
1.490000000000000  0.239163894693305  0.061002946131372  -0.049676260230742  0.010816050044581  -0.010401710972209
1.500000000000000  0.761393768489274  0.777193784283459  -0.000075891813786  0.737424956215186  0.744946240095195
1.500000000000000  0.238756941647801  0.060877959633889  -0.049422999135471  0.010738233868386  -0.010313358836829
1.510000000000000  0.762441779664139  0.778083321380031  -0.000077497111548  0.737610934731835  0.745050635664376
1.510000000000000  0.238350104895206  0.060753308995470  -0.049171528587700  0.010661116950125  -0.010226047584368
1.520000000000000  0.763480598493110  0.778965634482888  -0.000079030006898  0.737793883292223  0.745153182025788
1.520000000000000  0.237943392450702  0.060628956224376  -0.048921836995275  0.010584672174718  -0.010139652512368
1.530000000000000  0.764510343831089  0.779840731420732  -0.000080475435184  0.737973877806010  0.745253919802567
1.530000000000000  0.237536845577164  0.060504927413577  -0.048673907429219  0.010508884820541  -0.010054231880567
1.540000000000000  0.765531104440619  0.780708710129239  -0.000081828040768  0.738150965620885  0.745352854905631
1.540000000000000  0.237130471449824  0.060381237188469  -0.048427727035922  0.010433725977784  -0.009969743288547
1.550000000000000  0.766542990394085  0.781569682812107  -0.000083112290269  0.738325221002995  0.745450062639106
1.550000000000000  0.236724327194421  0.060257870798427  -0.048183281782024  0.010359231408405  -0.009886127797272
1.560000000000000  0.767546160025338  0.782423694273603  -0.000084306603778  0.738496681780852  0.745545613156962
1.560000000000000  0.236318395449032  0.060134837629420  -0.047940557835721  0.010285384553716  -0.009803365105251
1.570000000000000  0.768540671574623  0.783270893961717  -0.000085425175820  0.738665383152191  0.745639537488839
1.570000000000000  0.235912713283114  0.060012127383834  -0.047699539272052  0.010212204004551  -0.009721561539501
1.580000000000000  0.769526677969199  0.784111297699438  -0.000086478807116  0.738831464332978  0.745731806495807
1.580000000000000  0.235507297494215  0.059889756443219  -0.047460218191510  0.010139577759524  -0.009640655274313
1.590000000000000  0.770504282258604  0.784945034318454  -0.000087450033280  0.738994909737936  0.745822449913199
1.590000000000000  0.235102166273874  0.059767724842528  -0.047222574267098  0.010067674611709  -0.009560583320185
1.600000000000000  0.771473585681108  0.785772207274436  -0.000088372301866  0.739155769283124  0.745911584433348
1.600000000000000  0.234697348350872  0.059646050865987  -0.046986597808888  0.009996338885979  -0.009481315409787
1.610000000000000  0.772434692034930  0.786592860602568  -0.000089243472547  0.739314116319984  0.745999229628421
1.610000000000000  0.234292851739889  0.059524714435923  -0.046752272992470  0.009925618606488  -0.009402946437018
1.620000000000000  0.773387707694737  0.787407057930257  -0.000090023695803  0.739469979531773  0.746085369396147
1.620000000000000  0.233888689212051  0.059403713382580  -0.046519587896616  0.009855494064526  -0.009325461904492
1.630000000000000  0.774332705759083  0.788214884735478  -0.000090771743940  0.739623389678148  0.746170030018689
1.630000000000000  0.233484895210373  0.059283076645090  -0.046288531466951  0.009785997877568  -0.009248741233174
1.640000000000000  0.775269789501764  0.789016442410941  -0.000091436059957  0.739774489878462  0.746253287573361
1.640000000000000  0.233081481743879  0.059162790856382  -0.046059082828706  0.009717109040976  -0.009172894832136
1.650000000000000  0.776199139953223  0.789811829518185  -0.000092056254173  0.739923216197115  0.746335135531130
1.650000000000000  0.232678452589904  0.059042846054301  -0.045831239699440  0.009648806303662  -0.009097743247169
1.660000000000000  0.777120708873705  0.790601050326561  -0.000092613912239  0.740069691370958  0.746415629222508
1.660000000000000  0.232275826647702  0.058923270755334  -0.045604981217409  0.009581064852673  -0.009023477363899
1.670000000000000  0.778034722948971  0.791384260408524  -0.000093157062148  0.740213905737182  0.746494788342294
1.670000000000000  0.231873639428122  0.058804036542597  -0.045380294731185  0.009513928900358  -0.008949935947555
1.680000000000000  0.778941211508967  0.792161451380868  -0.000093612196137  0.740355929964400  0.746572679962411
1.680000000000000  0.231471884320283  0.058685158402124  -0.045157173199929  0.009447415019628  -0.008877155610066
1.690000000000000  0.779840263957105  0.792932724878268  -0.000094070114550  0.740495772145030  0.746649189284887
1.690000000000000  0.231070578492616  0.058566651472698  -0.044935598901548  0.009381428050831  -0.008805185583120
1.700000000000000  0.780731973438654  0.793698211303330  -0.000094429120465  0.740633551102321  0.746724520404053
1.700000000000000  0.230669745709441  0.058448501151162  -0.044715558835869  0.009316000513379  -0.008734002005972
1.710000000000000  0.781616439276613  0.794457865888918  -0.000094797692216  0.740769233780335  0.746798589347752
1.710000000000000  0.230269400850702  0.058330719278646  -0.044497039770495  0.009251139828959  -0.008663563650083
1.720000000000000  0.782493779171744  0.795211824820680  -0.000095097893582  0.740902874971399  0.746871490554012
1.720000000000000  0.229869547385565  0.058213297703087  -0.044280031542372  0.009186856003034  -0.008593758291845
1.730000000000000  0.783364030053247  0.795960143726050  -0.000095353385321  0.741034522630100  0.746943152734857
1.730000000000000  0.229470197561532  0.058096232686648  -0.044064527373734  0.009123134604107  -0.008524845373406
1.740000000000000  0.784227264907609  0.796702889244740  -0.000095583323381  0.741164244697144  0.747013661873419
1.740000000000000  0.229071381075156  0.057979542032842  -0.043850502474667  0.009059914399506  -0.008456489933259
1.750000000000000  0.785083622506924  0.797440109763914  -0.000095759119507  0.741291993163209  0.747083031604271
1.750000000000000  0.228673100703909  0.057863203008018  -0.043637951234381  0.008997259889915  -0.008388924316744
1.760000000000000  0.785933150662356  0.798171916010422  -0.000095935635536  0.741417888395495  0.747151312727451
1.760000000000000  0.228275363190303  0.057747247533797  -0.043426865024436  0.008935144167439  -0.008322054894820
1.770000000000000  0.786775941988176  0.798898319806699  -0.000096046244831  0.741541915249007  0.747218504509657
1.770000000000000  0.227878182273432  0.057631648936013  -0.043217227087650  0.008873559123007  -0.008255914671326
1.780000000000000  0.787612081287894  0.799619404579546  -0.000096141624663  0.741664145813194  0.747284643391166
1.780000000000000  0.227481556760166  0.057516408480229  -0.043009026306186  0.008812506348612  -0.008190396244755
1.790000000000000  0.788441581731498  0.800335232981684  -0.000096181180001  0.741784566388031  0.747349685872337
1.790000000000000  0.227085524695623  0.057401555068810  -0.042802249409371  0.008751980983996  -0.008125587672321
1.800000000000000  0.789264622736968  0.801045843008607  -0.000096220880533  0.741903284677794  0.747413717456280
1.800000000000000  0.226690095598480  0.057287064967975  -0.042596889740850  0.008691965437016  -0.008061429259191
1.810000000000000  0.790081206792686  0.801751306375107  -0.000096207680650  0.742020226377306  0.747476744907927
1.810000000000000  0.226295255637488  0.057172930374857  -0.042392930031957  0.008632459322079  -0.007997997141511
1.820000000000000  0.790891431352765  0.802451655494339  -0.000096192374567  0.742135523039759  0.747538798009103
1.820000000000000  0.225901023295923  0.057059186869176  -0.042190363368948  0.008573473877721  -0.007935134091344
1.830000000000000  0.791695365469365  0.803147024577784  -0.000096125197501  0.742249141993503  0.747599873174046
1.830000000000000  0.225507413100793  0.056945806968284  -0.041989170332761  0.008514991545108  -0.007872896157303
1.840000000000000  0.792493085091001  0.803837389079382  -0.000096065479833  0.742361130560348  0.747660022166475
1.840000000000000  0.225114444181724  0.056832782582810  -0.041789350204707  0.008456995119783  -0.007811382028274
1.850000000000000  0.793284686400844  0.804522829325143  -0.000095951664315  0.742471506132437  0.747719201865675
1.850000000000000  0.224722111202714  0.056720134842962  -0.041590882597690  0.008399534270654  -0.007750382791884
1.860000000000000  0.794070191951073  0.805203391162775  -0.000095844693636  0.742580331444881  0.747777480423917
1.860000000000000  0.224330432500896  0.056607850740147  -0.041393765399792  0.008342480579141  -0.007690118604937
1.870000000000000  0.794849705282856  0.805879164172517  -0.000095686466693  0.742687633642414  0.747834891046108
1.870000000000000  0.223939399497858  0.056495951299883  -0.041197976322043  0.008285979475952  -0.007630358136919
1.880000000000000  0.795623283307242  0.806550161789539  -0.000095562664751  0.742793376789016  0.747891377289822
1.880000000000000  0.223549038290450  0.056384423691238  -0.041003514556974  0.008229942772691  -0.007571330078175
1.890000000000000  0.796390992656482  0.807216479178852  -0.000095333179741  0.742897668032648  0.747947010435872
1.890000000000000  0.223159360770758  0.056273252633304  -0.040810366635738  0.008174364247164  -0.007512778692822
1.900000000000000  0.797152906636935  0.807878087865013  -0.000095148088689  0.743000466641060  0.748001794850948
1.900000000000000  0.222770350142003  0.056162445160677  -0.040618517311110  0.008119271069322  -0.007454884316083
1.910000000000000  0.797909090385848  0.808535129002382  -0.000094918194902  0.743101875559384  0.748055786382718
1.910000000000000  0.222382046728620  0.056052023787486  -0.040427957146364  0.008064627718729  -0.007397518927650
1.920000000000000  0.798659591259860  0.809187577991096  -0.000094706569328  0.743201832993598  0.748108918338034
1.920000000000000  0.221994432773919  0.055941957149962  -0.040238679925398  0.008010465406955  -0.007340786190453
1.930000000000000  0.799404465116883  0.809835525349733  -0.000094448932142  0.743300451713531  0.748161285020247
1.930000000000000  0.221607526592886  0.055832256080523  -0.040050672671064  0.007956754071005  -0.007284597861044
1.940000000000000  0.800143815633543  0.810479010475162  -0.000094176401607  0.743397637152593  0.748212855677031
1.940000000000000  0.221221331377593  0.055722937906217  -0.039863923812531  0.007903503929350  -0.007229017057919
1.950000000000000  0.800877642163237  0.811118089923408  -0.000093851309038  0.743493557970566  0.748263622520039
1.950000000000000  0.220835853176558  0.055613963837835  -0.039678422728777  0.007850706951877  -0.007173976700002
1.960000000000000  0.801606081546326  0.811752789238720  -0.000093589974284  0.743588117649261  0.748313657083442
1.960000000000000  0.220451093932927  0.055505376203634  -0.039494160462579  0.007798343643165  -0.007119368975871
1.970000000000000  0.802329138761667  0.812383168017273  -0.000093248992734  0.743681424199232  0.748362984380641
1.970000000000000  0.220067079923545  0.055397150945306  -0.039311126893254  0.007746433804141  -0.007065441623258
1.980000000000000  0.803046891195360  0.813009283195188  -0.000092954488334  0.743773373318776  0.748411539276816
1.980000000000000  0.219683797424049  0.055289292225001  -0.039129311954785  0.007694939084825  -0.007011986850647
1.990000000000000  0.803759397441930  0.813631144554142  -0.000092600349903  0.743864166381757  0.748459427345569
1.990000000000000  0.219301254144036  0.055181792116952  -0.038948704421626  0.007643884449645  -0.006959069652572
2.000000000000000  0.804466704727375  0.814248822303701  -0.000092248034900  0.743953691972647  0.748506553993466
2.000000000000000  0.218919470683689  0.055074652091886  -0.038769294627434  0.007593272479461  -0.006906713740499
