4.443786795074032570e-02  -4.159691083901345156e-04  -1.542779564372151059e-05  4.056165224208385639e-06  1.422196422152223993e-05  1.365728510394267296e-03  3.514831662681180968e-02  6.419544162616354311e-04  3.647975469165948140e-05  -1.422196092997456603e-07  7.370679371018494020e-05  1.090010008613366321e-04  2.124015436841415749e-02  -7.647086887668984529e-04  -4.787695028699626437e-06  1.308915885218251463e-05  -2.800139968039948001e-07  7.297860521244509992e-03
-4.161038095859658902e-04  4.444297177635937734e-02  3.206776903458978984e-05  3.432227125132958308e-06  -1.922683899438154946e-05  -1.402359471300300593e-03  -7.767656297043600607e-04  2.123745599503125761e-02  -2.128540370879546882e-06  2.171737040184204000e-05  4.936476526630639595e-06  -7.254755494353405318e-03  6.637260806587678670e-04  3.513009345871801609e-02  -2.511750126145329465e-05  4.835982421958425512e-05  -5.398875258581477873e-06  -7.487709246368392103e-05
-1.504440522644624365e-05  3.232009771199008559e-05  5.049100043501566354e-02  -1.791455343951500918e-03  1.858779498463048688e-03  2.836484371554853193e-05  1.999737052685926429e-05  -6.904590321280213608e-06  2.189340305209830362e-02  -1.730869565612694870e-04  8.871912652026412924e-03  -4.626725962805303070e-06  -6.682421754938943323e-06  -1.515374575656943042e-05  2.187628212149991119e-02  -8.884070799783490291e-03  1.940445204317079158e-04  -7.438498859111856001e-06
4.085762084323731772e-06  3.420174086677840345e-06  -1.791623689623369478e-03  3.727416642965179772e-02  -1.253545886899795385e-05  -4.145031990724776445e-05  2.701062978609012901e-06  2.110694883003477894e-05  -4.297849276949283672e-04  3.909250902813920375e-03  -5.629374243787093734e-04  -3.668922601119312582e-05  4.000679472486891212e-06  -1.987011613949823063e-05  9.092274235660169346e-03  -1.309216032415292654e-03  5.489843841664586416e-05  7.510128109488649601e-06
1.402156644658708973e-05  -1.918986297587090055e-05  1.858531312069448046e-03  -1.254635413606300181e-05  3.710108063945861956e-02  -6.944748598568065438e-05  1.793110626068835868e-06  1.798137007663863128e-05  -9.136673667730401890e-03  3.666469591484847293e-05  -1.343004175344693699e-03  -2.239825915500230952e-05  5.586980855775716739e-06  -9.796145279646818640e-06  4.522229717634876659e-04  -5.878341645542479099e-04  3.905856956175692962e-03  1.466353326960392238e-05
1.365795062034464965e-03  -1.402469250762379983e-03  2.803024950863654459e-05  -4.152725463286685884e-05  -6.939476720202405774e-05  3.449755483735018197e-02  1.352077962327540061e-03  8.094976319708105730e-03  -2.721319244933809723e-05  3.418744400794623058e-05  -3.674039243772778531e-05  -1.403706502333272425e-03  -8.044831050153732413e-03  -1.382555542672254728e-03  1.889272162134219448e-06  -4.991727187360997440e-06  7.763210808661592749e-07  -1.420316223696602501e-03
3.514830623830773187e-02  -7.767004419531033056e-04  2.029354514656681819e-05  2.745065747551857775e-06  1.606404979685048425e-06  1.352131553432656379e-03  4.429286933156617589e-02  8.406345472803530231e-04  -3.683369630906864299e-05  1.104920500665289784e-06  -7.914919147346528123e-05  3.922385047692328623e-04  2.052462765479062465e-02  -2.345198185811664393e-03  5.498292429288902086e-07  -4.918132590818289128e-06  -8.050799818514551381e-07  4.599046399432562410e-03
6.418106351865245085e-04  2.123742789647499463e-02  -6.907587197435511075e-06  2.118261752465106160e-05  1.789105112365557676e-05  8.094944405908639784e-03  8.408437939692309368e-04  5.062717222715207993e-02  -2.515712969312616398e-06  -2.999502229921118359e-05  -1.416624230162100223e-05  1.856564964273127493e-03  -5.959748889219748137e-03  2.051816043866319314e-02  6.509553549353172144e-07  3.804742754023916451e-06  1.230286116561927937e-06  2.600432411065199418e-03
3.673791858716547720e-05  -2.168190403633573730e-06  2.189345381959210968e-02  -4.297869504029026800e-04  -9.136435486902065584e-03  -2.755050972926201603e-05  -3.706251771931119319e-05  -2.501515018086084120e-06  5.164019240466882071e-02  -8.081045851386448400e-05  -1.882815953799270390e-03  1.725956830344990472e-05  6.489373428248971605e-06  8.867775460225914232e-07  1.487118228267914934e-02  -3.442874478645267366e-03  -3.281803084887244173e-03  1.477898283561329078e-05
-3.471856325781560077e-07  2.170591199577615957e-05  -1.730441099153722331e-04  3.909095525078856714e-03  3.653154014524392793e-05  3.453641344308556977e-05  1.353427554081384657e-06  -3.006552214939769144e-05  -8.077195627569747917e-05  4.129921046892293113e-02  -1.254489157617307243e-04  4.548506830931552933e-05  -6.280462910341374367e-06  1.166812944653639846e-05  3.278772341139045074e-03  4.964374345242729717e-04  -1.002922217013789809e-03  -4.717272419685151115e-06
7.394183731231968775e-05  4.999298830861282506e-06  8.872303612965135033e-03  -5.629318380905157368e-04  -1.343282985041402292e-03  -3.688024584704528290e-05  -7.903049841293158012e-05  -1.439976498065340480e-05  -1.882584073588369636e-03  -1.257482734770823049e-04  3.763376134805102025e-02  5.461230701807948259e-05  1.476657459032819196e-05  3.436557102030177963e-06  3.452352779267314851e-03  -1.451117351211414584e-03  4.916570012608519362e-04  3.020585370525714482e-05
1.089831490045985326e-04  -7.254835978268201965e-03  -4.553934032454768949e-06  -3.666876791525054143e-05  -2.242634855452842538e-05  -1.403781459913293426e-03  3.922967132935893273e-04  1.856251154098303296e-03  1.730886543386489588e-05  4.530729063694444788e-05  5.456470193017117474e-05  3.702916792900313309e-02  -2.608712190504210941e-03  -4.582956944013888770e-03  -1.388733497188399399e-06  -5.667359760055361097e-06  6.010921208306676936e-07  9.338749864203158826e-04
2.124025742675162212e-02  6.637519882090356198e-04  -6.652018309712584504e-06  3.938188437760885597e-06  5.525885026288089035e-06  -8.044594733796397307e-03  2.052475501178481834e-02  -5.959743316545158993e-03  6.465370989509046127e-06  -6.161486813905073893e-06  1.485013549882642987e-05  -2.608730299798794807e-03  5.059888190382513112e-02  8.244790788338643818e-04  -7.423964057331790792e-07  2.575514975839544282e-06  -2.215911390150243165e-06  -1.938274685706481426e-03
-7.646216915056110695e-04  3.512989618817843884e-02  -1.514442843210811022e-05  -1.985186005235432995e-05  -9.825099728565908673e-06  -1.382721941043609740e-03  -2.345267184549958920e-03  2.051796301951785279e-02  1.014662281446194163e-06  1.156810943985560860e-05  3.382966344715139267e-06  -4.583081500019727146e-03  8.245324156789994672e-04  4.431052597986526176e-02  2.266215154356885603e-05  -5.077649790538675046e-05  2.332111450957491028e-06  -4.211782476846895698e-04
-4.753081761611038217e-06  -2.514521118868926180e-05  2.187630834114387066e-02  9.092277495712479049e-03  4.521285020424080175e-04  2.001234918117580700e-06  4.445660408007293599e-07  6.735463926084409523e-07  1.487120566771261976e-02  3.278877972985534944e-03  3.452343613360740748e-03  -1.411805420210996698e-06  -7.492537402222280704e-07  2.269782979882392553e-05  5.162233584485268617e-02  1.939500130454665551e-03  6.085814669061433932e-05  -7.288473032322464572e-07
1.310881429551637377e-05  4.826173404491588588e-05  -8.883928748613642568e-03  -1.309467258183334227e-03  -5.877848397674223166e-04  -4.999326375688121307e-06  -4.949127137762453582e-06  3.753442957961802317e-06  -3.442987304088695414e-03  4.960077091655222276e-04  -1.451140094750084583e-03  -5.697872200437845796e-06  2.414984576947172272e-06  -5.073434014587479022e-05  1.939269383789473267e-03  3.748885031416811231e-02  -9.082403892952603530e-05  3.989263462295505113e-06
-4.348912574218342717e-07  -5.465397036011709442e-06  1.941506585455955540e-04  5.451179464996789859e-05  3.905411743786866424e-03  7.819984396044480480e-07  -4.704299232298851618e-07  1.277029303408382649e-06  -3.281854950811520510e-03  -1.002923054418959972e-03  4.919211198209386343e-04  3.283933103880175684e-07  -2.172241044727312414e-06  2.498056466504368000e-06  6.078980470019788466e-05  -9.034734752808587922e-05  4.130797261209276372e-02  -7.218345016416542660e-06
7.297754005549716115e-03  -7.495281566107329376e-05  -7.418957473604783887e-06  7.609233182276143977e-06  1.470788384057459927e-05  -1.420148434655602509e-03  4.598988459872221934e-03  2.600576890379717281e-03  1.478403857010857965e-05  -4.596441689555420338e-06  3.023892217172040187e-05  9.338385055130872135e-04  -1.938071331107630874e-03  -4.213254701617390858e-04  -6.490074187550117811e-07  3.981129585135194874e-06  -7.589689715047019230e-06  3.686671145049663645e-02
