4.533183395169295554e-02  -2.966709020245238853e-04  9.733052348243601990e-07  -1.353717553854675612e-06  -5.337781520080906726e-06  1.067887321094645016e-03  3.417626385737124184e-02  4.932141790676664679e-04  -7.256940806099579664e-06  2.685051305118160032e-06  -5.423887858261443989e-06  1.130248704430942652e-04  2.036930763833951288e-02  -6.465454647276660692e-04  8.061297083408190380e-07  -3.272800521987035120e-06  -7.885654488295434737e-06  6.932198856805600953e-03
-2.967829568606111909e-04  4.534804512907922303e-02  -1.462897340171526300e-05  -1.861263721773451151e-05  3.329134797209266627e-06  -1.045629163598253177e-03  -6.607059957739184379e-04  2.039723708757239587e-02  -2.527518013647935268e-06  -1.010346986577144137e-05  1.069687915096477475e-06  -6.987515817569014791e-03  4.943176697114862227e-04  3.414248435199811194e-02  1.943926566868342423e-05  -2.864394368148556486e-05  -2.062820288272447596e-06  -1.175443804662275180e-04
6.885054074291663727e-07  -1.477591275363373930e-05  5.110995584676032710e-02  -1.305151725382753701e-03  1.380521563720387215e-03  -2.890345564999751498e-06  -5.591266969662936347e-06  1.138410670861405332e-06  2.098138432240839041e-02  -1.326777730009758819e-04  8.349496287188697824e-03  5.769865444120491310e-06  4.477886802141483431e-07  1.045330407854139732e-05  2.096541093488561713e-02  -8.338337201417246949e-03  1.173692900826116796e-04  -6.076268327915588981e-06
-1.366240656690258194e-06  -1.884175639290373329e-05  -1.305212105906967263e-03  3.844740932969967911e-02  1.978359380809987638e-05  1.507517455091610542e-05  -1.533836119026279240e-05  -8.155658236664506050e-06  -3.057733968552768999e-04  3.587552829715902683e-03  -4.325459075704636601e-04  2.726517228371650920e-05  4.355031136028196978e-06  2.640567623560684040e-05  8.467513227701999046e-03  -1.317026999591468413e-03  2.527761326755886554e-05  3.007733029729335684e-07
-5.331467950687255114e-06  3.311784185909874653e-06  1.380227639181590832e-03  1.974298605539644152e-05  3.836862435162820273e-02  6.275842616877365747e-06  1.055777471751113487e-05  -1.604964573771108102e-06  -8.501487125344953447e-03  5.324157109698541066e-05  -1.362641306017193295e-03  -8.582354985337268042e-06  -7.370235521246476176e-06  4.725958676484344202e-06  2.869061224546001375e-04  -4.128751523167003700e-04  3.576757913801258473e-03  -3.498391897523972861e-06
1.067975487641653273e-03  -1.045468043975165441e-03  -2.633690856056105506e-06  1.503639876358376114e-05  6.296716480153624521e-06  3.618506789027676335e-02  1.104720891019107245e-03  7.634496784393629207e-03  2.278253788840689874e-06  -1.488626359468680477e-05  2.228989039042770834e-06  -1.454942455831976849e-03  -7.604997122095965775e-03  -1.133779627540991300e-03  -2.201716772633718593e-06  8.224691199262567666e-06  7.315182412891924009e-06  -1.350521292391917245e-03
3.417609028374593572e-02  -6.607094468578671078e-04  -6.007874302611896454e-06  -1.520410520017179952e-05  1.064326735876803165e-05  1.104781224797354551e-03  4.513897488458019913e-02  7.617372243927553145e-04  6.729272621114678722e-06  -2.907529422633506010e-06  4.969504128692957829e-06  2.957919156296291382e-04  1.968733601819524018e-02  -2.531435322367831062e-03  -1.713561084067052466e-06  1.446358379700694597e-05  -5.254501000997085121e-07  4.073653530697616924e-03
4.935034713311915863e-04  2.039720012437417143e-02  1.157016697831729606e-06  -8.223559611005527365e-06  -1.494306076078855219e-06  7.634221500609541730e-03  7.615473502265281223e-04  5.107714059879593649e-02  -2.054080168432198146e-06  1.259674350070474990e-05  -4.482153489815276194e-06  1.386374401496126389e-03  -5.702956881116648738e-03  1.969242076630055294e-02  1.540395046513066840e-07  -4.590213596751493866e-06  1.417150781227124296e-06  2.524269409225739225e-03
-7.846618702322958255e-06  -2.736358198645220096e-06  2.098131261092765071e-02  -3.058582534068341428e-04  -8.501085352884175245e-03  2.324423883989305745e-06  7.059030742050088882e-06  -2.064022317221332267e-06  5.196103712604365626e-02  -5.312883462722643203e-05  -1.439539664247050689e-03  4.403703024094946289e-06  7.407660991272953066e-08  3.471572104076361674e-06  1.424769246037426058e-02  -3.181742968175990758e-03  -3.052150093451858233e-03  -3.838355984638908228e-07
2.934796592243786002e-06  -1.013457402301725303e-05  -1.327603791193527423e-04  3.587503644917225658e-03  5.308749649401658293e-05  -1.491223890346213134e-05  -3.035974214534139486e-06  1.256995380311522206e-05  -5.314454442028380239e-05  4.147765591592262463e-02  -9.606433045087493631e-05  -2.271937980375358595e-05  2.449782236324876279e-06  -3.370235356808750735e-06  3.047007190082508341e-03  4.333190003335644371e-04  -9.250732432185580301e-04  4.152206481627390457e-06
-5.716856345616484757e-06  1.094273127060782533e-06  8.349806386699038657e-03  -4.325160097736481220e-04  -1.362570061403478670e-03  2.272623675856235187e-06  5.166403821395952735e-06  -4.427759966386148795e-06  -1.439222236268344500e-03  -9.609651177973403896e-05  3.858231425313148055e-02  8.648483929798022682e-06  1.365200304157328654e-06  -1.486441504408078310e-06  3.180717517776575527e-03  -1.243480834566283418e-03  4.257335299480224477e-04  -2.875628362793125457e-06
1.129864906097801562e-04  -6.987526874488346300e-03  5.545878376960980093e-06  2.713012358248334397e-05  -8.580316528369903164e-06  -1.454950164238368341e-03  2.957617404278366268e-04  1.386037675398599798e-03  4.114201002662919712e-06  -2.274407674824490306e-05  8.628118298225395167e-06  3.817719974229220187e-02  -2.512728800120264411e-03  -4.088481626632569331e-03  -3.819471690218238070e-07  6.811387417297777088e-07  -5.465407194742221786e-07  7.244416030114425760e-04
2.036927316544441882e-02  4.940495087951842466e-04  4.002802336061014463e-07  4.333804472698544722e-06  -7.395961026645462687e-06  -7.604823720801441242e-03  1.968731595820442243e-02  -5.703017560477921348e-03  1.189213592743159496e-07  2.301384008932634215e-06  6.995430001178856576e-07  -2.512575272392264959e-03  5.111061109598765556e-02  7.615770194772299856e-04  3.742671489886548719e-06  -1.415685162712812973e-05  7.928847241734003978e-06  -1.334397351126116217e-03
-6.464558751259435977e-04  3.414238111247769325e-02  1.036576953094246236e-05  2.630916544481492027e-05  4.784143383923889329e-06  -1.133608931306852308e-03  -2.531427034568805006e-03  1.969241030790355035e-02  3.560879899360532908e-06  -3.560036492026233491e-06  -1.413005053393731062e-06  -4.088538751104464283e-03  7.612914952054369725e-04  4.516062844698426337e-02  -1.989949903654363264e-05  3.625065068272760859e-05  2.778672668821107098e-06  -2.879575724685788695e-04
9.126856321406633066e-07  1.973659957098064814e-05  2.096532855204622306e-02  8.467639031450986675e-03  2.870708070071713216e-04  -2.092091958424549110e-06  -1.565351559057954221e-06  1.616389027570564465e-07  1.424768135708113885e-02  3.047040747585651795e-03  3.180519713277690959e-03  -4.866061239789467939e-07  3.774921603795517007e-06  -1.997740865592879036e-05  5.197016559765167687e-02  1.441033470109005094e-03  7.543041260092121726e-05  1.003792385952981774e-05
-3.338224064120893322e-06  -2.865918334899488607e-05  -8.338238582542347246e-03  -1.317012778574727476e-03  -4.128983792307397774e-04  8.214080431648450843e-06  1.452085170976174543e-05  -4.605338106354053560e-06  -3.181866120883729884e-03  4.331870064187244096e-04  -1.243408364246699959e-03  5.402336734763894319e-07  -1.384275795875017559e-05  3.618496396473415069e-05  1.441164380244934701e-03  3.853516816920005139e-02  -1.308814407899976378e-04  -2.900427433500114269e-05
-7.565011524656416096e-06  -1.995820582001372968e-06  1.172726022705450658e-04  2.525799997259843105e-05  3.576575896074137874e-03  7.336080496164384878e-06  -6.673802475807878144e-07  1.430349809331577653e-06  -3.052136677249708135e-03  -9.250711998636332051e-04  4.259333069037743425e-04  -7.948658282349806279e-07  8.253022015186146009e-06  2.904127039174726596e-06  7.546197185836548663e-05  -1.309344543598189782e-04  4.148772608319266364e-02  1.437146785648303561e-05
6.932395962123680255e-03  -1.174140713106146104e-04  -6.125716145023082576e-06  3.315811131414616186e-07  -3.411378555133502866e-06  -1.350674251672234110e-03  4.073627323884386128e-03  2.524319053885915824e-03  -1.297835227933555752e-07  4.116832979178859906e-06  -2.920366832971966482e-06  7.244146570802940856e-04  -1.334190485656263107e-03  -2.880649304057971501e-04  9.894204119991138109e-06  -2.902543176885542112e-05  1.416587892546009291e-05  3.822659156853963625e-02
