4.454330133980887590e-02  -3.878314902366857670e-04  -1.964566048536220942e-05  -6.115960912517001019e-06  6.286304738091754644e-05  1.366001987567588404e-03  3.502361174633625285e-02  6.075548179281378214e-04  5.615565449120150558e-07  8.533814498913652307e-06  -1.139451011624980164e-05  1.254295576598275037e-04  2.111642849563293012e-02  -7.444574895870799880e-04  -2.066808425213616012e-06  -5.518434764382092194e-06  -1.480782666200302504e-05  7.246503001723044943e-03
-3.876405549451519199e-04  4.459972927885359761e-02  -5.205376719379846947e-06  2.559511332755910328e-05  2.835024342232705236e-05  -1.297012106124801386e-03  -7.679659499892789844e-04  2.107880113626241572e-02  2.470332351611803875e-06  -1.579003741784057782e-05  5.386579404045141620e-07  -7.177642794927243525e-03  6.207743870588790236e-04  3.501362420096049144e-02  -2.527809272760223857e-06  -1.883402151457266830e-06  -1.121454853264196481e-05  -1.014271122511710486e-04
-1.962721037666356248e-05  -5.171932507280687084e-06  5.060237748647380962e-02  -1.779409852572910082e-03  1.723942111709794636e-03  -1.666201839167751476e-05  1.295126365716205834e-05  7.173241107297426647e-06  2.171170403912356384e-02  -1.707998295637159949e-04  8.740424908814372826e-03  4.549895408485332637e-06  5.144551523032361170e-06  -1.456061966789441286e-05  2.176997728162706133e-02  -8.828662164953550093e-03  1.579094164017186839e-04  -6.210665169694996315e-06
-6.157647808452246899e-06  2.548597799140159856e-05  -1.779288554216460665e-03  3.734073381976080186e-02  6.996232322342992618e-06  5.483847040718663874e-05  2.551953307529902128e-06  -1.643993272170812329e-05  -4.132558849674935596e-04  3.881422071566026366e-03  -5.311242383924368732e-04  1.228710973398346381e-05  -8.908763556585539990e-06  2.599255085546442826e-06  9.052589237801798860e-03  -1.393606574630760868e-03  2.591469167866053061e-05  -1.399031764569516425e-05
6.286362114465036065e-05  2.844440837420903590e-05  1.723858355440385012e-03  7.003759686263028561e-06  3.743988336713527376e-02  1.949999508824937374e-05  -3.026256394336755207e-05  -9.672061379138210247e-06  -8.988848546211677254e-03  5.173446902523377486e-05  -1.295333860544978450e-03  -2.251153643362711765e-05  -1.931959655370141206e-05  8.307653287264874561e-06  3.889841799467147433e-04  -5.112161851662404060e-04  3.870984356595117207e-03  -3.702956335829835272e-06
1.366066781440682110e-03  -1.297167803685721384e-03  -1.670864354684372082e-05  5.491936467123544974e-05  1.935972226359509177e-05  3.481686725041152619e-02  1.307699923282200968e-03  7.969682433143304712e-03  1.325541290009531065e-05  -4.008471894623855244e-05  3.103874370292157793e-06  -1.351150081916887083e-03  -8.021049755725652777e-03  -1.320789098817615496e-03  1.732931976046093324e-06  4.746974745007076758e-06  3.726771664102837426e-05  -1.458158492655385651e-03
3.502342864926793337e-02  -7.678900270463654950e-04  1.294237879177526871e-05  2.465050175381694341e-06  -3.022311193320079459e-05  1.307799062572474877e-03  4.440372742051024862e-02  8.424161355659768669e-04  -4.907631287882512533e-06  -1.074623833684204971e-05  -8.911593669072287435e-07  3.457500387258679729e-04  2.040352801084669224e-02  -2.370540348713916223e-03  4.399968446079757793e-06  8.303977542563536511e-08  -1.064963981286051651e-05  4.533565475599608992e-03
6.075677619276484073e-04  2.107903203229283956e-02  7.154585064663145587e-06  -1.609517611937087841e-05  -9.571116597798663662e-06  7.969564671560257219e-03  8.425697458769967115e-04  5.074659354380347404e-02  -5.601611528568413498e-06  1.555552271711565441e-05  -7.876038218596922749e-06  1.711772993999988298e-03  -5.914280965750369490e-03  2.037563331382229864e-02  -3.570973624950140809e-06  3.091624400246671842e-06  5.060669092297364257e-06  2.585928344826217851e-03
4.428188086452755834e-07  2.498850976197495425e-06  2.171155758808077443e-02  -4.136256917486939551e-04  -8.988651024823789137e-03  1.359428654643586846e-05  -4.939005107328450212e-06  -5.601972601596805790e-06  5.173255124993240972e-02  -8.469854994510832703e-05  -1.742529116706000372e-03  7.146704662210904303e-06  1.523499719050801268e-07  4.924561798343614959e-06  1.478310548197237471e-02  -3.410542124757776506e-03  -3.249866030525667190e-03  1.282894548667258624e-06
8.587997173719216941e-06  -1.555517207434096113e-05  -1.709046344966225217e-04  3.881200743002586988e-03  5.193995292618952748e-05  -4.018497346243219803e-05  -1.084982771308779318e-05  1.556633321130140209e-05  -8.471351765496884425e-05  4.129857201305681125e-02  -1.464979600411570764e-04  -9.039039013114061609e-06  6.449080183807432903e-06  -7.130305660016384093e-06  3.250783898552751447e-03  4.820774267377532334e-04  -9.893983998572140198e-04  6.918431030787325406e-06
-1.162060618258216653e-05  4.161898001222497628e-07  8.740318679696643112e-03  -5.311723025384268220e-04  -1.295151471906921120e-03  2.885833981176590583e-06  -8.395104280631976530e-07  -7.860483849069336979e-06  -1.742496025371511595e-03  -1.464057667619569924e-04  3.791203826386649323e-02  2.196806682870584203e-05  -1.039807038317490495e-07  -5.064183347564893035e-08  3.410751707296247673e-03  -1.408076653156686148e-03  4.788073702468444528e-04  -5.511289458590207210e-06
1.254385196550632437e-04  -7.177556367781955798e-03  4.418666232285816072e-06  1.227223742203565205e-05  -2.239437160333210961e-05  -1.351209365907201591e-03  3.457014164946595235e-04  1.711575392636303147e-03  7.085652437845189727e-06  -9.187201099317813288e-06  2.166579489588245074e-05  3.733790217915691767e-02  -2.598496673967617011e-03  -4.481106794663576587e-03  4.729614730341068262e-06  -5.112589502128565423e-06  -3.004601733730389137e-06  9.032667218153528311e-04
2.111642319548477989e-02  6.206127249629779822e-04  5.172111636887964400e-06  -9.057125552568914348e-06  -1.940499694401995488e-05  -8.020737354890323731e-03  2.040372267779110363e-02  -5.914318462861930213e-03  2.317655299776287230e-07  6.448600765025021031e-06  -6.570850764506933090e-08  -2.598570603131983726e-03  5.067411689529924962e-02  8.181970912008515581e-04  -5.189453878497273366e-06  9.970800578354454999e-06  1.552334406464412944e-05  -1.846515875158260926e-03
-7.445078107262506108e-04  3.501356643858229145e-02  -1.453378942864081077e-05  2.604444783257819392e-06  8.282631798776564521e-06  -1.320841114482307213e-03  -2.370626014058229217e-03  2.037574661292058942e-02  5.009029449130894775e-06  -6.823664524024397141e-06  4.087250632312129746e-08  -4.481125519170199752e-03  8.179863470659088200e-04  4.443718538523043493e-02  5.052289056500000163e-06  -1.345417452923264703e-06  1.206603649717953701e-05  -3.848521305056902737e-04
-2.043336802649564022e-06  -2.075655824037701157e-06  2.177000695940288499e-02  9.052430949000702873e-03  3.890394716651786886e-04  1.553792710237481015e-06  4.433829358660530473e-06  -3.581697486573822401e-06  1.478314930880469252e-02  3.250753090031177281e-03  3.410727798904869459e-03  4.805269419376194117e-06  -5.194598819701558690e-06  4.624059020751445611e-06  5.167400688940185227e-02  1.842077785607070840e-03  8.949262063542765650e-05  -1.091991451168912574e-05
-5.494294090342650675e-06  -1.896338252763041806e-06  -8.828735832122047364e-03  -1.393749570424980370e-03  -5.111910169306807398e-04  4.678125238437148211e-06  1.150705829844943022e-07  3.361271386372202027e-06  -3.410863944056734352e-03  4.819826849373168732e-04  -1.408197527227776982e-03  -5.124754830343913467e-06  9.944612775500124579e-06  -1.293561557425010832e-06  1.841726814361534063e-03  3.773436217805917897e-02  -1.449782240138768996e-04  1.838775723994425703e-05
-1.471137298255298368e-05  -1.162440206528902396e-05  1.578779603963516721e-04  2.565790416004326842e-05  3.870800618719475589e-03  3.782940325167932202e-05  -1.091158813758810293e-05  5.046230754286506809e-06  -3.249898240207413184e-03  -9.893911854580929484e-04  4.788494429772245588e-04  -2.743381527504014964e-06  1.538662932711483942e-05  1.243845850894149771e-05  8.948604699695399361e-05  -1.448342262886974862e-04  4.131821352434864730e-02  1.289170431602149235e-05
7.246612331424323247e-03  -1.014104041816102386e-04  -6.084612075927451120e-06  -1.398634491555545521e-05  -3.667369667009617218e-06  -1.458168242372264974e-03  4.533568954369632774e-03  2.585822223579770790e-03  1.659493834913903052e-06  7.033372524299131523e-06  -5.541386705756892922e-06  9.032587372827381072e-04  -1.846308278281069692e-03  -3.848734083115163112e-04  -1.097291898235691686e-05  1.840588737142641784e-05  1.362481877832191203e-05  3.710043108004933837e-02
