4.508537636601348680e-02  -3.606962413654590631e-04  -5.670077037615367490e-06  9.960496657415783716e-06  1.181888771366383946e-05  1.082886249082348415e-03  3.448183472970780400e-02  5.647316469938891935e-04  8.400537713882044402e-06  -2.496051340233000768e-07  1.056096067986268227e-05  4.654320599946898651e-05  2.060646563280518068e-02  -6.927228895254218533e-04  -6.454290506006622371e-06  1.155399622144225834e-05  3.080608777772467537e-06  7.030553097419359188e-03
-3.608670116360137257e-04  4.508833925572498791e-02  2.014441646987114132e-05  3.913020030423256434e-05  -1.605368492660475514e-05  -1.096867532450804435e-03  -6.849864780619028398e-04  2.060303553292202466e-02  4.235954189757490048e-06  -2.923245340254632038e-06  1.427961649896064798e-05  -7.007642339437943589e-03  5.539813054798011166e-04  3.444219230404847037e-02  -1.172778355643202474e-05  4.451949947778428908e-06  1.264481355189058332e-06  -8.149289587435537053e-05
-6.041199442631678373e-06  1.990267109139765602e-05  5.101283696662878286e-02  -1.392885116116816639e-03  1.456243286320676230e-03  1.839801856515307852e-06  1.518626294222621478e-05  -2.306483258002839999e-06  2.119713230698731105e-02  -1.369068537474398028e-04  8.435569643713952334e-03  -6.162445226561171201e-06  -5.545562898504913573e-06  -1.532152223558992123e-05  2.120236976500420104e-02  -8.477773666144522435e-03  1.340666835027581763e-04  -4.157999332849760766e-06
9.941748599297446461e-06  3.915285165297522073e-05  -1.392786796034111698e-03  3.822582432417724607e-02  3.535333066549024037e-05  -1.189383611612874529e-05  9.338010445581075491e-06  -1.119062982697132279e-05  -3.210573937752469738e-04  3.693141745625948182e-03  -4.507681215658523735e-04  4.869003441613358135e-06  -3.930747801233093706e-06  -2.205119687904932114e-05  8.606207064389269357e-03  -1.304087260149356699e-03  3.081702479316097981e-05  1.461867115874758290e-05
1.220778228000397377e-05  -1.605476244474939433e-05  1.456443134833666992e-03  3.535253282341650820e-05  3.809543425424853635e-02  -2.933634882731987184e-05  -9.857501823499437315e-06  6.926928728083302025e-06  -8.629037981728386944e-03  3.794589165957518520e-05  -1.296783213552385548e-03  -7.589679167970064344e-06  3.957079951290748713e-06  5.352062456924033475e-06  3.223823191549453284e-04  -4.466127154392891775e-04  3.691153375038308104e-03  1.222294768291331356e-05
1.082676845684578870e-03  -1.096751595263768808e-03  1.594118122085374992e-06  -1.192641900961364455e-05  -2.927169946828783346e-05  3.591085581074125038e-02  1.169290431845797966e-03  7.739982619160315318e-03  -1.363075714454692195e-05  -1.803082835527229977e-05  -6.711493445300224763e-06  -1.389573974093656931e-03  -7.708034789155792689e-03  -1.202563704354379752e-03  6.282039669284791919e-06  7.849942282097625490e-06  -2.065290805760649081e-06  -1.397570441600747828e-03
3.448183163725040273e-02  -6.850137442698387346e-04  1.488147923897552024e-05  9.127620223766621415e-06  -9.469504447025653521e-06  1.169059499312451698e-03  4.487115784214349562e-02  7.415324759108438699e-04  -4.964800807611189703e-06  1.482226261438633306e-06  -1.076897995820026747e-05  4.067861247048398972e-04  1.991459062950350078e-02  -2.448959763849959531e-03  -1.423109528418044665e-06  -5.316970935500309540e-06  -3.199843735518650120e-08  4.229319373602762923e-03
5.648246741782533831e-04  2.060292262850371009e-02  -2.289072552604937579e-06  -1.124697617387933023e-05  6.883447713025411619e-06  7.739882197218844566e-03  7.414236302156122869e-04  5.101312291060324661e-02  -4.040186908732239895e-06  6.192711814470401328e-06  -1.152023800294443140e-05  1.416803606295004986e-03  -5.757695172371758534e-03  1.990630203422388139e-02  -6.309174320684085939e-07  2.207236225898717867e-06  3.174382665800865158e-07  2.562429388136947244e-03
7.917104625701039324e-06  4.303977431548841538e-06  2.119705374116229515e-02  -3.211809986944713711e-04  -8.629022020207514562e-03  -1.376548892512545418e-05  -4.526457445796318005e-06  -4.081313119198755481e-06  5.193371410535891491e-02  -5.926593609324020404e-05  -1.455519753421392068e-03  1.153447181772796214e-05  5.810202474095653051e-07  -2.522707512932650339e-06  1.441090323648286549e-02  -3.242681086565962593e-03  -3.116475713586086983e-03  4.932558599109518248e-06
-3.638137720906338468e-07  -2.826733770168705959e-06  -1.368948851329780149e-04  3.693119193030971765e-03  3.781217694862528403e-05  -1.819377291892669682e-05  1.687864803516866367e-06  6.207315174077865240e-06  -5.922940706714491661e-05  4.142095906780119546e-02  -9.792346369560951506e-05  -4.312593424821051779e-06  1.842666818369568807e-06  -6.194024024161649692e-06  3.111718039535007509e-03  4.486076107707368931e-04  -9.464463649643438869e-04  2.459616361189872685e-06
1.022104036255081339e-05  1.436040018868317444e-05  8.435403039024734137e-03  -4.507993942279454728e-04  -1.296878329855710027e-03  -6.774725538567691444e-06  -1.034202365522441649e-05  -1.158078102085959309e-05  -1.455529355284937432e-03  -9.805945501702990452e-05  3.850931439136338202e-02  3.263697706123901485e-05  1.808108568900482688e-06  -6.153125429014454859e-06  3.239784559250933216e-03  -1.279580621361843052e-03  4.443641161043331142e-04  2.888571911510131132e-06
4.663694213649972084e-05  -7.007501903850354985e-03  -6.097054858986127588e-06  4.839608803959069216e-06  -7.545837661418839961e-06  -1.389609555513022284e-03  4.067609172799285431e-04  1.416538643407269692e-03  1.128574196653572312e-05  -4.398087659598953616e-06  3.260682427208779925e-05  3.801665691323356799e-02  -2.570958532320020886e-03  -4.201938739333267031e-03  3.257097325367974035e-06  -6.829955634642134446e-06  -7.341902238309349803e-07  7.434935779790466945e-04
2.060621448153075047e-02  5.540592144177083900e-04  -5.473832452873935972e-06  -3.844472754291067042e-06  4.072534269297215477e-06  -7.708003211428051879e-03  1.991497528127309652e-02  -5.757701745857418847e-03  5.953561977092761417e-07  1.856454352973749858e-06  1.713825150108698015e-06  -2.570788889585556326e-03  5.098108350713389386e-02  7.573534919317042452e-04  7.415900210603512808e-06  -1.400203650917665055e-05  -1.750551656663000839e-06  -1.489940818142511782e-03
-6.927435808405279149e-04  3.444211221291967884e-02  -1.568219168425424739e-05  -2.220792938061662714e-05  5.285337529267132282e-06  -1.202320156763028551e-03  -2.448860497750409218e-03  1.990615357711140662e-02  -2.302037535375497372e-06  -6.065790273213560074e-06  -6.116466895536453589e-06  -4.201797802114297029e-03  7.574663564498240178e-04  4.492888776574829879e-02  1.387632431264166866e-05  -8.582822447196037323e-06  -2.141951787474359742e-06  -3.693242006548699201e-04
-6.638217757329446864e-06  -1.148079860978628775e-05  2.120229172115438779e-02  8.606291568376099946e-03  3.225405027925594436e-04  6.317301450151846354e-06  -1.247656976905225096e-06  -6.443511656988698517e-07  1.441088963343278850e-02  3.111689481809643779e-03  3.239646104492505032e-03  3.330130697143735525e-06  7.384736702228385644e-06  1.359968109905043291e-05  5.190441005763990479e-02  1.532778430034910941e-03  6.964918986321058582e-05  1.303853660452275145e-05
1.166274319950151281e-05  4.468615720948054477e-06  -8.477826019279986400e-03  -1.304000809638508401e-03  -4.465935720211932280e-04  7.871360184304626210e-06  -5.457279771387089641e-06  2.117210804891033393e-06  -3.242775366135235236e-03  4.486381948178846534e-04  -1.279546838627103637e-03  -6.785193241915668241e-06  -1.403965498203069476e-05  -8.455009505056285772e-06  1.532859867771415186e-03  3.833990646541687863e-02  -1.162990409819136421e-04  -3.272634425455440613e-05
3.334517407964763904e-06  1.293519326785197420e-06  1.340775386185310940e-04  3.066592118396620290e-05  3.691051852651568588e-03  -2.064514055579047546e-06  -2.882942740427489474e-07  3.354942777070360816e-07  -3.116516181873036761e-03  -9.464423060663279107e-04  4.443598128714307759e-04  -4.188277261394076028e-07  -1.786716834725382132e-06  -2.216670924740253723e-06  6.964594962167357456e-05  -1.162706621185002421e-04  4.141498789402792147e-02  -6.642818342738777897e-06
7.030336172940310387e-03  -8.157557762536701601e-05  -4.105108526849954890e-06  1.445837618869127454e-05  1.202626344575774531e-05  -1.397690992466233371e-03  4.229496494951722960e-03  2.562485390257196113e-03  5.179812662038115980e-06  2.134329207305004504e-06  3.024197759612639673e-06  7.433626090143968714e-04  -1.489680629535297760e-03  -3.692881245589305582e-04  1.323254470651039760e-05  -3.260062939314572127e-05  -6.488298019932864389e-06  3.788743832640192183e-02
