4.420429382208417718e-02  -4.412529782828223139e-04  6.760923983538984219e-06  -1.613401858132127026e-06  -7.197647586286019262e-06  1.488134457164857084e-03  3.537550218987430689e-02  7.006665289161525915e-04  5.216894603823995331e-06  2.599609413578481797e-06  -4.694510974692727374e-07  1.095631350187405400e-04  2.149585452409112293e-02  -8.147445460480699916e-04  -4.747096787878382625e-06  1.724977077887893484e-05  5.127875583353763001e-06  7.360495394923623202e-03
-4.412015401918847738e-04  4.425028304429030890e-02  2.984049996579645214e-06  -5.032826315142770972e-06  -3.630231065943763602e-06  -1.431842981768912488e-03  -7.983451037868987809e-04  2.147398300887909048e-02  3.605242270221991703e-06  1.594455445927677210e-05  1.010659871675918032e-05  -7.362416243109092852e-03  6.869666842995444467e-04  3.538917739799463807e-02  -1.363944479123554692e-05  1.152560014078434521e-05  -1.701549146439055623e-06  -1.022162599783833022e-04
6.490213169700392851e-06  3.052210619578719016e-06  5.031035203044784132e-02  -1.986120156213105024e-03  1.907990479839818954e-03  -1.277713107329650006e-05  1.997233338327633757e-06  1.427651441574744295e-06  2.213954992804121474e-02  -2.051224425324681545e-04  9.027679029320324205e-03  -8.972385271922426603e-07  5.657644439533449279e-07  -3.889355987975018026e-06  2.217261201620280078e-02  -9.057718324340395880e-03  2.097830959263806427e-04  3.282354796524183839e-06
-1.582364291154795315e-06  -4.929070498018309760e-06  -1.986045495394297283e-03  3.677189047282364287e-02  -3.795148361391804617e-05  -5.948314039962569505e-05  1.698018937774304057e-05  1.180413505641428497e-05  -4.812564861481134662e-04  4.051074562269160913e-03  -6.179422250009616695e-04  -1.278499299715764670e-06  6.077930815407342745e-06  -1.958792411935205658e-05  9.296123631824587327e-03  -1.324248749044185059e-03  6.887425961683992610e-05  3.587276129279135961e-06
-7.363450237790870112e-06  -3.607339689828493981e-06  1.907767885806502250e-03  -3.797221167412907956e-05  3.690383174721284520e-02  8.352610233628204989e-06  -6.334071425920076887e-06  1.093619630623696546e-05  -9.257998008204837773e-03  4.710354548145463547e-05  -1.304093281521655689e-03  -2.301719099524622664e-05  4.601228023880212707e-06  -8.680688771410254254e-06  4.750688936570820770e-04  -6.108658456827140018e-04  4.052233523859995884e-03  -2.565818663416670862e-06
1.488065007859924304e-03  -1.432111766032150707e-03  -1.274831547595956371e-05  -5.953469893175878552e-05  8.393436777712934792e-06  3.410140748122692661e-02  1.477658428128401620e-03  8.149769555917372316e-03  -8.331008480085720367e-06  2.634001198528118442e-05  -1.427258495659386454e-05  -1.387518285706030577e-03  -8.253188298099903980e-03  -1.405883614164686905e-03  -6.209240702835164571e-06  3.676473191779626621e-06  2.287203157661693890e-06  -1.479801780979234614e-03
3.537543345731893746e-02  -7.983519437883050901e-04  1.658072586709390021e-06  1.689137770069011561e-05  -6.458789392505551990e-06  1.477612820608902120e-03  4.411406865457720428e-02  8.631031339893719453e-04  -3.528937521407752609e-06  2.918433263458509038e-07  5.144055049236292870e-06  4.162901008817862557e-04  2.076438976506393003e-02  -2.300467881979221477e-03  4.693803530238540310e-06  -2.117313611715439486e-05  -3.462659419350517661e-06  4.721049113683721023e-03
7.006559651621333809e-04  2.147351464358930248e-02  1.395008577074641889e-06  1.168369113327354459e-05  1.108872726029210145e-05  8.149709719404636329e-03  8.630492037214241262e-04  5.047759542489162893e-02  -1.173800633252593439e-05  -1.734702561957303724e-05  -2.927462108537655377e-05  2.041772192709055168e-03  -6.039375504159232196e-03  2.076064665572115164e-02  4.145191797476522872e-07  8.987820574819430089e-07  2.268362828271382162e-06  2.625821124908994577e-03
5.592902860617376116e-06  3.812370735667098960e-06  2.213955800264702165e-02  -4.814188666810848677e-04  -9.258093637907978402e-03  -8.385420554822058207e-06  -3.869854183116958654e-06  -1.174172324139055555e-05  5.152910374611822247e-02  -7.886465711372204687e-05  -2.065363211930628610e-03  2.630873371031053486e-05  -2.687903745452591363e-08  3.533366275791636226e-06  1.506008550841791103e-02  -3.527669880863802676e-03  -3.353500584294498779e-03  3.723059827238095080e-06
2.713017152104603562e-06  1.618697788060283801e-05  -2.051069478509765919e-04  4.050690611609657037e-03  4.697110718642193036e-05  2.624791373557621051e-05  3.769016628231818102e-07  -1.736581834264620109e-05  -7.892648982804747679e-05  4.117887397619943157e-02  -1.186653879655017553e-04  1.717250878682773988e-05  -5.920538903962932981e-06  7.590457506177831405e-06  3.358843761438458104e-03  5.179198286871729588e-04  -1.021535939113355721e-03  2.860851145253551394e-07
-5.554283313001494851e-07  1.018725574341731443e-05  9.027686505552764626e-03  -6.179115773496216294e-04  -1.303931801649849511e-03  -1.422239544428367596e-05  5.191829858588892554e-06  -2.920604249961719615e-05  -2.065389467518281407e-03  -1.186795168064371024e-04  3.725186665720153084e-02  6.733991744896846723e-05  1.189270039414049230e-06  7.106954638497812147e-06  3.531775571708656563e-03  -1.507238598508885835e-03  5.193546237911385094e-04  1.067832445925002189e-05
1.098465584272769862e-04  -7.361965659124104083e-03  -9.450941261355222402e-07  -1.290174132207097992e-06  -2.335962125925222785e-05  -1.387583800331536029e-03  4.161864249471697677e-04  2.041567630094678031e-03  2.647821913997839007e-05  1.722459310050877221e-05  6.744722429225003554e-05  3.660785857762906270e-02  -2.626799092096908633e-03  -4.719546781027570553e-03  -1.292099384900154802e-06  1.854419702930044382e-06  -3.941398212076252389e-07  1.015099989992396647e-03
2.149557494358427315e-02  6.865814432864933599e-04  6.565127121492522194e-07  6.311331091993048142e-06  4.615014841279522370e-06  -8.253161359766607308e-03  2.076463782640547429e-02  -6.039355666984257479e-03  1.370941637516310232e-08  -5.910666429726391834e-06  1.350099753202351357e-06  -2.626441455522818876e-03  5.048724212615385981e-02  8.604075118288532706e-04  2.896351138495628111e-06  -3.844384933534935471e-06  -6.541640044996040620e-06  -1.993788663149519916e-03
-8.147481687640899554e-04  3.538918494666077469e-02  -3.850288075637226540e-06  -1.947308021415207753e-05  -8.631732714629815331e-06  -1.406248937409079313e-03  -2.300494135568803729e-03  2.076010472563374898e-02  3.668513515769216147e-06  7.690291162985791982e-06  7.169000692875853099e-06  -4.719262220161329381e-03  8.601834335975527606e-04  4.410685221595853078e-02  1.190454044507045554e-05  -1.587890534477071912e-05  -6.944861964856427259e-07  -4.314322125622420444e-04
-4.926879005823729556e-06  -1.345158920940239255e-05  2.217257712403611705e-02  9.295936951387829064e-03  4.751253038728199887e-04  -6.552472324342142365e-06  5.124184331975075547e-06  4.203382310260916910e-07  1.506009849920773337e-02  3.358792764091394958e-03  3.531629693097997503e-03  -1.086101262736053833e-06  2.873440307596225733e-06  1.180596377844956085e-05  5.150662050024410604e-02  2.096503475043808105e-03  7.301229900206644479e-05  9.098823761186908125e-06
1.735545174035909788e-05  1.137931103605819059e-05  -9.057736276827313068e-03  -1.324273630076334149e-03  -6.107894287800229175e-04  3.627174884679768215e-06  -2.134717888753686780e-05  6.545770009627300764e-07  -3.527902568854855009e-03  5.177085427769532360e-04  -1.507245745620910439e-03  1.861405818078833158e-06  -3.775037243738642335e-06  -1.576420615439291049e-05  2.096218009427217206e-03  3.717996777420322363e-02  -1.178516620353471097e-04  -1.223301217704125224e-05
5.616037326610644027e-06  -1.634900941263381011e-06  2.098952594076064612e-04  6.879610273492116628e-05  4.051705189392545980e-03  2.159149476990362052e-06  -3.691369294674119356e-06  2.259125340822868914e-06  -3.353556351279016016e-03  -1.021533393824121784e-03  5.195266746211143691e-04  -5.334968853072490080e-07  -6.525684113189982201e-06  -5.280441300976412550e-07  7.305970181718056248e-05  -1.179025139822516001e-04  4.119002243908420624e-02  -1.998461217015639103e-05
7.360148748122307544e-03  -1.021690857359743541e-04  3.317810594546684294e-06  3.746230741138801850e-06  -2.346940837678564595e-06  -1.479980873392951375e-03  4.721341700930699326e-03  2.626064190822016177e-03  3.492053730904332254e-06  1.208331667661357958e-07  1.064482212509485565e-05  1.015196247534000135e-03  -1.993461537123159075e-03  -4.316835225951140814e-04  9.054749987683165165e-06  -1.226082685153084538e-05  -2.011428356396026054e-05  3.674693576731690586e-02
