4.405313451856918139e-02  -4.169711174188355895e-04  4.703852806340813962e-06  6.819173361901035644e-06  -1.795014194033082775e-06  1.597561425565586840e-03  3.554520558819598830e-02  6.687305284787087951e-04  -3.630453061328463383e-06  -2.514885647080776425e-06  6.234736254220388027e-07  1.933947872804684634e-04  2.161162019772992077e-02  -8.246515365808139908e-04  5.813785038137900638e-06  -9.344331383232802417e-06  -2.120955154662845003e-07  7.388672681476196429e-03
-4.170979359465879811e-04  4.405346089463527126e-02  3.794267139934370418e-05  4.623414454804492522e-05  -3.259150210103051892e-05  -1.629715791377048207e-03  -8.375498453367806505e-04  2.161980970969178129e-02  -2.344597676805603300e-06  7.186000189101691437e-06  -1.245762743875581296e-07  -7.378621057489366704e-03  6.933863648840865330e-04  3.552147386546307406e-02  -1.397148978227332099e-05  1.884743386761513512e-05  4.515273311723354337e-06  -1.612050593177754491e-04
4.853558817859594025e-06  3.772863941903767165e-05  5.014738842939645003e-02  -2.128061410851911622e-03  2.136713917930843903e-03  2.633389907519895418e-05  3.096292507716868900e-06  -1.171986052328229095e-05  2.229588054226314467e-02  -1.878567284835538876e-04  9.112858512191292573e-03  2.028947990491690484e-07  -3.446723595626283992e-06  -1.253021645458454049e-05  2.230706325725924019e-02  -9.131589898562367594e-03  1.740392379862967310e-04  1.109832004000860158e-05
6.809201957203714989e-06  4.631464374710942897e-05  -2.127968066056831059e-03  3.652188140836247487e-02  4.101835663526592142e-05  -1.237157354946376571e-05  9.432542727890961336e-06  1.296113010749743739e-06  -5.048528722813708019e-04  4.044996190887106824e-03  -6.185041427894327022e-04  -1.206071307278358635e-05  8.021776701342823966e-06  -4.049502652013326187e-05  9.439232071221895226e-03  -1.346301893568089799e-03  -2.810635998234286628e-07  2.308877418930706658e-05
-1.874194859341446260e-06  -3.258312405284833252e-05  2.136107017454727270e-03  4.101073768505073518e-05  3.649375977637897561e-02  -7.211216421507986502e-05  -3.391970597832672616e-06  4.559049361867153398e-05  -9.417633481974713519e-03  2.425183940711650340e-05  -1.300826143146567885e-03  -5.242244257436219575e-05  1.298065935855815261e-05  -2.843129847493081909e-05  4.875770287459854613e-04  -5.899486355623627994e-04  4.061134024924118423e-03  -4.013983588769407665e-06
1.597558438054457082e-03  -1.630023851104889666e-03  2.633570246742909912e-05  -1.228046653476602900e-05  -7.198544108690705333e-05  3.338241840047840442e-02  1.464143763542356076e-03  8.309547526654369881e-03  -2.843133090908953414e-05  9.423137528145897413e-06  -4.312892913334893800e-05  -1.386018135881405449e-03  -8.248431381579834215e-03  -1.519607282205553056e-03  -1.821417447958745493e-06  6.199732679703244630e-06  -2.366736304762599977e-06  -1.367500341864096285e-03
3.554507513613248959e-02  -8.373494012444610869e-04  3.304783868380374576e-06  9.343650651479555147e-06  -3.461918715908053271e-06  1.464268967625774768e-03  4.395358368829904022e-02  9.368934201762528979e-04  4.501271000080820754e-06  6.682897021473464412e-06  4.037413764897855813e-06  3.190874456936307812e-04  2.090060348153197425e-02  -2.301129111126451205e-03  -3.530411757384078501e-06  -5.209388363594454367e-07  8.630357188980719853e-06  4.810450452367920002e-03
6.688632664967633602e-04  2.161990628465649752e-02  -1.170831626352437227e-05  1.409782484741894797e-06  4.611387555210694146e-05  8.309444282526641870e-03  9.367929450453339659e-04  5.039845905860338565e-02  -3.601110953853491520e-06  -7.015032077667024855e-06  -2.883717729579246636e-05  2.087707748317139001e-03  -6.099738170816439500e-03  2.089657823224388630e-02  -7.261991576329731324e-06  8.635548645110570741e-06  -2.639332913402583049e-08  2.604303196807973651e-03
-3.292217399779340314e-06  -2.358992036289302095e-06  2.229590077407639717e-02  -5.052494782840022880e-04  -9.417745006205617553e-03  -2.876722988252003357e-05  4.232620733223154712e-06  -3.551581629712957978e-06  5.145018665682438846e-02  -1.226109257887271671e-04  -2.156006960263578097e-03  1.920307992708009684e-05  4.695017857159031096e-06  -7.051557766544982550e-06  1.518350813966151333e-02  -3.594002417976467460e-03  -3.399021315795966967e-03  6.998613429597416266e-06
-2.535674808317276749e-06  7.034208972715487318e-06  -1.879532440986230227e-04  4.044577701881474537e-03  2.422114682720389586e-05  9.473312648037185310e-06  6.476662656532044503e-06  -6.959093273813740795e-06  -1.226526484306156566e-04  4.119454788460465144e-02  -1.932326268275541591e-04  2.830036748228182111e-06  -4.197993257763758466e-06  5.753273787718838249e-06  3.392893988033933873e-03  5.282623242276507413e-04  -1.038773868063593226e-03  1.817617506960420111e-06
4.004052405759250853e-07  -9.205876892887101688e-08  9.113140033506035229e-03  -6.184379924796684375e-04  -1.300575604571186294e-03  -4.299114647572640027e-05  4.292528232574565222e-06  -2.869328691156887903e-05  -2.155846894176280653e-03  -1.933571210987369534e-04  3.705540587740891595e-02  7.944240858209796721e-05  2.557443908524907056e-06  3.421634621683331232e-06  3.589824059051250141e-03  -1.544010794194667019e-03  5.235180213784410615e-04  9.756144385737974101e-06
1.933215440743912676e-04  -7.378894653664476271e-03  -1.767031247259982296e-07  -1.201880310849518718e-05  -5.263341214846478682e-05  -1.386248485302120402e-03  3.189810563988975702e-04  2.087624104680673581e-03  1.938785634943710062e-05  2.788842018855585060e-06  7.961807336645575564e-05  3.651614848497986010e-02  -2.614535422988917193e-03  -4.785153726468912259e-03  1.244362894457910851e-05  -8.975930684027191273e-06  -1.013103555233883041e-05  1.101691170011416749e-03
2.161178030333003874e-02  6.935005611354380260e-04  -3.345442440939751697e-06  8.365573303053480214e-06  1.276556917060819251e-05  -8.248246937739452805e-03  2.090066531000192226e-02  -6.099752805518528567e-03  4.597282397052225090e-06  -4.285477526946403348e-06  2.723678550873372895e-06  -2.614829082342500811e-03  5.038795428494363682e-02  9.243969054986000012e-04  -1.262802569687264011e-07  -3.029269485207215286e-06  -4.349990236051581355e-06  -2.126482902271506492e-03
-8.247074911596057609e-04  3.552144636872353600e-02  -1.272284233572887896e-05  -4.029037482665405136e-05  -2.860058912192287294e-05  -1.520128085672187374e-03  -2.301011523970365302e-03  2.089650676087831740e-02  -7.054319015447824202e-06  5.765493780388944817e-06  3.448825928049224418e-06  -4.785033042723376220e-03  9.244591015069045323e-04  4.396719501575103994e-02  1.902404146299100244e-05  -2.592862390516460224e-05  -3.792515135428453891e-06  -3.406869181253563785e-04
5.805559908993942968e-06  -1.379218254562361568e-05  2.230706551588153980e-02  9.439210592285390833e-03  4.880250658768357829e-04  -2.027193171711187230e-06  -3.396930894764726840e-06  -7.237851335074576965e-06  1.518349581652124122e-02  3.392870534394328355e-03  3.589605456366354048e-03  1.262169317244286780e-05  -9.603137187977466561e-08  1.887139424318519596e-05  5.144039902552970805e-02  2.169579565082303905e-03  1.375605074689310035e-04  1.578665087463043166e-06
-9.249364907808663817e-06  1.862511676448462908e-05  -9.131568850355181732e-03  -1.346154270082250849e-03  -5.901704459477613530e-04  6.214981043191116628e-06  -5.181318796241258327e-07  8.472625020850170900e-06  -3.594231652024196602e-03  5.280439577869803277e-04  -1.543875281251481414e-03  -9.057159391809052037e-06  -2.950004395674402637e-06  -2.569623827446301220e-05  2.169372891812475571e-03  3.704797808796197328e-02  -2.144073141105678061e-04  -9.790906691381879255e-06
-1.098120400732626626e-07  4.521396498039355933e-06  1.740168767248121968e-04  -2.296002444272328071e-07  4.060884387709053946e-03  -2.152665704362152589e-06  8.570151980241752095e-06  -3.609607578751873338e-08  -3.398991779733715173e-03  -1.038720820059291445e-03  5.237620365925842051e-04  -1.032673983512783541e-05  -4.331210506662614313e-06  -3.688508058592675870e-06  1.375834287827320450e-04  -2.143595367837508971e-04  4.117901405865558723e-02  -2.905730337687820629e-06
7.388806228306551982e-03  -1.608691920901357162e-04  1.106987475725621424e-05  2.318080565837472571e-05  -4.100537784830553721e-06  -1.367408162845337120e-03  4.810468287055009139e-03  2.604262132722069863e-03  6.790170819738095127e-06  1.700477153504852058e-06  9.954390645580070806e-06  1.101493072118727920e-03  -2.126213063361101149e-03  -3.409729794105262465e-04  1.628067952817871431e-06  -9.910688632640089339e-06  -2.879712438338459277e-06  3.643403784752540647e-02
