4.343305275371447255e-02  -5.496280795805175536e-04  2.287609645272645407e-05  1.845813667183029142e-05  4.327615421917732043e-06  1.927912796322518718e-03  3.609958035913360397e-02  8.480631867235269685e-04  -2.963483051406122772e-05  -4.862901150283970123e-06  -6.257283129533474373e-05  1.585704251668062159e-04  2.232542551414461868e-02  -9.114463065508299688e-04  -6.676795661460419583e-06  6.051486863348359970e-06  8.765628588020796700e-06  7.641080798772531373e-03
-5.497072923962636418e-04  4.344947943424873338e-02  1.826987332976142789e-05  -5.715778301429373214e-06  -1.790266206911465276e-05  -1.904854669575692079e-03  -9.196205845194045658e-04  2.237272025025404537e-02  7.705081939332629790e-06  1.102191516830450946e-05  2.982964123489715961e-05  -7.765201437879783869e-03  8.670948014632280350e-04  3.606995297646037324e-02  -2.771038779057389428e-05  6.251669298949977791e-05  -2.377554504941666894e-06  -1.151084492794118066e-04
2.312576874616952821e-05  1.851798558607977907e-05  4.952703419014518882e-02  -2.531611039868046382e-03  2.548766930074905599e-03  -2.128812713944843769e-06  -4.496716850042490140e-06  1.156295446157730924e-06  2.309005218118857783e-02  -2.774043942293054257e-04  9.679786541438268471e-03  -2.510675169559709779e-05  -2.333381137172464427e-06  -2.940788654478034478e-06  2.302958486595109433e-02  -9.546884684154308132e-03  2.681051419418468214e-04  1.513551588760046748e-05
1.849376840797502654e-05  -5.742399706407195692e-06  -2.531623587973682102e-03  3.543246177128667185e-02  -9.531201806682381913e-05  -5.647207945483271842e-05  1.136586672881640371e-05  2.253416925548405321e-06  -6.684503676416062978e-04  4.339857478413935120e-03  -8.074205089088561278e-04  -1.271541533893388919e-05  -4.576778121241303273e-06  9.741102640837796949e-06  9.931914656479187004e-03  -1.338311665669074998e-03  5.186233542691149234e-05  4.805076453890499272e-06
4.358726226715597504e-06  -1.786704636055424397e-05  2.548876569339335926e-03  -9.528632937225261200e-05  3.542888207272666679e-02  -8.733769351223420632e-05  8.486274941847920649e-06  -4.895041006602074010e-06  -9.958837116987905372e-03  6.252336571688494173e-05  -1.402977937208216980e-03  1.479431854669785192e-05  1.762622592112865437e-05  -1.544163993892600418e-08  6.430150047156823079e-04  -7.707690826417001569e-04  4.385420377221977729e-03  6.158465032947073412e-05
1.927825411606571291e-03  -1.905067491518698010e-03  -1.815613866160747516e-06  -5.637560661062528513e-05  -8.725448902668573854e-05  3.181321864729259874e-02  1.766638429010906723e-03  8.650878013313163806e-03  -6.532411815565107454e-07  2.265417216656507931e-05  3.835602160440425670e-05  -1.472946398752290886e-03  -8.633309428165104535e-03  -1.779248919546973923e-03  1.705017580651664388e-05  -2.601347732363952348e-05  6.016557756983925955e-06  -1.349199887020658892e-03
3.609952305695966063e-02  -9.195614685182346799e-04  -4.409281998303819279e-06  1.129743974889458814e-05  8.529537032598852192e-06  1.766664088703509203e-03  4.338465150346492577e-02  1.006463909438786841e-03  2.833008859772773774e-05  4.556305581320697392e-06  4.848863675760874527e-05  4.217433543687180487e-04  2.159592379781741928e-02  -2.180669365269216012e-03  -9.568168647932599809e-06  1.703612341767882487e-05  1.618312467164437304e-06  5.239383975353553366e-03
8.480525942329743142e-04  2.237276288312937261e-02  1.122192673029978005e-06  2.386589386058826843e-06  -5.054110309364920052e-06  8.650412904186947222e-03  1.006539224948948446e-03  4.982279537263667457e-02  -1.340216528818202109e-05  -9.943195651777004014e-06  -3.138028007498636351e-05  2.830609575123794932e-03  -6.353981168826372886e-03  2.161296516960208372e-02  5.395819489487519916e-06  -1.007612315287606425e-06  4.700776617863222441e-06  2.652087648110560466e-03
-2.971597458031942319e-05  7.718599632605760303e-06  2.308994267266008260e-02  -6.682337648779441410e-04  -9.958806220554441632e-03  3.602012341034820539e-08  2.828278436876938259e-05  -1.331885047490500917e-05  5.100897261780314856e-02  -1.039813318400963148e-04  -2.850053579715721569e-03  4.197885698362486894e-05  -5.151359328148725628e-06  -8.847651135062384287e-06  1.570123655748931549e-02  -3.848266576801872684e-03  -3.598784483448164585e-03  -2.688940811230238503e-05
-4.968420947751493994e-06  1.125708602337684833e-05  -2.775362834144386669e-04  4.339774504658649307e-03  6.258648362500096791e-05  2.264910986773562612e-05  4.645231783431801940e-06  -9.779611015457894335e-06  -1.039886222798677251e-04  4.100399834876525956e-02  -1.534840770625459701e-04  1.503797940816571745e-05  -4.532012354454459968e-06  2.934313768901430229e-06  3.588102674115181343e-03  5.866180952062967444e-04  -1.091412933115363344e-03  -1.021131424554041451e-05
-6.265132379225468002e-05  2.967936363775718233e-05  9.679089744464831890e-03  -8.073498527429761240e-04  -1.403102304062891874e-03  3.849139135863693896e-05  4.852639276010207943e-05  -3.134936650923901536e-05  -2.849677606775870547e-03  -1.536946085158377988e-04  3.564499971739936574e-02  7.869893190662025594e-05  -4.245100938987980113e-06  -1.569546233121579324e-05  3.841538058042761380e-03  -1.778485198964566182e-03  5.953269339461390386e-04  -3.673966301313084237e-05
1.587481250603120194e-04  -7.765229995691663029e-03  -2.461485421727548884e-05  -1.265833422531081658e-05  1.475215353280616908e-05  -1.472333188099453263e-03  4.216096050820225538e-04  2.830709166053582606e-03  4.213695450113702870e-05  1.515574866910058585e-05  7.869234535300002041e-05  3.493494548001076228e-02  -2.637430891228603139e-03  -5.269078212001244640e-03  5.122969510906236795e-06  -2.526284013852878011e-05  -1.186952500610883855e-06  1.300949219876454312e-03
2.232533360681528134e-02  8.669616226621510834e-04  -2.357173874737853737e-06  -4.496926693419999000e-06  1.767114783960870635e-05  -8.632812086099710819e-03  2.159608080220459803e-02  -6.353913350697544017e-03  -5.089181393917656084e-06  -4.550381411611607018e-06  -4.399578155731363654e-06  -2.637682208641828775e-03  4.990593365902728368e-02  9.914338913524589712e-04  -1.509762917451848436e-06  6.597966836507047214e-06  -2.363657350911905930e-05  -2.656960192577586567e-03
-9.114419643707336906e-04  3.606978234302003761e-02  -2.683976526968125863e-06  9.745225028599358862e-06  1.398238509926447206e-09  -1.779382738195552137e-03  -2.180641695097038611e-03  2.161281808377504138e-02  -8.903998384081835947e-06  3.249380199593043796e-06  -1.565904704032087459e-05  -5.269155526792956672e-03  9.914162938488755260e-04  4.339759974975306717e-02  2.271895836188883203e-05  -6.573656367929744764e-05  -3.401651757992072719e-06  -4.548429963357807581e-04
-6.683080218625130263e-06  -2.776066997088396542e-05  2.302973652042989566e-02  9.932057625037455165e-03  6.431142642271064176e-04  1.801339306137290404e-05  -9.712557471162344423e-06  5.608327038997247659e-06  1.570103208503204409e-02  3.588054558996126974e-03  3.840910041089828485e-03  4.547550666427555829e-06  -1.577225219055880051e-06  2.283971398798370178e-05  5.110644582351669268e-02  2.656843087746977965e-03  1.241543838242338614e-04  -2.120406947906611507e-05
6.112159541843776306e-06  6.262890124290879036e-05  -9.546576115931114728e-03  -1.338313534148484170e-03  -7.708146019322221478e-04  -2.635901202320403971e-05  1.706389573441395452e-05  -8.615152174033545105e-07  -3.848112090873338689e-03  5.864970422301890238e-04  -1.778389841416702383e-03  -2.511499530962712956e-05  6.466969896697308166e-06  -6.577313438507989573e-05  2.656841463495782183e-03  3.606534128421507585e-02  -1.891480814763711268e-04  4.498251515356500597e-05
8.601601674684007778e-06  -2.405396208448021231e-06  2.680234948623825631e-04  5.182386361247522870e-05  4.385442140175048464e-03  5.983920768119848760e-06  1.653894504469041452e-06  4.717947664326836418e-06  -3.598613456213308522e-03  -1.091337688265269163e-03  5.955834242850447128e-04  -1.085518810389358884e-06  -2.360300005586162382e-05  -3.599964886406878357e-06  1.241137759413958759e-04  -1.890421893884830561e-04  4.092233745729612071e-02  -6.392393675377528871e-05
7.641227283300060930e-03  -1.153120922245586205e-04  1.465442604351219528e-05  4.856963783672335639e-06  6.157486622456869460e-05  -1.349710202646768565e-03  5.239375689808598371e-03  2.651387226705121097e-03  -2.662676833397394725e-05  -1.011427653838455137e-05  -3.661704539905521414e-05  1.301347929583320916e-03  -2.656326297951213701e-03  -4.545361586787673505e-04  -2.061014392986977646e-05  4.465516301795877671e-05  -6.360912251406962935e-05  3.526336312929796019e-02
