4.497699091682682421e-02  -3.318067753458099904e-04  1.406132116733379427e-05  6.828687603869690415e-07  -3.476478644424741321e-05  1.193018501461158955e-03  3.458354976846216705e-02  5.333305002462426954e-04  -1.280380407033917811e-05  2.083046171438013113e-07  -1.425603915458214956e-05  1.303600776278761514e-04  2.071468254126098557e-02  -6.941071004876451286e-04  3.605982374827738896e-06  -5.557785263935317472e-06  3.450247763866851142e-06  7.055666023725724011e-03
-3.317933731431315595e-04  4.493608417029383573e-02  -5.256706159785717929e-06  -3.387974671906205699e-05  -2.269014427164033065e-05  -1.194288574495242991e-03  -7.112700012307047320e-04  2.072513855263825519e-02  -8.194775204750900772e-06  -3.985601853489927516e-06  -1.332728255623373546e-06  -7.062958348724036883e-03  5.409980054760393266e-04  3.461427126550224720e-02  1.600960308345968717e-06  1.197632930886033562e-05  -9.445307931041137092e-08  -1.388213528503979524e-04
1.397871634753835614e-05  -5.228355296440706408e-06  5.087411153993291052e-02  -1.533154558407072649e-03  1.582151721318263322e-03  2.463023743600935034e-05  -1.609177793574358644e-05  -4.385481365912185703e-06  2.134535415829636601e-02  -1.386869972008501946e-04  8.544489885088954115e-03  5.199330828237399986e-07  -2.826805144013760692e-06  1.637158694643946606e-05  2.133101636287011715e-02  -8.526755784706359365e-03  1.254226709541382025e-04  -2.936980082374078507e-06
7.001948501861347914e-07  -3.390133781856976170e-05  -1.533297370204696414e-03  3.792872025388645263e-02  5.016562076613232323e-05  -6.302537680296528132e-06  -1.469339164303579992e-05  -3.242289219474868088e-07  -3.444809819969276571e-04  3.713089299019543214e-03  -4.523282183117790243e-04  1.820129513691707987e-05  3.374327294325932076e-06  2.697227593432081143e-05  8.726443478530210643e-03  -1.288545581256860667e-03  5.612432660928975059e-06  1.918639981882113046e-06
-3.475753114215861559e-05  -2.272292028890920989e-05  1.581783856934159500e-03  5.016480063171773911e-05  3.783883594250549154e-02  -1.984732440815024007e-05  1.879475133133373329e-05  2.397438492906752740e-05  -8.744172994872798435e-03  3.908312840010059525e-05  -1.309429324579453784e-03  -3.347770763386366077e-05  1.395917421143061530e-05  -1.203689785775278620e-05  3.329912549974513064e-04  -4.444218050573199813e-04  3.728186221058301091e-03  8.989700766499092257e-06
1.193103292451506417e-03  -1.194496003096880794e-03  2.484699438070603396e-05  -6.280685761647005458e-06  -1.981994842974520941e-05  3.546243718669232076e-02  1.195950396538422852e-03  7.820939354823098696e-03  -2.364976046444928562e-05  2.517874454229486574e-06  -2.845644147273148291e-05  -1.396750606689341331e-03  -7.796890884968821211e-03  -1.240261862293778362e-03  1.299729566845209622e-06  5.639251474855872049e-06  -1.439729467126431074e-05  -1.400066446706060537e-03
3.458346278391041112e-02  -7.113055063425270099e-04  -1.615198808218869212e-05  -1.474525448776181027e-05  1.879582188703640038e-05  1.196032116107925876e-03  4.480823421582547095e-02  8.100713176685676560e-04  1.356304037384758459e-05  -1.636452606141586371e-06  1.700834543280717911e-05  3.128388266951799383e-04  2.002552642053032073e-02  -2.464885033818149229e-03  -5.284031603798870773e-06  1.679670228906049995e-05  7.766401895918883020e-06  4.257732761998820128e-03
5.334224469122483955e-04  2.072578604365661950e-02  -4.318796791842663905e-06  -4.210744791354163678e-07  2.369574438658233161e-05  7.821266168624817564e-03  8.102458588144348427e-04  5.092976144997841265e-02  -3.493045052443048847e-06  5.149355165262890312e-06  -1.823987374602134513e-05  1.511750510510204712e-03  -5.807676011120898804e-03  2.002965010454065692e-02  -1.159401226170204567e-06  -3.987366494974953495e-06  -1.662638188332617989e-06  2.550878494194964378e-03
-1.260664238064059633e-05  -7.990262244605339100e-06  2.134524601164950602e-02  -3.447702472647626954e-04  -8.744266405038387049e-03  -2.359363933018666730e-05  1.363135208659339623e-05  -3.486261681997241318e-06  5.185030286091169699e-02  -8.040558368102712215e-05  -1.584171434489317892e-03  2.087695456670636101e-05  9.915904098358954188e-08  7.954163400564213108e-07  1.451064180713442127e-02  -3.289957403671605295e-03  -3.152431839852528912e-03  -2.567007064677512801e-06
2.187059805095342113e-07  -3.942392545208116102e-06  -1.387318167855724560e-04  3.712863519396594585e-03  3.895467426289945406e-05  2.410952182640499051e-06  -1.656800268096644638e-06  5.105704321351972673e-06  -8.034268421291242623e-05  4.140754869061497034e-02  -1.395332127441061389e-04  -1.062681365029437679e-05  4.044153259491299573e-07  9.098416934374724003e-07  3.144099626258123076e-03  4.571146983325692355e-04  -9.592491826357229688e-04  -5.797236776183144141e-07
-1.422006888087573064e-05  -1.285368078051067025e-06  8.544628281330512998e-03  -4.522498092069944346e-04  -1.309280387483585488e-03  -2.852943500408852372e-05  1.699841582375584569e-05  -1.832440803116898505e-05  -1.584269645167756804e-03  -1.396096288329782404e-04  3.825086332421766266e-02  6.789419564230262164e-05  -9.872824701419957532e-07  1.983258287968434493e-06  3.289062823078650957e-03  -1.319916603185478099e-03  4.477909568481569080e-04  -1.068922870385505574e-05
1.301762311104734458e-04  -7.062986482571005989e-03  5.328439790344886206e-07  1.822091560452023976e-05  -3.371677888311633596e-05  -1.396681149980477351e-03  3.130579640779529893e-04  1.512013702458309171e-03  2.124768904161573137e-05  -1.051939239288131572e-05  6.793434464883737296e-05  3.781882811693917934e-02  -2.556392258257960369e-03  -4.268847334541718205e-03  4.157716018898898784e-06  -6.613768245766155703e-06  -2.390737900258542922e-06  8.277861373572700408e-04
2.071460522602108778e-02  5.411751085021093916e-04  -2.904446958689913809e-06  3.369471594593509813e-06  1.384558709413312058e-05  -7.796601866860256545e-03  2.002559460723424625e-02  -5.807528195014051084e-03  9.454291738996296241e-08  4.041454586298643046e-07  -9.203278114442515060e-07  -2.556210671883461794e-03  5.094606193411795741e-02  8.124332337675759267e-04  2.884283754507403866e-06  -8.545031348018682297e-06  -8.886681171845135134e-06  -1.474782940569591616e-03
-6.940579621940174814e-04  3.461416565938611745e-02  1.655122636301644011e-05  2.693052445747502879e-05  -1.206730679383674069e-05  -1.240467341544939555e-03  -2.464920295777007705e-03  2.003002855653877867e-02  7.719848030343443410e-07  9.899217253822574691e-07  1.944807311897408904e-06  -4.268797013539373138e-03  8.125330670748537494e-04  4.476299643515529308e-02  6.615439310137001745e-07  -4.974848781709757732e-06  3.396083350391840124e-08  -2.950432409034366176e-04
3.663370528624518844e-06  1.419704862126768640e-06  2.133096712492726227e-02  8.726247431526171910e-03  3.332878475587879464e-04  1.184958408983645372e-06  -5.382612616298850967e-06  -1.190452093850388089e-06  1.451068745119883999e-02  3.144099834523943898e-03  3.288986321367168807e-03  4.317882516763724170e-06  2.852431513569612573e-06  8.279393669424341794e-07  5.186175425875266809e-02  1.571693004337349148e-03  9.462445934288403579e-05  5.371781795183401370e-06
-5.480764953114717409e-06  1.202726311065869966e-05  -8.526803043870679125e-03  -1.288480976810988917e-03  -4.443743523547700200e-04  5.795248633284581610e-06  1.693868590581101640e-05  -4.060391955790394239e-06  -3.290232069679234310e-03  4.568723284488302393e-04  -1.319897833533863456e-03  -6.603249051025286366e-06  -8.541669643140526144e-06  -4.849495563334374732e-06  1.571455674292922744e-03  3.826172547082200281e-02  -1.516127983761468752e-04  -9.832978844663947242e-06
3.368855646495443005e-06  -6.810074065020905801e-08  1.255748708209945114e-04  5.476559564194288678e-06  3.727673461182920769e-03  -1.407971943592964359e-05  7.760396386322152544e-06  -1.615170824458095589e-06  -3.152447987068637825e-03  -9.592354452267777684e-04  4.479940341633868077e-04  -2.182095353261613977e-06  -8.956931027982902705e-06  -8.143858114544378350e-08  9.456692680067155634e-05  -1.513884901833636748e-04  4.139171091461493063e-02  -9.445822445742117166e-06
7.055616500092141107e-03  -1.388843224792605331e-04  -2.970132900480846276e-06  2.031551275650962736e-06  8.977094535888771520e-06  -1.399872303342868324e-03  4.257847537752811398e-03  2.551145895629304116e-03  -2.816526423638855837e-06  -6.249292581610978116e-07  -1.068568211023118805e-05  8.278091669339816003e-04  -1.474643669408903400e-03  -2.949965422706802426e-04  5.465313848855776283e-06  -9.832537454437103737e-06  -9.157187507422255102e-06  3.790954860686538558e-02
