4.391151947629739344e-02  -4.386587245805615397e-04  -1.855264208359703321e-05  2.818471273088360860e-06  4.048230211196988411e-05  1.729100647501469450e-03  3.563249769644716292e-02  7.169993071042585382e-04  1.207550960006140389e-05  -1.463359014768079543e-07  2.269974015705209294e-06  1.555316788971198216e-04  2.177676649137378836e-02  -8.391191924811794737e-04  3.258586353654682317e-06  -1.192946940942155917e-05  -1.242748995879456457e-05  7.479883627610247297e-03
-4.387035131718796960e-04  4.393404993582911838e-02  -2.029564178148192613e-05  -1.431795109115003209e-05  1.930996530052762921e-05  -1.626252737561974943e-03  -8.645446942464714768e-04  2.176713607869892528e-02  1.937367170427050289e-06  -7.585300779262396832e-06  2.028317595401753343e-06  -7.492550205779415808e-03  7.350380768861985038e-04  3.566615912209075701e-02  1.906354259687709037e-05  -3.693031019680909646e-05  -5.320918843681750576e-06  -1.061457383367587646e-04
-1.864533856908351031e-05  -2.036248131764974051e-05  5.004114089039503332e-02  -2.129391323028833292e-03  2.150441696032032255e-03  -1.782062539013705511e-05  1.304876649747535343e-05  5.746638423107948741e-06  2.244631179817846781e-02  -2.314453016105855372e-04  9.233532468568911994e-03  3.964461934735238249e-06  6.947261635559263054e-06  3.724339582707734014e-06  2.249142269040720760e-02  -9.315118423862060737e-03  2.056116817930772839e-04  6.725318527271711000e-06
2.815394613634992243e-06  -1.435508607980627457e-05  -2.129202961318134649e-03  3.644896136088026511e-02  -6.847996727657733622e-05  5.143432830219917323e-06  -1.840232547892381931e-05  1.303552963302404365e-06  -5.459202013000156962e-04  4.133701188031380439e-03  -6.659566675725245950e-04  8.423800728827279105e-06  1.299317600586261206e-05  9.121143752064057826e-06  9.538912668340100362e-03  -1.431785787845818187e-03  3.159491668261621037e-05  2.170322644972335821e-05
4.054822015053023037e-05  1.923746830687504184e-05  2.150193322989101940e-03  -6.846881661364081259e-05  3.641672237950507873e-02  3.294431908105681210e-05  -3.429208068769614483e-05  -1.337638568980469106e-05  -9.489027576598745017e-03  8.478348134967992754e-05  -1.315786738887378144e-03  4.330842393414745493e-06  -1.376852981739195225e-05  8.035758743181195752e-06  5.063435395230878001e-04  -6.228522213867652762e-04  4.111070352211164403e-03  -1.756784549891560052e-05
1.729198283878412463e-03  -1.626372028656585629e-03  -1.774644840580711670e-05  5.100376862851919944e-06  3.296437107000591753e-05  3.324651856835460217e-02  1.510594661904544932e-03  8.325753821856046732e-03  1.532360142591300718e-05  -1.816168444616326710e-05  8.884935322867762664e-06  -1.413691559540306789e-03  -8.388723894103727527e-03  -1.510926846737351351e-03  -7.799030184241835962e-06  1.458278808213544409e-05  1.720219884006409609e-05  -1.441098481532549326e-03
3.563232906264198613e-02  -8.644603147950117271e-04  1.306863386112024101e-05  -1.832566108235678617e-05  -3.408656287931633675e-05  1.510739593113284056e-03  4.385143540584857808e-02  9.459151646177146140e-04  -1.713349015277286865e-05  2.209274818668467486e-06  -1.122438809644903892e-06  3.645290341392307142e-04  2.105691628432719564e-02  -2.276680171123379465e-03  4.887931643425108835e-06  3.575673338894052991e-07  -1.097126978844136048e-05  4.926536183345455594e-03
7.169372751866805822e-04  2.176731937673457434e-02  5.786531307689527757e-06  1.198205528359710075e-06  -1.342051265327605707e-05  8.325369841660065426e-03  9.458959770576505889e-04  5.024597172261321965e-02  -5.713817502762353580e-09  5.869073530355106458e-06  2.078118654658419215e-06  2.330786802284371805e-03  -6.150689700865818489e-03  2.104766714669321567e-02  1.564472713423160747e-06  -7.208842437557988893e-06  2.560502570806882835e-06  2.616686188082701769e-03
1.188137807473892206e-05  1.943614567504854845e-06  2.244637954194483864e-02  -5.460605388502387482e-04  -9.489301882023851858e-03  1.541682083641606949e-05  -1.681913894238062405e-05  2.252897505673523766e-08  5.137364711090747216e-02  -8.243186068336416227e-05  -2.297552774081687652e-03  -7.313116024983891467e-06  2.796702269302364843e-06  5.584482614246773197e-06  1.527277557293946729e-02  -3.648976438280505594e-03  -3.426513844395198249e-03  7.192378464387360628e-06
1.386110671740951296e-07  -7.516496564923898411e-06  -2.315672475785148865e-04  4.133230465059180292e-03  8.492995296100635692e-05  -1.817454206823967638e-05  2.097701710063968252e-06  5.828463829328039079e-06  -8.250288329930181527e-05  4.115164448601073277e-02  -1.366372308980037331e-04  -3.791492555477494312e-06  2.002246418904364057e-06  -6.950799861751300260e-06  3.422348098499535321e-03  5.419975319673947306e-04  -1.045193022152278960e-03  -8.237069064701608924e-07
2.162525948933276725e-06  2.062665838858906784e-06  9.233602735853982391e-03  -6.659425024670781327e-04  -1.315863601031562425e-03  8.896575400985350248e-06  -1.042348325421791728e-06  2.227593444872582852e-06  -2.297442677829509769e-03  -1.366554961913838914e-04  3.676541267893276843e-02  -1.797579694278861312e-05  -2.939713324628293086e-06  3.246495187731646914e-06  3.637910606366093896e-03  -1.626821831556369419e-03  5.396165387637615008e-04  1.459049938790460694e-06
1.557079250866477390e-04  -7.492562811553232956e-03  3.888562694081256624e-06  8.370703806094693838e-06  4.418006866978227353e-06  -1.413502841336898011e-03  3.643456026466958611e-04  2.330552750179184021e-03  -7.297540651234849397e-06  -3.873696340450002059e-06  -1.796214233599587642e-05  3.601333490291538930e-02  -2.614366308354282124e-03  -4.912116905990247459e-03  -2.820397580145780550e-06  1.082463459824857200e-05  2.847161029625454435e-07  1.129739538960220033e-03
2.177675349271904204e-02  7.350657000736899064e-04  6.993328344568057494e-06  1.309195133407391129e-05  -1.380098812238276189e-05  -8.388519243538969036e-03  2.105714844097137176e-02  -6.150813244092136027e-03  2.809851042985819771e-06  2.010423437675557532e-06  -3.061605643575132699e-06  -2.614421352261703333e-03  5.025129035464824534e-02  9.156496841265342190e-04  -3.244616367003168329e-06  6.244254821311494029e-07  2.389312980228885803e-05  -2.309016422229481086e-03
-8.390304089459262168e-04  3.566609305215186904e-02  3.741675083976063206e-06  9.123404862105370718e-06  8.043738977290347644e-06  -1.511077663770261405e-03  -2.276627554646262763e-03  2.104768820812000230e-02  5.437741357831323489e-06  -7.044973113937235685e-06  3.291274646747404378e-06  -4.912150457563755658e-03  9.156880393404309834e-04  4.382287658384783485e-02  -2.111887717154956157e-05  4.713507108774308191e-05  6.480905292636027085e-06  -4.240858972796176206e-04
3.270101517788669132e-06  1.896725812832120782e-05  2.249146640584713877e-02  9.538805308735935282e-03  5.064757248310565495e-04  -7.955399371074387745e-06  4.828943337836356543e-06  1.533224093244900557e-06  1.527279286743509282e-02  3.422443059152825273e-03  3.637993957881825897e-03  -2.688342941642956000e-06  -3.257909052835918588e-06  -2.119354181953904563e-05  5.131901083914831851e-02  2.402416753252173409e-03  1.075791197594079649e-04  -6.170003208198235353e-06
-1.197348601915285811e-05  -3.686631355365341484e-05  -9.315257567191960464e-03  -1.431684861668628501e-03  -6.228437186294432651e-04  1.465900222426320128e-05  3.509058983364879209e-07  -7.266538855916414931e-06  -3.648984126726189520e-03  5.415969519590704741e-04  -1.626875338501272434e-03  1.072455018788374465e-05  4.906228093220902677e-07  4.697638658647399959e-05  2.402019908754602848e-03  3.657715853788295196e-02  -1.659021124803894214e-04  4.013223134876944459e-06
-1.220123012211597741e-05  -5.161039810934419221e-06  2.057526918320671844e-04  3.162664448581771210e-05  4.110586016322990977e-03  1.721514788913275728e-05  -1.099562426986291573e-05  2.601249334332066345e-06  -3.426568392577429827e-03  -1.045185696703991932e-03  5.397472578882783669e-04  -2.026626003455538650e-07  2.397995527540739704e-05  6.603480249926142646e-06  1.076430338109848677e-04  -1.658934505576992690e-04  4.117710055074833703e-02  4.201428096495230072e-05
7.479946289307359657e-03  -1.062225658731564252e-04  6.475168519621548654e-06  2.154294109343608127e-05  -1.765139214854722055e-05  -1.441625181069430047e-03  4.926507990089886921e-03  2.616087554313235950e-03  7.173968892429520740e-06  -9.007012425298036146e-07  1.444974687668676511e-06  1.129820062799904729e-03  -2.308485193434219040e-03  -4.239057829432504084e-04  -5.784788989865221973e-06  3.821482168934643544e-06  4.143024832566514706e-05  3.605461321248153855e-02
