4.498659820314488550e-02  -3.669812012678633261e-04  -1.139148789053095246e-05  -6.754423868082051920e-06  2.866110868971427449e-05  1.146776582352711368e-03  3.458947908465394294e-02  5.724109340538171241e-04  -1.726748616732868665e-06  3.315204058269797083e-06  -1.052420757224359472e-05  5.966584021258245743e-05  2.071699075092072254e-02  -6.872107919132326367e-04  2.347794334182057219e-06  -4.735627770420507566e-06  -7.991252862180784299e-06  7.069572260033032095e-03
-3.670695829603122171e-04  4.494902349483977100e-02  -1.042055177259062399e-05  8.933485426279962563e-07  -8.250773175222724402e-06  -1.143331130986654717e-03  -7.084107013262554544e-04  2.073933466479369048e-02  3.342197652906769638e-07  -1.107231994276679900e-05  -2.878491659324382251e-06  -7.091951964792678025e-03  5.724667084124900095e-04  3.459337628770454282e-02  2.151563067294479979e-05  -3.996848810002980951e-05  5.164867229515121299e-06  -8.742956095758114624e-05
-1.145643326945264382e-05  -1.042649676544367422e-05  5.089961469140591444e-02  -1.425834013068352562e-03  1.583271562812598636e-03  5.908874779144929424e-06  1.978621523710072628e-06  3.030228127844440899e-06  2.136022345568095240e-02  -1.580636983295108161e-04  8.553361963787043873e-03  3.084922263607795131e-06  4.163456926042826680e-06  4.866392847597221437e-06  2.132231096323011083e-02  -8.545224584337655221e-03  1.403678376075298778e-04  -1.169337278464432493e-06
-6.809962007970165229e-06  8.206649285771980822e-07  -1.425748842392270208e-03  3.811196668772493662e-02  6.018874442234476848e-06  4.171614549359035912e-05  -2.074290580224538178e-06  -5.529346747942446976e-06  -3.502776277542834723e-04  3.739915305320397777e-03  -4.849786371278459285e-04  3.219043535824388861e-06  -7.326334453775859302e-06  7.617996726442423875e-06  8.689603343712050745e-03  -1.312398222650761103e-03  2.351414254062150666e-05  -2.406577049795801551e-05
2.870283819404801420e-05  -8.253842579603504247e-06  1.583158705483678728e-03  6.024085838208233874e-06  3.781325978958689077e-02  -4.125317836745073926e-06  -1.747912059711699233e-05  1.227941720672676916e-05  -8.757195855031128101e-03  6.348514370852260014e-05  -1.328027223726843111e-03  -2.970348665519576949e-05  -1.028996350507219920e-05  8.413511497833223439e-06  3.430997260372744932e-04  -4.640612730570440854e-04  3.736391228418476772e-03  -1.809888400303865619e-05
1.147108986011013271e-03  -1.143259733649019992e-03  6.302618936613165130e-06  4.158718154295204457e-05  -4.107038147781924294e-06  3.566868694434602999e-02  1.183443740268437430e-03  7.822484004103505070e-03  -4.688895579398709700e-06  -2.512139545470201029e-05  -2.134936131081524607e-05  -1.439750112626411943e-03  -7.772935186699105742e-03  -1.241786296841098942e-03  7.114410820273889679e-06  -2.359841501071018133e-05  8.250813277384001161e-06  -1.385628662394237411e-03
3.458938897589468320e-02  -7.084031467984794328e-04  1.957595801176706340e-06  -2.031024040819132187e-06  -1.749612976068617084e-05  1.183684152609690027e-03  4.479503393391847527e-02  7.622374017576578767e-04  -3.939752826295164445e-06  -4.027831712350282481e-06  1.489937981703315485e-07  3.992257326466637827e-04  2.002610170900267009e-02  -2.441670608693477951e-03  8.782170512397212853e-06  -1.139586691691317973e-05  -5.037582941975302226e-06  4.280882445973413324e-03
5.721381335054715736e-04  2.073923794890190908e-02  3.135903419607013169e-06  -5.484234163497256080e-06  1.256644719839043643e-05  7.822435555597575738e-03  7.624754977315034536e-04  5.092200715123989391e-02  -7.735453984942488304e-06  1.015518221974848804e-05  -2.567905406536872450e-05  1.539399055207508376e-03  -5.797059889800742008e-03  2.002607628220057570e-02  -2.214646301396677464e-06  -3.182661583118426341e-06  3.771676518423430901e-06  2.566968201719853696e-03
-2.212327129475821631e-06  3.696601576470419335e-07  2.136017900988984933e-02  -3.502975573707620225e-04  -8.756754694456575852e-03  -4.504882568164466833e-06  -3.558038680467877057e-06  -7.713961511978244278e-06  5.184989983564855520e-02  -4.677421345572321321e-05  -1.580272231353180073e-03  2.034592382085597073e-05  3.509368075701088895e-06  2.755614661451366980e-06  1.450214794698150879e-02  -3.291528759277503879e-03  -3.153300830194022842e-03  5.724775291977177930e-06
3.713103019242642450e-06  -1.095989205146946881e-05  -1.581826259882331844e-04  3.739818283719614864e-03  6.329120751868534212e-05  -2.525092939413397651e-05  -4.399522100947265842e-06  1.015309838371087409e-05  -4.674438549839373032e-05  4.140152283968683705e-02  -8.058304541864114905e-05  -5.859867558445995726e-06  3.839560727380986097e-06  -5.200469883899848554e-06  3.140858299247194143e-03  4.565271350316231730e-04  -9.565359955493813252e-04  2.941164134127489491e-06
-1.071606472544512728e-05  -2.832613844076125841e-06  8.553432392599374587e-03  -4.849747266257366804e-04  -1.328048864121841866e-03  -2.123240593041857775e-05  3.473575316160515081e-07  -2.541258690363373484e-05  -1.579994117505397052e-03  -8.075215258133142853e-05  3.826328695859092938e-02  6.539186733827879214e-05  4.133756171194303918e-06  6.394483657974303717e-06  3.281534832357321102e-03  -1.325942263891847920e-03  4.482715177137116679e-04  6.666876017821505277e-06
5.964098494407740015e-05  -7.091871918714482553e-03  2.483155968975799472e-06  3.261771634046289995e-06  -2.975538055383523191e-05  -1.439810409467814391e-03  3.993340550176073815e-04  1.539260497407635890e-03  2.016085768072000106e-05  -5.862441327779255562e-06  6.560239915154405155e-05  3.777855495774792155e-02  -2.567949955734287644e-03  -4.284746586145628429e-03  -4.418842341978218138e-06  1.973282645698660749e-05  -5.060432994694720236e-06  7.850321440476057270e-04
2.071654839549525243e-02  5.722585998627197947e-04  4.184797453406342156e-06  -7.386688713849159815e-06  -1.025796549948262685e-05  -7.772763319916530141e-03  2.002656217120502360e-02  -5.797062016855432376e-03  3.585574604615102426e-06  3.779912197874393063e-06  4.059671860568706662e-06  -2.567887910906818325e-03  5.093698894090210871e-02  7.705875130477258172e-04  -1.196156848097567689e-05  2.551833142081016346e-05  1.669943349484361887e-05  -1.520641949815698625e-03
-6.871546904040692428e-04  3.459334636550424891e-02  5.110664563942070395e-06  7.760564789728843831e-06  8.413095143195787251e-06  -1.241727989173862156e-03  -2.441614325519955546e-03  2.002592439621888112e-02  2.870484779227142721e-06  -5.109918643355104118e-06  6.396930323406739816e-06  -4.284707320390892214e-03  7.703839775107593213e-04  4.479910965438920617e-02  -1.999726559494633345e-05  4.396017430468248288e-05  -5.014452466120401668e-06  -3.645538478542700183e-04
2.366733160284773475e-06  2.169740720878503848e-05  2.132223638373030236e-02  8.689604238796435828e-03  3.433793635562050451e-04  7.235778281501050187e-06  8.789693364414994430e-06  -2.231741107987665288e-06  1.450213014506359158e-02  3.140833024116138333e-03  3.281135726744787307e-03  -4.307096534845012927e-06  -1.196190442006203175e-05  -2.012199240853324302e-05  5.186024884085180947e-02  1.598333816539227684e-03  7.891604768644530220e-05  -2.274600351987096433e-05
-4.834416158112313386e-06  -4.014567074989287322e-05  -8.545444662837808208e-03  -1.312358174462873849e-03  -4.640283028015072938e-04  -2.369967038248527004e-05  -1.138914578234462318e-05  -3.093900306618732774e-06  -3.291686162398493355e-03  4.565138964219389280e-04  -1.325896481090144303e-03  1.966023517488750349e-05  2.555771482724631104e-05  4.399205223671214307e-05  1.598377306372375604e-03  3.820851147341278176e-02  -1.273729607085392240e-04  5.956603534777529671e-05
-7.743149820190853798e-06  5.244147828738184734e-06  1.402348719210254921e-04  2.348588868934098819e-05  3.736079728610789980e-03  8.196178319438544743e-06  -5.204297443880828315e-06  3.782159096843406624e-06  -3.153262785978577353e-03  -9.565419110032770357e-04  4.485556843629168720e-04  -5.159865969787995640e-06  1.672186098693199933e-05  -5.086245476267702123e-06  7.891428692027540443e-05  -1.273797579645419352e-04  4.138357194901312597e-02  3.348847410150798643e-05
7.069328850401328940e-03  -8.745569645716033018e-05  -6.801383676145058925e-07  -2.399387577571852518e-05  -1.804906394145969418e-05  -1.385453748724851247e-03  4.281085100077089423e-03  2.567192717026245494e-03  6.208912514571042763e-06  2.866207380189354916e-06  6.593032909057101106e-06  7.849806267818514732e-04  -1.520426052988654115e-03  -3.644542613410322067e-04  -2.272363181728216712e-05  5.953749092337511513e-05  3.346276180593050494e-05  3.780479441724170220e-02
