4.570924743967897524e-02  -2.782405555726871586e-04  -5.975410718590014054e-06  -7.166714961740851318e-06  -1.485416768973557867e-05  8.857172605981353600e-04  3.374022778164510045e-02  4.659980727250423709e-04  1.655261486935984095e-05  2.258512091402254762e-07  4.573568481848217654e-05  5.678275724275398136e-05  2.003204942227969354e-02  -6.171774319613454940e-04  9.420497192120637855e-07  3.431637766925285118e-06  1.491996316195183545e-06  6.820736685754751581e-03
-2.778843056779825983e-04  4.571526065786209875e-02  -9.085343336728114329e-06  -9.144097871850420916e-06  3.884428397117811289e-06  -8.884402108828193430e-04  -5.955005707366910900e-04  2.002801774719723676e-02  -3.295018712839097109e-07  6.145964699585260019e-06  -2.151134317376810980e-06  -6.813142652667441256e-03  4.385086193265475083e-04  3.373836323058131831e-02  3.473637809031617954e-06  -1.847622112246801322e-05  -1.431106792898487040e-06  -1.260286864930710551e-04
-5.847711741677090252e-06  -9.308016720294839627e-06  5.137534915181434653e-02  -1.179031980306626329e-03  1.113098039185667163e-03  5.272147263707683237e-06  -3.121632946315820232e-06  5.004109114575472811e-07  2.057597795480598651e-02  -1.093098949672855901e-04  8.092746609921151399e-03  6.455550030891013302e-06  2.887986709094614521e-06  4.817341412807193920e-06  2.059013426710467470e-02  -8.081572038844441960e-03  1.011476388848040413e-04  -3.408874900283258079e-06
-7.146327413851383203e-06  -8.830079679906856384e-06  -1.179072581200895980e-03  3.877856200624171107e-02  3.555678263895092379e-05  9.834475331951461957e-06  -9.393738359523143083e-06  1.138996778561914438e-05  -2.527479389489619278e-04  3.453542280961731294e-03  -3.729236146783598002e-04  -9.827949830294202581e-06  6.313849306114282888e-06  -3.480809564515443853e-06  8.221160616570601792e-03  -1.279500928929876635e-03  3.385752967987481522e-05  -5.102278025592125854e-07
-1.493797937948504221e-05  3.904422321229335249e-06  1.113066758779457464e-03  3.555355541900426285e-05  3.892779604625214163e-02  2.354328761016753223e-05  1.577410059945184257e-05  2.051789052960972094e-06  -8.177992873087763792e-03  3.319643829884738969e-05  -1.253996119806477950e-03  -8.391393485022563062e-06  2.230847838283426105e-06  -3.110709345320914148e-06  2.378184350202395766e-04  -3.473966017659737269e-04  3.464290524400969774e-03  -1.975208649043646429e-06
8.856965004841584011e-04  -8.879487590709505759e-04  5.240496319468579410e-06  9.743390638220826455e-06  2.358597144739584504e-05  3.696108158467352467e-02  1.026365335334503007e-03  7.408942831028570569e-03  -1.587348812361194822e-06  6.887462228362043384e-06  -4.185557582045591412e-06  -1.340790752773477141e-03  -7.415132756563621273e-03  -1.029899246814436212e-03  -5.748462737230208237e-06  -2.880275351885089533e-07  -5.690701175888619006e-06  -1.382599067067514500e-03
3.374008124645679063e-02  -5.956002213848509384e-04  -2.864497899200805210e-06  -9.487464632286068261e-06  1.553919411710911729e-05  1.026308580500167765e-03  4.550223461798014873e-02  6.982546744541326660e-04  -1.700619734081992705e-05  -2.418314003679923375e-06  -4.874430044559606131e-05  3.276556021169783938e-04  1.935375755843582457e-02  -2.589000772951299909e-03  2.598907337088816537e-06  -1.738674652014545598e-06  2.181420375710873981e-06  3.881004876854688215e-03
4.660281418707382518e-04  2.002814581903438265e-02  4.812517893102250519e-07  1.137418717875969300e-05  1.997697117473913636e-06  7.408893174354664983e-03  6.982243395260157026e-04  5.128014366025451104e-02  1.321709566625805473e-06  -9.929373965363630890e-06  1.099066208800472198e-06  1.162472614349219181e-03  -5.593435621226127731e-03  1.935906491075499794e-02  4.861427738972957083e-07  -2.278177814706351621e-06  3.944555472401641151e-07  2.498023596478907322e-03
1.684756848617519743e-05  -1.258869845828498188e-07  2.057592199131362543e-02  -2.527855600812995893e-04  -8.177890276909389675e-03  -1.566341460936595231e-06  -1.709288276251437792e-05  1.361233927830302483e-06  5.211073925482125752e-02  -5.450943471292772635e-05  -1.245473583968341328e-03  -2.683780462881645780e-06  6.082075295632601292e-07  2.938609777713869957e-06  1.399355644992027886e-02  -3.071609516587196949e-03  -2.958676310352896088e-03  5.160522998759906045e-06
4.073909220775471433e-07  6.507602328556765913e-06  -1.094001946923432099e-04  3.453554364026885197e-03  3.317087690631380728e-05  6.727395932495318843e-06  -2.447135369092815876e-06  -1.022513132066252953e-05  -5.451742336809244186e-05  4.154436721386967069e-02  -9.760727917443644621e-05  2.217323307562777039e-05  2.265163966278282804e-07  1.290149179910798787e-06  2.961542201703624023e-03  4.029209420211479070e-04  -8.942871134224194716e-04  -1.281033736269601988e-06
4.579859827890019405e-05  -2.143249626194202524e-06  8.092655799263411345e-03  -3.729218165181638622e-04  -1.253922933550839260e-03  -4.179941403832398700e-06  -4.886730592711455834e-05  5.722947686412553810e-07  -1.245413048905541628e-03  -9.765545206636185580e-05  3.892466464177676139e-02  -4.772754348545108326e-06  1.880409422844892822e-06  1.032518771022607430e-05  3.070377040866406615e-03  -1.169766991067670890e-03  4.051006929411965908e-04  1.367647633858746624e-05
5.669519479476669367e-05  -6.812845200498493341e-03  6.123685600109979378e-06  -9.818219087603871563e-06  -8.315913018685882255e-06  -1.340974164589276221e-03  3.278082676786144250e-04  1.162124727145461955e-03  -2.294982968435613051e-06  2.198408529476163545e-05  -4.712849854556712204e-06  3.862550656817540645e-02  -2.496683417440344419e-03  -3.891432094412914343e-03  -3.973503028085367075e-06  1.087848974323308215e-06  1.420632388511780447e-06  6.256187938233347427e-04
2.003207115445535327e-02  4.387168074323823130e-04  2.902763949195040730e-06  6.267376379703216378e-06  2.116170329971495127e-06  -7.415176566780720332e-03  1.935393003638260015e-02  -5.593489477811818857e-03  5.855632986679471100e-07  2.082613822656084331e-07  1.950762200553901651e-06  -2.496626360344039817e-03  5.127788560743909430e-02  7.240335825635204389e-04  -7.379122671094477603e-07  -1.797127412644484534e-06  -2.764924990143013686e-06  -1.166974383500996677e-03
-6.172400072352196045e-04  3.373828927692471003e-02  4.528890563554751234e-06  -3.310457512776966739e-06  -3.079168054173906073e-06  -1.029465203831173969e-03  -2.589375694881003963e-03  1.935911377007388731e-02  3.013442434305879060e-06  1.503516724972756758e-06  1.028325567113652064e-05  -3.890960631186290031e-03  7.241258547306359287e-04  4.549778429756536069e-02  -2.906348224970599005e-06  1.816561675596945640e-05  6.929326512012572845e-08  -2.660345931860550795e-04
1.153486989403872480e-06  3.487213286612926975e-06  2.059008840957357936e-02  8.221288435165608616e-03  2.380727967086222047e-04  -5.660908692521890945e-06  2.452305063527538107e-06  5.031157943796143430e-07  1.399353137947505904e-02  2.961568019587030275e-03  3.070131031311582482e-03  -3.571916317345761237e-06  -6.992426679252970906e-07  -2.776339620040690764e-06  5.211568893313824752e-02  1.206374627587935254e-03  6.185264288145820894e-05  1.966159215232081399e-06
3.352988160919194813e-06  -1.910928974093534862e-05  -8.081577298801561129e-03  -1.279401568166392078e-03  -3.474180618381544970e-04  -2.771682024419437041e-07  -1.683401528460606654e-06  -2.845713093584689988e-06  -3.071696285506004317e-03  4.028838248453157325e-04  -1.169741329370432370e-03  1.102509543772940038e-06  -1.836392834314069181e-06  1.885801399873070385e-05  1.206668614254340684e-03  3.904006121923084272e-02  -1.143684414260906946e-04  -1.816061207879119570e-07
1.249313319126663379e-06  -1.557272789280158874e-06  1.011320286062558394e-04  3.378262868852821462e-05  3.464181958984708688e-03  -5.544980911031659717e-06  2.286020751104923880e-06  2.125819101169214718e-07  -2.958662133247132436e-03  -8.943521284317386107e-04  4.052613872872179966e-04  1.564458713154423064e-06  -2.754587359177736153e-06  9.106142810397137659e-08  6.185983289807717308e-05  -1.143492234861680202e-04  4.153630863852498384e-02  -7.338640396236355149e-06
6.820793559444282041e-03  -1.265098566247553603e-04  -3.386163416084181667e-06  -4.564504949830541364e-07  -1.973728095538614914e-06  -1.382633328529827557e-03  3.881071689912871450e-03  2.498342258032420268e-03  5.001437894353963754e-06  -1.296663134344260982e-06  1.367991903556676394e-05  6.255762562266384058e-04  -1.167060910586308542e-03  -2.656423725375942134e-04  2.264706131690708360e-06  -1.713230133176372484e-07  -7.040557850281301519e-06  3.863099828826520310e-02
