4.537411776999048657e-02  -2.972672149806197166e-04  1.971531223236508078e-06  1.003520642134124879e-05  -6.226768242579528964e-06  1.018021110573529963e-03  3.415474588743452194e-02  4.876804212879781286e-04  -1.519462307978710392e-07  -1.073178340365388099e-05  1.671673106170512389e-05  1.148234065277695722e-04  2.036780360999772277e-02  -6.567959229555380080e-04  2.477642464953640184e-06  1.580048490896322051e-06  -1.115091475601822221e-05  6.947261987195691227e-03
-2.974533121572584156e-04  4.534404480673887711e-02  9.435994016441896507e-06  3.358667913583594024e-05  -5.354500812610361907e-06  -1.050030412762310850e-03  -6.573661779884745933e-04  2.036821720425930834e-02  3.389889037259361783e-06  8.138378365871166245e-07  5.039171824518283615e-06  -6.939063405680082931e-03  5.039763677925456061e-04  3.416557236268480402e-02  1.084959046657625535e-05  -3.642417937687906170e-05  -1.331668994130496294e-06  -7.916912672474686683e-05
1.694550706467348903e-06  9.367101801387403789e-06  5.114939013481006880e-02  -1.318010627344586103e-03  1.328412388840013959e-03  4.119877683283287392e-06  1.026023003996666306e-06  2.892472740333280835e-06  2.095853140197941056e-02  -1.143950055888862382e-04  8.315614099252235589e-03  -9.068770332145908045e-06  -3.125483122969449486e-06  -8.739816570308719287e-06  2.094935835261098334e-02  -8.308160226762182146e-03  1.273105867766537950e-04  -3.691665418966213313e-06
1.000572780509394923e-05  3.346636833116324600e-05  -1.317916364617902850e-03  3.842343766829364737e-02  4.183504235368143621e-05  5.782902106269883283e-06  2.597013086014616940e-07  -1.838922870051933747e-06  -2.803919695198934105e-04  3.593606750516848379e-03  -3.986594070048523394e-04  -1.113218380830651289e-05  -2.310401315087012036e-06  -2.576569121091220170e-05  8.433624612189336359e-03  -1.243256147501003691e-03  4.147324757147649701e-05  8.266705368916869092e-06
-6.439504899846933012e-06  -5.374663025696985714e-06  1.328426340224817676e-03  4.185420982202141396e-05  3.842675765007893401e-02  -2.584517518248924313e-05  1.990910749038930265e-05  4.003987528630153319e-06  -8.469648472616313900e-03  2.432705893061512409e-05  -1.322956881582202119e-03  -9.724487919277562250e-06  -1.061957184439806978e-05  -3.218326848342674108e-06  2.956199362462732746e-04  -4.186495101829314333e-04  3.590481432450407916e-03  -1.385598802283133059e-05
1.017723561798060438e-03  -1.049974382407509914e-03  4.063152655310888415e-06  5.846928018900861543e-06  -2.577415330653624247e-05  3.632995467883900348e-02  1.095961092373055933e-03  7.611230421000044800e-03  -3.391206235846081403e-06  -1.919469774334925135e-06  -1.217635561167125754e-05  -1.394254910535111655e-03  -7.593338419002757661e-03  -1.095985849815765125e-03  2.482657070958941124e-06  -8.504399497032071871e-07  1.318210625360130540e-05  -1.379912105033171028e-03
3.415471085389563261e-02  -6.573335163038578110e-04  7.448521748289487947e-07  2.769108913523331074e-07  1.983733921228985567e-05  1.095652244414650972e-03  4.516770751127045791e-02  7.581684134557057980e-04  2.487472749304085296e-07  1.208711298348447579e-05  -1.349650622004082824e-05  3.013971938428156201e-04  1.968145437400338135e-02  -2.526094549575404712e-03  -1.785131390294875685e-06  -8.767030722255586621e-06  -2.353979930516840946e-06  4.071279787303834670e-03
4.873267143582788049e-04  2.036821350393609384e-02  2.958981119583777410e-06  -1.829161069982649184e-06  3.926711465365601028e-06  7.611182420747129168e-03  7.585634974774697762e-04  5.111357385678499260e-02  -6.700552814442982131e-06  -8.607021079058676352e-07  -1.885356741976377710e-05  1.332624325162961362e-03  -5.693195048294319785e-03  1.968453458803559944e-02  -2.254881617983224802e-07  1.363605212102136095e-06  2.889304177070023184e-06  2.528643894688300999e-03
4.680637773745829038e-08  3.370798114089802561e-06  2.095845452879866941e-02  -2.806804756127198380e-04  -8.469652024093929366e-03  -3.400731866042718073e-06  -1.066405308996105298e-07  -6.743873348284791341e-06  5.199417215372462153e-02  -7.436640103264789844e-05  -1.385694081167338290e-03  1.762564299471103182e-05  2.231797131893517515e-06  1.077174296735288095e-06  1.424282364814379379e-02  -3.171921613642625284e-03  -3.049979310638006608e-03  3.470659297704121252e-06
-1.087079522920011293e-05  8.621500880485081764e-07  -1.144598120643539085e-04  3.593408028603436218e-03  2.427431578498678440e-05  -2.067649527824651472e-06  1.231998341946942893e-05  -8.951613397572776999e-07  -7.434841836616782717e-05  4.146821586690395411e-02  -1.279070098497612996e-04  -1.599452896029062457e-06  -1.578456946156967593e-06  -2.267164382772685313e-06  3.051077452993917680e-03  4.305540911703431778e-04  -9.256080065201723875e-04  -6.847834547226370309e-08
1.710853516515678765e-05  5.109217274183325794e-06  8.315493227026767367e-03  -3.987120120770792052e-04  -1.322893711293206308e-03  -1.215400443160607039e-05  -1.398558262368094815e-05  -1.891691234962322471e-05  -1.385740314959190561e-03  -1.280297972545782091e-04  3.866732177804817205e-02  5.320275017400244943e-05  3.046547311594499987e-06  5.894372169874695349e-06  3.177737823176125277e-03  -1.240902672656672874e-03  4.261415222972354615e-04  2.165521702137218925e-06
1.151516656175382284e-04  -6.938889150759082469e-03  -9.001991128636325414e-06  -1.113911234754164263e-05  -9.789447480192086848e-06  -1.394471199552221310e-03  3.012837548398422248e-04  1.332485805879197148e-03  1.726589232686320921e-05  -1.650181885908342177e-06  5.319912739111376098e-05  3.824703686892104437e-02  -2.530723399636757194e-03  -4.073560599957724501e-03  -3.720745604181533193e-06  1.408539855561207343e-05  -4.309707181555823133e-06  7.111921898237558116e-04
2.036786759663087448e-02  5.041670934060515832e-04  -3.097949380981102590e-06  -1.788303458120409058e-06  -1.013878406044854165e-05  -7.593567052243156701e-03  1.968159489209909269e-02  -5.693209368584868646e-03  2.149146433387336813e-06  -1.281373123538447772e-06  2.843028415994781734e-06  -2.530342258102794874e-03  5.111605029396718708e-02  7.482740473854453383e-04  3.908068712941948826e-06  -6.250013580612709762e-06  1.449286696077067650e-05  -1.328582435866812071e-03
-6.567672386929844812e-04  3.416546223440408009e-02  -8.741097353758978870e-06  -2.573318338430468223e-05  -3.133227556451929698e-06  -1.095865762901363080e-03  -2.525926759648582272e-03  1.968457755600641970e-02  1.133380361524369339e-06  -2.272126152742355155e-06  5.858044075804734209e-06  -4.073440524696382049e-03  7.484701404808538324e-04  4.515111287550473834e-02  -9.070925142111574340e-06  3.273000180059048594e-05  6.332015702711717843e-08  -3.306661606351356947e-04
2.695224745445097520e-06  1.128376343356508372e-05  2.094929753061717734e-02  8.433485975109612093e-03  2.957070101911189785e-04  2.375152340671437566e-06  -1.755807347230032187e-06  -2.073478626723361215e-07  1.424285673879331117e-02  3.051112187517711349e-03  3.177659964493570726e-03  -3.968340374522552311e-06  3.909358382935155094e-06  -9.226890655253704366e-06  5.198732395264280687e-02  1.416904617221012444e-03  5.746889698094108080e-05  9.817652742314905598e-06
1.611231351686722260e-06  -3.650010219977926500e-05  -8.308346799498636873e-03  -1.243360225595945565e-03  -4.186348312005137222e-04  -7.840902157925138976e-07  -8.810089361095219622e-06  1.393604128260073238e-06  -3.172223934587860283e-03  4.302656708618469647e-04  -1.240950094213905119e-03  1.401679038081493933e-05  -6.025811910188618333e-06  3.266817050090427477e-05  1.416799115774052724e-03  3.855638097155759947e-02  -1.011785474782021902e-04  -2.558953180933003457e-05
-1.126970915418597607e-05  -1.388606940170081577e-06  1.272593387938359040e-04  4.125264297328920532e-05  3.590528675056687147e-03  1.306636861787231173e-05  -2.170501876065889253e-06  2.870787448587493476e-06  -3.049962821449916581e-03  -9.256021627685231392e-04  4.261480290913217993e-04  -4.273339158549356114e-06  1.420129572273400511e-05  1.471868242786468436e-07  5.744245289064783892e-05  -1.009858483395000033e-04  4.148206941255574987e-02  2.454785728747113223e-05
6.947216845160323652e-03  -7.927857752736438733e-05  -3.577473328783849657e-06  8.144970749123646938e-06  -1.376436406231360310e-05  -1.379991557891754395e-03  4.071437220372338232e-03  2.528840770371314998e-03  3.519946834131523273e-06  -2.990065037401928657e-07  2.056767855838731933e-06  7.112597203251368877e-04  -1.328432256742786153e-03  -3.306080868081058186e-04  9.411265575725055287e-06  -2.553909270490144104e-05  2.443676993784813501e-05  3.824639672616229891e-02
