4.524764763129229123e-02  -3.271424731830023763e-04  -1.832740494108213688e-05  9.761285049227027183e-06  2.219573618072035102e-05  1.040685203144807143e-03  3.430363184394941839e-02  5.330995527803212859e-04  2.709113726329303939e-05  2.084437670060798292e-06  5.244730811731286753e-05  6.957783016434503759e-05  2.047017471161878197e-02  -6.785161188009455283e-04  -4.584044243183740237e-06  -2.533360798686381348e-06  1.142667240236114081e-06  6.952914142990706224e-03
-3.270017109805396283e-04  4.518863728324502838e-02  -1.760924348721007665e-05  -2.237792079236418998e-05  1.548938836626747673e-05  -1.077518649108124421e-03  -6.528585614525787405e-04  2.049202417007058713e-02  -1.987682817353557928e-07  2.442867449202281547e-06  1.660885573179791769e-06  -7.006785557877742883e-03  5.151160512511461552e-04  3.434972299316865069e-02  1.381636325680128818e-05  -2.307895681982273896e-05  -9.727905558778371300e-06  -1.012034667492776689e-04
-1.815025821783608425e-05  -1.751401663310577666e-05  5.108264459471649477e-02  -1.372229255224296542e-03  1.368911383604894160e-03  -1.730091106855761592e-05  2.108400692532173582e-05  -3.370625563399078778e-06  2.108296764313917493e-02  -1.314776862320211741e-04  8.390964072551531511e-03  5.394143834534465221e-06  -4.099669407838719731e-06  1.107110306547327476e-05  2.106643640442531704e-02  -8.359345072863115511e-03  1.375292195660385590e-04  -3.558604906071268417e-06
9.732698784757198157e-06  -2.227847017805094845e-05  -1.372321574781204968e-03  3.829561941563167093e-02  1.140899499506798128e-05  -3.150347078529281612e-05  9.312912306244824475e-06  -4.722660699907281937e-06  -3.040887561298227012e-04  3.624850360326955113e-03  -4.321557266315764539e-04  -8.306027522199527360e-06  -7.260628325668239259e-06  2.000428804954107131e-05  8.531322552675532980e-03  -1.274160067736467570e-03  4.983142242812668303e-05  1.168370229584294348e-05
2.215399706249122460e-05  1.550738666105905573e-05  1.368857436093620650e-03  1.136901111264589267e-05  3.825471316821572182e-02  2.114000243813349386e-05  -1.151387908417799120e-05  -1.211247513994026649e-06  -8.532824036116805344e-03  3.706489391017914404e-05  -1.264395356004789856e-03  -5.289534619907596052e-06  -2.711049689555148044e-06  -2.008673228165784898e-06  3.153497199024802179e-04  -4.382018153721702687e-04  3.643698407652544002e-03  1.624436023140145392e-06
1.040515366677621963e-03  -1.077302121776572367e-03  -1.675981618867707906e-05  -3.140282337809561917e-05  2.115346360903766715e-05  3.614631219401407553e-02  1.151319903188639804e-03  7.665518846071776513e-03  -3.069762592094908837e-06  -1.481906800260432613e-06  2.094095024948849848e-06  -1.401239706046765411e-03  -7.660129174116524914e-03  -1.128242254350652306e-03  5.865265742569076984e-07  2.212823659686632109e-05  -5.820203776616044439e-06  -1.387490557504168168e-03
3.430352134198684511e-02  -6.528701018610658623e-04  2.114780266712586298e-05  9.312996457024627257e-06  -1.146577575937378487e-05  1.151082411893915997e-03  4.505024722463608911e-02  7.392386492151345858e-04  -2.383904786719917053e-05  -2.151037431968066089e-06  -5.461641989568918930e-05  3.624928335131207316e-04  1.978174243032552321e-02  -2.494174930838566860e-03  1.017888253170703695e-06  -5.357050479656752462e-06  -8.762791087229609401e-07  4.117682450409707907e-03
5.330508766756429694e-04  2.049201070908229436e-02  -3.221088740218340723e-06  -4.644701284393530421e-06  -1.193593844251043417e-06  7.665542158711355705e-03  7.392061524689930076e-04  5.102825848152063581e-02  -3.661578414736913118e-07  -6.569822110700004254e-06  1.402540869886487994e-06  1.458406270718664048e-03  -5.724122620899749041e-03  1.981193601168605711e-02  4.056460733418811848e-06  1.291249206978117758e-07  -1.377181248031047439e-06  2.552619301412469531e-03
2.718029128557643989e-05  -3.369643005336181062e-07  2.108297728154754150e-02  -3.041181228342544098e-04  -8.532675831028237526e-03  -2.957922429153413790e-06  -2.417202456413110263e-05  -3.730517672118753650e-07  5.194127291295336929e-02  -6.243338854633574762e-05  -1.478079130524299466e-03  9.528179789094387370e-07  1.272010054291184202e-06  3.727457699491118879e-06  1.432434070841846069e-02  -3.206556023962458483e-03  -3.080820904834095410e-03  5.448330141768192774e-06
2.113358450775438978e-06  2.525386627109237476e-06  -1.315527416322702478e-04  3.624736682684979224e-03  3.699807120284428032e-05  -1.475618246183509706e-06  -2.075761620296318595e-06  -6.554658331374488346e-06  -6.240205176515041053e-05  4.146762344215977614e-02  -1.073057466160718949e-04  1.426222221548501807e-05  -6.487782308023558255e-07  1.153819242776542648e-06  3.080198745608709893e-03  4.396121506276023830e-04  -9.354042483295422908e-04  -1.934537000411284716e-06
5.226088541722113365e-05  1.615228443805201122e-06  8.391294844284939367e-03  -4.320647473908608587e-04  -1.264525912474680084e-03  2.037502564316077078e-06  -5.449969272890643117e-05  1.287381020607208193e-06  -1.477918791383683568e-03  -1.074344773175819727e-04  3.843484907421983870e-02  -4.822779714454980901e-07  4.995605681292491316e-06  4.322848356676342261e-06  3.202403392306911716e-03  -1.251705944716958617e-03  4.415002742484772785e-04  7.664432481888200683e-06
6.956769390876548322e-05  -7.006424002882441493e-03  4.889973905277401043e-06  -8.150521792797205809e-06  -5.233042673637138839e-06  -1.401492000373768783e-03  3.625824618709036842e-04  1.458041382212857482e-03  9.139597107813861135e-07  1.454672333866347810e-05  -6.876147125107513323e-07  3.795275004662670981e-02  -2.545504575276859652e-03  -4.174358918193872905e-03  -4.474735244778375062e-06  -1.828164290668971088e-07  1.723948021040369322e-06  7.270392944196116996e-04
2.047020119008701594e-02  5.154577759508956409e-04  -4.138963898693450420e-06  -7.293865382681757921e-06  -2.793454121670728899e-06  -7.660180341698766444e-03  1.978180250581424576e-02  -5.724102967606489734e-03  1.274400093896181236e-06  -6.494195295588957245e-07  5.071127726366211754e-06  -2.545365474685317916e-03  5.109299602496490678e-02  7.625972126670077598e-04  3.608379381298918457e-06  -2.356469532601267423e-06  2.182543106676613464e-06  -1.314548880475733357e-03
-6.784885577826581552e-04  3.434975736043952010e-02  1.127992855274010987e-05  2.017962095701830225e-05  -1.971161734752557189e-06  -1.128051419468007128e-03  -2.494299845375315058e-03  1.981186613349339778e-02  3.761133887825546344e-06  1.135784884822100749e-06  4.350985822191758053e-06  -4.173944396256055490e-03  7.629095251946507728e-04  4.497461200673329856e-02  -1.711158510901753091e-05  2.899583957813120250e-05  1.056816584230940786e-05  -3.294350063230225018e-04
-4.582054936001278745e-06  1.353387726322622845e-05  2.106639429624876381e-02  8.531327301645146369e-03  3.155534031364683190e-04  5.572192738994873345e-07  9.260643388033778570e-07  4.046895745121202240e-06  1.432431551669111069e-02  3.080209395295327706e-03  3.202059672851246663e-03  -4.391243516673391486e-06  3.567967097285353909e-06  -1.689102009014540630e-05  5.197157896049490328e-02  1.412327319525825183e-03  5.859954644905288333e-05  2.980330782716482443e-06
-2.582088630626971950e-06  -2.308446659275822298e-05  -8.359092849736640685e-03  -1.274341740932353464e-03  -4.382591309154114118e-04  2.207753715789045266e-05  -5.383298789247743940e-06  1.503120883163327966e-07  -3.206679750808763725e-03  4.394787837076339818e-04  -1.251555280378917681e-03  -1.639757891484655934e-07  -2.395123492861954952e-06  2.895672129975515905e-05  1.412336037724625437e-03  3.858662959557523919e-02  -1.049471078517056174e-04  -1.006764603530972966e-05
7.687903504911306567e-07  -9.933893892035337533e-06  1.373579889039498909e-04  4.974841512050242459e-05  3.643528295221837472e-03  -5.782175589570152864e-06  -6.209375054380192152e-07  -1.426819060309620763e-06  -3.080778978985297505e-03  -9.354108462968463130e-04  4.418035647539557301e-04  1.958483751388904589e-06  2.147088814216008255e-06  1.069993535895599143e-05  5.857832092288083362e-05  -1.049288864978974785e-04  4.143979465540673784e-02  8.806289714873409162e-06
6.952771472918076179e-03  -1.012207118962626392e-04  -3.539019778757101637e-06  1.162155777885095363e-05  1.540707840629024438e-06  -1.387520799861615035e-03  4.117982412834125458e-03  2.552890041573070441e-03  5.654172221227536696e-06  -2.093029542687648374e-06  7.893044800731596283e-06  7.270220287087706236e-04  -1.314530699006109240e-03  -3.294438371714830801e-04  3.053298167688894303e-06  -1.011154929754979477e-05  9.050153960670623133e-06  3.826328888469453932e-02
