1.000000000000000000e+07  1.080024776736637770e+00  1.014188672667862612e+00  -1.264649444236271721e-06  1.228153488088649992e+00  6.521516564810120542e+01
1.656629886401127281e-47  5.203642862446725064e-90  7.485346085046686846e-67  9.511649939833821721e-43  1.269312385558540501e-76  1.085581220801816340e-71
1.176872817589737577e-47  1.269312395853616408e-76  3.060600895571306348e-57  8.232977360035200270e-67  2.132229900035572346e-264  7.496937512223441307e-67
1.659499045369119151e-76  2.560111286326253806e-260  1.484746275264821908e-76  1.573477325171857926e-76  9.661763797958925206e-92  5.938569298881301416e-38
1.142842513814312919e-71  5.385008205085818475e-67  1.029863283025766332e-71  1.484408961144513241e-76  4.431565056169294257e-86  4.669182841783530585e-62
3.759867820835040834e+179  3.672494349403858352e-62  1.450828039600055916e-47  5.202702796752467268e-90  7.485346085046686846e-67  9.511649939833821721e-43
1.269312385558540501e-76  1.520316821886862906e-47  1.656899246970407236e-47  9.156041721233488490e-72  1.399397989376347896e-76  5.640063526767079421e-38
9.661763797958579119e-92  6.752221060278073848e-67  9.168909747191495115e-72  3.397844379703139916e-53  2.215833438531314707e-52  7.723277093248584622e-43
6.771806276441466306e-43  3.699087181716721863e-57  5.204605429564485015e-90  3.852178151366068032e-57  6.529760358084706503e-38  1.269313724004179066e-76
8.969028545394524390e-67  2.743236887420447611e-57  1.269314367428731444e-76  4.912254452363834307e-62  3.696298504304649669e-33  2.132229900034896280e-264
4.182991284731357794e-62  7.403340996444305682e-38  2.560111286326349121e-260  7.866397832716634887e-67  1.656096373397149722e-47  9.661763797959962104e-92
1.691357356176526381e-52  3.534792257446392145e-57  9.933592039647976628e-48  4.660744610949944497e-33  9.354477958007552664e-67  8.217803153378388578e-72
9.054517557025341447e-43  4.472689024793857381e-33  4.459055979574961526e-86  1.485762284799563507e-76  3.434425522231139116e+179  4.439199269532166346e-38
1.657440072234209579e-47  5.202702811438298672e-90  4.176351137128418483e-62  6.231294873368690650e-38  1.269313041902175737e-76  3.219900410515558339e-57
9.166690150664645043e-72  9.156041890307581241e-72  1.200102865115526548e-71  3.316369960143418233e-33  2.132229900006915767e-264  3.315626345080514998e-33
8.604350425049417047e-43  2.380333925809644835e-264  5.938569298881301416e-38  1.142842513814312919e-71  4.229825848097552160e-86  3.890393146993850787e-33
2.628400438187764429e+179  4.660135036740638889e-86  1.400070064911396743e-76  3.923862658791514875e+179  3.214931323094812488e-57  3.061228087323003881e-57
1.269314380237302477e-76  1.832557095199552712e-76  1.030966995513923457e-71  2.132229899948922134e-264  1.795770130869485728e-52  7.714484793498727184e-43
2.132229900150315454e-264  7.273096276401670201e-43  1.041027382157404326e-42  3.287727853800259239e-53  3.061840703594092837e-57  1.313292821790330031e-71
4.029412119492104498e-86  3.507455348234980314e-33  2.625246965907494574e+179  1.577120396778811918e-52  3.889632071708494704e-33  5.204590463344950942e-90
2.527405599032848863e-52  8.603943341849024977e-67  9.156041620161695902e-72  2.213389616890993438e-52  1.129660186214458915e-42  2.132229899977242884e-264
1.450299787686528871e-47  3.942760781389833220e-62  4.229825848097549303e-86  3.890393146993850787e-33  2.628400438187764429e+179  4.056905631724854250e-86
2.109792461626202790e-52  2.948144282948476902e+179  1.368570207468114179e-71  2.582060839312962350e-57  1.269315698052024271e-76  3.061213501938963734e-57
1.655026243935689794e-47  9.156041619766375543e-72  1.918234912121268661e-76  6.381272257188672285e-67  9.156041788311818151e-72  5.888383979528273445e-62
2.214206935324085088e-52  2.132229900006013170e-264  1.086902588802236334e-71  3.697852264139819599e-57  2.560111286326254890e-260  1.519521257342125848e-47
1.519526449149322242e-47  9.661763797959966192e-92  1.572126626570026342e-76  3.536656807203424010e-57  8.216870430123616338e-72  1.586873867754501348e-47
1.744848685105207191e-76  4.833717992846484016e-86  3.857154181647590880e-57  3.763031166856841283e+179  6.771928902939134913e-43  3.699087181716721863e-57
5.205564236881925977e-90  5.634852303964398548e-62  4.757321812117675753e-38  1.269312393320249117e-76  9.730390240111365029e-72  1.658824365190916407e-76
9.156041924039524114e-72  7.273096276401612850e-43  1.041027382157404326e-42  9.661763797958220769e-92  7.712753590337027818e-43  3.220542206560856256e-57
5.184699065709136834e-58  3.376727707296077589e-57  2.580193887214237412e-57  4.440266848732629139e-38  1.831886394227261362e-76  5.204616621810870095e-90
3.061213500609444588e-57  1.655026243935689794e-47  9.156041619766375543e-72  9.730390244724010954e-72  1.658824365190916407e-76  9.156041856569457278e-72
7.273096276401612850e-43  1.041027382157404326e-42  1.782280840815866019e-72  1.586873867754501348e-47  1.744848685105207191e-76  4.266927349734420727e-38
6.526284997695973545e-38  4.468163325536459674e-33  4.056903042897771766e-86  1.085341369353171774e-42  3.113412872511165034e+179  5.634851784620979700e-62
4.757321812117675753e-38  1.269312393320249117e-76  2.111009582797142703e-52  2.630190303291659278e-52  9.156041822045826080e-72  3.856531842470612978e-57
3.943710396401973997e-62  2.132229900035233872e-264  7.712753590337027818e-43  3.220542206560856256e-57  6.267916567467620371e-34  1.130011179011276040e-42
2.006614277035768961e-52  3.453673637881987127e-86  7.405636831299555742e-38  3.597154086651981910e+179  5.634851784620979700e-62  4.757321812117675753e-38
1.269312393320249117e-76  5.877942547509755504e-62  4.083732626262922179e-33  1.269317008085402610e-76  1.743490018061211746e-76  5.400334125250158078e-62
2.132229899948472599e-264  1.257137006006448787e-71  4.276334391125701812e-33  2.560111286326718825e-260  6.819019767381325468e-38  1.369009933561028538e-71
2.154645326266227959e-48  2.212159774856065768e-52  7.867846741627332027e-67  5.062285396575837632e-86  6.234702918609278698e-38  3.440131444292941292e+179
3.453676226709069611e-86  5.643507322840275207e-38  2.953204653527268298e+179  1.576304733720312103e-52  1.370116230087163614e-71  5.206515451563614472e-90
1.142179215033364367e-71  3.123774015130299893e-33  1.269315700676229888e-76  2.633441771766274573e-52  4.766491839546744405e-38  9.156041653499856651e-72
3.060600895576499780e-57  8.232977360035200270e-67  2.132229900006689236e-264  1.257137006006448787e-71  4.276334391125701812e-33  2.560111286326718825e-260
8.974864001477025992e-67  7.867852468098653557e-67  3.425519974743170499e-86  7.405636831299555742e-38  3.272973182833154335e+179  2.407428198353098724e-57
2.090632751865636691e-76  5.205579247850082650e-90  3.671544798741977589e-62  5.056930669483656491e-38  5.206508092439295701e-90  3.123001091361781229e-33
8.606829928074779280e-67  9.156041754839816883e-72  4.182991284731326704e-62  7.403340996444305682e-38  2.560111286326441547e-260  3.699290102809984817e-33
3.935171760264624896e-62  9.661763797957869232e-92  1.690137022904845352e-52  4.660744553462730077e-33  4.430902316436144183e-86  7.411354093794941984e-38
2.953857644131353784e+179  1.576072938847242331e-52  1.257360672770117244e-71  5.207489371974465799e-90  1.722920694426660201e-47  3.375483094893307559e-57
1.269316995256762742e-76  1.200102865113681470e-71  3.316369960143418233e-33  2.132229900006915767e-264  7.866397832716588765e-67  1.656096373397149722e-47
9.661763797959962104e-92  1.691357356176526381e-52  1.518181714388626674e-47  4.430905384619560708e-86  7.411354093794941984e-38  2.953857644131353784e+179
4.436824909414214376e-38  1.370334721843682638e-71  5.204597924709940959e-90  3.378587327258201544e-57  4.186789425291112613e-62  9.156041686843173002e-72
4.182991284731326704e-62  7.403340996444305682e-38  2.560111286326441547e-260  4.912250902094354692e-62  2.090634079895439026e-76  1.412068361022037876e-43
2.738251210939883684e-57  1.427158133500842419e-71  2.405828878850068373e-57  8.982080178987749821e-67  5.200751415354319795e-90  2.407117051595221604e-57
1.519517060931243558e-47  5.208429350002920529e-90  3.214931663451715464e-57  3.061228087323003881e-57  1.269313062462559573e-76  7.867869314743826994e-67
2.007018959865140933e-52  2.132229899948131921e-264  4.082989057073096529e-33  1.107915483958869919e-47  2.256281913096415182e-264  1.041023274003199078e-42
2.897562776130965991e-57  5.016674581604403718e-58  9.057986484886868074e-43  1.399061941595354645e-76  4.833717992846484016e-86  6.376965083157598962e-67
3.272342442152897396e+179  1.304057390376096632e-76  8.611343152317527199e-43  5.200762724415133335e-90  2.318188018304630893e-52  6.124849711413681888e-62
9.156041619238746869e-72  2.580188977962510474e-57  2.741362709305369865e-57  2.132229900208078589e-264  3.535414606636318734e-57  1.917904125086870032e-76
4.028749379758953709e-86  6.819015161092659850e-38  2.623965842772761360e+179  2.908469889018225798e-33  4.915118031854132009e-62  5.207463022857584422e-90
1.108443775969898309e-47  5.058078525330515846e-38  9.156041620426809193e-72  7.867869314755918895e-67  2.007018959865140933e-52  2.132229899948131921e-264
2.580188977967582220e-57  2.741362709305369865e-57  2.132229900179195479e-264  3.535414606636318734e-57  1.917904125086870032e-76  2.312843412953523990e-57
9.057986484886868074e-43  1.399061941595354645e-76  4.266927349734420727e-38  9.745918009917998249e-72  1.693801165270148868e-52  3.855826574559176887e-86
4.912258190443583545e-62  3.921968137013926906e+179  2.405872444533633439e-57  8.982080178987749821e-67  5.200751415354319795e-90  6.121028574635422517e-62
1.143945332271423939e-71  1.269317010709528147e-76  7.721470784652209525e-43  1.743496648219539842e-76  9.156041755233609060e-72  7.867869314755918895e-67
2.007018959865140933e-52  2.132229899948131921e-264  6.128644185500058461e-62  8.234437721111605520e-67  9.661763797959616017e-92  1.030748483581704274e-71
4.766500825167611282e-38  2.312843412953523707e-57  9.057986484886868074e-43  1.399061941595354645e-76  4.632641524507889136e-86  3.702296521582417001e-33
3.598420437553994894e+179  1.793732336039571236e-52  3.702290632765400197e-33  1.269318315585020624e-76  2.527405599904162531e-52  8.603943341849024977e-67
9.156041620161695902e-72  2.006196917968891059e-52  3.316369948528932442e-33  9.156041619504879618e-72  1.901809558074013448e-52  2.090966148915729639e-76
9.661763797959268568e-92  5.879852950499208699e-62  9.054483291765779464e-43  9.985367183285751589e-92  1.451094296571399738e-47  9.342847180734646255e-67
9.933586819404405875e-48  7.866414879044540606e-67  6.387113081071273539e-67  4.257979511236366646e-86  3.890393146993850787e-33  2.628400438187764429e+179
6.771809163080122782e-43  1.313961274704099531e-71  5.205545510576326940e-90  3.533559769139577577e-57  1.131061468641951250e-42  1.269316341527081862e-76
2.527405599904162531e-52  8.603943341849024977e-67  9.156041620161695902e-72  5.942004039464304415e-38  1.658479061860070497e-76  2.132229900208645357e-264
1.030748483581704274e-71  4.766500825167611282e-38  1.515745059113220926e-52  3.061840703594092837e-57  2.003925814499404954e-76  5.164170639441771701e-90
1.311967897987615203e-71  3.119248362104017687e-33  1.269316338963121562e-76  5.645839048578065860e-38  1.725594552810716891e-47  2.132229900035795792e-264
2.004162508632584061e-52  1.382941916279973876e-47  9.985367183285762489e-92  1.794541925556516553e-52  1.257360676169616154e-71  4.430902316436146326e-86
1.692998216051115124e-52  4.087840261137961983e+179  2.524556877855321882e-52  1.030088680264922145e-71  1.269316354345588747e-76  5.342777406437930495e-38
5.056935118674698279e-38  1.269318333581403352e-76  5.940833674918252037e-38  9.182174868225323365e-72  2.132229900092662940e-264  2.004162508632584061e-52
1.382941916279973876e-47  9.985367183285762489e-92  1.313448977549536043e-47  1.178208147739501656e-47  2.312843412953523707e-57  6.523989128013522899e-38
1.693809093416019069e-52  4.436823017626704468e-38  7.130374876990152362e-67  5.206530461959826610e-90  5.604506124731203551e-67  7.262600250142254893e-43
5.204612949964323824e-90  7.399879067853943354e-38  1.200982914293159920e-71  1.269315026255701870e-76  6.378385559886261706e-67  1.313716266319649212e-47
2.132229900179874190e-264  2.630599734013801230e-52  1.144606856127569112e-71  9.661763797957174333e-92  1.108447924285464880e-47  6.520536310944086048e-38
3.626596443081766093e-86  6.126722831428857348e-62  3.600938232170323089e+179  5.600060342956209370e-67  4.913192910337400953e-62  5.200777632855532475e-90
2.002543895115117781e-52  2.214205304796751977e-52  1.269316995266973657e-76  6.378385559886261706e-67  1.313716266319649212e-47  2.132229900179874190e-264
2.089285996212866667e-76  5.879841837315230624e-62  9.661763797958917031e-92  2.584552485561157684e-57  2.109803663054178831e-52  3.626596443081767522e-86
6.126722831428857348e-62  3.600938232170323089e+179  1.577704264964241962e-52  4.012727180504222206e-57  5.206530432585726477e-90  1.722921738475375081e-47
7.267827776894054244e-43  1.269313718836278347e-76  6.378385559886263023e-67  1.313716266319649212e-47  2.132229900179874190e-264  1.041374256202468671e-42
2.423824338463939499e-52  2.256281912865350302e-264  1.830536972339805881e-76  5.351943145137786998e-38  2.796056118645133868e-33  3.379236360516150124e-57
2.583925303460353734e-57  6.510814437460969127e-43  5.637727028156894819e-62  4.425139317589946693e-62  3.670053995998916633e-62  8.608290134477076264e-67
5.201740170771529001e-90  1.915550542478482469e-76  3.695358225118519972e-57  1.269312395883974548e-76  3.933250273178148721e-62  1.176609713251266463e-47
1.269315023692055138e-76  6.237012118064254267e-38  5.348503867910025821e-38  2.877026555823426076e-264  1.724792711067218369e-47  6.234720767375579803e-38
2.560111286326623149e-260  1.086904299168482120e-71  1.571113268028072911e-76  2.154645326266539110e-48  6.525146022372593110e-38  3.058119077167190534e-57
5.062285396575837632e-86  8.234471679820110589e-67  2.627131691460008236e+179  4.459058568402044009e-86  7.867875173795853960e-67  3.278036036227079995e+179
2.907392842341705652e-33  9.502885062338701628e-43  5.201740170827337189e-90  9.946107064075709412e-43  1.795357563675382092e-52  1.269315018614756647e-76
1.085574311866972264e-71  3.315626390686154635e-33  1.269313721379974524e-76  7.501261532557618781e-67  6.524007169731788766e-38  9.156041652974293032e-72
1.449764145897978815e-47  1.130184978209193898e-42  2.132229899977579154e-264  1.041200483648716552e-42  1.176336160204668529e-47  9.661763797957177058e-92
2.584552485561157684e-57  2.109803663054178831e-52  2.796056118645135921e-33  3.379236360516150124e-57  2.583925303460353734e-57  3.426182714476319859e-86
1.659155126811932258e-76  4.086571465840339597e+179  4.436329410277229121e-38  1.795767000669077994e-52  5.207485596915704640e-90  1.915550542478482469e-76
3.695358225118519972e-57  1.269313054771346000e-76  5.939667844134024032e-38  1.030086075959979448e-71  9.156041653502426409e-72  2.177671773473167524e-76
3.381103265099222081e-57  9.661763797958922481e-92  2.320238347356912068e-52  2.090632772355015553e-76  1.207156820620675493e-67  5.395582689900411452e-62
1.200763569040088304e-71  2.909597123793152700e-33  1.830536987642433566e-76  5.208436899034374610e-90  1.915550542478561015e-76  3.695358225118519972e-57
1.269312395883974548e-76  1.243961258391580697e-47  6.528576401080887474e-38  1.269317002917580436e-76  6.382743605615670432e-67  2.003759500062477779e-52
2.132229900179199446e-264  5.393661292191902875e-62  2.215022579689417360e-52  9.985367183285763852e-92  1.040147454538259764e-42  1.484411586257737614e-76
4.028749379758950851e-86  5.644677809864212705e-38  3.598400641649377628e+179  1.085578509021068398e-71  7.709243528001000899e-43  1.269315690320713990e-76
1.243961258391580697e-47  6.528576401080887474e-38  1.269312393279759067e-76  1.200315334982557118e-71  4.182060274439660266e-62  9.156041821652035913e-72
1.107649231017728731e-47  2.424235393514532863e-52  2.560111286326994658e-260  1.130881530009652276e-42  8.168189329152070579e-43  9.661763797958577756e-92
1.107920687936665241e-47  5.399358589600924825e-62  4.430902316436142039e-86  1.086900841380217461e-71  3.437583922023484557e+179  3.670055546359781373e-62
4.672020355624277616e-62  5.201710280965009800e-90  1.312385079005213829e-47  2.215432004237179145e-52  1.269316336349244831e-76  1.399731345363416383e-76
1.085519281842256867e-42  2.132229900179761806e-264  7.120221328869641103e-67  5.351938608161125734e-38  9.661763797957181146e-92  1.586607623112634166e-47
1.658821724494031635e-76  4.430902316436144897e-86  1.086900841380217461e-71  3.437583922023484557e+179  6.774436597700731814e-43  2.527826157576570876e-52
5.205571713278315516e-90  4.656982935262405564e-33  6.128636767709488678e-62  8.318578705849713333e-72  1.399731345363417917e-76  1.085519281842256867e-42
2.132229900179761806e-264  4.910366567414092409e-62  1.087343026678256699e-71  9.661763797957873320e-92  1.382404231239292161e-47  1.900992308413840488e-52
4.430905384619556422e-86  1.086900841380217461e-71  3.437583922023484557e+179  3.670055546359781373e-62  4.672020355624277616e-62  5.203627895599891724e-90
3.536651924811442289e-57  1.451102661148706535e-47  9.156041821649460124e-72  1.107649231017728731e-47  2.424235393514532863e-52  2.560111286327087084e-260
9.348654135026594716e-67  7.115211628986474653e-38  4.631978784774735490e-86  5.054643662466604222e-38  3.597777349565049507e+179  1.085578509021068398e-71
7.709243528001000899e-43  1.269314372545971086e-76  5.391780606545305871e-62  3.217428230297442588e-57  1.269312398467610803e-76  4.017705507185404018e-57
8.608244811260647302e-67  2.132229900208981627e-264  9.739251022599774579e-72  1.744168723532840642e-76  9.985367183285751589e-92  1.400072679889973771e-76
1.382939819993864760e-47  4.430902316436145611e-86  2.738873541213878801e-57  3.922591380679495328e+179  1.312381800676892465e-47  1.109783262639898548e-47
1.269315682639474928e-76  1.425167459024107035e-71  1.399395343591847100e-76  1.269313721409979517e-76  5.153415980599129065e-62  2.743224742514538229e-57
9.156041619898138942e-72  1.199219418702312154e-71  2.899439432662540158e-57  2.560111286326253445e-260  6.749289305770092002e-67  3.890369706073142299e-33
9.661763797956825521e-92  2.089951472517504613e-76  1.245561801992989815e-47  4.028749379758955852e-86  5.051195329895970753e-38  3.435694288734310995e+179
2.406763356681811606e-57  1.109522258602251654e-47  5.203661574350454499e-90  1.449231676210711356e-47  1.796988858677303850e-52  1.269313057395471844e-76
1.693813841645515976e-52  7.128920397144862575e-67  2.132229899948132362e-264  1.745180738401857059e-76  1.108179616017051730e-47  9.663261934393114796e-92
5.941986243051901290e-38  3.314874143492489617e-33  4.028749379758952995e-86  5.051195329895970753e-38  3.273603836824897208e+179  3.672904216683509312e-62
5.642368347585052360e-38  5.203646549325561199e-90  6.121025372547300243e-62  3.697212946739514394e-57  1.269314380257331272e-76  1.693813841645515976e-52
7.128920397144862575e-67  2.132229899948132362e-264  1.370557538247659976e-71  4.013356708121967386e-57  9.661763797958921118e-92  4.471172625466806734e-33
5.350822141057213599e-38  4.028749379758952995e-86  5.051195329895970753e-38  3.273603836824897208e+179  2.405829904390132435e-57  2.214606764006783637e-52
5.207470630638361070e-90  3.536651924811442289e-57  1.451102661148706535e-47  9.156041821649460124e-72  1.199219418702312154e-71  2.899439432662540158e-57
2.560111286326253445e-260  6.819024217187115667e-38  1.086215130799521366e-42  4.631978784774741205e-86  4.855612129559102079e-33  3.434418102395161550e+179
1.312381800676892465e-47  1.109783262639898548e-47  1.269315023752103476e-76  3.060591237095226450e-57  3.891127888315107256e-33  9.156041620029920438e-72
5.943156571814705145e-38  1.030969559389486370e-71  9.661763797959973005e-92  9.739251022599774579e-72  3.697033234236504597e-33  3.397844379703144089e-53
1.107650287396921767e-47  6.525155008060815746e-38  2.909220965600889568e-33  5.933941616350034969e-38  5.206515509627600677e-90  1.312381946859069190e-47
1.109783262639898548e-47  1.269315023752103476e-76  4.905603828756253487e-62  2.214203717855402715e-52  1.269316341537213618e-76  1.745518073470970999e-76
3.537913555200984011e-57  2.132229900121431022e-264  1.199219418702319393e-71  2.899439432662540158e-57  2.560111286326253445e-260  9.061524021783670035e-43
7.403309519570411521e-38  1.412068361022192207e-43  4.278564937260063005e-33  1.691362116856425885e-52  4.056903042897771766e-86  5.051195329895970753e-38
3.273603836824897208e+179  4.861211505079233768e-86  4.666300846392547046e-62  3.275490996733991139e+179  2.907392842319284877e-33  9.502885062338701628e-43
5.200781363509896226e-90  4.656991751470036731e-33  5.644686672802497227e-38  1.269312383024937114e-76  2.211352045019670231e-52  7.271371889107706228e-43
1.269317005531927059e-76  2.108970432224711312e-52  4.274823938327272147e-33  9.156041923775975198e-72  4.670110056329386623e-62  1.370332144408012321e-71
2.132229900063891773e-264  2.631004323570489430e-52  1.400075294890150504e-76  2.256281912980092529e-264  1.723722557056089088e-47  7.407919231067603416e-38
9.661763797957179783e-92  9.739251022599774579e-72  1.744168723532840642e-76  9.985367183285751589e-92  3.938958830594080364e-62  5.393668652762379785e-62
4.266445294209404195e-38  3.855916880907032893e-57  6.123892765432259951e-62  4.056903042897771766e-86  5.051195329895970753e-38  3.273603836824897208e+179
2.909598363595015194e-33  1.744170005214198547e-76  5.201740229063657485e-90  2.002534336563650986e-52  1.369230149085871537e-71  1.269314372555867051e-76
2.177994643704614533e-76  5.882701606108121394e-62  9.156041652974289011e-72  6.746408358168234049e-67  3.056876895555578729e-57  2.132229900208195380e-264
5.641224904870423184e-38  7.492585038808398637e-67  9.661763797959970280e-92  1.917229434673246993e-76  8.602488817355087699e-67  9.985367183285757039e-92
8.164706556156865447e-43  1.916213430406949103e-76  4.833058321296751182e-86  1.381341414054210238e-47  2.789867694889139910e+179  4.438051325830191456e-38
5.157225306799125208e-62  5.200751429813109423e-90  5.603057216078591277e-67  1.313718370650810493e-47  5.208455626026879665e-90  1.485077077161533833e-76
9.351535016633241960e-67  9.156041653897770896e-72  4.914149856658162133e-62  6.123877870254903188e-62  2.132229900035571465e-264  5.353090983808620911e-38
3.695985388153857153e-57  2.132229900035344934e-264  1.830536972339805881e-76  5.351943145137786998e-38  2.312843412953523141e-57  7.709257106483815587e-43
1.399395338585279289e-76  4.266927349734420727e-38  7.118623982809296532e-38  8.608256153744330455e-67  2.907340174639573908e-33  5.400326764623743839e-62
5.203627851880845503e-90  9.049248677797195143e-43  1.030523949999247272e-71  1.269314377703543226e-76  4.905603828756253487e-62  2.214203717855402715e-52
1.269317000424585070e-76  3.536651926140961435e-57  1.451102661148706535e-47  9.156041787914426706e-72  1.693813841648919543e-52  7.128920397144862575e-67
2.132229899948132362e-264  4.851838769733359110e-33  3.536668932894632426e-57  2.132229900063663039e-264  9.052724638895739599e-43  3.218680107031656953e-57
9.661763797958918393e-92  1.655832253573913302e-47  9.058034273502677648e-43  3.397844379703141307e-53  2.110203497960082199e-52  6.231263624071086468e-38
4.459055979574961526e-86  1.692998216051115124e-52  4.087840261137961983e+179  4.438051325830191456e-38  5.157225306799125208e-62  5.200751429813109423e-90
4.662520496505169491e-62  7.262593300326357523e-43  1.269318325900556864e-76  3.695338806230852803e-57  2.177667835753036994e-76  9.156041788048771926e-72
4.914149856658162133e-62  6.123877870254903188e-62  2.132229900035571465e-264  9.168857996728225401e-72  1.178204995137620051e-47  7.654837923590151201e-63
2.899427278335244324e-57  1.200095976356388061e-71  4.056903042897771766e-86  2.421374181652406334e-52  2.623968287092597824e+179  1.033696990615956393e-47
5.393690995047216686e-62  5.207493087883620739e-90  7.118749689389633468e-67  4.178254512677881090e-62  9.156041856174128876e-72  4.914149856658162133e-62
6.123877870254903188e-62  2.132229900035571465e-264  9.162225048714507606e-72  3.537915957356926994e-57  2.132229899977803922e-264  1.029420244297323029e-71
2.003592432892456355e-76  4.833055253113336799e-86  3.857156593781299540e-57  2.787955763105097428e+179  4.056905631724854250e-86  7.492596469036571632e-67
3.438212160414809668e+179  6.774556337559743945e-43  3.218663109743855042e-57  5.202695335387482484e-90  7.721470780910352058e-43  1.088008885473327235e-71
9.156041653369106678e-72  3.217411232891239371e-57  4.182026833346297110e-62  6.000503612625083191e-67  1.900170223081728352e-52  2.579571633016353624e-57
2.132229900006576852e-264  1.518187978744142517e-47  7.120215581586902042e-67  5.184699065709143202e-58  3.540402704078349146e-57  4.013351931664918989e-57
3.453673637881987127e-86  9.175490473631904801e-72  2.623965862132894335e+179  1.368570207468114179e-71  6.126748810586284370e-62  1.269313049623590820e-76
1.484739701106450097e-76  4.664427639216688446e-62  9.156041754838288702e-72  9.354432700856059190e-67  5.155348549855650295e-62  9.254131210795369030e-39
6.527424095633771438e-38  1.086680619095652305e-71  8.217803153378388578e-72  4.017700683554783747e-57  2.421380578960443673e-52  8.552748314619171518e-72
6.231268055746170992e-38  5.207481793339190061e-90  3.855270269055661762e-57  4.082219234817945498e-33  9.156041687367691023e-72  9.732601171344181969e-72
5.346216861304052073e-38  9.156041755366944877e-72  6.230111073189028815e-38  4.015213955563980481e-57  7.654837923590420002e-63  4.663765620130611148e-33
7.863500192882995301e-67  2.313105951209937362e-57  2.527418313601003320e-52  1.312634765934842640e-71  4.861208916252151285e-86  7.117476092000271369e-38
2.628400505892502334e+179  5.636632429617757961e-38  1.900178250845138348e-52  1.269313713658442543e-76  5.646942287711581066e-38  2.320230363083028015e-52
9.156041687762005999e-72  1.257801970848968042e-71  7.870795674082126047e-67  2.132229900006573767e-264  6.820167693908120595e-38  2.003359608954587860e-52
9.564081676433749514e-39  3.124523370043401531e-33  1.452168602228029120e-47  2.405828878850068373e-57  1.655568080717021028e-47  5.200773945863950686e-90
3.855270269055661762e-57  4.082219234817945498e-33  9.156041687367691023e-72  6.759465514835485516e-67  2.630599727937414580e-52  3.455001061367837083e-320
2.851422010226969849e-316  6.919460868216601334e-310  2.851422010226969849e-316  2.851422010226969849e-316  1.199874907361296890e-71  4.266927349734420727e-38
3.124523370043401531e-33  1.452168602228029120e-47  2.405828878850068373e-57  1.655568080717021028e-47  5.203650367816273573e-90  5.636633057465426253e-38
1.900178250845138348e-52  1.269313054771071091e-76  5.634870850042907406e-62  1.723453172191661836e-47  1.269315698022020659e-76  1.724248761667849018e-47
2.529054431512883889e-52  9.156041620027861415e-72  2.111017530587710890e-52  2.176987858898463670e-76  2.132229900006462265e-264  2.316559854379083364e-52
1.314178899378532640e-71  9.661763797959621468e-92  5.350804239535352270e-38  9.066758311051483853e-43  3.529118977285038973e-62  4.663765620130611148e-33
1.199874907361296890e-71  5.034794461185078896e-86  1.313722530516103813e-47  3.278036074909456595e+179  1.028976196694123899e-71  5.639611276073069278e-62
1.269313044486362423e-76  3.855270270385180907e-57  4.082219234817945498e-33  9.156041687367691023e-72  1.246096342745045297e-47  8.980636885743303404e-67
2.132229900150539341e-264  6.388516689475277017e-67  7.709223135434740841e-43  9.933586819404403444e-48  1.573468121198683020e-76  3.379224215535913427e-57
1.515917116184944549e-52  7.117485112925414805e-38  4.664435086719033210e-62  8.548326596318963162e-72  8.241670900471272160e-67  5.201728993095774036e-90
8.598130569450610328e-67  4.181077247988186436e-62  1.269315031463503548e-76  3.886625651224732244e-33  3.502938557243340542e-33  1.269316995276988054e-76
5.053455343636667629e-38  2.424233800422813868e-52  9.156041923381157531e-72  7.862090659716465970e-67  3.536659180871939867e-57  2.132229900064229807e-264
8.162927483157609356e-43  3.943706672595529705e-62  9.661763797957524507e-92  9.068489434022483559e-43  1.693815459633572427e-52  9.933586819404413168e-48
1.573468121198683020e-76  3.379224215535913427e-57  4.632641524507889136e-86  3.506691300134514058e-33  4.087207124106118425e+179  5.599434935119827900e-67
8.611315837183808176e-43  5.203631597506780530e-90  8.598130569450610328e-67  4.181077247988186436e-62  1.269315031463503548e-76  2.896323004717893659e-57
1.142617082905859605e-71  1.269315021118079519e-76  1.900170223078325155e-52  2.579571633016353624e-57  2.132229899977693742e-264  1.518187978744142517e-47
4.666304483548792122e-62  9.985367183285752952e-92  4.669179074563995354e-62  1.177675686909067766e-47  4.631978784774739062e-86  3.216803478987508780e-57
3.115317403705118442e+179  1.368570207481291926e-71  6.126748810586284370e-62  1.269313049623590820e-76  1.483732890317526045e-76  2.318603816387325867e-52
1.269314377673420568e-76  5.159113321246584945e-62  3.378614058765233209e-57  9.156041922856102635e-72  1.109516018668265257e-47  4.422275897547478471e-62
2.560111286326346954e-260  1.917900156239381487e-76  2.111017561630826825e-52  3.529118977285039405e-62  6.228999108030699700e-38  1.199879211978225620e-71
4.440266848732629139e-38  3.894148920096964461e-33  5.201721458523112198e-90  6.001674170569864288e-67  6.382738123131631334e-67  1.269315700595760795e-76
1.314525383583780439e-47  9.064999711949952805e-43  2.132229900180211782e-264  1.518187978744142517e-47  4.666304483548792122e-62  9.985367183285752952e-92
3.058734038396963573e-57  1.657813616500013356e-76  5.034131721451930250e-86  2.743854298767070205e-57  2.786691953022990963e+179  1.107111382844382080e-47
4.183926005134121024e-62  1.269315680055759821e-76  1.380809943694445754e-47  1.518190074966713188e-47  1.269317010699356965e-76  4.017717661326658283e-57
1.725321007984846357e-47  2.132229899977128297e-264  6.527442014666792626e-38  1.256699148926581576e-71  9.985367183285758402e-92  4.761913482305813543e-38
1.177405290526797311e-47  4.266443052131857099e-38  7.110601882457606274e-38  2.003935049197533961e-76  1.303865098204621414e-76  1.255816542686547941e-71
5.205549241116839303e-90  5.930519484568177506e-38  4.913215296090390412e-62  1.269318313001226051e-76  1.312626989928359377e-71  3.505947765564154926e-33
9.156041653762908909e-72  1.519256036342077527e-47  1.382941908186880520e-47  2.560111286326715936e-260  1.382409447452344511e-47  8.983517901125879093e-67
3.827672911420359544e-86  4.081463876158053659e-33  3.920699331978594639e+179  1.107111382844382080e-47  4.183926005134121024e-62  1.269315680055759821e-76
7.117300736592707182e-67  6.520549763477501154e-38  9.156041889119008183e-72  2.582048665661547479e-57  3.694113669354603975e-57  9.661763797957172970e-92
6.527442014666792626e-38  1.256699148926581576e-71  9.985367183285758402e-92  1.382409447452344511e-47  8.983517901125879093e-67  3.827672911420358829e-86
4.081463876158053659e-33  2.624608882531055487e+179  1.303888715209004944e-76  1.255816542686547941e-71  5.205549241116839303e-90  2.406494750067435490e-57
3.539790154684973240e-57  5.203631582475826615e-90  7.704015836600686427e-43  7.494051081363376632e-67  1.269317008065491787e-76  3.534784974079764364e-57
1.313185877353538293e-47  9.156041788047233691e-72  3.535431546538475322e-57  1.902617230903023957e-52  2.132229900208643153e-264  7.866443155329549373e-67
3.855912000259401355e-57  9.661763797957529958e-92  6.527442014666792626e-38  1.256699148926581576e-71  6.267916567467624647e-34  3.700045381247644943e-33
9.960079160119151547e-43  2.907340174639573908e-33  1.370115349629249641e-71  5.208421888582573165e-90  1.107111529026558805e-47  4.183926005134121024e-62
1.269315680055759821e-76  2.004933916417217035e-76  2.631813682666291238e-52  9.156041720707394029e-72  1.918245413162236279e-76  1.088012319659887729e-71
9.661763797956825521e-92  1.086016507880065435e-71  3.536034505489164484e-57  9.985367183285758402e-92  1.040677728383977027e-42  3.505195403352264334e-33
4.229825848097550017e-86  1.655297692444023769e-47  2.627139062725821314e+179  1.577324312543436872e-52  9.745892032755766170e-72  5.204601669707016657e-90
1.304563418049037288e-76  6.382738122527782142e-67  5.201714041393078895e-90  1.722915474183085802e-47  8.606054071793245269e-43  1.269318336155378204e-76
1.143717350860400191e-71  2.175637165363519156e-76  9.156041788442562093e-72  2.213375297489752545e-52  1.798209216889095047e-52  3.932490062398649012e-62
1.257801970848968042e-71  7.870795674082126047e-67  2.132229899948807547e-264  3.936106479874564534e-62  1.244498960417235608e-47  2.560111286326717019e-260
3.858406124776451583e-57  1.086682342968935784e-71  8.216870430123620360e-72  2.212161411509463668e-52  9.737091980330775804e-72  4.660132447913556405e-86
1.369229278695705727e-71  3.436958156445708210e+179  6.919421345525379837e-310  2.443154618684964161e-320  6.919460868213439313e-310  6.919460868213439313e-310
2.853754000075340533e-316  2.853754000075340533e-316  6.919421345546723473e-310  6.919421345550280745e-310  6.919421345553838018e-310  6.919421345557395291e-310
6.919421345560952563e-310  6.919421345564509836e-310  6.919421345568067109e-310  6.919421345571624381e-310  6.919421345575181654e-310  6.919421345578738927e-310
6.919421345582296199e-310  6.919421345585853472e-310  6.919421345589410745e-310  6.919421345592968017e-310  6.919421345596525290e-310  6.919421345600082563e-310
6.919421345603639835e-310  6.919421345607197108e-310  6.919421345610754380e-310  6.919421345614311653e-310  6.919421345617868926e-310  6.919421345621426198e-310
6.919421345624983471e-310  6.919421345628540744e-310  6.919421345632098016e-310  6.919421345635655289e-310  6.919421345639212562e-310  6.919421345642769834e-310
6.919421345646327107e-310  6.919421345649884380e-310  6.919421345653441652e-310  6.919421345656998925e-310  6.919421345660556198e-310  6.919421345664113470e-310
6.919421345667670743e-310  6.919421345671228016e-310  6.919421345674785288e-310  6.919421345678342561e-310  6.919421345681899833e-310  6.919421345685457106e-310
6.919421345689014379e-310  6.919421345692571651e-310  6.919421345696128924e-310  6.919421345699686197e-310  6.919421345703243469e-310  6.919421345706800742e-310
6.919421345710358015e-310  6.919421345713915287e-310  6.919421345717472560e-310  6.919421345724191853e-310  6.919421345727749125e-310  6.919421345731306398e-310
6.919421345734863671e-310  6.919421345738420943e-310  6.919421345741978216e-310  6.919421345745535489e-310  6.919421345749092761e-310  6.919421345752650034e-310
6.919421345756207307e-310  6.919421345759764579e-310  6.919421345763321852e-310  6.919421345766879125e-310  6.919421345770436397e-310  6.919421345773993670e-310
6.919421345777550943e-310  6.919421345781108215e-310  6.919421345784665488e-310  6.919421345788222760e-310  6.919421345791780033e-310  6.919421345795337306e-310
6.919421345798894578e-310  6.919421345802451851e-310  6.919421345806009124e-310  6.919421345809566396e-310  6.919421345813123669e-310  6.919421345816680942e-310
6.919421345820238214e-310  6.919421345823795487e-310  6.919421345827352760e-310  6.919421345830910032e-310  6.919421345834467305e-310  6.919421345838024578e-310
6.919421345841581850e-310  6.919421345845139123e-310  6.919421345848696396e-310  6.919421345852253668e-310  6.919421345855810941e-310  6.919421345859368213e-310
6.919421345862925486e-310  6.919421345866482759e-310  6.919421345870040031e-310  6.919421345873597304e-310  6.919421345877154577e-310  6.919421345880711849e-310
6.919421345884269122e-310  6.919421345887826395e-310  6.919421345891383667e-310  6.919421345894940940e-310  6.919421345898498213e-310  6.919421345902055485e-310
6.919421345905612758e-310  6.919421345909170031e-310  6.919421345912727303e-310  6.919421345916284576e-310  6.919421345919841849e-310  6.919421345926561141e-310
6.919421345930118414e-310  6.919421345933675687e-310  6.919421345937232959e-310  6.919421345940790232e-310  6.919421345944347505e-310  6.919421345947904777e-310
6.919421345951462050e-310  6.919421345955019323e-310  6.919421345958576595e-310  6.919421345962133868e-310  6.919421345965691140e-310  6.919421345969248413e-310
6.919421345972805686e-310  6.919421345976362958e-310  6.919421345979920231e-310  6.919421345983477504e-310  6.919421345987034776e-310  6.919421345990592049e-310
6.919421345994149322e-310  6.919421345997706594e-310  6.919421346001263867e-310  6.919421346004821140e-310  6.919421346008378412e-310  6.919421346011935685e-310
6.919421346015492958e-310  6.919421346019050230e-310  6.919421346022607503e-310  6.919421346026164776e-310  6.919421346029722048e-310  6.919421346033279321e-310
6.919421346036836593e-310  6.919421346040393866e-310  6.919421346043951139e-310  6.919421346047508411e-310  6.919421346051065684e-310  6.919421346054622957e-310
6.919421346058180229e-310  6.919421346061737502e-310  6.919421346065294775e-310  6.919421346068852047e-310  6.919421346072409320e-310  6.919421346075966593e-310
6.919421346079523865e-310  6.919421346083081138e-310  6.919421346086638411e-310  6.919421346090195683e-310  6.919421346093752956e-310  6.919421346097310229e-310
6.919421346100867501e-310  6.919421346104424774e-310  6.919421346107982046e-310  6.919421346111539319e-310  6.919421346115096592e-310  6.919421346118653864e-310
6.919421346122211137e-310  6.919421346128930430e-310  6.919421346132487702e-310  6.919421346136044975e-310  6.919421346139602248e-310  6.919421346143159520e-310
6.919421346146716793e-310  6.919421346150274066e-310  6.919421346153831338e-310  6.919421346157388611e-310  6.919421346160945884e-310  6.919421346164503156e-310
6.919421346168060429e-310  6.919421346171617702e-310  6.919421346175174974e-310  6.919421346178732247e-310  6.919421346182289520e-310  6.919421346185846792e-310
6.919421346189404065e-310  6.919421346192961338e-310  6.919421346196518610e-310  6.919421346200075883e-310  6.919421346203633155e-310  6.919421346207190428e-310
6.919421346210747701e-310  6.919421346214304973e-310  6.919421346217862246e-310  6.919421346221419519e-310  6.919421346224976791e-310  6.919421346228534064e-310
6.919421346232091337e-310  6.919421346235648609e-310  6.919421346239205882e-310  6.919421346242763155e-310  6.919421346246320427e-310  6.919421346249877700e-310
6.919421346253434973e-310  6.919421346256992245e-310  6.919421346260549518e-310  6.919421346264106791e-310  6.919421346267664063e-310  6.919421346271221336e-310
6.919421346274778608e-310  6.919421346278335881e-310  6.919421346281893154e-310  6.919421346285450426e-310  6.919421346289007699e-310  6.919421346292564972e-310
6.919421346296122244e-310  6.919421346299679517e-310  6.919421346303236790e-310  6.919421346306794062e-310  6.919421346310351335e-310  6.919421346313908608e-310
6.919421346317465880e-310  6.919421346321023153e-310  6.919421346324580426e-310  6.919421346331299718e-310  6.919421346334856991e-310  6.919421346338414264e-310
6.919421346341971536e-310  6.919421346345528809e-310  6.919421346349086082e-310  6.919421346352643354e-310  6.919421346356200627e-310  6.919421346359757900e-310
6.919421346363315172e-310  6.919421346366872445e-310  6.919421346370429718e-310  6.919421346373986990e-310  6.919421346377544263e-310  6.919421346381101535e-310
6.919421346384658808e-310  6.919421346388216081e-310  6.919421346391773353e-310  6.919421346395330626e-310  6.919421346398887899e-310  6.919421346402445171e-310
6.919421346406002444e-310  6.919421346409559717e-310  6.919421346413116989e-310  6.919421346416674262e-310  6.919421346420231535e-310  6.919421346423788807e-310
6.919421346427346080e-310  6.919421346430903353e-310  6.919421346434460625e-310  6.919421346438017898e-310  6.919421346441575171e-310  6.919421346445132443e-310
6.919421346448689716e-310  6.919421346452246988e-310  6.919421346455804261e-310  6.919421346459361534e-310  6.919421346462918806e-310  6.919421346466476079e-310
6.919421346470033352e-310  6.919421346473590624e-310  6.919421346477147897e-310  6.919421346480705170e-310  6.919421346484262442e-310  6.919421346487819715e-310
6.919421346491376988e-310  6.919421346494934260e-310  6.919421346498491533e-310  6.919421346502048806e-310  6.919421346505606078e-310  6.919421346509163351e-310
6.919421346512720624e-310  6.919421346516277896e-310  6.919421346519835169e-310  6.919421346523392441e-310  6.919421346526949714e-310  6.919421346533669007e-310
6.919421346537226280e-310  6.919421346540783552e-310  6.919421346544340825e-310  6.919421346547898098e-310  6.919421346551455370e-310  6.919421346555012643e-310
6.919421346558569915e-310  6.919421346562127188e-310  6.919421346565684461e-310  6.919421346569241733e-310  6.919421346572799006e-310  6.919421346576356279e-310
6.919421346579913551e-310  6.919421346583470824e-310  6.919421346587028097e-310  6.919421346590585369e-310  6.919421346594142642e-310  6.919421346597699915e-310
6.919421346601257187e-310  6.919421346604814460e-310  6.919421346608371733e-310  6.919421346611929005e-310  6.919421346615486278e-310  6.919421346619043551e-310
6.919421346622600823e-310  6.919421346626158096e-310  6.919421346629715368e-310  6.919421346633272641e-310  6.919421346636829914e-310  6.919421346640387186e-310
6.919421346643944459e-310  6.919421346647501732e-310  6.919421346651059004e-310  6.919421346654616277e-310  6.919421346658173550e-310  6.919421346661730822e-310
6.919421346665288095e-310  6.919421346668845368e-310  6.919421346672402640e-310  6.919421346675959913e-310  6.919421346679517186e-310  6.919421346683074458e-310
6.919421346686631731e-310  6.919421346690189004e-310  6.919421346693746276e-310  6.919421346697303549e-310  6.919421346700860821e-310  6.919421346704418094e-310
6.919421346707975367e-310  6.919421346711532639e-310  6.919421346715089912e-310  6.919421346718647185e-310  6.919421346722204457e-310  6.919421346725761730e-310
6.919421346729319003e-310  6.919421346736038295e-310  6.919421346739595568e-310  6.919421346743152841e-310  6.919421346746710113e-310  6.919421346750267386e-310
6.919421346753824659e-310  6.919421346757381931e-310  6.919421346760939204e-310  6.919421346764496477e-310  6.919421346768053749e-310  6.919421346771611022e-310
6.919421346775168295e-310  6.919421346778725567e-310  6.919421346782282840e-310  6.919421346785840113e-310  6.919421346789397385e-310  6.919421346792954658e-310
6.919421346796511930e-310  6.919421346800069203e-310  6.919421346803626476e-310  6.919421346807183748e-310  6.919421346810741021e-310  6.919421346814298294e-310
6.919421346817855566e-310  6.919421346821412839e-310  6.919421346824970112e-310  6.919421346828527384e-310  6.919421346832084657e-310  6.919421346835641930e-310
6.919421346839199202e-310  6.919421346842756475e-310  6.919421346846313748e-310  6.919421346849871020e-310  6.919421346853428293e-310  6.919421346856985566e-310
6.919421346860542838e-310  6.919421346864100111e-310  6.919421346867657384e-310  6.919421346871214656e-310  6.919421346874771929e-310  6.919421346878329201e-310
6.919421346881886474e-310  6.919421346885443747e-310  6.919421346889001019e-310  6.919421346892558292e-310  6.919421346896115565e-310  6.919421346899672837e-310
6.919421346903230110e-310  6.919421346906787383e-310  6.919421346910344655e-310  6.919421346913901928e-310  6.919421346917459201e-310  6.919421346921016473e-310
6.919421346924573746e-310  6.919421346928131019e-310  6.919421346931688291e-310  6.919421346938407584e-310  6.919421346941964857e-310  6.919421346945522129e-310
6.919421346949079402e-310  6.919421346952636675e-310  6.919421346956193947e-310  6.919421346959751220e-310  6.919421346963308493e-310  6.919421346966865765e-310
6.919421346970423038e-310  6.919421346973980310e-310  6.919421346977537583e-310  6.919421346981094856e-310  6.919421346984652128e-310  6.919421346988209401e-310
6.919421346991766674e-310  6.919421346995323946e-310  6.919421346998881219e-310  6.919421347002438492e-310  6.919421347005995764e-310  6.919421347009553037e-310
6.919421347013110310e-310  6.919421347016667582e-310  6.919421347020224855e-310  6.919421347023782128e-310  6.919421347027339400e-310  6.919421347030896673e-310
6.919421347034453946e-310  6.919421347038011218e-310  6.919421347041568491e-310  6.919421347045125763e-310  6.919421347048683036e-310  6.919421347052240309e-310
6.919421347055797581e-310  6.919421347059354854e-310  6.919421347062912127e-310  6.919421347066469399e-310  6.919421347070026672e-310  6.919421347073583945e-310
6.919421347077141217e-310  6.919421347080698490e-310  6.919421347084255763e-310  6.919421347087813035e-310  6.919421347091370308e-310  6.919421347094927581e-310
6.919421347098484853e-310  6.919421347102042126e-310  6.919421347105599399e-310  6.919421347109156671e-310  6.919421347112713944e-310  6.919421347116271216e-310
6.919421347119828489e-310  6.919421347123385762e-310  6.919421347126943034e-310  6.919421347130500307e-310  6.919421347134057580e-310  6.919421326296740153e-310
6.919421326300297426e-310  6.919421326303854699e-310  6.919421326307411971e-310  6.919421326310969244e-310  6.919421326314526517e-310  6.919421326318083789e-310
6.919421326321641062e-310  6.919421326325198334e-310  6.919421326328755607e-310  6.919421326332312880e-310  6.919421326335870152e-310  6.919421326339427425e-310
6.919421326342984698e-310  6.919421326346541970e-310  6.919421326350099243e-310  6.919421326353656516e-310  6.919421326357213788e-310  6.919421326360771061e-310
6.919421326364328334e-310  6.919421326367885606e-310  6.919421326371442879e-310  6.919421326375000152e-310  6.919421326378557424e-310  6.919421326382114697e-310
6.919421326385671970e-310  6.919421326389229242e-310  6.919421326392786515e-310  6.919421326396343787e-310  6.919421326399901060e-310  6.919421326403458333e-310
6.919421326407015605e-310  6.919421326410572878e-310  6.919421326414130151e-310  6.919421326417687423e-310  6.919421326421244696e-310  6.919421326424801969e-310
6.919421326428359241e-310  6.919421326431916514e-310  6.919421326435473787e-310  6.919421326439031059e-310  6.919421326442588332e-310  6.919421326446145605e-310
6.919421326449702877e-310  6.919421326453260150e-310  6.919421326456817423e-310  6.919421326460374695e-310  6.919421326463931968e-310  6.919421326467489240e-310
6.919421326471046513e-310  6.919421326474603786e-310  6.919421326478161058e-310  6.919421326481718331e-310  6.919421326485275604e-310  6.919421326488832876e-310
6.919421326492390149e-310  6.919421321237507940e-310  6.919421321241065212e-310  6.919421321244622485e-310  6.919421321248179758e-310  6.919421321251737030e-310
6.919421321255294303e-310  6.919421321258851576e-310  6.919421321262408848e-310  6.919421321265966121e-310  6.919421321269523394e-310  6.919421321273080666e-310
6.919421321276637939e-310  6.919421321280195212e-310  6.919421321283752484e-310  6.919421321287309757e-310  6.919421321290867030e-310  6.919421321294424302e-310
6.919421321297981575e-310  6.919421321301538848e-310  6.919421321305096120e-310  6.919421321308653393e-310  6.919421321312210665e-310  6.919421321315767938e-310
6.919421321319325211e-310  6.919421321322882483e-310  6.919421321326439756e-310  6.919421321329997029e-310  6.919421321333554301e-310  6.919421321337111574e-310
6.919421321340668847e-310  6.919421321344226119e-310  6.919421321347783392e-310  6.919421321351340665e-310  6.919421321354897937e-310  6.919421321358455210e-310
6.919421321362012483e-310  6.919421321365569755e-310  6.919421321369127028e-310  6.919421321372684301e-310  6.919421321376241573e-310  6.919421321379798846e-310
6.919421321383356118e-310  6.919421321386913391e-310  6.919421321390470664e-310  2.850758776503992560e-321  2.910497241873949362e-316  6.919460868162846991e-310
0.000000000000000000e+00  0.000000000000000000e+00  0.000000000000000000e+00  0.000000000000000000e+00  0.000000000000000000e+00  0.000000000000000000e+00
0.000000000000000000e+00  0.000000000000000000e+00  0.000000000000000000e+00  0.000000000000000000e+00  0.000000000000000000e+00  0.000000000000000000e+00
0.000000000000000000e+00  0.000000000000000000e+00  0.000000000000000000e+00  0.000000000000000000e+00  0.000000000000000000e+00  1.048485269454048728e+95
6.919455288368444776e-310  6.919421348561709670e-310  0.000000000000000000e+00  0.000000000000000000e+00  0.000000000000000000e+00  0.000000000000000000e+00
0.000000000000000000e+00  0.000000000000000000e+00  0.000000000000000000e+00  0.000000000000000000e+00  0.000000000000000000e+00  0.000000000000000000e+00
0.000000000000000000e+00  0.000000000000000000e+00  4.427703817503642887e+96  6.919461666736169960e-310  6.919421348397679876e-310  0.000000000000000000e+00
0.000000000000000000e+00  0.000000000000000000e+00  1.519723419261876549e-214  6.919427375972472473e-310  6.919461542115422968e-310  0.000000000000000000e+00
0.000000000000000000e+00  0.000000000000000000e+00  0.000000000000000000e+00  0.000000000000000000e+00  0.000000000000000000e+00  0.000000000000000000e+00
0.000000000000000000e+00  0.000000000000000000e+00  3.283195876591438829e+82  6.919461574220203888e-310  6.919427375974843988e-310  0.000000000000000000e+00
0.000000000000000000e+00  0.000000000000000000e+00  5.428785436360353722e-154  6.919461665338557061e-310  6.919421347286229799e-310  0.000000000000000000e+00
0.000000000000000000e+00  0.000000000000000000e+00  0.000000000000000000e+00  0.000000000000000000e+00  0.000000000000000000e+00  -6.304976764303706478e+202
6.919455301520077015e-310  6.919421348828900371e-310  7.509797816786947471e-320  1.581010066691988941e-322  2.809182954780193327e-316  2.904213517363882052e-316
2.904212331606332033e-316  1.953041498010447589e-320  6.919460868211858303e-310  2.852192752634482194e-316  2.852192752634482194e-316  2.852192752634482194e-316
2.854263875821848699e-316  6.919460868135179315e-310  0.000000000000000000e+00  0.000000000000000000e+00  0.000000000000000000e+00  0.000000000000000000e+00
0.000000000000000000e+00  0.000000000000000000e+00  0.000000000000000000e+00  0.000000000000000000e+00  0.000000000000000000e+00  0.000000000000000000e+00
-8.021181312720470295e-127  6.919427369717996649e-310  6.919461655317720006e-310  -6.930535529546310020e-258  6.919455301505847925e-310  6.919421348394122603e-310
-8.329728333435900705e+43  6.919455264755268924e-310  6.919421347264095658e-310  0.000000000000000000e+00  0.000000000000000000e+00  0.000000000000000000e+00
0.000000000000000000e+00  0.000000000000000000e+00  0.000000000000000000e+00  0.000000000000000000e+00  0.000000000000000000e+00  0.000000000000000000e+00
0.000000000000000000e+00  0.000000000000000000e+00  0.000000000000000000e+00  0.000000000000000000e+00  0.000000000000000000e+00  0.000000000000000000e+00
0.000000000000000000e+00  0.000000000000000000e+00  0.000000000000000000e+00  4.427703817503642887e+96  6.919461666736169960e-310  6.919421348408351693e-310
0.000000000000000000e+00  0.000000000000000000e+00  0.000000000000000000e+00  1.048485269454048728e+95  6.919455288368444776e-310  6.919421348563685933e-310
0.000000000000000000e+00  0.000000000000000000e+00  0.000000000000000000e+00  0.000000000000000000e+00  0.000000000000000000e+00  0.000000000000000000e+00
5.444683850479389952e-154  6.919461642047116759e-310  6.919461538034835986e-310  0.000000000000000000e+00  0.000000000000000000e+00  0.000000000000000000e+00
2.828612584611591246e+241  6.919427375060229664e-310  6.919421347819030191e-310  0.000000000000000000e+00  0.000000000000000000e+00  0.000000000000000000e+00
0.000000000000000000e+00  0.000000000000000000e+00  0.000000000000000000e+00  0.000000000000000000e+00  0.000000000000000000e+00  0.000000000000000000e+00
0.000000000000000000e+00  0.000000000000000000e+00  0.000000000000000000e+00  -9.115044450221321767e-25  6.919427988598853720e-310  6.919421347830887767e-310
3.283195876591438829e+82  6.919461574220203888e-310  6.919461609989766141e-310  0.000000000000000000e+00  0.000000000000000000e+00  0.000000000000000000e+00
5.428785436360353722e-154  6.919461665338557061e-310  6.919421347172397074e-310  0.000000000000000000e+00  0.000000000000000000e+00  0.000000000000000000e+00
0.000000000000000000e+00  0.000000000000000000e+00  0.000000000000000000e+00  -6.304976764303706478e+202  6.919455301520077015e-310  6.919421348856568047e-310
0.000000000000000000e+00  3.878415319853785372e-321  2.853482066343869511e-316  6.919460868135179315e-310  6.919421352903558566e-310  0.000000000000000000e+00
0.000000000000000000e+00  0.000000000000000000e+00  0.000000000000000000e+00  0.000000000000000000e+00  0.000000000000000000e+00  0.000000000000000000e+00
0.000000000000000000e+00  0.000000000000000000e+00  0.000000000000000000e+00  0.000000000000000000e+00  0.000000000000000000e+00  -8.329728333435900705e+43
6.919455264755268924e-310  6.919421347264095658e-310  -6.930535529546310020e-258  6.919455301505847925e-310  6.919421348376336240e-310  0.000000000000000000e+00
0.000000000000000000e+00  0.000000000000000000e+00  0.000000000000000000e+00  0.000000000000000000e+00  0.000000000000000000e+00  0.000000000000000000e+00
0.000000000000000000e+00  0.000000000000000000e+00  0.000000000000000000e+00  0.000000000000000000e+00  0.000000000000000000e+00  0.000000000000000000e+00
0.000000000000000000e+00  0.000000000000000000e+00  0.000000000000000000e+00  0.000000000000000000e+00  0.000000000000000000e+00  0.000000000000000000e+00
0.000000000000000000e+00  0.000000000000000000e+00  0.000000000000000000e+00  0.000000000000000000e+00  0.000000000000000000e+00  1.048485269454048728e+95
6.919455288368444776e-310  6.919421348565662195e-310  0.000000000000000000e+00  0.000000000000000000e+00  0.000000000000000000e+00  0.000000000000000000e+00
0.000000000000000000e+00  0.000000000000000000e+00  0.000000000000000000e+00  0.000000000000000000e+00  0.000000000000000000e+00  0.000000000000000000e+00
0.000000000000000000e+00  0.000000000000000000e+00  4.427703817503642887e+96  6.919461666736169960e-310  6.919421348411908966e-310  0.000000000000000000e+00
0.000000000000000000e+00  0.000000000000000000e+00  0.000000000000000000e+00  0.000000000000000000e+00  0.000000000000000000e+00  0.000000000000000000e+00
0.000000000000000000e+00  0.000000000000000000e+00  0.000000000000000000e+00  0.000000000000000000e+00  0.000000000000000000e+00  0.000000000000000000e+00
0.000000000000000000e+00  0.000000000000000000e+00  3.283195876591438829e+82  6.919461574220203888e-310  6.919455321172822649e-310  0.000000000000000000e+00
0.000000000000000000e+00  0.000000000000000000e+00  5.428785436360353722e-154  6.919461665338557061e-310  6.919421347302039899e-310  0.000000000000000000e+00
0.000000000000000000e+00  0.000000000000000000e+00  0.000000000000000000e+00  0.000000000000000000e+00  0.000000000000000000e+00  -6.304976764303706478e+202
6.919455301520077015e-310  6.919421348870401885e-310  7.746949326790745813e-321  3.873474663395372906e-321  -3.675778724997110526e+80  6.919427367429484577e-310
6.919421354455319946e-310  0.000000000000000000e+00  0.000000000000000000e+00  0.000000000000000000e+00  0.000000000000000000e+00  0.000000000000000000e+00
0.000000000000000000e+00  0.000000000000000000e+00  0.000000000000000000e+00  0.000000000000000000e+00  0.000000000000000000e+00  0.000000000000000000e+00
0.000000000000000000e+00  -8.329728333435900705e+43  6.919455264755268924e-310  6.919421347270419698e-310  -6.930535529546310020e-258  6.919455301505847925e-310
6.919421348401237148e-310  0.000000000000000000e+00  0.000000000000000000e+00  0.000000000000000000e+00  0.000000000000000000e+00  0.000000000000000000e+00
0.000000000000000000e+00  0.000000000000000000e+00  0.000000000000000000e+00  0.000000000000000000e+00  0.000000000000000000e+00  0.000000000000000000e+00
0.000000000000000000e+00  0.000000000000000000e+00  0.000000000000000000e+00  0.000000000000000000e+00  0.000000000000000000e+00  0.000000000000000000e+00
0.000000000000000000e+00  0.000000000000000000e+00  0.000000000000000000e+00  0.000000000000000000e+00  0.000000000000000000e+00  0.000000000000000000e+00
0.000000000000000000e+00  1.048485269454048728e+95  6.919455288368444776e-310  6.919421348567638458e-310  0.000000000000000000e+00  0.000000000000000000e+00
0.000000000000000000e+00  0.000000000000000000e+00  0.000000000000000000e+00  0.000000000000000000e+00  0.000000000000000000e+00  0.000000000000000000e+00
0.000000000000000000e+00  0.000000000000000000e+00  0.000000000000000000e+00  0.000000000000000000e+00  4.427703817503642887e+96  6.919461666736169960e-310
6.919421348415466239e-310  0.000000000000000000e+00  0.000000000000000000e+00  0.000000000000000000e+00  0.000000000000000000e+00  0.000000000000000000e+00
0.000000000000000000e+00  0.000000000000000000e+00  0.000000000000000000e+00  0.000000000000000000e+00  0.000000000000000000e+00  0.000000000000000000e+00
0.000000000000000000e+00  0.000000000000000000e+00  0.000000000000000000e+00  0.000000000000000000e+00  3.283195876591438829e+82  6.919461574220203888e-310
6.919427375043629058e-310  0.000000000000000000e+00  0.000000000000000000e+00  0.000000000000000000e+00  5.428785436360353722e-154  6.919461665338557061e-310
6.919421347295715859e-310  0.000000000000000000e+00  0.000000000000000000e+00  0.000000000000000000e+00  0.000000000000000000e+00  0.000000000000000000e+00
0.000000000000000000e+00  -6.304976764303706478e+202  6.919455301520077015e-310  6.919421348801232695e-310  1.162042399018611872e-320  3.873474663395372906e-321
0.000000000000000000e+00  0.000000000000000000e+00  0.000000000000000000e+00  0.000000000000000000e+00  0.000000000000000000e+00  0.000000000000000000e+00
0.000000000000000000e+00  0.000000000000000000e+00  0.000000000000000000e+00  0.000000000000000000e+00  0.000000000000000000e+00  0.000000000000000000e+00
-3.038133434717913814e+50  6.919447113508466869e-310  6.919421348404794421e-310  0.000000000000000000e+00  0.000000000000000000e+00  0.000000000000000000e+00
-8.329728333435900705e+43  6.919455264755268924e-310  6.919421364636234271e-310  5.329278753642646433e+126  6.919427836828211358e-310  6.919421352865614324e-310
0.000000000000000000e+00  0.000000000000000000e+00  0.000000000000000000e+00  0.000000000000000000e+00  0.000000000000000000e+00  0.000000000000000000e+00
0.000000000000000000e+00  0.000000000000000000e+00  0.000000000000000000e+00  -1.082316667963109850e+119  6.919461666745656021e-310  6.919421363461939043e-310
0.000000000000000000e+00  0.000000000000000000e+00  0.000000000000000000e+00  0.000000000000000000e+00  0.000000000000000000e+00  0.000000000000000000e+00
0.000000000000000000e+00  0.000000000000000000e+00  0.000000000000000000e+00  1.048485269454048728e+95  6.919455288368444776e-310  6.919421425775474560e-310
0.000000000000000000e+00  0.000000000000000000e+00  0.000000000000000000e+00  0.000000000000000000e+00  0.000000000000000000e+00  0.000000000000000000e+00
0.000000000000000000e+00  0.000000000000000000e+00  0.000000000000000000e+00  2.726241480523440189e-275  6.919451448082344700e-310  6.919421347314687980e-310
