5.501199599999999634e+00  1.252383233942778729e+00  1.112980945075098926e+00  -1.521892908075824717e-04  1.334335183425176874e+00  1.335840805474983739e+00
5.517196399999999556e+00  1.251494157128390627e+00  1.112621661333813572e+00  -1.503808813798105325e-04  1.334326487771838821e+00  1.335819016983442298e+00
5.533193199999999479e+00  1.250611243791198479e+00  1.112264641126678555e+00  -1.485992724056913925e-04  1.334317892497964619e+00  1.335797480436821338e+00
5.549189999999999401e+00  1.249734430761124448e+00  1.111909863248428554e+00  -1.468439883206260662e-04  1.334309396158662286e+00  1.335776192199954471e+00
5.565186799999999323e+00  1.248863655719943289e+00  1.111557306756556285e+00  -1.451145633838483691e-04  1.334300997333938144e+00  1.335755148700517259e+00
5.581183599999999245e+00  1.247998857187099464e+00  1.111206950967272844e+00  -1.434105414469952688e-04  1.334292694628197662e+00  1.335734346427757124e+00
5.597180399999999167e+00  1.247139974505807825e+00  1.110858775451541103e+00  -1.417314757288000513e-04  1.334284486669757852e+00  1.335713781931260780e+00
5.613177199999999090e+00  1.246286947829423397e+00  1.110512760031182156e+00  -1.400769285957253162e-04  1.334276372110370090e+00  1.335693451819744082e+00
5.629173999999999012e+00  1.245439718108082072e+00  1.110168884775054376e+00  -1.384464713483633846e-04  1.334268349624754935e+00  1.335673352759871646e+00
5.645170799999998934e+00  1.244598227075601082e+00  1.109827129995298201e+00  -1.368396840134358805e-04  1.334260417910144714e+00  1.335653481475104210e+00
5.661167599999999744e+00  1.243762417236633500e+00  1.109487476243651294e+00  -1.352561551412308021e-04  1.334252575685840769e+00  1.335633834744569981e+00
5.677164399999999667e+00  1.242932231854076308e+00  1.109149904307832113e+00  -1.336954816083171370e-04  1.334244821692776695e+00  1.335614409401963742e+00
5.693161199999999589e+00  1.242107614936718285e+00  1.108814395207983861e+00  -1.321572684253869681e-04  1.334237154693092675e+00  1.335595202334469933e+00
5.709157999999999511e+00  1.241288511227130575e+00  1.108480930193186387e+00  -1.306411285500753137e-04  1.334229573469722041e+00  1.335576210481708825e+00
5.725154799999999433e+00  1.240474866189786196e+00  1.108149490738027154e+00  -1.291466827046167294e-04  1.334222076825982262e+00  1.335557430834708237e+00
5.741151599999999355e+00  1.239666625999411576e+00  1.107820058539238151e+00  -1.276735591981978336e-04  1.334214663585178373e+00  1.335538860434898334e+00
5.757148399999999278e+00  1.238863737529559916e+00  1.107492615512387424e+00  -1.262213937538740258e-04  1.334207332590214623e+00  1.335520496373126864e+00
5.773145199999999200e+00  1.238066148341400607e+00  1.107167143788631680e+00  -1.247898293399182334e-04  1.334200082703214330e+00  1.335502335788698147e+00
5.789141999999999122e+00  1.237273806672725573e+00  1.106843625711527501e+00  -1.233785160054773843e-04  1.334192912805148179e+00  1.335484375868431828e+00
5.805138799999999044e+00  1.236486661427162126e+00  1.106522043833896518e+00  -1.219871107204134923e-04  1.334185821795471405e+00  1.335466613845745165e+00
5.821135599999998966e+00  1.235704662163589207e+00  1.106202380914746985e+00  -1.206152772192122902e-04  1.334178808591766741e+00  1.335449046999752865e+00
5.837132399999998889e+00  1.234927759085755250e+00  1.105884619916250644e+00  -1.192626858488440102e-04  1.334171872129399139e+00  1.335431672654387558e+00
5.853129199999999699e+00  1.234155903032090773e+00  1.105568744000768211e+00  -1.179290134204653026e-04  1.334165011361173825e+00  1.335414488177540049e+00
5.869125999999999621e+00  1.233389045465710154e+00  1.105254736527931270e+00  -1.166139430648560957e-04  1.334158225257004782e+00  1.335397490980218427e+00
5.885122799999999543e+00  1.232627138464603922e+00  1.104942581051773010e+00  -1.153171640914848057e-04  1.334151512803589235e+00  1.335380678515724950e+00
5.901119599999999465e+00  1.231870134712008902e+00  1.104632261317909148e+00  -1.140383718511031672e-04  1.334144873004088350e+00  1.335364048278850690e+00
5.917116399999999388e+00  1.231117987486963328e+00  1.104323761260766368e+00  -1.127772676017712894e-04  1.334138304877817482e+00  1.335347597805089936e+00
5.933113199999999310e+00  1.230370650655031817e+00  1.104017065000860276e+00  -1.115335583782184635e-04  1.334131807459940422e+00  1.335331324669867037e+00
5.949109999999999232e+00  1.229628078659203982e+00  1.103712156842118874e+00  -1.103069568644476320e-04  1.334125379801171185e+00  1.335315226487785445e+00
5.965106799999999154e+00  1.228890226510961137e+00  1.103409021269253110e+00  -1.090971812694936806e-04  1.334119020967482694e+00  1.335299300911887865e+00
5.981103599999999076e+00  1.228157049781507082e+00  1.103107642945170275e+00  -1.079039552062503602e-04  1.334112730039820560e+00  1.335283545632936608e+00
5.997100399999998999e+00  1.227428504593157443e+00  1.102808006708435595e+00  -1.067270075732798361e-04  1.334106506113825308e+00  1.335267958378706377e+00
6.013097199999998921e+00  1.226704547610888207e+00  1.102510097570771563e+00  -1.055660724395252970e-04  1.334100348299556371e+00  1.335252536913292598e+00
6.029093999999999731e+00  1.225985136034038803e+00  1.102213900714603900e+00  -1.044208889318456876e-04  1.334094255721226974e+00  1.335237279036437963e+00
6.045090799999999653e+00  1.225270227588164174e+00  1.101919401490647710e+00  -1.032912011252987183e-04  1.334088227516939895e+00  1.335222182582865402e+00
6.061087599999999576e+00  1.224559780517034735e+00  1.101626585415533599e+00  -1.021767579360939924e-04  1.334082262838433453e+00  1.335207245421635491e+00
6.077084399999999498e+00  1.223853753574780656e+00  1.101335438169474212e+00  -1.010773130171476375e-04  1.334076360850827925e+00  1.335192465455509181e+00
6.093081199999999420e+00  1.223152106018179808e+00  1.101045945593970954e+00  -9.999262465616610832e-05  1.334070520732381526e+00  1.335177840620326295e+00
6.109077999999999342e+00  1.222454797599080267e+00  1.100758093689558015e+00  -9.892245567619234849e-05  1.334064741674247934e+00  1.335163368884400459e+00
6.125074799999999264e+00  1.221761788556962713e+00  1.100471868613582371e+00  -9.786657333854786303e-05  1.334059022880243806e+00  1.335149048247922021e+00
6.141071599999999187e+00  1.221073039611630717e+00  1.100187256678024861e+00  -9.682474924810665219e-05  1.334053363566614747e+00  1.335134876742376075e+00
6.157068399999999109e+00  1.220388511956036925e+00  1.099904244347354121e+00  -9.579675926083949171e-05  1.334047762961810379e+00  1.335120852429971139e+00
6.173065199999999031e+00  1.219708167249230479e+00  1.099622818236416499e+00  -9.478238339356751896e-05  1.334042220306264959e+00  1.335106973403081376e+00
6.189061999999998953e+00  1.219031967609435885e+00  1.099342965108361936e+00  -9.378140573586661870e-05  1.334036734852177997e+00  1.335093237783699927e+00
6.205058799999998875e+00  1.218359875607246900e+00  1.099064671872603149e+00  -9.279361436406636545e-05  1.334031305863303762e+00  1.335079643722902887e+00
6.221055599999999686e+00  1.217691854258946105e+00  1.098787925582807468e+00  -9.181880125728775384e-05  1.334025932614742782e+00  1.335066189400323733e+00
6.237052399999999608e+00  1.217027867019938814e+00  1.098512713434924848e+00  -9.085676221546652330e-05  1.334020614392738668e+00  1.335052873023640396e+00
6.253049199999999530e+00  1.216367877778302686e+00  1.098239022765243655e+00  -8.990729677930934410e-05  1.334015350494478724e+00  1.335039692828072777e+00
6.269045999999999452e+00  1.215711850848449460e+00  1.097966841048480413e+00  -8.897020815213286962e-05  1.334010140227897656e+00  1.335026647075887141e+00
6.285042799999999374e+00  1.215059750964897489e+00  1.097696155895901526e+00  -8.804530312353683853e-05  1.334004982911487946e+00  1.335013734055915835e+00
6.301039599999999297e+00  1.214411543276153305e+00  1.097426955053472986e+00  -8.713239199486268172e-05  1.333999877874110451e+00  1.335000952083083448e+00
6.317036399999999219e+00  1.213767193338696426e+00  1.097159226400042265e+00  -8.623128850639165041e-05  1.333994824454812544e+00  1.334988299497942732e+00
6.333033199999999141e+00  1.213126667111069867e+00  1.096892957945547975e+00  -8.534180976623789098e-05  1.333989822002646486e+00  1.334975774666221415e+00
6.349029999999999063e+00  1.212489930948074113e+00  1.096628137829259053e+00  -8.446377618089200077e-05  1.333984869876494450e+00  1.334963375978376110e+00
6.365026799999998985e+00  1.211856951595056797e+00  1.096364754318041257e+00  -8.359701138737317405e-05  1.333979967444895331e+00  1.334951101849157773e+00
6.381023599999998908e+00  1.211227696182302527e+00  1.096102795804652974e+00  -8.274134218694818269e-05  1.333975114085874658e+00  1.334938950717184269e+00
6.397020399999998830e+00  1.210602132219518401e+00  1.095842250806066787e+00  -8.189659848037723878e-05  1.333970309186779390e+00  1.334926921044520931e+00
6.413017199999999640e+00  1.209980227590414348e+00  1.095583107961817682e+00  -8.106261320464785698e-05  1.333965552144115385e+00  1.334915011316271105e+00
6.429013999999999562e+00  1.209361950547372277e+00  1.095325356032378572e+00  -8.023922227115874240e-05  1.333960842363387522e+00  1.334903220040173810e+00
6.445010799999999485e+00  1.208747269706209382e+00  1.095068983897562243e+00  -7.942626450531654295e-05  1.333956179258944275e+00  1.334891545746210717e+00
6.461007599999999407e+00  1.208136154041027366e+00  1.094813980554943500e+00  -7.862358158750998576e-05  1.333951562253822720e+00  1.334879986986218237e+00
6.477004399999999329e+00  1.207528572879148943e+00  1.094560335118313743e+00  -7.783101799542658107e-05  1.333946990779601549e+00  1.334868542333510488e+00
6.493001199999999251e+00  1.206924495896140925e+00  1.094308036816153962e+00  -7.704842094767821569e-05  1.333942464276250295e+00  1.334857210382506931e+00
6.508997999999999173e+00  1.206323893110918144e+00  1.094057074990132605e+00  -7.627564034870137520e-05  1.333937982191987892e+00  1.334845989748371098e+00
6.524994799999999096e+00  1.205726734880931517e+00  1.093807439093630762e+00  -7.551252873490243674e-05  1.333933543983140124e+00  1.334834879066651103e+00
6.540991599999999018e+00  1.205132991897434502e+00  1.093559118690285548e+00  -7.475894122201450366e-05  1.333929149114000401e+00  1.334823876992931480e+00
6.556988399999998940e+00  1.204542635180829935e+00  1.093312103452557027e+00  -7.401473545363669799e-05  1.333924797056695200e+00  1.334812982202490561e+00
6.572985199999998862e+00  1.203955636076092350e+00  1.093066383160320232e+00  -7.327977155092677312e-05  1.333920487291049284e+00  1.334802193389964309e+00
6.588981999999999672e+00  1.203371966248268254e+00  1.092821947699477159e+00  -7.255391206341697341e-05  1.333916219304456252e+00  1.334791509269016352e+00
6.604978799999999595e+00  1.202791597678046553e+00  1.092578787060587642e+00  -7.183702192092741813e-05  1.333911992591748863e+00  1.334780928572015357e+00
6.620975599999999517e+00  1.202214502657407369e+00  1.092336891337526428e+00  -7.112896838654739738e-05  1.333907806655075357e+00  1.334770450049718393e+00
6.636972399999999439e+00  1.201640653785338131e+00  1.092096250726156237e+00  -7.042962101066040244e-05  1.333903661003774443e+00  1.334760072470959402e+00
6.652969199999999361e+00  1.201070023963619837e+00  1.091856855523024361e+00  -6.973885158598646294e-05  1.333899555154254069e+00  1.334749794622345220e+00
6.668965999999999283e+00  1.200502586392685256e+00  1.091618696124076138e+00  -6.905653410361579719e-05  1.333895488629875503e+00  1.334739615307956484e+00
6.684962799999999206e+00  1.199938314567541076e+00  1.091381763023392404e+00  -6.838254471001127847e-05  1.333891460960833220e+00  1.334729533349055197e+00
6.700959599999999128e+00  1.199377182273758224e+00  1.091146046811939829e+00  -6.771676166495503818e-05  1.333887471684043646e+00  1.334719547583794963e+00
6.716956399999999050e+00  1.198819163583526803e+00  1.090911538176347007e+00  -6.705906530041600376e-05  1.333883520343032814e+00  1.334709656866941652e+00
6.732953199999998972e+00  1.198264232851774080e+00  1.090678227897694086e+00  -6.640933798031701282e-05  1.333879606487824665e+00  1.334699860069596289e+00
6.748949999999998894e+00  1.197712364712345767e+00  1.090446106850322172e+00  -6.576746406117831489e-05  1.333875729674836030e+00  1.334690156078920831e+00
6.764946799999998817e+00  1.197163534074248359e+00  1.090215166000662705e+00  -6.513332985361778270e-05  1.333871889466768268e+00  1.334680543797876151e+00
6.780943599999999627e+00  1.196617716117951646e+00  1.089985396406079721e+00  -6.450682358468568802e-05  1.333868085432506012e+00  1.334671022144957808e+00
6.796940399999999549e+00  1.196074886291750072e+00  1.089756789213735200e+00  -6.388783536101551590e-05  1.333864317147013479e+00  1.334661590053942026e+00
6.812937199999999471e+00  1.195535020308183372e+00  1.089529335659465969e+00  -6.327625713276940412e-05  1.333860584191235654e+00  1.334652246473630122e+00
6.828933999999999394e+00  1.194998094140512279e+00  1.089303027066681695e+00  -6.267198265836098280e-05  1.333856886151999932e+00  1.334642990367607807e+00
6.844930799999999316e+00  1.194464084019251304e+00  1.089077854845275750e+00  -6.207490746993586802e-05  1.333853222621920187e+00  1.334633820713998054e+00
6.860927599999999238e+00  1.193932966428757236e+00  1.088853810490554963e+00  -6.148492883959212336e-05  1.333849593199302408e+00  1.334624736505226394e+00
6.876924399999999160e+00  1.193404718103868278e+00  1.088630885582183128e+00  -6.090194574632319321e-05  1.333845997488051882e+00  1.334615736747785109e+00
6.892921199999999082e+00  1.192879316026600023e+00  1.088409071783141835e+00  -6.032585884366608919e-05  1.333842435097582380e+00  1.334606820462007848e+00
6.908917999999999005e+00  1.192356737422891166e+00  1.088188360838705959e+00  -5.975657042803792976e-05  1.333838905642727557e+00  1.334597986681841819e+00
6.924914799999998927e+00  1.191836959759400072e+00  1.087968744575431801e+00  -5.919398440774501727e-05  1.333835408743652140e+00  1.334589234454630402e+00
6.940911599999998849e+00  1.191319960740352624e+00  1.087750214900165879e+00  -5.863800627264821640e-05  1.333831944025767102e+00  1.334580562840893325e+00
6.956908399999999659e+00  1.190805718304437377e+00  1.087532763799060609e+00  -5.808854306446942814e-05  1.333828511119644844e+00  1.334571970914117500e+00
6.972905199999999581e+00  1.190294210621751336e+00  1.087316383336611958e+00  -5.754550334772421088e-05  1.333825109660936592e+00  1.334563457760546523e+00
6.988901999999999504e+00  1.189785416090791026e+00  1.087101065654704435e+00  -5.700879718126546460e-05  1.333821739290290687e+00  1.334555022478977282e+00
7.004898799999999426e+00  1.189279313335491750e+00  1.086886802971675170e+00  -5.647833609042456467e-05  1.333818399653273756e+00  1.334546664180559450e+00
7.020895599999999348e+00  1.188775881202310591e+00  1.086673587581387324e+00  -5.595403303973557277e-05  1.333815090400291004e+00  1.334538381988595201e+00
7.036892399999999270e+00  1.188275098757356707e+00  1.086461411852320813e+00  -5.543580240622910803e-05  1.333811811186510266e+00  1.334530175038349809e+00
7.052889199999999192e+00  1.187776945283563590e+00  1.086250268226672366e+00  -5.492355995328269844e-05  1.333808561671785409e+00  1.334522042476858239e+00
7.068885999999999115e+00  1.187281400277905519e+00  1.086040149219471340e+00  -5.441722280501488674e-05  1.333805341520584609e+00  1.334513983462741304e+00
7.084882799999999037e+00  1.186788443448657748e+00  1.085831047417706641e+00  -5.391670942121026339e-05  1.333802150401914410e+00  1.334505997166019586e+00
7.100879599999998959e+00  1.186298054712695560e+00  1.085622955479468299e+00  -5.342193957276348675e-05  1.333798987989249563e+00  1.334498082767935356e+00
7.116876399999998881e+00  1.185810214192837053e+00  1.085415866133096152e+00  -5.293283431763018133e-05  1.333795853960463740e+00  1.334490239460775607e+00
7.132873199999998803e+00  1.185324902215225462e+00  1.085209772176347842e+00  -5.244931597727329613e-05  1.333792747997759376e+00  1.334482466447697524e+00
7.148869999999999614e+00  1.184842099306750329e+00  1.085004666475573032e+00  -5.197130811359324752e-05  1.333789669787599497e+00  1.334474762942559289e+00
7.164866799999999536e+00  1.184361786192508648e+00  1.084800541964901388e+00  -5.149873550633153997e-05  1.333786619020642439e+00  1.334467128169751993e+00
7.180863599999999458e+00  1.183883943793303084e+00  1.084597391645441888e+00  -5.103152413093628410e-05  1.333783595391676569e+00  1.334459561364035540e+00
7.196860399999999380e+00  1.183408553223180393e+00  1.084395208584494785e+00  -5.056960113687937962e-05  1.333780598599554335e+00  1.334452061770376785e+00
7.212857199999999303e+00  1.182935595787001581e+00  1.084193985914770453e+00  -5.011289482641555156e-05  1.333777628347131428e+00  1.334444628643791875e+00
7.228853999999999225e+00  1.182465052978055153e+00  1.083993716833624887e+00  -4.966133463377270897e-05  1.333774684341203054e+00  1.334437261249188156e+00
7.244850799999999147e+00  1.181996906475699216e+00  1.083794394602302091e+00  -4.921485110476446506e-05  1.333771766292443983e+00  1.334429958861214960e+00
7.260847599999999069e+00  1.181531138143044890e+00  1.083596012545186449e+00  -4.877337587681456594e-05  1.333768873915349040e+00  1.334422720764109060e+00
7.276844399999998991e+00  1.181067730024669027e+00  1.083398564049069535e+00  -4.833684165938458840e-05  1.333766006928174042e+00  1.334415546251551454e+00
7.292841199999998913e+00  1.180606664344364010e+00  1.083202042562423362e+00  -4.790518221479612466e-05  1.333763165052877175e+00  1.334408434626517481e+00
7.308837999999998836e+00  1.180147923502918639e+00  1.083006441594684954e+00  -4.747833233943742521e-05  1.333760348015063935e+00  1.334401385201137380e+00
7.324834799999998758e+00  1.179691490075933658e+00  1.082811754715552466e+00  -4.705622784534764887e-05  1.333757555543930495e+00  1.334394397296556622e+00
7.340831599999999568e+00  1.179237346811668585e+00  1.082617975554286849e+00  -4.663880554216861011e-05  1.333754787372209760e+00  1.334387470242795803e+00
7.356828399999999490e+00  1.178785476628919415e+00  1.082425097799027514e+00  -4.622600321945745708e-05  1.333752043236115847e+00  1.334380603378616970e+00
7.372825199999999413e+00  1.178335862614928065e+00  1.082233115196115980e+00  -4.581775962935077359e-05  1.333749322875293464e+00  1.334373796051391947e+00
7.388821999999999335e+00  1.177888488023322688e+00  1.082042021549427080e+00  -4.541401446957362673e-05  1.333746626032764837e+00  1.334367047616968893e+00
7.404818799999999257e+00  1.177443336272087526e+00  1.081851810719711704e+00  -4.501470836678526602e-05  1.333743952454877757e+00  1.334360357439547284e+00
7.420815599999999179e+00  1.177000390941562724e+00  1.081662476623947988e+00  -4.461978286025412193e-05  1.333741301891258280e+00  1.334353724891548465e+00
7.436812399999999101e+00  1.176559635772471246e+00  1.081474013234698495e+00  -4.422918038585505634e-05  1.333738674094758103e+00  1.334347149353493966e+00
7.452809199999999024e+00  1.176121054663977761e+00  1.081286414579482713e+00  -4.384284426038197353e-05  1.333736068821408605e+00  1.334340630213884271e+00
7.468805999999998946e+00  1.175684631671772840e+00  1.081099674740149119e+00  -4.346071866616808713e-05  1.333733485830371324e+00  1.334334166869076910e+00
7.484802799999998868e+00  1.175250351006184246e+00  1.080913787852264996e+00  -4.308274863600844223e-05  1.333730924883893776e+00  1.334327758723169888e+00
7.500799599999998790e+00  1.174818197030319533e+00  1.080728748104506032e+00  -4.270888003837680527e-05  1.333728385747260159e+00  1.334321405187887333e+00
7.516796399999999601e+00  1.174388154258228845e+00  1.080544549738061688e+00  -4.233905956293157501e-05  1.333725868188748276e+00  1.334315105682463587e+00
7.532793199999999523e+00  1.173960207353100582e+00  1.080361187046042115e+00  -4.197323470630359970e-05  1.333723371979585570e+00  1.334308859633532407e+00
7.548789999999999445e+00  1.173534341125477942e+00  1.080178654372898173e+00  -4.161135375816066902e-05  1.333720896893903385e+00  1.334302666475018828e+00
7.564786799999999367e+00  1.173110540531502766e+00  1.079996946113845224e+00  -4.125336578754176917e-05  1.333718442708695440e+00  1.334296525648028142e+00
7.580783599999999289e+00  1.172688790671185144e+00  1.079816056714298034e+00  -4.089922062945626263e-05  1.333716009203775643e+00  1.334290436600741980e+00
7.596780399999999212e+00  1.172269076786695674e+00  1.079635980669310102e+00  -4.054886887174152831e-05  1.333713596161735460e+00  1.334284398788312842e+00
7.612777199999999134e+00  1.171851384260682583e+00  1.079456712523022555e+00  -4.020226184217404739e-05  1.333711203367904385e+00  1.334278411672762399e+00
7.628773999999999056e+00  1.171435698614613719e+00  1.079278246868119906e+00  -3.985935159582801936e-05  1.333708830610309537e+00  1.334272474722880242e+00
7.644770799999998978e+00  1.171022005507139863e+00  1.079100578345292494e+00  -3.952009090267696130e-05  1.333706477679634572e+00  1.334266587414124183e+00
7.660767599999998900e+00  1.170610290732482905e+00  1.078923701642706456e+00  -3.918443323543224598e-05  1.333704144369183719e+00  1.334260749228523668e+00
7.676764399999998822e+00  1.170200540218844676e+00  1.078747611495480596e+00  -3.885233275761409971e-05  1.333701830474841366e+00  1.334254959654582740e+00
7.692761199999998745e+00  1.169792740026840638e+00  1.078572302685170348e+00  -3.852374431185039106e-05  1.333699535795035418e+00  1.334249218187187003e+00
7.708757999999999555e+00  1.169386876347952686e+00  1.078397770039257519e+00  -3.819862340839726763e-05  1.333697260130700224e+00  1.334243524327509700e+00
7.724754799999999477e+00  1.168982935503004583e+00  1.078224008430648251e+00  -3.787692621387849000e-05  1.333695003285240155e+00  1.334237877582922449e+00
7.740751599999999399e+00  1.168580903940659610e+00  1.078051012777177853e+00  -3.755860954023747261e-05  1.333692765064494523e+00  1.334232277466901984e+00
7.756748399999999322e+00  1.168180768235937084e+00  1.077878778041118313e+00  -3.724363083389858913e-05  1.333690545276701389e+00  1.334226723498946221e+00
7.772745199999999244e+00  1.167782515088750861e+00  1.077707299228696902e+00  -3.693194816513253154e-05  1.333688343732463810e+00  1.334221215204484778e+00
7.788741999999999166e+00  1.167386131322466936e+00  1.077536571389618780e+00  -3.662352021762240920e-05  1.333686160244716312e+00  1.334215752114794151e+00
7.804738799999999088e+00  1.166991603882482575e+00  1.077366589616596260e+00  -3.631830627822515338e-05  1.333683994628690250e+00  1.334210333766914003e+00
7.820735599999999010e+00  1.166598919834822112e+00  1.077197349044883179e+00  -3.601626622692536095e-05  1.333681846701882057e+00  1.334204959703565230e+00
7.836732399999998933e+00  1.166208066364755380e+00  1.077028844851816825e+00  -3.571736052697692182e-05  1.333679716284019712e+00  1.334199629473067139e+00
7.852729199999998855e+00  1.165819030775431697e+00  1.076861072256364960e+00  -3.542155021522851356e-05  1.333677603197032546e+00  1.334194342629259733e+00
7.868725999999998777e+00  1.165431800486536051e+00  1.076694026518678626e+00  -3.512879689262963601e-05  1.333675507265018600e+00  1.334189098731423329e+00
7.884722799999998699e+00  1.165046363032959276e+00  1.076527702939651165e+00  -3.483906271491267286e-05  1.333673428314214426e+00  1.334183897344201952e+00
7.900719599999999510e+00  1.164662706063490205e+00  1.076362096860481010e+00  -3.455231038344827653e-05  1.333671366172965111e+00  1.334178738037526735e+00
7.916716399999999432e+00  1.164280817339523599e+00  1.076197203662243584e+00  -3.426850313626980725e-05  1.333669320671693637e+00  1.334173620386543080e+00
7.932713199999999354e+00  1.163900684733786051e+00  1.076033018765466087e+00  -3.398760473926357379e-05  1.333667291642872232e+00  1.334168543971534948e+00
7.948709999999999276e+00  1.163522296229078545e+00  1.075869537629707162e+00  -3.370957947752151472e-05  1.333665278920993513e+00  1.334163508377852470e+00
7.964706799999999198e+00  1.163145639917036567e+00  1.075706755753144783e+00  -3.343439214685316939e-05  1.333663282342541834e+00  1.334158513195841778e+00
7.980703599999999120e+00  1.162770703996905963e+00  1.075544668672166138e+00  -3.316200804545308951e-05  1.333661301745965311e+00  1.334153558020774177e+00
7.996700399999999043e+00  1.162397476774337246e+00  1.075383271960963727e+00  -3.289239296572147572e-05  1.333659336971649179e+00  1.334148642452779310e+00
8.012697199999999853e+00  1.162025946660193654e+00  1.075222561231138796e+00  -3.262551318623382407e-05  1.333657387861887367e+00  1.334143766096772321e+00
8.028693999999999775e+00  1.161656102169375870e+00  1.075062532131307647e+00  -3.236133546385756333e-05  1.333655454260857187e+00  1.334138928562392357e+00
8.044690799999999697e+00  1.161287931919662952e+00  1.074903180346710840e+00  -3.209982702601196954e-05  1.333653536014592023e+00  1.334134129463933505e+00
8.060687599999999620e+00  1.160921424630569243e+00  1.074744501598832169e+00  -3.184095556306895230e-05  1.333651632970957124e+00  1.334129368420281958e+00
8.076684399999999542e+00  1.160556569122213499e+00  1.074586491645018960e+00  -3.158468922089152804e-05  1.333649744979622520e+00  1.334124645054851177e+00
8.092681199999999464e+00  1.160193354314206893e+00  1.074429146278107483e+00  -3.133099659350745933e-05  1.333647871892039038e+00  1.334119958995519273e+00
8.108677999999999386e+00  1.159831769224552334e+00  1.074272461326055028e+00  -3.107984671591520077e-05  1.333646013561413435e+00  1.334115309874569055e+00
8.124674799999999308e+00  1.159471802968561560e+00  1.074116432651572861e+00  -3.083120905701952223e-05  1.333644169842684635e+00  1.334110697328624306e+00
8.140671599999999231e+00  1.159113444757781997e+00  1.073961056151769400e+00  -3.058505351269435649e-05  1.333642340592499531e+00  1.334106120998592271e+00
8.156668399999999153e+00  1.158756683898943596e+00  1.073806327757789392e+00  -3.034135039897004204e-05  1.333640525669189225e+00  1.334101580529605924e+00
8.172665199999999075e+00  1.158401509792912787e+00  1.073652243434468190e+00  -3.010007044534275555e-05  1.333638724932747266e+00  1.334097075570961355e+00
8.188661999999998997e+00  1.158047911933666407e+00  1.073498799179980256e+00  -2.986118478820361312e-05  1.333636938244805004e+00  1.334092605776066032e+00
8.204658799999998919e+00  1.157695879907274294e+00  1.073345991025497881e+00  -2.962466496438504493e-05  1.333635165468611161e+00  1.334088170802380624e+00
8.220655599999998842e+00  1.157345403390898086e+00  1.073193815034853227e+00  -2.939048290482205807e-05  1.333633406469008964e+00  1.334083770311362604e+00
8.236652399999998764e+00  1.156996472151800459e+00  1.073042267304203934e+00  -2.915861092832635804e-05  1.333631661112414157e+00  1.334079403968414290e+00
8.252649199999998686e+00  1.156649076046370128e+00  1.072891343961700716e+00  -2.892902173547073018e-05  1.333629929266794134e+00  1.334075071442826665e+00
8.268646000000000384e+00  1.156303205019157287e+00  1.072741041167163178e+00  -2.870168840258192271e-05  1.333628210801647285e+00  1.334070772407728755e+00
8.284642800000000307e+00  1.155958849101921260e+00  1.072591355111757627e+00  -2.847658437583955787e-05  1.333626505587981459e+00  1.334066506540035890e+00
8.300639600000000229e+00  1.155615998412692802e+00  1.072442282017676218e+00  -2.825368346547916723e-05  1.333624813498294204e+00  1.334062273520396857e+00
8.316636400000000151e+00  1.155274643154845737e+00  1.072293818137825427e+00  -2.803295984009728761e-05  1.333623134406553001e+00  1.334058073033144387e+00
8.332633200000000073e+00  1.154934773616182797e+00  1.072145959755512745e+00  -2.781438802105663907e-05  1.333621468188174619e+00  1.334053904766246745e+00
8.348629999999999995e+00  1.154596380168029679e+00  1.071998703184142254e+00  -2.759794287698930798e-05  1.333619814720006236e+00  1.334049768411257553e+00
8.364626799999999918e+00  1.154259453264346647e+00  1.071852044766908207e+00  -2.738359961839633938e-05  1.333618173880306790e+00  1.334045663663268044e+00
8.380623599999999840e+00  1.153923983440843903e+00  1.071705980876498154e+00  -2.717133379234138051e-05  1.333616545548727439e+00  1.334041590220860662e+00
8.396620399999999762e+00  1.153589961314115175e+00  1.071560507914796068e+00  -2.696112127723703040e-05  1.333614929606292909e+00  1.334037547786061761e+00
8.412617199999999684e+00  1.153257377580777954e+00  1.071415622312589244e+00  -2.675293827772189310e-05  1.333613325935383953e+00  1.334033536064295644e+00
8.428613999999999606e+00  1.152926223016625062e+00  1.071271320529279647e+00  -2.654676131962644065e-05  1.333611734419718919e+00  1.334029554764339487e+00
8.444610799999999529e+00  1.152596488475789771e+00  1.071127599052598578e+00  -2.634256724502634069e-05  1.333610154944335990e+00  1.334025603598280041e+00
8.460607599999999451e+00  1.152268164889917568e+00  1.070984454398325125e+00  -2.614033320738114462e-05  1.333608587395575418e+00  1.334021682281467891e+00
8.476604399999999373e+00  1.151941243267351034e+00  1.070841883110005055e+00  -2.594003666675713697e-05  1.333607031661063536e+00  1.334017790532475711e+00
8.492601199999999295e+00  1.151615714692324488e+00  1.070699881758679473e+00  -2.574165538513220131e-05  1.333605487629694331e+00  1.334013928073054522e+00
8.508597999999999217e+00  1.151291570324167068e+00  1.070558446942608155e+00  -2.554516742178181829e-05  1.333603955191614121e+00  1.334010094628095056e+00
8.524594799999999140e+00  1.150968801396518693e+00  1.070417575287003542e+00  -2.535055112874386494e-05  1.333602434238203349e+00  1.334006289925581568e+00
8.540591599999999062e+00  1.150647399216554012e+00  1.070277263443764060e+00  -2.515778514636148321e-05  1.333600924662063258e+00  1.334002513696555425e+00
8.556588399999998984e+00  1.150327355164213916e+00  1.070137508091211220e+00  -2.496684839890190034e-05  1.333599426356996354e+00  1.333998765675072695e+00
8.572585199999998906e+00  1.150008660691451690e+00  1.069998305933830718e+00  -2.477772009025015063e-05  1.333597939217994188e+00  1.333995045598166396e+00
8.588581999999998828e+00  1.149691307321484945e+00  1.069859653702014857e+00  -2.459037969967616715e-05  1.333596463141219379e+00  1.333991353205806085e+00
8.604578799999998751e+00  1.149375286648055994e+00  1.069721548151810087e+00  -2.440480697767379004e-05  1.333594998023991396e+00  1.333987688240861447e+00
8.620575599999998673e+00  1.149060590334705978e+00  1.069583986064666092e+00  -2.422098194187042745e-05  1.333593543764771905e+00  1.333984050449063430e+00
8.636572400000000371e+00  1.148747210114051454e+00  1.069446964247187770e+00  -2.403888487300596312e-05  1.333592100263149005e+00  1.333980439578966282e+00
8.652569200000000293e+00  1.148435137787075622e+00  1.069310479530891200e+00  -2.385849631097979932e-05  1.333590667419823461e+00  1.333976855381914239e+00
8.668566000000000216e+00  1.148124365222425780e+00  1.069174528771961175e+00  -2.367979705096432747e-05  1.333589245136593604e+00  1.333973297612001341e+00
8.684562800000000138e+00  1.147814884355718767e+00  1.069039108851012276e+00  -2.350276813958414212e-05  1.333587833316342675e+00  1.333969766026038783e+00
8.700559600000000060e+00  1.147506687188855956e+00  1.068904216672852625e+00  -2.332739087115935493e-05  1.333586431863022614e+00  1.333966260383519842e+00
8.716556399999999982e+00  1.147199765789347126e+00  1.068769849166250951e+00  -2.315364678401189743e-05  1.333585040681642742e+00  1.333962780446583229e+00
8.732553199999999904e+00  1.146894112289640333e+00  1.068636003283703451e+00  -2.298151765683390118e-05  1.333583659678254429e+00  1.333959325979982458e+00
8.748549999999999827e+00  1.146589718886463105e+00  1.068502676001208851e+00  -2.281098550511656957e-05  1.333582288759938228e+00  1.333955896751049419e+00
8.764546799999999749e+00  1.146286577840168963e+00  1.068369864318040596e+00  -2.264203257763871464e-05  1.333580927834791652e+00  1.333952492529663303e+00
8.780543599999999671e+00  1.145984681474093270e+00  1.068237565256523247e+00  -2.247464135301382391e-05  1.333579576811914746e+00  1.333949113088217064e+00
8.796540399999999593e+00  1.145684022173915295e+00  1.068105775861814433e+00  -2.230879453629453564e-05  1.333578235601398543e+00  1.333945758201585896e+00
8.812537199999999515e+00  1.145384592387030498e+00  1.067974493201685249e+00  -2.214447505563335041e-05  1.333576904114311956e+00  1.333942427647095252e+00
8.828533999999999438e+00  1.145086384621928799e+00  1.067843714366304653e+00  -2.198166605899885712e-05  1.333575582262689574e+00  1.333939121204491318e+00
8.844530799999999360e+00  1.144789391447579519e+00  1.067713436468027188e+00  -2.182035091094600656e-05  1.333574269959518777e+00  1.333935838655908368e+00
8.860527599999999282e+00  1.144493605492826083e+00  1.067583656641182710e+00  -2.166051318943988015e-05  1.333572967118729302e+00  1.333932579785839012e+00
8.876524399999999204e+00  1.144199019445785170e+00  1.067454372041866772e+00  -2.150213668273167659e-05  1.333571673655179479e+00  1.333929344381105775e+00
8.892521199999999126e+00  1.143905626053255187e+00  1.067325579847736350e+00  -2.134520538628615743e-05  1.333570389484645125e+00  1.333926132230830230e+00
8.908517999999999049e+00  1.143613418120131398e+00  1.067197277257805110e+00  -2.118970349975935895e-05  1.333569114523809551e+00  1.333922943126405469e+00
8.924514799999998971e+00  1.143322388508826615e+00  1.067069461492242688e+00  -2.103561542402603512e-05  1.333567848690250246e+00  1.333919776861465456e+00
8.940511599999998893e+00  1.143032530138700542e+00  1.066942129792176619e+00  -2.088292575825551685e-05  1.333566591902428211e+00  1.333916633231860382e+00
8.956508399999998815e+00  1.142743835985495116e+00  1.066815279419493834e+00  -2.073161929703540499e-05  1.333565344079677306e+00  1.333913512035625137e+00
8.972505199999998737e+00  1.142456299080776505e+00  1.066688907656647478e+00  -2.058168102754207707e-05  1.333564105142193146e+00  1.333910413072954215e+00
8.988501999999998660e+00  1.142169912511383556e+00  1.066563011806464623e+00  -2.043309612675733364e-05  1.333562875011022664e+00  1.333907336146175293e+00
9.004498799999998582e+00  1.141884669418883336e+00  1.066437589191954860e+00  -2.028584995872998484e-05  1.333561653608052788e+00  1.333904281059721031e+00
9.020495599999998504e+00  1.141600562999032009e+00  1.066312637156124232e+00  -2.013992807188209243e-05  1.333560440856000895e+00  1.333901247620104646e+00
9.036492399999998426e+00  1.141317586501243708e+00  1.066188153061787380e+00  -1.999531619635862412e-05  1.333559236678404147e+00  1.333898235635892604e+00
9.052489199999998348e+00  1.141035733228063842e+00  1.066064134291383692e+00  -1.985200024141987272e-05  1.333558040999609284e+00  1.333895244917679745e+00
9.068485999999998270e+00  1.140754996534649290e+00  1.065940578246798109e+00  -1.970996629287606106e-05  1.333556853744762627e+00  1.333892275278065531e+00
9.084482799999998193e+00  1.140475369828255703e+00  1.065817482349177725e+00  -1.956920061056306861e-05  1.333555674839800309e+00  1.333889326531626507e+00
9.100479599999999891e+00  1.140196846567729017e+00  1.065694844038756361e+00  -1.942968962585875126e-05  1.333554504211438729e+00  1.333886398494895653e+00
9.116476399999999813e+00  1.139919420263003635e+00  1.065572660774677161e+00  -1.929141993923915306e-05  1.333553341787165003e+00  1.333883490986334186e+00
9.132473199999999736e+00  1.139643084474606827e+00  1.065450930034820498e+00  -1.915437831787368479e-05  1.333552187495226971e+00  1.333880603826312905e+00
9.148469999999999658e+00  1.139367832813168224e+00  1.065329649315629457e+00  -1.901855169325879176e-05  1.333551041264624537e+00  1.333877736837083328e+00
9.164466799999999580e+00  1.139093658938935771e+00  1.065208816131942626e+00  -1.888392715888942292e-05  1.333549903025100347e+00  1.333874889842758815e+00
9.180463599999999502e+00  1.138820556561296549e+00  1.065088428016822908e+00  -1.875049196796739343e-05  1.333548772707130015e+00  1.333872062669290370e+00
9.196460399999999424e+00  1.138548519438302709e+00  1.064968482521393423e+00  -1.861823353114634916e-05  1.333547650241914795e+00  1.333869255144444432e+00
9.212457199999999347e+00  1.138277541376204738e+00  1.064848977214670755e+00  -1.848713941431238112e-05  1.333546535561370927e+00  1.333866467097780451e+00
9.228453999999999269e+00  1.138007616228987606e+00  1.064729909683404196e+00  -1.835719733639977822e-05  1.333545428598122529e+00  1.333863698360630234e+00
9.244450799999999191e+00  1.137738737897914021e+00  1.064611277531913869e+00  -1.822839516724142364e-05  1.333544329285491825e+00  1.333860948766074639e+00
9.260447599999999113e+00  1.137470900331073009e+00  1.064493078381930413e+00  -1.810072092545289302e-05  1.333543237557491157e+00  1.333858218148924024e+00
9.276444399999999035e+00  1.137204097522932056e+00  1.064375309872439113e+00  -1.797416277635013914e-05  1.333542153348815651e+00  1.333855506345697162e+00
9.292441199999998958e+00  1.136938323513894789e+00  1.064257969659522685e+00  -1.784870902989968232e-05  1.333541076594833008e+00  1.333852813194599918e+00
9.308437999999998880e+00  1.136673572389865550e+00  1.064141055416207848e+00  -1.772434813870111690e-05  1.333540007231577285e+00  1.333850138535505492e+00
9.324434799999998802e+00  1.136409838281817519e+00  1.064024564832313002e+00  -1.760106869600121536e-05  1.333538945195739567e+00  1.333847482209934876e+00
9.340431599999998724e+00  1.136147115365364169e+00  1.063908495614295902e+00  -1.747885943373894579e-05  1.333537890424661088e+00  1.333844844061035539e+00
9.356428399999998646e+00  1.135885397860338708e+00  1.063792845485105998e+00  -1.735770922062127394e-05  1.333536842856324789e+00  1.333842223933563220e+00
9.372425199999998569e+00  1.135624680030375755e+00  1.063677612184036558e+00  -1.723760706022871978e-05  1.333535802429347772e+00  1.333839621673863274e+00
9.388421999999998491e+00  1.135364956182499885e+00  1.063562793466577228e+00  -1.711854208915048915e-05  1.333534769082974414e+00  1.333837037129850689e+00
9.404418799999998413e+00  1.135106220666715959e+00  1.063448387104270809e+00  -1.700050357514855016e-05  1.333533742757067930e+00  1.333834470150990104e+00
9.420415599999998335e+00  1.134848467875607225e+00  1.063334390884570713e+00  -1.688348091535024783e-05  1.333532723392103048e+00  1.333831920588281150e+00
9.436412399999998257e+00  1.134591692243934968e+00  1.063220802610697291e+00  -1.676746363446879291e-05  1.333531710929160452e+00  1.333829388294236473e+00
9.452409199999998179e+00  1.134335888248245272e+00  1.063107620101500839e+00  -1.665244138305125554e-05  1.333530705309916797e+00  1.333826873122866408e+00
9.468405999999998102e+00  1.134081050406478663e+00  1.062994841191320594e+00  -1.653840393575367414e-05  1.333529706476640708e+00  1.333824374929659218e+00
9.484402799999999800e+00  1.133827173277584421e+00  1.062882463729848848e+00  -1.642534118964262220e-05  1.333528714372183011e+00  1.333821893571564665e+00
9.500399599999999722e+00  1.133574251461137772e+00  1.062770485581995938e+00  -1.631324316252299924e-05  1.333527728939971846e+00  1.333819428906978022e+00
9.516396399999999645e+00  1.133322279596965965e+00  1.062658904627754586e+00  -1.620209999129132759e-05  1.333526750124004900e+00  1.333816980795720752e+00
9.532393199999999567e+00  1.133071252364771242e+00  1.062547718762068660e+00  -1.609190193031442292e-05  1.333525777868843631e+00  1.333814549099024971e+00
9.548389999999999489e+00  1.132821164483765131e+00  1.062436925894700845e+00  -1.598263934983277102e-05  1.333524812119605274e+00  1.333812133679517009e+00
9.564386799999999411e+00  1.132572010712302513e+00  1.062326523950104296e+00  -1.587430273438836690e-05  1.333523852821957512e+00  1.333809734401200542e+00
9.580383599999999333e+00  1.132323785847519915e+00  1.062216510867290964e+00  -1.576688268127638933e-05  1.333522899922111149e+00  1.333807351129441265e+00
9.596380399999999256e+00  1.132076484724981125e+00  1.062106884599708145e+00  -1.566036989902056532e-05  1.333521953366815893e+00  1.333804983730949800e+00
9.612377199999999178e+00  1.131830102218321255e+00  1.061997643115109913e+00  -1.555475520587163137e-05  1.333521013103350361e+00  1.333802632073768368e+00
9.628373999999999100e+00  1.131584633238900350e+00  1.061888784395433216e+00  -1.545002952832852920e-05  1.333520079079519416e+00  1.333800296027251031e+00
9.644370799999999022e+00  1.131340072735456337e+00  1.061780306436675536e+00  -1.534618389968210532e-05  1.333519151243646172e+00  1.333797975462054808e+00
9.660367599999998944e+00  1.131096415693765733e+00  1.061672207248771205e+00  -1.524320945858067774e-05  1.333518229544567113e+00  1.333795670250117249e+00
9.676364399999998867e+00  1.130853657136302592e+00  1.061564484855472390e+00  -1.514109744761737809e-05  1.333517313931624537e+00  1.333793380264647110e+00
9.692361199999998789e+00  1.130611792121908321e+00  1.061457137294228525e+00  -1.503983921193865949e-05  1.333516404354662566e+00  1.333791105380108588e+00
9.708357999999998711e+00  1.130370815745458613e+00  1.061350162616067516e+00  -1.493942619787381244e-05  1.333515500764020700e+00  1.333788845472204887e+00
9.724354799999998633e+00  1.130130723137537263e+00  1.061243558885481164e+00  -1.483984995158502133e-05  1.333514603110527608e+00  1.333786600417865342e+00
9.740351599999998555e+00  1.129891509464113764e+00  1.061137324180306152e+00  -1.474110211773763794e-05  1.333513711345495567e+00  1.333784370095231653e+00
9.756348399999998477e+00  1.129653169926222445e+00  1.061031456591611688e+00  -1.464317443819040079e-05  1.333512825420715586e+00  1.333782154383643004e+00
9.772345199999998400e+00  1.129415699759646952e+00  1.060925954223585599e+00  -1.454605875070514649e-05  1.333511945288452072e+00  1.333779953163623189e+00
9.788341999999998322e+00  1.129179094234606495e+00  1.060820815193420863e+00  -1.444974698767583509e-05  1.333511070901436169e+00  1.333777766316867064e+00
9.804338799999998244e+00  1.128943348655447210e+00  1.060716037631206143e+00  -1.435423117487650328e-05  1.333510202212860873e+00  1.333775593726226338e+00
9.820335599999998166e+00  1.128708458360335065e+00  1.060611619679814766e+00  -1.425950343022767607e-05  1.333509339176377484e+00  1.333773435275696473e+00
9.836332399999998088e+00  1.128474418720954109e+00  1.060507559494795915e+00  -1.416555596258133870e-05  1.333508481746087604e+00  1.333771290850405133e+00
9.852329199999999787e+00  1.128241225142204485e+00  1.060403855244267168e+00  -1.407238107052367757e-05  1.333507629876540035e+00  1.333769160336597537e+00
9.868325999999999709e+00  1.128008873061909778e+00  1.060300505108808133e+00  -1.397997114119565467e-05  1.333506783522725003e+00  1.333767043621624682e+00
9.884322799999999631e+00  1.127777357950519033e+00  1.060197507281353424e+00  -1.388831864913095793e-05  1.333505942640069497e+00  1.333764940593930470e+00
9.900319599999999554e+00  1.127546675310820090e+00  1.060094859967089631e+00  -1.379741615511109226e-05  1.333505107184431493e+00  1.333762851143040384e+00
9.916316399999999476e+00  1.127316820677650711e+00  1.059992561383351406e+00  -1.370725630503729087e-05  1.333504277112096181e+00  1.333760775159547052e+00
9.932313199999999398e+00  1.127087789617615465e+00  1.059890609759518654e+00  -1.361783182881907761e-05  1.333503452379770637e+00  1.333758712535101587e+00
9.948309999999999320e+00  1.126859577728803741e+00  1.059789003336915725e+00  -1.352913553927904658e-05  1.333502632944578714e+00  1.333756663162397160e+00
9.964306799999999242e+00  1.126632180640511516e+00  1.059687740368710607e+00  -1.344116033107371510e-05  1.333501818764057267e+00  1.333754626935162335e+00
9.980303599999999165e+00  1.126405594012967804e+00  1.059586819119816337e+00  -1.335389917963015338e-05  1.333501009796150383e+00  1.333752603748145082e+00
9.996300399999999087e+00  1.126179813537060648e+00  1.059486237866790415e+00  -1.326734514009820824e-05  1.333500205999206267e+00  1.333750593497104342e+00
1.001229719999999901e+01  1.125954834934068227e+00  1.059385994897740435e+00  -1.318149134631781912e-05  1.333499407331971254e+00  1.333748596078796922e+00
1.002829399999999893e+01  1.125730653955392180e+00  1.059286088512225943e+00  -1.309633100980158753e-05  1.333498613753586026e+00  1.333746611390967507e+00
1.004429079999999885e+01  1.125507266382294258e+00  1.059186517021163620e+00  -1.301185741873191545e-05  1.333497825223581845e+00  1.333744639332336890e+00
1.006028759999999878e+01  1.125284668025635204e+00  1.059087278746731364e+00  -1.292806393697286179e-05  1.333497041701875219e+00  1.333742679802592201e+00
1.007628439999999870e+01  1.125062854725615846e+00  1.058988372022277247e+00  -1.284494400309615444e-05  1.333496263148763461e+00  1.333740732702374254e+00
1.009228119999999862e+01  1.124841822351521747e+00  1.058889795192224925e+00  -1.276249112942144092e-05  1.333495489524921584e+00  1.333738797933268883e+00
1.010827799999999854e+01  1.124621566801470518e+00  1.058791546611981937e+00  -1.268069890107023737e-05  1.333494720791397858e+00  1.333736875397794952e+00
1.012427479999999846e+01  1.124402084002161128e+00  1.058693624647850662e+00  -1.259956097503362978e-05  1.333493956909608702e+00  1.333734964999396144e+00
1.014027159999999839e+01  1.124183369908626773e+00  1.058596027676936613e+00  -1.251907107925331445e-05  1.333493197841335354e+00  1.333733066642428300e+00
1.015626839999999831e+01  1.123965420503988399e+00  1.058498754087060290e+00  -1.243922301171589106e-05  1.333492443548720097e+00  1.333731180232150981e+00
1.017226519999999823e+01  1.123748231799214015e+00  1.058401802276667913e+00  -1.236001063956007468e-05  1.333491693994262040e+00  1.333729305674716148e+00
1.018826199999999815e+01  1.123531799832876432e+00  1.058305170654746608e+00  -1.228142789819680137e-05  1.333490949140812454e+00  1.333727442877160385e+00
1.020425879999999808e+01  1.123316120670917684e+00  1.058208857640735134e+00  -1.220346879044179184e-05  1.333490208951572775e+00  1.333725591747393802e+00
1.022025559999999977e+01  1.123101190406411209e+00  1.058112861664440851e+00  -1.212612738566054971e-05  1.333489473390088387e+00  1.333723752194189593e+00
1.023625239999999970e+01  1.122887005159332485e+00  1.058017181165953113e+00  -1.204939781892562460e-05  1.333488742420246842e+00  1.333721924127177383e+00
1.025224919999999962e+01  1.122673561076325210e+00  1.057921814595559562e+00  -1.197327429018566444e-05  1.333488016006272980e+00  1.333720107456831006e+00
1.026824599999999954e+01  1.122460854330475710e+00  1.057826760413664635e+00  -1.189775106344649550e-05  1.333487294112725596e+00  1.333718302094460739e+00
1.028424279999999946e+01  1.122248881121085118e+00  1.057732017090705412e+00  -1.182282246596366449e-05  1.333486576704494331e+00  1.333716507952204422e+00
1.030023959999999938e+01  1.122037637673448440e+00  1.057637583107071677e+00  -1.174848288744646483e-05  1.333485863746795230e+00  1.333714724943017904e+00
1.031623639999999931e+01  1.121827120238631181e+00  1.057543456953023764e+00  -1.167472677927325712e-05  1.333485155205167638e+00  1.333712952980665722e+00
1.033223319999999923e+01  1.121617325093251294e+00  1.057449637128613729e+00  -1.160154865371776386e-05  1.333484451045470198e+00  1.333711191979713329e+00
1.034822999999999915e+01  1.121408248539262686e+00  1.057356122143606081e+00  -1.152894308318638575e-05  1.333483751233878634e+00  1.333709441855517985e+00
1.036422679999999907e+01  1.121199886903740728e+00  1.057262910517399179e+00  -1.145690469946617872e-05  1.333483055736881084e+00  1.333707702524219663e+00
1.038022359999999900e+01  1.120992236538669529e+00  1.057170000778947516e+00  -1.138542819298338330e-05  1.333482364521274999e+00  1.333705973902734598e+00
1.039622039999999892e+01  1.120785293820731221e+00  1.057077391466685334e+00  -1.131450831207243182e-05  1.333481677554164024e+00  1.333704255908743974e+00
1.041221719999999884e+01  1.120579055151100345e+00  1.056985081128449577e+00  -1.124413986225511660e-05  1.333480994802955566e+00  1.333702548460687920e+00
1.042821399999999876e+01  1.120373516955234683e+00  1.056893068321406615e+00  -1.117431770552987338e-05  1.333480316235355456e+00  1.333700851477755966e+00
1.044421079999999868e+01  1.120168675682673642e+00  1.056801351611975193e+00  -1.110503675967100385e-05  1.333479641819365957e+00  1.333699164879881494e+00
1.046020759999999861e+01  1.119964527806835086e+00  1.056709929575753160e+00  -1.103629199753760693e-05  1.333478971523283763e+00  1.333697488587729740e+00
1.047620439999999853e+01  1.119761069824816380e+00  1.056618800797445079e+00  -1.096807844639220508e-05  1.333478305315694667e+00  1.333695822522694030e+00
1.049220119999999845e+01  1.119558298257196105e+00  1.056527963870788955e+00  -1.090039118722879479e-05  1.333477643165471571e+00  1.333694166606884668e+00
1.050819799999999837e+01  1.119356209647838885e+00  1.056437417398484735e+00  -1.083322535411022457e-05  1.333476985041771812e+00  1.333692520763124723e+00
1.052419479999999830e+01  1.119154800563699759e+00  1.056347159992123030e+00  -1.076657613351476151e-05  1.333476330914033392e+00  1.333690884914938923e+00
1.054019159999999822e+01  1.118954067594634783e+00  1.056257190272113622e+00  -1.070043876369169915e-05  1.333475680751971648e+00  1.333689258986548332e+00
1.055618839999999814e+01  1.118754007353208069e+00  1.056167506867618178e+00  -1.063480853402585913e-05  1.333475034525578584e+00  1.333687642902863235e+00
1.057218519999999806e+01  1.118554616474506602e+00  1.056078108416478756e+00  -1.056968078441083931e-05  1.333474392205116210e+00  1.333686036589473822e+00
1.058818199999999976e+01  1.118355891615950837e+00  1.055988993565149414e+00  -1.050505090463095421e-05  1.333473753761117653e+00  1.333684439972645297e+00
1.060417879999999968e+01  1.118157829457113062e+00  1.055900160968630042e+00  -1.044091433375161179e-05  1.333473119164381382e+00  1.333682852979309441e+00
1.062017559999999960e+01  1.117960426699532883e+00  1.055811609290397746e+00  -1.037726655951805559e-05  1.333472488385969434e+00  1.333681275537058175e+00
1.063617239999999953e+01  1.117763680066536924e+00  1.055723337202340462e+00  -1.031410311776239259e-05  1.333471861397205416e+00  1.333679707574135342e+00
1.065216919999999945e+01  1.117567586303059857e+00  1.055635343384691449e+00  -1.025141959181872196e-05  1.333471238169670059e+00  1.333678149019432047e+00
1.066816599999999937e+01  1.117372142175467209e+00  1.055547626525963345e+00  -1.018921161194622609e-05  1.333470618675199892e+00  1.333676599802477991e+00
1.068416279999999929e+01  1.117177344471378841e+00  1.055460185322883992e+00  -1.012747485476016598e-05  1.333470002885884798e+00  1.333675059853435041e+00
1.070015959999999922e+01  1.116983189999497084e+00  1.055373018480332492e+00  -1.006620504267062875e-05  1.333469390774063346e+00  1.333673529103092781e+00
1.071615639999999914e+01  1.116789675589431763e+00  1.055286124711273921e+00  -1.000539794332886796e-05  1.333468782312322798e+00  1.333672007482857635e+00
1.073215319999999906e+01  1.116596798091532561e+00  1.055199502736699380e+00  -9.945049369081246883e-06  1.333468177473494887e+00  1.333670494924750871e+00
1.074814999999999898e+01  1.116404554376717595e+00  1.055113151285560713e+00  -9.885155176430473003e-06  1.333467576230653151e+00  1.333668991361400602e+00
1.076414679999999890e+01  1.116212941336309328e+00  1.055027069094711001e+00  -9.825711265504247501e-06  1.333466978557111382e+00  1.333667496726033352e+00
1.078014359999999883e+01  1.116021955881865368e+00  1.054941254908842385e+00  -9.766713579531000975e-06  1.333466384426421181e+00  1.333666010952471170e+00
1.079614039999999875e+01  1.115831594945017269e+00  1.054855707480424343e+00  -9.708158104322761194e-06  1.333465793812367961e+00  1.333664533975123412e+00
1.081213719999999867e+01  1.115641855477307320e+00  1.054770425569645953e+00  -9.650040867765007177e-06  1.333465206688970284e+00  1.333663065728982744e+00
1.082813399999999859e+01  1.115452734450027128e+00  1.054685407944355058e+00  -9.592357939313301231e-06  1.333464623030476526e+00  1.333661606149614043e+00
1.084413079999999852e+01  1.115264228854059514e+00  1.054600653379998754e+00  -9.535105429496812442e-06  1.333464042811362660e+00  1.333660155173155948e+00
1.086012759999999844e+01  1.115076335699719756e+00  1.054516160659566104e+00  -9.478279489428391129e-06  1.333463466006330034e+00  1.333658712736308871e+00
1.087612439999999836e+01  1.114889052016600379e+00  1.054431928573530186e+00  -9.421876310321280644e-06  1.333462892590302928e+00  1.333657278776331667e+00
1.089212119999999828e+01  1.114702374853415501e+00  1.054347955919789470e+00  -9.365892123012258146e-06  1.333462322538426559e+00  1.333655853231036303e+00
1.090811799999999820e+01  1.114516301277848287e+00  1.054264241503612753e+00  -9.310323197491160321e-06  1.333461755826064410e+00  1.333654436038780755e+00
1.092411479999999813e+01  1.114330828376398852e+00  1.054180784137581650e+00  -9.255165842436687302e-06  1.333461192428796238e+00  1.333653027138465008e+00
1.094011159999999805e+01  1.114145953254234156e+00  1.054097582641534414e+00  -9.200416404758372988e-06  1.333460632322415185e+00  1.333651626469523510e+00
1.095610839999999797e+01  1.113961673035039235e+00  1.054014635842512870e+00  -9.146071269144672643e-06  1.333460075482927110e+00  1.333650233971922061e+00
1.097210519999999967e+01  1.113777984860869097e+00  1.053931942574705571e+00  -9.092126857617035618e-06  1.333459521886547261e+00  1.333648849586150043e+00
1.098810199999999959e+01  1.113594885892004394e+00  1.053849501679393397e+00  -9.038579629089915789e-06  1.333458971509698054e+00  1.333647473253217752e+00
1.100409879999999951e+01  1.113412373306804204e+00  1.053767312004897372e+00  -8.985426078936533333e-06  1.333458424329007519e+00  1.333646104914647967e+00
1.102009559999999944e+01  1.113230444301565258e+00  1.053685372406523824e+00  -8.932662738560494595e-06  1.333457880321307076e+00  1.333644744512473501e+00
1.103609239999999936e+01  1.113049096090378054e+00  1.053603681746513088e+00  -8.880286174972973568e-06  1.333457339463629099e+00  1.333643391989230764e+00
1.105208919999999928e+01  1.112868325904987632e+00  1.053522238893985552e+00  -8.828292990375522756e-06  1.333456801733206021e+00  1.333642047287954213e+00
1.106808599999999920e+01  1.112688130994653912e+00  1.053441042724890808e+00  -8.776679821748311825e-06  1.333456267107466342e+00  1.333640710352171910e+00
1.108408279999999912e+01  1.112508508626013581e+00  1.053360092121956137e+00  -8.725443340443880434e-06  1.333455735564034628e+00  1.333639381125902190e+00
1.110007959999999905e+01  1.112329456082943091e+00  1.053279385974635662e+00  -8.674580251786125735e-06  1.333455207080727956e+00  1.333638059553644561e+00
1.111607639999999897e+01  1.112150970666424543e+00  1.053198923179058610e+00  -8.624087294674585521e-06  1.333454681635555694e+00  1.333636745580378813e+00
1.113207319999999889e+01  1.111973049694410465e+00  1.053118702637981574e+00  -8.573961241193911990e-06  1.333454159206715506e+00  1.333635439151559021e+00
1.114806999999999881e+01  1.111795690501691025e+00  1.053038723260737441e+00  -8.524198896228432791e-06  1.333453639772594013e+00  1.333634140213107777e+00
1.116406679999999874e+01  1.111618890439763474e+00  1.052958983963185879e+00  -8.474797097081743447e-06  1.333453123311761246e+00  1.333632848711411967e+00
1.118006359999999866e+01  1.111442646876700469e+00  1.052879483667666261e+00  -8.425752713101268467e-06  1.333452609802973088e+00  1.333631564593319441e+00
1.119606039999999858e+01  1.111266957197021732e+00  1.052800221302947259e+00  -8.377062645307681050e-06  1.333452099225165943e+00  1.333630287806132353e+00
1.121205719999999850e+01  1.111091818801565934e+00  1.052721195804181775e+00  -8.328723826029162721e-06  1.333451591557457627e+00  1.333629018297604718e+00
1.122805399999999842e+01  1.110917229107364124e+00  1.052642406112856532e+00  -8.280733218540413143e-06  1.333451086779142702e+00  1.333627756015935306e+00
1.124405079999999835e+01  1.110743185547513834e+00  1.052563851176747223e+00  -8.233087816706298270e-06  1.333450584869693367e+00  1.333626500909765866e+00
1.126004759999999827e+01  1.110569685571054732e+00  1.052485529949871434e+00  -8.185784644630170735e-06  1.333450085808756347e+00  1.333625252928175575e+00
1.127604439999999819e+01  1.110396726642845611e+00  1.052407441392441578e+00  -8.138820756306649028e-06  1.333449589576151340e+00  1.333624012020675265e+00
1.129204119999999811e+01  1.110224306243441816e+00  1.052329584470821366e+00  -8.092193235278968949e-06  1.333449096151869240e+00  1.333622778137206755e+00
1.130803799999999804e+01  1.110052421868974903e+00  1.052251958157477629e+00  -8.045899194300687118e-06  1.333448605516070806e+00  1.333621551228134861e+00
1.132403479999999796e+01  1.109881071031032507e+00  1.052174561430936794e+00  -7.999935775001731461e-06  1.333448117649084441e+00  1.333620331244245172e+00
1.134003159999999966e+01  1.109710251256538438e+00  1.052097393275741144e+00  -7.954300147558803749e-06  1.333447632531405302e+00  1.333619118136739612e+00
1.135602839999999958e+01  1.109539960087637445e+00  1.052020452682403517e+00  -7.908989510369925823e-06  1.333447150143693305e+00  1.333617911857231997e+00
1.137202519999999950e+01  1.109370195081576416e+00  1.051943738647363569e+00  -7.864001089733231147e-06  1.333446670466770456e+00  1.333616712357744483e+00
1.138802199999999942e+01  1.109200953810589807e+00  1.051867250172945800e+00  -7.819332139529815346e-06  1.333446193481621078e+00  1.333615519590703125e+00
1.140401879999999935e+01  1.109032233861784622e+00  1.051790986267313377e+00  -7.774979940910628780e-06  1.333445719169389143e+00  1.333614333508933880e+00
1.142001559999999927e+01  1.108864032837027613e+00  1.051714945944429491e+00  -7.730941801987426410e-06  1.333445247511376941e+00  1.333613154065659279e+00
1.143601239999999919e+01  1.108696348352833150e+00  1.051639128224012731e+00  -7.687215057527593687e-06  1.333444778489043081e+00  1.333611981214493314e+00
1.145200919999999911e+01  1.108529178040249974e+00  1.051563532131495116e+00  -7.643797068652863707e-06  1.333444312084002048e+00  1.333610814909439446e+00
1.146800599999999903e+01  1.108362519544753955e+00  1.051488156697981902e+00  -7.600685222541879052e-06  1.333443848278021759e+00  1.333609655104885050e+00
1.148400279999999896e+01  1.108196370526134844e+00  1.051413000960209176e+00  -7.557876932136506830e-06  1.333443387053022233e+00  1.333608501755599196e+00
1.149999959999999888e+01  1.108030728658391917e+00  1.051338063960503666e+00  -7.515369635851896758e-06  1.333442928391074034e+00  1.333607354816726875e+00
1.151599639999999880e+01  1.107865591629623170e+00  1.051263344746742545e+00  -7.473160797290177252e-06  1.333442472274397828e+00  1.333606214243788335e+00
1.153199319999999872e+01  1.107700957141921627e+00  1.051188842372312138e+00  -7.431247904957766645e-06  1.333442018685361052e+00  1.333605079992671971e+00
1.154798999999999864e+01  1.107536822911267871e+00  1.051114555896069946e+00  -7.389628471986297011e-06  1.333441567606477918e+00  1.333603952019633221e+00
1.156398679999999857e+01  1.107373186667426124e+00  1.051040484382304241e+00  -7.348300035856998115e-06  1.333441119020407628e+00  1.333602830281291007e+00
1.157998359999999849e+01  1.107210046153841665e+00  1.050966626900693424e+00  -7.307260158128549113e-06  1.333440672909953273e+00  1.333601714734622856e+00
1.159598039999999841e+01  1.107047399127536247e+00  1.050892982526272057e+00  -7.266506424168394618e-06  1.333440229258059828e+00  1.333600605336962230e+00
1.161197719999999833e+01  1.106885243359009285e+00  1.050819550339386454e+00  -7.226036442887396386e-06  1.333439788047812380e+00  1.333599502045994312e+00
1.162797399999999826e+01  1.106723576632133721e+00  1.050746329425660930e+00  -7.185847846477787578e-06  1.333439349262437013e+00  1.333598404819754446e+00
1.164397079999999818e+01  1.106562396744057652e+00  1.050673318875958717e+00  -7.145938290154456710e-06  1.333438912885296812e+00  1.333597313616622815e+00
1.165996759999999810e+01  1.106401701505106638e+00  1.050600517786343557e+00  -7.106305451899423226e-06  1.333438478899891644e+00  1.333596228395322436e+00
1.167596439999999802e+01  1.106241488738683110e+00  1.050527925258044837e+00  -7.066947032209499605e-06  1.333438047289857264e+00  1.333595149114914502e+00
1.169196119999999794e+01  1.106081756281170447e+00  1.050455540397418064e+00  -7.027860753847125610e-06  1.333437618038963768e+00  1.333594075734797268e+00
1.170795799999999964e+01  1.105922501981836836e+00  1.050383362315910896e+00  -6.989044361594253545e-06  1.333437191131112920e+00  1.333593008214700060e+00
1.172395479999999957e+01  1.105763723702738899e+00  1.050311390130025835e+00  -6.950495622009369232e-06  1.333436766550340380e+00  1.333591946514683046e+00
1.173995159999999949e+01  1.105605419318627991e+00  1.050239622961283814e+00  -6.912212323187413229e-06  1.333436344280809704e+00  1.333590890595131917e+00
1.175594839999999941e+01  1.105447586716855390e+00  1.050168059936190224e+00  -6.874192274522785246e-06  1.333435924306815457e+00  1.333589840416756100e+00
1.177194519999999933e+01  1.105290223797279259e+00  1.050096700186198273e+00  -6.836433306475195437e-06  1.333435506612778987e+00  1.333588795940583660e+00
1.178794199999999925e+01  1.105133328472173382e+00  1.050025542847673687e+00  -6.798933270338472689e-06  1.333435091183248877e+00  1.333587757127961293e+00
1.180393879999999918e+01  1.104976898666135465e+00  1.049954587061863176e+00  -6.761690038012182516e-06  1.333434678002899165e+00  1.333586723940549001e+00
1.181993559999999910e+01  1.104820932315995208e+00  1.049883831974854909e+00  -6.724701501776064725e-06  1.333434267056528233e+00  1.333585696340318538e+00
1.183593239999999902e+01  1.104665427370727038e+00  1.049813276737549872e+00  -6.687965574067258668e-06  1.333433858329057031e+00  1.333584674289548966e+00
1.185192919999999894e+01  1.104510381791358853e+00  1.049742920505624122e+00  -6.651480187260262722e-06  1.333433451805529080e+00  1.333583657750824214e+00
1.186792599999999887e+01  1.104355793550884535e+00  1.049672762439497475e+00  -6.615243293449579700e-06  1.333433047471108690e+00  1.333582646687032192e+00
1.188392279999999879e+01  1.104201660634177795e+00  1.049602801704298649e+00  -6.579252864235021952e-06  1.333432645311079856e+00  1.333581641061359457e+00
1.189991959999999871e+01  1.104047981037902026e+00  1.049533037469833729e+00  -6.543506890509660057e-06  1.333432245310844921e+00  1.333580640837288112e+00
1.191591639999999863e+01  1.103894752770429699e+00  1.049463468910553532e+00  -6.508003382250382915e-06  1.333431847455923469e+00  1.333579645978595796e+00
1.193191319999999855e+01  1.103741973851751323e+00  1.049394095205519850e+00  -6.472740368310930325e-06  1.333431451731952100e+00  1.333578656449350364e+00
1.194790999999999848e+01  1.103589642313395736e+00  1.049324915538374148e+00  -6.437715896217552220e-06  1.333431058124682211e+00  1.333577672213909215e+00
1.196390679999999840e+01  1.103437756198343278e+00  1.049255929097306472e+00  -6.402928031967070929e-06  1.333430666619979332e+00  1.333576693236913746e+00
1.197990359999999832e+01  1.103286313560944754e+00  1.049187135075023036e+00  -6.368374859827446421e-06  1.333430277203822234e+00  1.333575719483289346e+00
1.199590039999999824e+01  1.103135312466838158e+00  1.049118532668714243e+00  -6.334054482140730186e-06  1.333429889862302042e+00  1.333574750918242291e+00
1.201189719999999816e+01  1.102984750992868079e+00  1.049050121080024489e+00  -6.299965019128433153e-06  1.333429504581620240e+00  1.333573787507255970e+00
1.202789399999999809e+01  1.102834627227002873e+00  1.048981899515021965e+00  -6.266104608699229735e-06  1.333429121348088886e+00  1.333572829216088440e+00
1.204389079999999801e+01  1.102684939268256725e+00  1.048913867184166460e+00  -6.232471406258994592e-06  1.333428740148128844e+00  1.333571876010772206e+00
1.205988759999999793e+01  1.102535685226609274e+00  1.048846023302281383e+00  -6.199063584523127238e-06  1.333428360968268667e+00  1.333570927857607558e+00
1.207588439999999963e+01  1.102386863222926783e+00  1.048778367088520236e+00  -6.165879333331146693e-06  1.333427983795143934e+00  1.333569984723165014e+00
1.209188119999999955e+01  1.102238471388883978e+00  1.048710897766340855e+00  -6.132916859463500276e-06  1.333427608615496807e+00  1.333569046574277772e+00
1.210787799999999947e+01  1.102090507866887226e+00  1.048643614563472770e+00  -6.100174386460600950e-06  1.333427235416173806e+00  1.333568113378043485e+00
1.212387479999999940e+01  1.101942970809996591e+00  1.048576516711889006e+00  -6.067650154444005112e-06  1.333426864184124927e+00  1.333567185101818930e+00
1.213987159999999932e+01  1.101795858381850790e+00  1.048509603447778105e+00  -6.035342419939769798e-06  1.333426494906404525e+00  1.333566261713218903e+00
1.215586839999999924e+01  1.101649168756591912e+00  1.048442874011512593e+00  -6.003249455703886822e-06  1.333426127570168429e+00  1.333565343180115326e+00
1.217186519999999916e+01  1.101502900118789485e+00  1.048376327647623230e+00  -5.971369550549839569e-06  1.333425762162673278e+00  1.333564429470630142e+00
1.218786199999999909e+01  1.101357050663367199e+00  1.048309963604769024e+00  -5.939701009178185897e-06  1.333425398671276518e+00  1.333563520553139536e+00
1.220385879999999901e+01  1.101211618595528741e+00  1.048243781135709263e+00  -5.908242152008201021e-06  1.333425037083434850e+00  1.333562616396265499e+00
1.221985559999999893e+01  1.101066602130685412e+00  1.048177779497276418e+00  -5.876991315011515159e-06  1.333424677386702673e+00  1.333561716968878041e+00
1.223585239999999885e+01  1.100921999494384185e+00  1.048111957950347284e+00  -5.845946849547708674e-06  1.333424319568733196e+00  1.333560822240090094e+00
1.225184919999999877e+01  1.100777808922234202e+00  1.048046315759816327e+00  -5.815107122201907904e-06  1.333423963617275110e+00  1.333559932179256835e+00
1.226784599999999870e+01  1.100634028659838171e+00  1.047980852194568380e+00  -5.784470514624252092e-06  1.333423609520173025e+00  1.333559046755973254e+00
1.228384279999999862e+01  1.100490656962720193e+00  1.047915566527451769e+00  -5.754035423371311874e-06  1.333423257265367257e+00  1.333558165940071039e+00
1.229983959999999854e+01  1.100347692096256047e+00  1.047850458035250565e+00  -5.723800259749332284e-06  1.333422906840891153e+00  1.333557289701617465e+00
1.231583639999999846e+01  1.100205132335604574e+00  1.047785525998659928e+00  -5.693763449659389199e-06  1.333422558234871547e+00  1.333556418010912736e+00
1.233183319999999839e+01  1.100062975965638623e+00  1.047720769702257249e+00  -5.663923433444303380e-06  1.333422211435527416e+00  1.333555550838488868e+00
1.234782999999999831e+01  1.099921221280876660e+00  1.047656188434477276e+00  -5.634278665737429001e-06  1.333421866431170333e+00  1.333554688155105028e+00
1.236382679999999823e+01  1.099779866585415045e+00  1.047591781487587914e+00  -5.604827615313160799e-06  1.333421523210200466e+00  1.333553829931748647e+00
1.237982359999999815e+01  1.099638910192862307e+00  1.047527548157661581e+00  -5.575568764939242873e-06  1.333421181761109464e+00  1.333552976139632085e+00
1.239582039999999807e+01  1.099498350426270754e+00  1.047463487744550781e+00  -5.546500611230769847e-06  1.333420842072477575e+00  1.333552126750187972e+00
1.241181719999999800e+01  1.099358185618072525e+00  1.047399599551863236e+00  -5.517621664505949864e-06  1.333420504132972750e+00  1.333551281735073868e+00
1.242781399999999792e+01  1.099218414110012754e+00  1.047335882886936353e+00  -5.488930448643508288e-06  1.333420167931351097e+00  1.333550441066162051e+00
1.244381079999999784e+01  1.099079034253085840e+00  1.047272337060813019e+00  -5.460425500941782074e-06  1.333419833456455095e+00  1.333549604715543513e+00
1.245980759999999954e+01  1.098940044407470173e+00  1.047208961388215176e+00  -5.432105371979465012e-06  1.333419500697212490e+00  1.333548772655524184e+00
1.247580439999999946e+01  1.098801442942465290e+00  1.047145755187521843e+00  -5.403968625477953015e-06  1.333419169642636959e+00  1.333547944858621825e+00
1.249180119999999938e+01  1.098663228236428369e+00  1.047082717780742245e+00  -5.376013838165320795e-06  1.333418840281826334e+00  1.333547121297566029e+00
1.250779799999999931e+01  1.098525398676711173e+00  1.047019848493493832e+00  -5.348239599641868081e-06  1.333418512603961270e+00  1.333546301945294887e+00
1.252379479999999923e+01  1.098387952659599209e+00  1.046957146654975856e+00  -5.320644512247202369e-06  1.333418186598306798e+00  1.333545486774954991e+00
1.253979159999999915e+01  1.098250888590248442e+00  1.046894611597949165e+00  -5.293227190928915777e-06  1.333417862254207886e+00  1.333544675759895881e+00
1.255578839999999907e+01  1.098114204882624678e+00  1.046832242658708889e+00  -5.265986263112759458e-06  1.333417539561092990e+00  1.333543868873673821e+00
1.257178519999999899e+01  1.097977899959443615e+00  1.046770039177063794e+00  -5.238920368574275760e-06  1.333417218508469393e+00  1.333543066090043805e+00
1.258778199999999892e+01  1.097841972252110443e+00  1.046708000496312074e+00  -5.212028159311990614e-06  1.333416899085925866e+00  1.333542267382962443e+00
1.260377879999999884e+01  1.097706420200659672e+00  1.046646125963217600e+00  -5.185308299422035720e-06  1.333416581283129121e+00  1.333541472726584409e+00
1.261977559999999876e+01  1.097571242253696289e+00  1.046584414927988815e+00  -5.158759464974189507e-06  1.333416265089825137e+00  1.333540682095260221e+00
1.263577239999999868e+01  1.097436436868337362e+00  1.046522866744254987e+00  -5.132380343889383467e-06  1.333415950495837388e+00  1.333539895463535352e+00
1.265176919999999861e+01  1.097302002510153862e+00  1.046461480769042662e+00  -5.106169635818598463e-06  1.333415637491066619e+00  1.333539112806148896e+00
1.266776599999999853e+01  1.097167937653112491e+00  1.046400256362757464e+00  -5.080126052023153567e-06  1.333415326065489737e+00  1.333538334098029798e+00
1.268376279999999845e+01  1.097034240779518388e+00  1.046339192889156555e+00  -5.054248315256384022e-06  1.333415016209159587e+00  1.333537559314297294e+00
1.269975959999999837e+01  1.096900910379959626e+00  1.046278289715330434e+00  -5.028535159646638045e-06  1.333414707912204511e+00  1.333536788430258690e+00
1.271575639999999829e+01  1.096767944953249474e+00  1.046217546211680061e+00  -5.002985330581645813e-06  1.333414401164826346e+00  1.333536021421407369e+00
1.273175319999999822e+01  1.096635343006370888e+00  1.046156961751895320e+00  -4.977597584594203056e-06  1.333414095957301981e+00  1.333535258263421452e+00
1.274774999999999814e+01  1.096503103054421668e+00  1.046096535712932818e+00  -4.952370689249142975e-06  1.333413792279979804e+00  1.333534498932161583e+00
1.276374679999999806e+01  1.096371223620559388e+00  1.046036267474996784e+00  -4.927303423031600740e-06  1.333413490123282363e+00  1.333533743403670258e+00
1.277974359999999798e+01  1.096239703235945662e+00  1.045976156421515313e+00  -4.902394575236579875e-06  1.333413189477702820e+00  1.333532991654168942e+00
1.279574039999999790e+01  1.096108540439694190e+00  1.045916201939121271e+00  -4.877642945859728207e-06  1.333412890333806500e+00  1.333532243660058958e+00
1.281173719999999783e+01  1.095977733778815688e+00  1.045856403417630753e+00  -4.853047345489380975e-06  1.333412592682228670e+00  1.333531499397916154e+00
1.282773399999999953e+01  1.095847281808165041e+00  1.045796760250022883e+00  -4.828606595199813504e-06  1.333412296513674322e+00  1.333530758844492903e+00
1.284373079999999945e+01  1.095717183090388458e+00  1.045737271832418491e+00  -4.804319526445738169e-06  1.333412001818919279e+00  1.333530021976715441e+00
1.285972759999999937e+01  1.095587436195871733e+00  1.045677937564061910e+00  -4.780184980957937227e-06  1.333411708588806421e+00  1.333529288771680754e+00
1.287572439999999929e+01  1.095458039702687181e+00  1.045618756847298547e+00  -4.756201810640111150e-06  1.333411416814247907e+00  1.333528559206658137e+00
1.289172119999999921e+01  1.095328992196543227e+00  1.045559729087554901e+00  -4.732368877466902633e-06  1.333411126486223175e+00  1.333527833259083417e+00
1.290771799999999914e+01  1.095200292270733122e+00  1.045500853693321242e+00  -4.708685053383016659e-06  1.333410837595778498e+00  1.333527110906562729e+00
1.292371479999999906e+01  1.095071938526083866e+00  1.045442130076129628e+00  -4.685149220203555224e-06  1.333410550134026984e+00  1.333526392126866966e+00
1.293971159999999898e+01  1.094943929570905805e+00  1.045383557650535256e+00  -4.661760269515378644e-06  1.333410264092146802e+00  1.333525676897932000e+00
1.295570839999999890e+01  1.094816264020943342e+00  1.045325135834096475e+00  -4.638517102579664592e-06  1.333409979461382511e+00  1.333524965197857570e+00
1.297170519999999883e+01  1.094688940499325636e+00  1.045266864047357025e+00  -4.615418630235478467e-06  1.333409696233042174e+00  1.333524257004904401e+00
1.298770199999999875e+01  1.094561957636516647e+00  1.045208741713824940e+00  -4.592463772804500831e-06  1.333409414398499360e+00  1.333523552297494419e+00
1.300369879999999867e+01  1.094435314070266729e+00  1.045150768259955454e+00  -4.569651459996743319e-06  1.333409133949190251e+00  1.333522851054208314e+00
1.301969559999999859e+01  1.094309008445565556e+00  1.045092943115131012e+00  -4.546980630817390267e-06  1.333408854876613869e+00  1.333522153253784426e+00
1.303569239999999851e+01  1.094183039414591496e+00  1.045035265711643069e+00  -4.524450233474620344e-06  1.333408577172332965e+00  1.333521458875118082e+00
1.305168919999999844e+01  1.094057405636667646e+00  1.044977735484673653e+00  -4.502059225288484449e-06  1.333408300827971349e+00  1.333520767897259818e+00
1.306768599999999836e+01  1.093932105778210984e+00  1.044920351872277386e+00  -4.479806572600808506e-06  1.333408025835214339e+00  1.333520080299412713e+00
1.308368279999999828e+01  1.093807138512688626e+00  1.044863114315362385e+00  -4.457691250686055106e-06  1.333407752185808315e+00  1.333519396060933948e+00
1.309967959999999820e+01  1.093682502520569866e+00  1.044806022257672273e+00  -4.435712243663232929e-06  1.333407479871560497e+00  1.333518715161330137e+00
1.311567639999999813e+01  1.093558196489280210e+00  1.044749075145769535e+00  -4.413868544408715026e-06  1.333407208884337392e+00  1.333518037580258886e+00
1.313167319999999805e+01  1.093434219113155192e+00  1.044692272429015967e+00  -4.392159154470091340e-06  1.333406939216065012e+00  1.333517363297525682e+00
1.314766999999999797e+01  1.093310569093397744e+00  1.044635613559556253e+00  -4.370583083980923304e-06  1.333406670858728660e+00  1.333516692293084782e+00
1.316366679999999789e+01  1.093187245138028896e+00  1.044579097992299532e+00  -4.349139351576456446e-06  1.333406403804371143e+00  1.333516024547033441e+00
1.317966359999999781e+01  1.093064245961846925e+00  1.044522725184903189e+00  -4.327826984310279114e-06  1.333406138045093892e+00  1.333515360039617459e+00
1.319566039999999951e+01  1.092941570286381170e+00  1.044466494597754647e+00  -4.306645017571856206e-06  1.333405873573056066e+00  1.333514698751222971e+00
1.321165719999999943e+01  1.092819216839848284e+00  1.044410405693953825e+00  -4.285592495005043744e-06  1.333405610380472339e+00  1.333514040662381328e+00
1.322765399999999936e+01  1.092697184357109386e+00  1.044354457939297820e+00  -4.264668468427397982e-06  1.333405348459615336e+00  1.333513385753762437e+00
1.324365079999999928e+01  1.092575471579626090e+00  1.044298650802261808e+00  -4.243871997750472986e-06  1.333405087802812972e+00  1.333512734006177425e+00
1.325964759999999920e+01  1.092454077255418099e+00  1.044242983753984166e+00  -4.223202150900920371e-06  1.333404828402448228e+00  1.333512085400576641e+00
1.327564439999999912e+01  1.092333000139019905e+00  1.044187456268248493e+00  -4.202658003742481794e-06  1.333404570250959598e+00  1.333511439918047436e+00
1.329164119999999905e+01  1.092212238991439044e+00  1.044132067821468723e+00  -4.182238639998844584e-06  1.333404313340840419e+00  1.333510797539813497e+00
1.330763799999999897e+01  1.092091792580114795e+00  1.044076817892670705e+00  -4.161943151177304595e-06  1.333404057664637543e+00  1.333510158247234179e+00
1.332363479999999889e+01  1.091971659678875106e+00  1.044021705963477098e+00  -4.141770636493296411e-06  1.333403803214951111e+00  1.333509522021802951e+00
1.333963159999999881e+01  1.091851839067896845e+00  1.043966731518092050e+00  -4.121720202795738409e-06  1.333403549984435665e+00  1.333508888845145846e+00
1.335562839999999873e+01  1.091732329533663837e+00  1.043911894043282773e+00  -4.101790964493169787e-06  1.333403297965797485e+00  1.333508258699021898e+00
1.337162519999999866e+01  1.091613129868926224e+00  1.043857193028366437e+00  -4.081982043480713459e-06  1.333403047151795473e+00  1.333507631565319596e+00
1.338762199999999858e+01  1.091494238872661171e+00  1.043802627965191743e+00  -4.062292569067841929e-06  1.333402797535240492e+00  1.333507007426058211e+00
1.340361879999999850e+01  1.091375655350031559e+00  1.043748198348126044e+00  -4.042721677906875005e-06  1.333402549108994473e+00  1.333506386263385357e+00
1.341961559999999842e+01  1.091257378112347354e+00  1.043693903674036694e+00  -4.023268513922310995e-06  1.333402301865970641e+00  1.333505768059576324e+00
1.343561239999999835e+01  1.091139405977025190e+00  1.043639743442277945e+00  -4.003932228240898204e-06  1.333402055799133068e+00  1.333505152797032300e+00
1.345160919999999827e+01  1.091021737767550404e+00  1.043585717154676074e+00  -3.984711979122443360e-06  1.333401810901495343e+00  1.333504540458280596e+00
1.346760599999999819e+01  1.090904372313436843e+00  1.043531824315510725e+00  -3.965606931891410310e-06  1.333401567166121238e+00  1.333503931025973532e+00
1.348360279999999811e+01  1.090787308450189785e+00  1.043478064431503594e+00  -3.946616258869201431e-06  1.333401324586123593e+00  1.333503324482884667e+00
1.349959959999999803e+01  1.090670545019267301e+00  1.043424437011801764e+00  -3.927739139307230170e-06  1.333401083154664324e+00  1.333502720811912567e+00
